36.9404368971 -11.9553562595 6.03018376661 -1.32804241127 5.4582305662 6.05011204977 7.62959836106 3.26803214528 0.145238370132 -0.967658049946 
38.3219075197 -11.1907913771 9.2963326764 -3.55372613474 -2.2460921076 10.592077874 8.23426523321 4.27317420684 -2.40258824302 0.270544467614 
33.8502743503 -8.63138288432 7.0448337249 -4.13667776004 -6.47247975691 8.74439186136 2.98091906653 -1.33610165781 -1.27799136128 -0.183915081623 
37.8557138993 -4.61684086981 11.6954246492 -10.48074887 -10.9552104095 11.3152727681 3.15961830092 -1.88167340557 1.99594840664 -0.0518833151692 
34.646336517 -1.05178145529 7.12872552972 -12.3917712549 -11.1714177426 6.81340995237 -5.85471556143 -5.21322445108 9.68022986093 -1.19219337208 
36.2969992647 4.13867901111 3.19580133658 -16.4387269217 -11.1128998365 5.40400727916 -4.11472129657 -4.3635008299 7.87575750922 0.758970367649 
32.0533492161 15.1141776065 -0.461033045117 -17.3004264147 -9.09982373418 8.31558248084 -4.76231511698 -9.1034015724 1.46686813954 2.33009642285 
24.8630268549 25.9847911047 -5.04139369998 -20.7155334618 -3.38102640405 6.45852042117 -5.20487006958 -3.12876376067 -3.3587970032 2.18258263036 
11.9651850229 31.9286484947 -1.72595735113 -22.077727786 -1.08699306262 3.58327250651 -6.83920918812 -5.37846552797 -3.60562361912 2.63878211691 
-3.78047068981 34.1039685824 2.80070991391 -14.5327957841 2.57949100456 -2.72559674716 -1.22383885558 -2.94102236472 -0.756888261475 2.77979484772 
-11.6619153518 31.4649799654 5.11381442267 0.219811836244 3.21902924936 -3.71471150473 -1.21525298548 2.13008339204 0.282143633117 0.695053393717 
-16.6653291474 25.2518866714 9.30091405995 6.39293730908 8.11697597575 0.924882686818 -1.99444243766 2.98257925975 -0.567285079944 -6.49635030687 
-27.0939336306 14.4348008275 18.9652787325 7.39382817701 5.68584899461 -2.56771250894 -1.38629907353 0.257482292537 4.3881601273 -4.75330040361 
-31.2482012904 3.9509274415 23.0777282008 8.00312816183 3.07664870639 -0.148036400601 -8.58258981284 5.60511897487 3.12285603961 -6.19398287803 
-40.8679319476 -0.91415641528 24.6178049349 2.54598113195 -3.46604224688 1.29267201126 -14.1962848736 4.31584393115 -2.15614901842 -3.59598039621 
-42.2047043741 -8.64316323961 15.1551177373 2.26596640486 -2.85475135955 -6.8338049372 -15.5900195777 5.30001108119 -8.67560526025 -9.25414586319 
-40.4601147536 -16.6715181446 6.87967191272 -2.44190565511 -3.42872432654 -0.515523304844 -12.3091542326 4.48422796418 -11.5062045076 -9.22798995912 
-39.4859358307 -19.1323344188 1.93654342158 -3.95563152034 -0.693297855463 -0.815491630439 -10.2358170665 4.40424177848 -12.436983354 -7.94087772363 
-36.838607018 -14.0315664736 -8.45798949044 -4.63701234424 6.7411670757 1.55526736153 -11.6044738397 5.67431315778 -9.99460551235 -10.4979958723 
-34.910259934 -13.0200889466 -11.7734398802 -2.45809632208 7.2569822829 0.889898501892 -11.8315736233 8.96257025881 -10.813123207 -12.4328380325 
-36.0235254955 -16.4210709117 -13.1505768164 -4.00795996581 6.32663606011 -2.00636290557 -10.6765688821 6.80529704618 -15.1634582757 -13.9695297222 
-35.3438310079 -17.6519197222 -12.9580323778 -6.05411752158 5.59584243157 -0.404334864436 -3.04381233487 -0.964726788797 -10.7033948118 -16.0978170159 
-35.9736389861 -14.023457664 -7.31454486067 -12.1665769663 4.95985931054 -3.47706061949 5.89923069491 -7.47294942631 -12.9615000164 -15.6357399928 
-33.6638357959 -8.41144682808 -5.07061774918 -10.1617855871 9.71668049902 -7.48401467051 13.6689466712 -9.39988135263 -19.9019353284 -19.5220276165 
-32.9225242395 -4.9587287786 1.58911686494 -3.20841312113 8.49649880504 -8.06117792345 12.0411175271 -12.3046846327 -21.8622774955 -18.4131928658 
-30.8781092565 0.749809565196 8.68367606912 -5.14458769206 3.57899652948 -0.741400312634 11.3653549271 -10.1297547895 -11.2561757989 -10.0886277199 
-39.5959121665 13.5997595885 20.7607798689 -3.31273946344 -0.459312717062 3.12017008118 2.67373767814 -8.18041150545 -3.2772273397 4.93537429449 
-40.9227321533 19.7005765802 11.7173159067 -1.0812791398 1.0802147498 10.7164020378 5.1780091511 -3.52168678583 -5.68903940154 8.87069125259 
-34.1304238166 28.7737096492 16.813271484 -0.423127137778 1.66127696906 19.1416166827 -0.270592405234 -3.73251457862 -7.31573579765 6.68607495643 
-25.9046151592 35.2838169417 3.55928877542 0.616614748928 6.36400271976 9.1875260358 3.81318508692 2.26565833798 -11.1632246361 4.67153610136 
-13.6191112228 37.0735016741 -2.58760569493 -0.264244265708 3.52166589046 -2.01750194049 4.53135568167 6.45316451232 -7.80935283586 6.20314649964 
-6.15812587891 32.7057128724 -9.12084622041 0.774298654601 -1.01756823595 -7.28382601362 5.08374007297 5.43964823784 -1.82485786048 10.825540689 
2.59198554759 21.9808047505 -10.0900717146 3.1433775711 -1.89687654135 -5.47260492195 4.78545467485 3.95615334219 8.31734420202 5.09215502625 
14.6144842446 13.6870681455 -8.13803077026 4.89742834458 -8.03821274279 -5.79389308601 3.99126836641 1.51056665776 7.63389269241 -0.261329841361 
20.615172976 5.99737540359 -8.11336111975 8.58151012041 -7.55796103958 -11.0681256695 3.58633663929 1.67465048125 8.40866996536 -1.33649232883 
29.2437058277 1.24027299799 -5.99543528983 3.11097957939 -10.0154553133 -9.35828601312 0.428214802497 2.85696591206 7.02406649162 -1.04734534338 
32.3216392894 0.493198207332 -1.79794301673 3.60699468922 -10.1743813 -7.28071329937 -3.46667100555 2.01014981955 5.66071740598 -3.62605559677 
34.1578596055 0.442003706733 1.98180048153 2.96822578434 -7.6462888899 -9.97538379461 -4.36293230137 2.60001923481 2.97808864431 -3.89428605425 
31.3431995401 -3.65207364587 5.12320901228 0.208988786386 -4.89643295162 -4.49899242124 -4.8780053714 -2.85553595417 4.29251063783 -3.47157322298 
33.4682146635 -6.32507952188 2.85854168017 0.260025792871 -3.4945725968 3.68360257333 -2.52327200774 -5.05502976436 1.68109405338 -2.43445577874 
35.7042663612 -6.58400521705 7.94514815019 -0.289299234687 -2.86124389391 4.27842029604 -1.79879663337 -3.0661210979 3.12983151485 4.59702697696 
37.5529766372 -8.80508183456 8.96237180597 0.0119527264123 -1.44911477829 5.02684370719 -1.47211877337 -2.23758052011 0.338024540667 7.63200803356 
33.4351360175 -5.48015738536 8.24884807281 -1.01007233526 5.57777645503 1.34079607138 -6.4318711469 -8.16761788088 3.37819793466 6.59191950454 
32.9508413835 -8.74947459389 -0.780871967004 7.5831583264 12.1551848141 -1.39932022644 -9.32617850423 -6.26187184688 -0.671987904962 0.0127279902789 
31.2704595311 -14.8853655542 -7.68583099404 7.19017409925 23.0773689017 -2.35916918604 -8.47328238358 -4.65831928932 3.83608611213 -2.32557027972 
26.5302990519 -12.6026639005 -8.1524889243 6.53507810681 18.3140517501 -3.33162369092 -4.70632945343 -0.281959541931 7.84930813399 -3.63535082977 
33.1732232073 -11.4506339421 0.31161280902 -2.07236933933 16.4256306342 -3.52565597029 -0.81851762344 2.93754324489 8.15085147063 2.25020787302 
36.9091455207 -15.0721250899 3.48143058009 -1.99175414524 14.9291896738 -1.07874162953 3.14728352895 6.47500239283 5.84642510396 2.64786123177 
39.0275363466 -11.9100265635 10.0231195836 -7.26667533642 13.5477281626 -1.19684774681 4.40858578672 6.29202771885 7.71469022841 4.54947001407 
39.8593605327 -9.55203905218 13.8950100916 -3.30941504597 6.43412657193 1.77844810809 3.03628373401 0.497472880154 1.67514211193 2.45460999429 
39.8495528734 -9.81751989041 13.5441964444 -2.75259651129 0.672008564236 6.28211192336 5.0185024559 0.988544724554 -0.370013581378 3.41469268014 
42.1214817317 -6.89698638825 15.5479609996 -2.28049757135 -5.67167709996 6.75226956554 6.10363818036 -2.99794905892 -2.82551537555 5.57831362368 
37.1051290192 -5.16101969528 8.20661408004 -6.77554156412 -8.48895098411 5.58348663951 4.08454289916 -3.52555860246 -1.27472363078 0.344203680384 
31.5716415207 -1.99285397601 2.45913812825 -7.25366745392 -10.2464897612 4.85908015401 -0.907355190066 -4.13001569308 2.98646371743 -3.99390299705 
29.2516980388 4.37426916505 -0.413317259381 -15.6470061971 -8.77845701976 2.89735256988 -3.81119797592 0.563404966988 7.30287045366 -1.43834988946 
28.4562929637 9.20720768086 -3.70407168657 -13.4905343549 -5.43935747221 6.04077223217 -8.15693381655 -3.03026683066 4.60421028371 -0.986371028204 
20.5936494768 16.3411239786 -6.22600654639 -9.51603684175 -5.24929881105 -0.585187907473 -8.73442841302 -3.62339832006 2.09855598763 0.0436790453016 
10.1603998824 30.1681184146 -8.55460353104 -12.0783417162 -3.70362612318 0.833845197191 -6.5707764936 -4.25769438696 -4.24304658565 1.71503801346 
0.463564573249 33.1823386633 1.99085440474 -14.4816527547 1.47642980021 -1.51117747596 -3.78082323313 -5.6373452326 -7.86699438456 1.40060558145 
-12.869320245 34.6125907252 9.57526981237 -6.21034890837 1.75055884318 -6.19544803324 -1.93642287629 -5.87602784306 -4.62602979152 4.80453265771 
-18.7266702703 31.8536574991 6.37665682629 -0.242251298682 7.22633072732 -5.05081784815 -0.6482205042 -1.34658540148 -2.37436890499 -0.0573426607292 
-27.0751458513 23.4138599054 11.8252327001 4.71812972053 2.83850640835 -5.64054590218 -2.21607437404 0.0943856843551 -2.19623034583 -1.26729901795 
-39.3470881105 8.29852129717 24.0842269353 5.65367546273 -4.00348178038 -5.23445012137 -3.8812616045 -0.904212496095 -1.73778125771 -0.322128435329 
-39.5824444636 0.520748925587 24.6898764658 -0.185806952621 -6.06657996582 -5.63785577029 -3.63744008566 -6.97958466993 -5.72552795169 6.00949818693 
-43.0255317178 -8.80014534693 20.6956365001 -1.97379496462 -8.85053248778 -10.0055567971 -8.99475569708 -0.713034845826 -7.23959922442 6.15998571039 
-39.2458648199 -16.495279789 13.7038830969 -2.4177484612 -9.27274140327 -10.2054730618 -9.93713271166 5.514201023 -7.87588804828 6.23670781189 
-38.8312294728 -16.1770833503 3.28661178042 -1.54305968781 -6.88122978851 -2.95687767259 -4.91992785935 0.99756570912 -5.58051040221 6.98358601645 
-42.2788291134 -18.3107398125 -2.76981241561 -4.65863737117 -5.32759554976 -1.10354039798 -6.55562627769 4.90012056193 -7.32923227817 3.40877702983 
-39.7726627491 -18.3396610526 -7.95374077534 -3.95674102732 -4.01291879202 3.77436387624 -13.3287227462 8.63498993746 -4.81002563436 3.15538766395 
-35.8432308254 -20.2539426531 -11.1556495612 -0.779771847561 -1.6552706811 9.45593235355 -9.81566665343 6.16979252152 -1.16489641744 2.56087971254 
-38.2254413984 -19.8666497406 -9.19666200733 -6.78392213753 -2.380224035 8.49012628637 -9.04487377492 7.76272789979 0.702771970782 5.87531561255 
-35.332364256 -22.8147455776 -7.34031352736 -11.5462674147 -2.48429246408 6.4017891007 -6.53805740153 4.10085754811 2.25449692371 1.86050283498 
-35.9219480641 -22.9081408607 -10.583987472 -9.4877919826 -1.43081277287 4.88538362894 -0.519574444602 -0.589788611686 1.38737899411 -0.542749525392 
-41.0166852847 -19.3451204721 -2.04543041637 -16.3664662259 -4.4367661589 -1.25835827873 5.73941527835 -8.0717882448 -1.94375174796 0.653208152227 
-37.7345424928 -13.4251591304 -3.19864036102 -13.1671246292 -0.943309976887 -2.86963575834 9.1821169702 -11.2230999813 -0.134218574825 -3.70705328512 
-34.8886569518 -9.81355731316 3.68456148188 -11.8322674302 -0.517357860876 -3.70582981038 11.0240328583 -11.4830652652 5.64726970003 1.2096948684 
-35.9993441025 -6.96482478917 9.76163404824 -5.65004139679 -0.0961737166508 1.01363250209 5.52054524536 -7.67148062447 6.25909238224 -3.42230466861 
-34.6716848228 1.32883778388 12.3774902885 -0.626458426131 0.831643676616 7.40584304259 2.58525689674 -8.9809061766 8.57455370684 -0.542235098158 
-37.6786244254 17.1839338531 13.882604115 6.16610479174 0.830111060634 15.2100699413 -3.12110454635 -3.06648651089 3.57746619735 1.97957290819 
-29.7837667246 21.0679774626 5.49912365098 8.62799804147 5.77272982068 20.015993714 -1.32871515079 2.04689021781 2.59987871954 -3.90454602645 
-23.7967606701 31.9097793273 4.76142346208 8.05388381054 2.61047731764 10.6536068551 0.391659005351 2.11794521259 -0.539601275663 1.31252013693 
-10.7600265528 33.1037956626 -7.42200716915 4.59091407475 1.10533261173 -4.03177549333 3.05224779678 7.37103226877 -0.0556445845812 5.22453862501 
-1.73226099745 31.1352140299 -13.4158403145 0.460277884138 0.446776092785 -9.03491600132 3.16943369322 5.83843326711 3.64565218005 4.80485636279 
4.31076359838 25.9359353153 -9.95869595687 0.784433145645 -2.98087392584 -11.032767271 4.67095394912 1.26175529782 4.38292854346 7.37547377444 
16.8149638781 17.2652234342 -9.17475301559 3.27339932475 -9.02487582607 -6.25666136105 4.49945166494 -2.46240768076 1.45819738153 3.45383605345 
20.2856986084 2.86119360795 -10.5594580568 12.7593124353 -11.15436618 -8.48964470928 4.41481340429 -0.614019443164 3.42365308612 -2.01749676959 
31.5612902157 -0.121351276813 -8.34927157774 12.357344947 -13.6711075012 -9.29402045262 2.31485659807 -0.375257493984 -0.911350607113 -0.685217941219 
31.3406779483 -0.00507965753213 -4.64951768281 11.969337628 -16.9638565813 -10.2694690571 0.931164907582 0.135117707903 -2.08216914995 2.63574087307 
33.3785443755 0.743759673932 -0.58119960845 6.36713875562 -13.7045276789 -3.50950841048 -0.549544621811 0.315279936384 -6.34372099027 -0.247117959155 
32.8413060413 -4.04470063496 3.29338965298 7.53208693583 -10.8857417328 3.58331585259 2.24960660522 -2.07137361082 -6.98821588283 -0.796766397442 
29.3530961361 -8.66151473279 -1.45364065583 14.1102745129 -6.51329296263 4.18537016156 0.619061085814 -0.926954723098 -7.22084308438 -0.303252410825 
29.8624849457 -9.12606060373 -1.73776586574 17.0536500703 -3.97510976651 6.77543788614 2.01324402564 -2.51711427308 -8.20858424773 4.53494964646 
33.2809882249 -10.096143392 6.20737940126 11.8125739034 -1.79090041962 7.8439227915 1.65403599621 -4.37444024437 -7.35487281163 8.2004061073 
31.3136417651 -7.59953799888 3.37885498923 7.36040533789 2.48724957396 4.32837125567 -0.538072787196 -8.84015596161 -2.96935518752 8.02126170098 
30.5372399884 -5.59595542006 1.96462197146 1.7938543822 9.89083292436 -1.39148950618 -6.77989189409 -13.4053424827 1.31742538078 9.54793101567 
29.2552983372 -11.9871399108 -3.95480328718 -0.0187658313849 20.5846290724 -0.599335612374 -11.3177294756 -14.5525195359 0.349515739676 3.29208139417 
31.4886360229 -10.2232047142 -0.210601131722 -0.471820699166 20.8828216382 -4.91383848583 -9.30325967889 -10.5077118687 3.28883631473 2.67762186839 
35.289931942 -11.5862810621 3.25180738615 -3.02220840209 17.8781646404 -3.83085185408 -4.96461044193 -6.28979934658 2.53426649522 2.15497447728 
37.842491966 -12.1269748565 10.9790000017 -7.06102837634 13.5846561343 -4.42321911522 3.86573427843 2.82234117126 0.927280589131 3.81679486913 
44.9950062606 -13.3828522649 11.7955320983 -8.75776175604 10.2621607985 -1.48361924849 7.82751780433 10.4094424877 0.59363269875 6.0605068789 
44.0282508242 -11.1906428925 9.87231792791 -4.66035746244 6.83984894316 -1.28406336011 8.8321678291 11.5025031758 -1.07206559696 5.4583370903 
41.5169305693 -9.13211409926 10.2921354924 -5.25939598764 1.09314888173 2.29339708506 10.320634631 9.36747492723 -6.37749577207 6.7493221801 
39.3340038928 -8.18786115758 8.30339233691 -4.07554224264 -3.37004448516 2.07109692087 11.7597490339 8.67766459143 -6.10500544955 3.04303154154 
35.322044375 -5.1150915371 8.09460826553 -11.6153760158 -5.9445552756 3.10521463796 9.31141680875 7.66407732638 0.308491536106 -0.317908366678 
33.0400650583 -0.653160097557 9.57451317171 -16.8483795494 -8.38194228963 5.76194626948 2.00987813303 3.64914018894 6.24499275395 -4.99747328946 
32.5718447362 7.23580318951 4.58940462972 -16.205551617 -4.6713412204 2.83353511901 -1.75071011452 1.26906751618 5.9262379348 -7.36641792486 
30.6749704642 12.9174344362 -1.62517166449 -16.2579691587 -4.86307856047 0.435715214404 -3.70719783844 1.37003858467 2.28566902906 -6.69628458679 
15.543682037 31.1119490833 -4.75400466887 -15.5316090432 -1.10890200144 -3.59517578731 -5.27814090497 -2.2492336764 -9.71481969131 0.204518934412 
11.9959569487 38.652752536 -4.53108923502 -20.6320249164 1.99230122294 4.82132211738 -4.54901089032 -4.21046872958 -13.8280797849 2.01758794002 
0.303509841456 37.5360686516 6.85432512742 -17.2396927261 1.95803533877 6.1127766413 -2.96003480446 -5.32308193051 -15.3238910228 3.67142994395 
-13.1124463302 35.7365896539 13.0300282805 -6.94893711671 1.23213084653 -5.93023905335 1.07739769817 -2.7002425774 -11.1990305231 2.53983773822 
-19.2284607139 33.0570524022 11.8505334437 2.82219770124 4.89189507929 -9.95698139672 1.24370543071 1.96890136237 -6.88447372275 -0.193446482701 
-26.013842885 14.7585717305 15.6171109598 9.83528381696 2.90525678726 -9.09430770596 -4.53343120419 8.79839560729 -3.57535299601 -7.88176469873 
-38.2039998636 3.30922080605 20.4009151796 9.94964223758 -0.993628013294 -7.05121584105 -5.94687372715 6.73844262944 0.16706258246 -3.32888451589 
-38.9739842458 -2.17837228242 23.489532164 9.51837234342 -3.99716148582 -3.97445107649 -5.94053897564 2.05658486671 0.621919707476 0.484481414858 
-44.5317239413 -8.41221488954 15.916992513 2.3459945596 -8.19847648937 -2.44070535666 -9.73497428707 -0.659489575606 -1.9187735475 5.27935246863 
-41.5598615028 -15.4217038024 6.55945506864 -2.61003750636 -7.12384503759 -7.91388114089 -5.43794044257 3.043604515 1.06158729016 6.21171879213 
-39.6784493646 -17.7103265014 0.331719347806 -2.51548198453 -6.37153452834 -5.43560660727 -0.982391323021 3.81342133382 1.85505514615 5.32750593432 
-38.9952772567 -15.1949121668 -4.3681221525 -0.371771909135 -7.23283699731 -4.29589171859 -6.45424266063 6.1021169661 4.03624913145 5.49313816811 
-35.331870823 -15.1522229973 -7.68227796741 -0.696736915895 -2.15584760141 -1.57120583878 -4.86525748132 7.12730781764 4.0991319933 0.829828756085 
-29.7323540344 -19.3118809113 -13.6996834825 1.27236778073 3.20714606107 -2.46470601911 -7.84178777428 13.3002927759 4.00245566424 -3.97081272687 
-35.5877959129 -16.824330392 -7.54938498048 -3.57313772963 -0.933591430889 1.60916697529 -11.7603247852 14.6143628316 0.967832230918 -1.7590484166 
-39.3245020508 -16.5891994757 -6.94723700361 -3.64353370752 -3.93496415915 9.70023532682 -10.6662933149 13.9871114535 -4.19465947426 2.80574706709 
-39.6664567671 -17.7932829528 -8.28461087024 -4.39717560129 -2.22786102247 8.07921424448 -4.73748694298 4.18585762741 -4.53323477913 -2.29058398304 
-39.0349112977 -16.6089841156 -6.28761868295 -4.25458856904 -0.661652545971 4.14380886767 3.01810651363 -4.37000156694 -2.39522151953 -4.90069762792 
-41.1166332652 -15.9537051513 -5.72908816266 -6.28547400615 0.100376757803 -0.821080889854 12.5371167866 -10.9817841607 -1.48491907553 -3.18696737877 
-38.7549532483 -14.2496397859 0.946738556629 -9.82180528724 -2.22531212631 -3.46521489847 13.2777198364 -8.6026637454 1.82917472256 -0.266369792506 
-37.4537763187 -12.4925244545 3.24035246503 -3.55052775008 -1.08376800168 -4.95258598158 9.00769995643 -5.55166571336 7.46497865657 -1.88007748764 
-33.5610914924 -9.94866243655 1.51288693554 1.11774190792 1.36866864159 -1.12693283942 5.04196235297 -0.300865316391 13.7572854751 -3.65364090656 
-31.9286029706 -5.67753470387 -0.755853539558 4.32720709422 3.64451307062 3.23305070664 7.48630896889 -0.898595547988 17.3029427731 -3.77814389118 
-34.9100125151 3.41546716842 5.37634063842 10.5871567593 2.48807712083 15.1867537742 5.79906301001 -2.0604895175 16.840998773 0.468120022822 
-29.4799360452 9.69267524996 3.26720115311 12.0788288577 4.67241079149 19.8157224913 0.152075841614 2.43396145134 14.1938380749 -3.96270694063 
-22.784135585 20.1803116286 -13.0878943832 13.7373594032 6.77042606393 8.7313817551 2.96040266015 9.90165730669 12.9182301483 -1.74829113453 
-13.9407017234 25.6879916896 -17.9581965778 9.77594575301 6.53226543535 1.57979612991 4.78197989341 9.63097854728 7.26647727659 2.95164136509 
-7.87750872985 27.9335959485 -15.5847866163 4.78544804844 3.34404400726 -4.52478079341 5.24662346683 4.88649472933 1.85317605563 4.01278673215 
-5.75192435578 19.7897648353 -20.8380984593 11.2566756063 1.30259432027 -10.7059977604 3.77869209744 5.74029373974 3.43406151174 1.50172650851 
7.33784505263 18.0776557589 -11.7235111106 6.46813246034 -3.38306620375 -7.76489867064 3.40311402569 -0.996058080163 2.37855944651 1.5166862742 
22.9070876596 11.4216202546 -11.0046804659 8.88201186258 -9.86071705369 -3.50770370435 1.39595913487 -4.12251498986 -0.876403219528 -3.66174440479 
28.1156318588 0.699407543911 -10.5129852605 12.8203501719 -12.6634556876 1.28977254631 -2.90588068545 -7.83228579213 -1.583802056 -7.3722657285 
26.1528006862 0.037137250608 -7.87857907575 15.3489258662 -13.2999766555 1.12878881929 -5.22100017213 -5.01330625598 -5.31651083226 -5.8666399011 
26.1941535133 0.223308601207 -4.38655725355 14.1779121455 -13.3824318733 2.23288710642 -4.64121592755 -2.55179136185 -9.42826433844 -4.30315643048 
27.4671680744 -4.77591859102 -3.86318074887 14.2901406896 -12.0576727971 5.81176417603 -4.02443324359 -2.55476261966 -9.71618694013 -4.04924645987 
28.0607294112 -7.4238162167 -6.95437444279 14.0515534647 -8.62246559273 7.5008410786 -5.64791482372 -5.50005003918 -8.24849474606 -3.46938879875 
35.9748469569 -8.58960323102 1.4695817763 10.4905844824 -6.47686056994 9.25457677131 -3.98168097754 -4.27639130897 -6.75530698138 2.04047590333 
32.9364003713 -3.15782230468 3.37217734523 8.88550183485 -3.66111508594 1.29375960549 -3.84945704292 -5.93019540971 -4.1381292415 6.12798989268 
30.9788644169 -5.43921559721 -2.84600223806 8.33557338761 4.04820921642 -3.83306499992 -3.30755798257 -4.96370310821 -0.681634455818 2.62239491201 
31.0594775851 -3.25140117871 -3.69401669342 3.06300950709 12.7463696331 -6.77107815907 -10.3068869781 -8.17962011155 2.90700334363 -2.18945497388 
31.8966226236 -8.24608699246 -4.05262617013 3.05383901191 17.789587734 -8.66013023928 -11.0003953646 -6.49423855146 3.51922789285 -1.51890497312 
29.7297676705 -6.5543302933 -1.83262861672 1.6814421398 14.0096395795 -7.72502705908 -6.13831146777 -2.80770895817 3.80263990967 -0.894433591152 
31.0522364582 -9.86654355016 -2.93195318003 2.17570765672 13.019279167 -7.99415519352 5.75483228871 5.98185836223 -1.6572822033 0.436036437727 
38.0167636986 -12.8062008957 3.94804941651 2.47965696044 8.47449549775 -2.17386471964 5.20613660743 6.68268684547 -4.13617806814 2.1397960446 
38.4926194679 -13.8714948437 3.60411032531 0.819805551302 6.00730449141 0.198105418575 4.99214354616 9.783025381 -2.88385320831 1.0999917983 
40.9583363601 -10.247123285 8.27797451937 0.425408087867 2.63116784257 1.13819607626 8.13178317816 10.907325851 -2.38954798436 2.45366266483 
40.3751725768 -10.3238365802 5.97342107559 1.28936267479 1.22476412373 2.39035788311 9.55714191597 11.3922079441 -4.8625441198 4.25567424715 
33.2046625307 -7.6515737928 3.93976790858 -1.37645468673 -3.81611060452 3.74203335259 8.17418266554 7.67572584219 -1.03829750934 -0.204711164773 
28.9469891807 -1.25181800743 5.02548591228 -7.29722696021 -8.67005146502 1.48202262898 2.089901456 5.65584358112 6.44458399812 -2.3266203179 
31.6589472813 3.82030813465 5.2748197725 -12.9720759561 -4.16853498274 5.86382009191 -0.812303107769 4.10617935563 8.39344810109 -4.48839802078 
29.4612778934 8.77585447644 -2.54888068135 -12.8573054862 -2.64628512152 5.9076527134 -5.93992487867 3.70247819125 8.56817758927 -7.31475887757 
21.4355039441 17.2651985945 -9.8619148019 -9.35156206365 -0.968011488958 0.672159153614 -8.24803685602 2.52231645099 8.13612288459 -2.3894977764 
18.9057056491 25.6335303974 -7.96401563361 -14.8508068974 -0.0426553347005 -0.698805609506 -9.54719963768 1.62691309349 3.93900854708 -0.80213218944 
4.73423267027 30.5999773413 -2.26953497735 -12.3071941781 4.37789880244 2.2288054218 -4.25966683244 1.89656348463 -0.181679753876 -0.846656340956 
-11.5287583332 30.4008841606 0.904723885733 -4.03620042877 5.7535265451 -1.23479199213 0.589537187904 -1.45533214276 1.78752079638 0.185111572911 
-17.1828471651 23.478943687 4.0686698875 4.41248697705 5.37226744352 -8.12630070713 1.23826584903 4.31736665174 5.9195475421 1.14866513201 
-26.0894662191 5.7286623812 12.8625123547 8.52544811406 0.783523375613 -4.37809271966 -3.91969840279 3.9503127195 10.9284736483 -3.36011923074 
-35.3498244777 0.708748304301 17.980277498 9.44235147806 -1.26634658133 -8.95760001873 -5.38904715072 6.20904020026 6.95686595747 -3.65504483312 
-36.4179789023 -3.3731661748 16.3231369749 6.8206953918 -3.11852140303 -4.23471975441 -1.3632148892 -0.473094529093 4.39237618813 1.75753113626 
-35.7747337442 -11.9836865271 16.1662130711 0.893888928646 -4.50642503014 -3.31211515156 -5.15892248961 -1.72844289231 1.16092361542 -0.155760578127 
-36.9714673647 -14.0137195159 6.70694556102 -3.09919123443 -3.5044349668 -11.8158111801 -1.98987229856 -3.50853326479 -0.877869423028 5.9664962018 
-38.2729758085 -14.2199710311 6.03898238386 -4.93601780961 -6.18611944018 -7.03186920271 -1.94873580757 -4.62804498315 3.34537042869 10.1333638301 
-37.5917456912 -17.2593833839 -5.86782143037 0.244365314144 -5.99419291423 -3.6639697464 0.523485180883 -1.51328264128 0.619627285255 6.15390834771 
-37.7186054024 -18.8968457563 -8.9119499395 -4.16075198491 -1.27146285328 -2.53754558406 3.58320759769 1.16664380478 3.79370467115 4.48801977428 
-32.2211879057 -18.8092665118 -15.7627612571 1.91825103728 0.356771258627 5.28315397205 2.71033988711 8.15027716998 3.11091323511 2.57383947074 
-33.3450698689 -18.175302133 -17.489692066 -1.25984202379 3.88255505891 10.7459036764 -4.06070587657 6.21323736374 -0.657617011593 0.489731544927 
-33.6015569515 -17.8146244775 -19.6828965432 1.69510342211 7.45540812888 11.8818485254 0.530072648087 1.84509003549 -2.69505670434 -4.12220628536 
-37.9210931889 -17.426036072 -13.9523450926 -2.23206267273 2.02839464938 11.9139736593 -0.417649825166 0.217799746217 -4.95816874653 1.17687992867 
-35.4032882789 -18.8900718662 -17.5435577144 1.74531000693 3.20834402978 10.463053192 -0.153989102835 -1.52897480045 0.111905988345 -1.58909445666 
-36.3389504205 -18.1555630892 -13.1884438853 -1.87536912259 1.49360209952 3.60013037159 4.16007980205 -5.88436241303 0.458566594356 -2.1654003717 
-33.6988830254 -15.3994814528 -9.87507164254 -2.24910678998 5.05525037725 -2.46364724919 12.547372497 -7.81824606752 1.95338694612 -3.9072138531 
-30.9072898408 -12.6964115554 -6.07522620234 -6.82913297666 3.90270139454 -1.59949226846 12.6601316665 -7.02694433092 8.18599311882 -2.56415404997 
-32.4742615631 -12.4324123577 5.29029209432 -5.52699347623 0.608790166586 1.49005716189 7.84466590385 -4.15593224284 11.3260632659 -1.32304720315 
-32.5577648345 -8.03788148005 13.1709203152 -1.87796578561 -1.80456478969 8.510142549 3.79504241959 -4.84468174786 13.6680398071 -1.60981482114 
-34.7053339302 1.80379875474 9.07467681757 6.26447021429 2.12771304985 9.53077113572 4.64642647197 -1.3619656638 12.0316116597 -1.3982738072 
-33.7619869664 9.77543952387 7.35143779421 11.1597739571 8.05009385492 15.9385941378 -1.45828367088 2.19202832339 7.1954808569 -7.03749698012 
-30.22607252 22.7206186698 -0.622069617883 10.0138835872 6.55209168338 14.910888152 1.88290091701 -0.145615763803 3.07972783033 -2.35096700253 
-25.3062189619 32.1202977644 -7.21656044714 11.7623145768 9.26593235289 2.06312594334 7.92935098661 4.76602175419 -3.02665998593 -2.38302383342 
-14.1933725488 37.2327294742 -10.7837013628 4.01353438085 4.69794184994 -4.49653516279 5.47332559926 4.05586573436 -7.79776849058 4.34395325598 
-5.29018662682 29.2225269348 -13.9355650283 1.82577543765 -0.474525109353 -9.55480596395 5.45416206482 0.216976065771 -1.99056768189 6.38102865518 
7.80262243218 17.1919030753 -10.940138154 3.00056416102 -5.79547335504 -8.92437286155 5.54679203217 -0.985760597053 3.93432352982 1.40289113269 
18.0545141669 6.16724651348 -5.1612684576 4.56625274259 -9.41974169467 -0.412264111661 4.74574842409 -4.44006722975 1.60939090695 -5.45763483228 
24.9254005208 1.42943266653 -8.43914584504 14.0716977559 -9.98630211995 -8.65381773395 6.27080645047 -2.29860300208 -0.860197848078 -1.86205580458 
30.8839707278 -4.20105802928 -5.52994782378 12.3027792795 -11.9816833745 -3.04079413623 6.84670543069 2.32524623748 -7.1254189835 -1.24374473968 
31.4353249268 -8.02534671542 -3.58943671994 8.86138431034 -10.5799698772 -3.90278409877 4.268158534 1.43389153569 -5.88216680055 -4.68004027945 
36.9694185195 -6.68775806133 2.98379294019 -1.53080253101 -5.11187409658 -2.74764285748 4.17240223713 5.04172175124 0.106626502475 -4.72542698052 
33.9573667765 -7.85745252997 1.63023678771 5.11835284525 -3.94621964168 -1.15307236977 2.80224266147 1.24507901989 -3.2398650796 -3.9393918291 
40.6793658946 -11.2037995231 3.83441504646 6.49864821762 -3.38506156183 5.8461503234 -0.111086996581 -3.51669537192 -4.29613375077 -0.197020745189 
40.8167941733 -10.7869745856 7.48557702487 6.32799734951 -2.16548242164 7.7687020385 -2.26559000522 -8.21749621652 -3.13631857064 0.833856414025 
38.8570802323 -7.53695703237 6.92133080173 8.57088201158 0.567658881598 5.55314259771 -6.85077257041 -11.8237476026 -4.58236060105 2.79804382698 
33.6357028738 -7.12171941389 0.94484699685 8.62308177942 7.14105213616 1.66778525393 -7.90566285258 -10.9262903675 -4.1468201373 2.03202463561 
31.6960389488 -11.3434314748 -3.70730837515 10.6245959752 15.5679687823 -0.36776393527 -4.97962606715 -6.96108229425 -6.12251731509 -0.522958982455 
32.7158246225 -15.4133230733 -6.02934697304 6.94187493107 16.7034629823 0.631524574643 -4.34497387732 -2.67107713699 -2.14858318469 -1.78188307375 
30.3966276494 -12.5481335157 -4.50455584158 1.28810475083 15.8692808845 -3.52980514603 -1.15875552217 1.28998684882 -1.49782478833 -3.69535941076 
32.9585801965 -12.1885644663 0.501161063661 -0.0100683118138 12.0117668603 -5.91214919557 4.44446368886 6.75710881747 -4.08603380515 -1.70786635479 
38.7821601012 -14.5344401118 7.1918308326 -4.60392548497 11.764712226 -0.440990102271 5.60976133726 12.3734469697 -2.37217694814 -0.322671718179 
40.5342221256 -11.2525206892 11.0853416373 -7.44775057622 6.91349430548 1.85980513625 2.74294758218 10.4960989839 0.281572400012 -2.37318554877 
41.7396871945 -11.3816473932 8.08380111488 -3.84048565516 2.07914467047 5.96428724643 5.93692910954 7.95732697942 -2.59213238687 -2.43359708907 
39.0458080284 -9.11679594969 7.27373944566 -6.12863047801 -4.50015390281 6.3768488671 9.13074299566 8.94916298157 -4.12825517861 -3.73882627117 
34.900085354 -4.25786985658 4.74987189267 -8.20810701559 -11.1786117874 0.360981677798 6.54609456643 5.12484047466 -0.636135078864 -0.621798738631 
33.7432445837 0.0757849554433 1.58391085709 -13.504640816 -7.74013807673 -2.33035011709 1.03537380644 5.47359463197 4.26251575079 -7.11484274992 
33.3757798232 3.83706415609 -3.69151395898 -12.0151126288 -5.9222095714 1.35040730358 -5.65170977709 1.05806140799 9.01926633088 -10.6040394501 
28.7246019984 12.7464526134 -8.09072796025 -9.67082413041 -5.20313532981 1.07452789638 -8.42694302362 0.156957738014 2.6603545546 -9.44814889539 
22.8834588741 19.7814133655 -8.60356098345 -14.0899767465 -3.03226565303 -3.08626272576 -7.16500346593 0.835195447616 5.08181881247 -3.3739537315 
9.95282374704 28.5903037705 -7.43141411461 -18.0783789937 0.590804404426 -4.11829560576 -6.7639818451 -0.369827092343 2.62644740222 -0.143611001077 
-4.21477057199 32.2612251301 -0.0898740907103 -13.7158327768 5.91293706202 -1.96992073111 -2.76847960665 -2.86849089307 -1.15599026735 -0.415003643074 
-10.7029645034 34.4345810795 4.63915742414 -8.19069291812 5.89714844193 1.06352995841 4.91044686382 -6.28922404735 -2.76355863251 -0.589997656437 
-18.9026299584 27.3446414719 7.9751003562 4.07167204118 4.86073382377 -7.56251436691 2.82099221745 2.76985551205 1.44692779454 0.446484206708 
-27.2504323708 10.4510953378 11.6295745825 10.4111704557 3.89405539462 -8.47106608825 -1.48168878177 7.21728438037 2.67734591742 -8.63201362146 
-35.7917112947 5.74375088536 14.198865919 15.5939734393 4.20830951103 -5.75865073051 -0.41428303845 6.75560408792 0.384136775158 -8.3562011704 
-38.4436157048 -4.00191426394 11.5706163337 12.324832426 0.728944926486 -1.67627894951 0.554369765792 1.88192038712 3.02375299258 -5.0218220567 
-40.3985587138 -10.6011777449 8.69743895997 3.66993172008 -3.42454867813 -8.51211831258 -0.560626388257 1.54696445183 0.882207892984 1.08323299714 
-39.9785894972 -17.9701296316 5.21454667002 2.50124099099 -5.25206711095 -11.7292365742 -4.45411966935 3.00083699573 -3.45767444348 1.22494615172 
-38.8445015003 -18.2839452106 2.63815882461 -3.92314614818 -7.08761284058 -5.09088445099 -1.45427162075 -2.3188196715 1.09037165982 7.53270843583 
-36.7657930618 -18.7819756333 -2.79190531516 -2.61782782347 -6.05560781306 -2.6717160413 -0.835918299206 -0.119295975096 -1.55580785517 8.37937540921 
-39.103346117 -18.0497133378 -8.29707212488 1.98233241968 -6.4107472443 2.51751924505 -0.217941561118 -2.46178157576 -1.21324100687 12.5311083089 
-36.1940753454 -19.1982149723 -19.0150471338 6.68026777925 -1.53363914987 3.96898719375 3.75608759702 -2.7055857049 2.81193509189 15.0072470753 
-28.9584877082 -15.0261998061 -25.2503221842 6.69761721051 5.83179043177 9.52432759423 1.3672420984 5.38622163914 4.41472900696 0.669214737892 
-38.1601670161 -19.0553690746 -19.4963887058 -0.434965430306 2.0852697267 6.97864108389 1.5401227898 3.4710351501 -5.24350101117 1.13468301491 
-37.2173293449 -17.6157308312 -21.2968473031 -0.332768499817 5.09099751208 4.63812714927 4.34437621896 -2.78874716488 -6.51164888245 -1.14442216322 
-39.5918219821 -19.7462584986 -16.8466580272 -2.44536199109 3.7421955384 -0.258207666633 8.00774741901 -6.36062153761 -4.64805320869 -3.07778303542 
-41.7348655756 -17.6934761451 -6.70718722001 -7.93669258231 1.38647702492 -4.44123755678 14.9854050161 -9.75132877195 -1.74583385684 -0.819283776112 
-39.868849627 -14.1861933824 -0.79291605657 -8.71633848412 2.52698502196 -0.388628688053 20.4939817331 -13.2006151573 -2.35435265726 -0.753441983576 
-36.1509217677 -11.9741691439 4.16436830413 -5.14124039917 1.60436432302 1.79322566763 15.1961837215 -9.38669733811 0.454427286511 -1.38526332636 
-32.6540990018 -11.1341139924 7.012767916 -2.45159215932 -0.721657061392 8.0298964999 7.47114757651 -8.22041597586 9.72445552234 -0.1506553125 
-30.8830493754 -7.6260154611 7.55080301411 5.56743227141 0.394782263773 7.20371880511 4.80279097669 -5.99640834168 15.2396621193 -0.523790807873 
-31.4027344632 7.27353597623 5.13531497083 12.570691962 7.21848350953 14.1068191413 4.95289040391 -1.73305829179 13.4879241947 -1.15168874934 
-33.4660464261 21.0943632941 1.45933493519 10.369945543 6.43373219382 21.803776822 -0.681269811743 1.03552527974 5.55411824006 0.60284534797 
-29.0220695411 32.7213646114 -0.856350623565 8.58578901812 5.39935418724 11.4908582084 3.40610987465 1.47252463265 -3.04087467198 4.6021108747 
-20.4159044807 37.1353500544 -6.79762983628 8.37096131115 4.69745100849 4.52775462427 6.43428589595 4.10600735649 -5.90460374897 7.7198429699 
-7.55949687864 28.0826750234 -12.1309831415 5.55735079888 -0.966909692818 -2.93655577444 2.54318592174 2.19196936242 2.35747302268 5.68709064597 
-4.99679391962 19.7739928204 -17.0966457788 11.9548541918 -3.05631741906 -8.27610612665 2.49401593211 3.01873700591 4.7982348549 5.39129627656 
6.0792586758 8.14832518863 -14.3887020228 18.4182647368 -6.95850103409 -6.40889054576 -2.25081919745 -3.1152526014 5.71784915285 -3.17951554801 
13.8252826392 0.546039659245 -11.8333262749 16.1145614071 -7.97087521705 -2.42104746803 -2.55125621308 -7.67418439395 6.13784713012 -6.78277645028 
19.6110835648 -3.58253723787 -8.93195924 15.5353123261 -12.191788669 1.24968440102 -3.05682762218 -10.2149410103 3.1224665926 -5.94919528253 
28.1934947184 -2.36912553891 -3.28145113596 5.81961028858 -13.4388825613 -3.16654688447 -2.23479269008 -5.01902855748 2.82430451579 -3.13406393242 
31.6663598 -2.80933662223 -0.586310756605 6.00601623163 -12.9935513895 -3.6788948323 -1.26984522 2.08744674025 -0.276482918479 -3.36545051423 
34.3756052246 -4.49794831488 6.95557809174 0.149902060196 -8.29213458727 -3.02840612333 0.197444778559 0.386269147066 2.99477983856 -2.31022244546 
33.6732876103 -8.18886350872 5.75333541299 1.12232495188 -6.83693509856 3.02028308194 -1.45708355629 -4.08492084575 1.53739331223 -1.20702736868 
37.5946184481 -7.44903739093 10.9028776342 0.188413506391 -4.64801223798 4.40684576365 -1.86266173896 -3.66096870144 2.45004013341 0.140792168258 
38.1301775589 -9.33431156124 6.55738462792 5.39691435405 -0.974589576247 5.32677120985 0.376244299655 -4.21878868333 -0.243459362669 5.16779490475 
34.6075758431 -9.7287904565 2.94555832642 7.51956454042 4.84758001363 -0.520368525385 -1.89892885278 -4.54440038549 0.138255052024 7.74521893395 
33.4388058752 -11.057813051 -0.0842705963076 9.89145646397 10.3401632789 -3.5518413832 -4.16968560733 -3.15602501457 -0.976049529044 4.93478026474 
29.1694035353 -10.950739713 -2.8844989807 3.56012448098 15.8676171363 -5.57867174406 -6.55371473196 -7.34597424505 0.681578231313 3.75948876773 
29.3933232739 -11.2787811123 -5.81509047791 -2.87437555224 24.807953577 -8.19096278165 -9.12161458669 -6.38436253218 5.35901694234 0.764375932867 
29.3730308216 -12.4555357768 -6.18995956695 2.78611231207 19.4543656226 -6.53703632524 -4.54069003223 -0.485861986489 2.74412019502 -1.41446156702 
34.1966730578 -12.5882394055 -0.399852555882 0.94976441262 14.731099733 -2.22052237971 -2.39382497481 0.610830547671 0.22975055433 -2.54898908129 
37.1040838492 -13.8419779107 4.70096126447 -2.35178740363 13.6996089718 -0.439299016611 0.677610785767 4.66488216583 1.56668319126 0.168257416864 
41.3262908975 -13.9974403964 8.6429356582 -0.679489171292 6.94725235233 1.30534602343 4.39217738518 8.31088651004 -5.7272255714 1.07884137187 
38.9418244223 -13.1602882217 9.42952931764 -1.81355689161 1.88951465901 5.45748474432 5.61950339377 7.96768216763 -8.87711786668 1.64242201613 
42.5915923466 -11.7108900705 9.68085044685 -2.56863675126 -4.45870202678 7.83584848608 7.92213613929 7.6492982896 -8.73262518722 0.73720664119 
32.6577802398 -5.54868663376 2.7408377249 -2.98080191584 -8.96214672499 0.803910007992 8.63261867569 6.11011638227 -0.96037479786 1.47460659799 
30.393516705 -1.85235932453 0.449261485353 -8.04647688714 -8.69636917791 -1.81780666403 1.8954181782 3.69335176263 0.590450116568 -2.73014957766 
30.7329187904 4.29419940258 -0.78146643363 -8.30140306793 -8.55070934389 0.297735390995 -3.11836994846 1.12237805329 5.53631069773 -4.7766087274 
26.7452327695 8.08422727879 -4.69173960928 -5.80363004028 -6.87542679793 5.34769851194 -4.28087821131 1.2333438094 5.3614065476 -5.68386304311 
22.666498431 18.5519428781 -7.75068868651 -9.62075395381 -3.52918144334 1.21179118514 -0.840689845076 1.22651656714 4.84454920291 -0.519374763178 
16.1958795944 27.3670104241 -15.4844276562 -11.5623279864 -0.473209887338 2.35116129666 -7.43122376948 1.84878322651 1.95861234054 -1.07574282332 
4.15058428304 32.9777278383 -4.20742023395 -16.7997223705 2.93059976074 -1.74541032791 -5.76616184204 -3.38423072018 0.339507003019 2.24801792897 
-6.56582571725 34.5047468169 2.62643345367 -10.3061604503 4.73465901594 -4.61162136724 0.70107879021 0.0254139231899 -2.15920748931 1.64139673888 
-20.4904220871 31.336937925 7.09732432831 5.63458971953 5.94015404727 -4.78431514733 0.845177194008 1.37564560129 -2.27543954516 -0.51176304119 
-23.238728783 11.6891259685 4.81804094745 14.9049507472 5.05319698215 -5.65300123504 -6.46961824326 8.86045435773 2.60015024664 -11.7582936597 
-35.8437532375 2.87257353343 15.7334271333 12.6870521132 -0.00480521838161 -4.46880117931 -4.73085507495 6.1211566041 -0.405720924394 -4.93083210876 
-40.5411155882 -3.54433800325 18.8696688605 9.75852042431 -6.31246083831 -2.75474368628 -4.12541512597 0.521978559037 -1.6425888395 3.22497080207 
-41.6815275192 -7.97444525034 18.3320010822 0.747105103919 -6.81809551378 -2.03054845741 -6.55813715746 -0.148338866706 0.76936472846 3.1237894445 
-41.249804166 -15.1828339054 12.1869904214 -3.54910029338 -6.46767725679 -7.51426362875 -9.37427850298 0.812505106911 -1.50059634044 2.93992468499 
-37.2722377325 -16.2185269687 4.27323683307 -8.02809631803 -6.59961796842 -6.97637806891 -5.80971977438 -0.532903117908 3.1210207064 8.916878882 
-40.249804571 -13.9385956883 -0.177729388588 -8.18297256211 -6.72690911958 -4.7800805798 -5.54393064436 -0.628793556601 -1.09100907663 11.0571972446 
-42.689342423 -14.3132375878 -2.38951083372 -10.9577773792 -6.45959718365 -2.91617738618 -7.24646965386 2.47820373073 -3.40336711908 12.3679130868 
-33.6019084171 -14.3734920733 -12.7682867568 -4.53439301746 -1.27309248565 -1.15909490821 -5.43707360944 9.34689301443 3.36250377303 8.09783138135 
-35.9712079324 -15.2122176254 -19.8712654733 -0.345930420963 0.512936813046 7.45632140009 -4.21086440053 7.99964073762 -0.94797775578 6.2877952814 
-27.4109982795 -14.2411837336 -26.574168316 3.62916498438 6.79213864048 15.0014683734 -6.49263758304 11.1847009713 1.45147506394 1.4846839664 
-32.5757692629 -14.9270183347 -21.632000428 -1.04475276807 1.79921695469 11.4244445147 -3.41613196712 4.30624368091 -2.45401739789 3.73818233713 
-36.4619078624 -17.6085643915 -16.8758712045 -4.51796749089 1.04181301283 8.02947789262 -0.997075776723 -2.2709997678 -4.83612512278 0.160162453978 
-36.6636934807 -18.6264513734 -13.2343735841 -4.63827688256 -2.59982765611 3.76721194906 4.56831519782 -2.61096327432 -1.5039205998 0.858087997151 
-37.9307936816 -17.1239906733 -10.3353371844 -6.35642728247 0.0829238482969 -2.81163595631 10.412414685 -6.69329090263 -2.11914694303 -1.61490401871 
-37.1512817656 -15.024839689 -9.34078133923 -10.3976318939 4.58345171695 -7.29906712825 13.6664035503 -8.67651406271 -0.86760186043 -7.18777006112 
-34.2883781188 -10.5386935812 -3.88451316459 -6.53233483254 3.48722290873 -7.18173967749 17.4100735841 -8.60687485224 1.0572242746 -6.40742530577 
-41.9189940078 -6.91445045326 17.4068562994 -6.50248731784 -2.76279827867 -9.35895635692 7.99396443192 -7.21811504311 4.26392417334 -0.678732079682 
-39.3147744202 1.59133434914 25.4930319109 -0.334149172759 -2.87865860139 -1.98304116305 4.29243349393 -5.28596229388 3.70380946151 1.06483908507 
-39.5985541284 11.8945302659 23.4359400288 5.97929140262 -0.706178121429 1.41539099612 4.1039182882 -8.88049185766 4.892977131 4.52541169655 
-34.3442733226 26.5179357162 9.64594523807 8.23155094919 8.00573972355 18.224734708 -0.46341698931 -1.62186974096 -3.92461344504 0.8785181424 
-31.7233058722 36.6792053999 -2.93527723063 6.76425935078 6.60614293964 16.792242668 -0.53200027357 2.33053993709 -12.7473475017 2.52553907083 
-22.7075314445 41.0910729633 -5.66806571695 4.78542559108 3.70166454981 4.25798876801 5.04604174924 3.62355964673 -11.2910477605 6.96586488026 
-11.7894856095 32.2780747352 -10.3429140241 2.89450256572 0.0915762409577 -4.35593718459 6.68739988878 1.74754006349 -9.22088464557 7.66946758102 
-3.38858978894 20.860259885 -15.5248744059 13.2173536083 -3.50138362679 -9.34876528114 7.11967161311 2.25870681015 0.879528227617 4.96268362472 
8.903802208 10.5045740353 -13.9409805728 13.2111565595 -8.42328878464 -7.09805066847 7.4793828942 -0.886163676296 0.919771542295 0.355774563815 
14.0448224079 3.45382418081 -11.3968277802 17.5011142726 -8.80507500605 -8.10750895723 5.99197915437 -2.12967074575 0.951517239191 -1.84937265369 
21.9790260483 -1.69703081643 -12.2877790049 18.6443173996 -10.8037361396 -2.72419039185 2.10892930125 -4.39158904223 -0.926946090133 -6.13144280452 
25.3596314079 -1.37549727004 -3.38701418402 12.5460014964 -15.2026044041 0.86680710768 -0.22268889797 -4.77888410587 -1.05304346912 -0.900152416457 
32.1227761324 -1.79897634696 1.74161731211 8.65509859355 -12.8290496184 -1.07500774495 1.01167697199 -0.19131085225 0.738539595821 1.45876193278 
36.7036276079 -3.17248122643 4.00551435349 7.95728811669 -7.82752681995 -0.634207202901 -1.61386454717 -2.5261304577 0.122121019693 0.034380527855 
34.6372298311 -5.82063105138 3.46026917425 2.89468127547 -6.44412758777 1.28043029877 -2.09805451358 -3.06684487962 3.61224880796 1.68128576686 
34.8604959012 -9.32387913715 1.14293971597 8.42743591126 -3.06515519107 3.42037465891 -1.80566365551 -6.32005917673 0.312471354731 2.43836221027 
39.6152335947 -8.37850630386 1.91413756024 9.12780963562 -2.07507119368 3.58205379587 -1.26434556782 -9.64357938516 -7.66906718415 3.7837822937 
33.8565132297 -6.56326388472 -2.81972849776 10.796658427 1.04514877992 0.442825359321 -2.35087518293 -9.07825438996 -4.67134177942 7.76427404904 
31.7953527035 -6.94527254259 -1.95677373205 5.48659368733 11.3927061406 -5.74850295143 -4.58879411458 -7.52174825938 -1.82253964869 3.20975155505 
30.5459649443 -9.49755196523 -3.36334693202 7.35420094516 20.7933402393 -5.59480328957 -6.29721890668 -11.8501123239 -3.78751063268 1.57467427978 
32.8626886011 -9.77841773294 -2.81707018421 3.06492063846 19.1065923606 -4.09725497053 -6.51340188747 -6.53995164969 0.641183820139 0.208224606365 
36.8420917546 -11.1818656359 3.29380619745 2.32646787499 16.9791604896 -3.57392070961 2.42745142635 -0.417762199362 -3.1610177878 2.25653528003 
39.3285650551 -11.2517984633 6.3746070526 -0.11010613447 15.8687397878 -3.28857627101 2.78693493838 4.82383990466 0.591078416576 1.16856584806 
44.7382467097 -10.2905034234 9.92178632026 -8.47918868142 12.224650903 -1.59560839781 5.16060084848 12.6226216114 2.41793858368 1.5675347741 
49.4348475618 -8.78196911768 12.9451158901 -9.64310462681 5.4826790623 0.710686550998 4.8906356861 11.7894541094 -0.396114046926 3.96265111446 
46.3177756288 -10.3830363521 9.08205875186 -6.15675741955 -1.40488536643 6.41230132605 8.52136326846 10.6902935341 -5.81880156922 -1.52748247263 
34.9369780054 -9.19248003325 1.70969397056 -7.24266210297 -5.24651039936 1.60087931198 10.8526178861 11.1394153391 -0.396937731553 -3.23314245057 
29.359417793 -5.70956937274 -0.144961791677 -5.98611578795 -10.8918804478 -0.0354641126596 3.39682916116 3.6288140996 1.09330235122 -2.39984167852 
30.0554167629 0.826738426786 -1.63268919385 -9.64411689427 -7.141808482 -1.86802462742 0.143776522095 1.83356649616 7.3988020362 -5.07565642926 
24.5111747247 4.01839381695 -8.16697087211 -12.5270945417 -7.08337920899 1.31361513088 -4.11538888839 1.01471128835 8.54338293942 -6.05067157803 
25.2147891627 11.8442095635 -9.84684234333 -11.8699735961 -5.61966928475 1.09260195275 -6.99955123702 -2.92825748366 3.66216732768 -4.05811288475 
13.944934784 24.4921584701 -11.6895076806 -14.0951478068 -2.99727961717 -5.48551683646 -7.35670846931 -2.05349954345 0.687383547519 -1.26328616707 
6.69679668852 28.2537044333 -0.0502981893581 -13.9189920378 -0.127997029203 1.86636710798 -4.1152589745 -6.45120788757 -5.08084251581 -1.79533052454 
-11.4329430596 30.7104078777 6.72396197931 -4.86615475437 2.85375618859 -2.67385779484 0.489277076058 -3.7586578002 -8.58699038063 -1.07250869306 
-15.9083636951 23.5610190053 6.69708920636 4.22147781398 4.47666679671 -3.19317102452 1.457761567 -1.16890470778 -6.66280535709 -3.59167037116 
-20.716974846 13.6712141897 9.24373149714 12.5526840711 7.28092630377 -5.64342901805 1.32572978544 6.48457549125 -0.189244367849 -13.5306673864 
-31.0225468382 7.57795583709 15.4227773334 13.1895942986 6.16754492461 -7.70791924222 -1.071886011 8.60189392684 -2.3877047576 -11.7578598091 
-38.7756980105 3.34431973183 18.6912416516 10.9343904071 -0.526225932533 -6.04522967853 -2.1020174385 8.63279720097 0.368216705071 -2.19069731954 
-42.5830058275 -6.54093497345 21.9018173296 2.34752230777 -7.46023963947 -3.20409591422 -7.24495871146 1.38387953771 -0.0243803561213 0.128535079904 
-40.780060108 -10.7502804695 14.7399088847 -3.24161641498 -6.37408892139 -10.1474974325 -11.8575109581 5.30817773409 1.90082497206 0.697841884949 
-37.8547696011 -14.0723760342 7.62778164143 -8.11276278298 -8.64427179287 -4.35524984836 -9.53206544907 1.33657409005 4.31636955004 6.01843322582 
-37.3815118826 -13.0903011764 -0.266371563824 -5.99609469758 -7.28813350752 -3.99817273093 -4.38509957532 1.84083922685 1.86286999183 5.12048037368 
-36.1009775969 -13.5733556925 -8.21746584269 -3.37141447163 -5.07593737883 -6.3231771488 -1.05888938303 1.25266527808 0.930025381783 6.75986477564 
-36.3781277796 -15.733276282 -8.56828353685 -4.20972683017 -3.98840396098 -8.22693922683 -0.59989389489 1.34715419748 -1.29638576559 5.44235602153 
-33.5455336003 -18.4679130245 -12.3447849989 -3.3023418109 -0.635805442374 -1.25529253461 1.61981399087 2.45121713054 2.47433228787 6.89055093504 
-31.0549025106 -16.4555138349 -19.3807124307 4.9378553405 6.07362295277 3.71813263993 0.846410616624 3.40289759326 1.80083804621 0.854127233501 
-32.2290274526 -16.5768464911 -18.4551733318 5.41239997257 2.43997279898 4.84096543506 -1.66737738755 8.18511255648 -2.06620485593 3.76081912002 
-34.9776865662 -17.9339640574 -13.4869430357 -3.36189403123 -1.08154509026 1.59838904307 -3.33324418746 7.31197077735 -3.43215752251 2.18579997187 
-36.924917317 -15.1840341586 -6.16416239222 -10.0825566642 -4.26705237535 -1.24594873188 -0.0513133007785 0.521724362314 -0.555274505543 6.45605420328 
-39.5346561226 -17.1690033355 -8.70473003477 -9.3979349598 -2.83980267623 -4.56416212824 4.41510808531 -2.4481734498 -2.81968487738 2.46552655924 
-42.1667259371 -17.0278751501 -2.95135770695 -9.40618060968 -1.9080330848 -5.16105624745 7.88798353251 -5.42120542459 -2.56078872306 -0.676788027415 
-43.7177169882 -15.7241001313 1.72735962451 -10.4150016819 -0.293315714981 -6.30225770567 7.84382137531 -6.0652072051 0.821233284791 -1.93805622199 
-40.1645107521 -12.1689337035 6.20850519368 -8.19099779125 0.0408305330997 -5.20465803699 6.41515417546 -4.99793911101 6.44773003531 -0.172953609994 
-36.7261954545 -7.64219585314 6.95652648545 2.51979830457 1.66965637245 2.27119096776 4.81009617819 -2.33388585639 8.32156346182 -2.93440755653 
-39.9535433359 -0.383560168882 13.9998304528 8.29184122206 -0.344742519629 4.76486354242 3.01702803359 -3.12580310549 11.9301482986 -2.39628378975 
-34.7425248867 11.6900029095 4.96184515741 12.1445520254 7.64260403919 20.5611920974 0.159323181761 -2.16218892248 6.78623887669 -7.31910569192 
-31.2884570707 23.0029747687 6.63661168263 7.14525375983 6.74206849535 16.2046530579 0.618684613025 -2.28432078768 2.8247088907 -2.62860997157 
-24.6630458406 29.4274135388 -6.19035276839 7.82777711384 7.42363969537 3.57661327964 3.97834380604 2.65581889382 -3.95900442047 -1.94345470853 
-11.740358064 32.8800183998 -14.0066142438 -1.33863319168 5.23728379645 -5.373936984 5.23602933118 5.34463980712 -3.9335854474 0.469694246294 
-3.96529273902 23.381157877 -15.6672460504 0.926017958128 -3.1442030212 -9.78423032769 1.91634786827 4.73455071929 7.83736563883 4.37113080146 
0.500252648307 12.592989925 -17.8859251148 9.16890647968 -4.47495060414 -6.40950784558 2.05794132624 1.10528852924 8.92839217803 -0.886594308165 
12.9641596256 10.6479137633 -11.0736158293 7.16860812404 -10.6656668458 -6.99807176113 4.60404210392 -0.862465551753 4.04285158815 -0.344588124736 
22.5197521066 4.69275765386 -7.65573964296 8.28598192182 -11.4466251095 -6.76019777605 6.60828866202 -0.933517948744 3.13027657038 -2.38001486965 
30.2757204394 0.273642167848 -2.84710850022 10.3905547615 -16.1092817016 0.783280424123 0.616237810415 -6.47804234931 -1.24009319849 -4.58406799359 
29.6687949906 -1.02860083579 -2.08329209658 11.7234180884 -17.8857299042 -3.01755466602 2.04127243433 0.594671348227 -4.26242672401 -0.555852124469 
31.6225385192 -3.95302070893 -2.54239818256 10.9740591378 -13.0552719723 -0.260033080828 -1.67933133204 2.72522952828 -7.64456293804 -1.59898464361 
32.4036739591 -5.93282835892 -1.97308720144 12.6193118595 -13.5226381831 4.12836337999 -1.1645830955 -1.08046071929 -8.00330504741 1.37895365841 
34.1878231163 -10.7536292776 -1.4647526697 8.80334485976 -9.13486596582 8.59016154521 -4.70692357059 -4.8116001048 -2.65476446386 1.56706524106 
39.4363346093 -12.6026958794 0.62907472272 11.2424732166 -6.91239381355 10.8850812266 -2.32238769416 -6.1770924256 -6.62446022827 2.82502351137 
35.9345844631 -11.2940508773 0.861545467172 14.4163863639 -1.02505193374 7.82198366637 -2.2264159067 -8.69026897222 -4.33075299022 6.45819494025 
36.7531020329 -8.08079368861 -1.4963835053 7.57160767653 4.65870594325 4.7140698306 -7.91317805332 -11.9937775924 -0.747337301219 2.72629249463 
32.6467019037 -7.49578368264 -3.61303284319 5.4662356445 14.5866612621 -3.47996512598 -7.48038444572 -10.8583177514 -0.0777977110656 3.90626384145 
33.4684401532 -10.3429367365 -2.10209100685 -1.12823255992 23.1127870632 -8.40205770634 -7.26823979985 -8.38010096846 4.27287178209 2.25957966787 
32.1432078068 -9.93992645249 -2.27473694863 -2.59959022597 20.1008536918 -7.05989910138 -5.59189066812 -2.63400681 5.65763729351 2.35985009795 
32.8018219792 -9.70268802349 2.17538761295 -5.44506346071 16.8872626753 -8.8022147714 -0.352366115025 3.19847446118 6.28284312782 1.17376057082 
38.150144603 -11.4312470173 5.21359741852 -3.83209780146 15.3950557677 -5.22363324035 7.00299181808 9.1450533224 0.46972923904 3.71971901037 
42.2122586905 -11.4106342353 6.63749934688 -3.6439470782 9.92675140846 -4.55886550589 8.79234321656 14.3604058785 -2.57097623357 3.7933182718 
39.6199808754 -10.1477605424 4.70899261652 1.28858105233 3.55740197141 -0.531967375982 8.01418866466 10.2078825302 -7.8532615323 1.25020714891 
40.6457714345 -11.2806136301 4.24574437795 -0.696437715698 2.40494447543 4.68081567647 11.5460976035 10.2448267328 -7.18842963366 -1.89047259358 
31.8998504038 -9.76771620218 2.14839695619 -5.05145700994 -4.06177010085 5.37160029783 8.1393172021 5.69503112107 -3.38309399167 -2.42828113773 
28.8678612805 -4.56910676256 3.21900539889 -11.3008325441 -10.1110752576 0.895671913116 -0.247593023367 1.17800348664 4.46540437235 -3.73082466455 
32.2337651304 0.517204408925 0.491049204331 -10.3975489701 -6.5954711847 1.7534417524 -4.0705666151 1.63877973133 6.52441236688 -7.65785445363 
29.1282062342 2.9850656867 -4.05736209407 -11.0643906918 -4.50640485866 6.21203034219 -6.1030504019 -0.237136786769 4.08157333821 -8.99190093901 
25.2321395265 14.083673272 -13.5876255218 -7.90816014573 -4.42843370909 0.955619075174 -9.4008995359 -0.815926836551 1.73135933247 -5.10404387183 
18.6548117784 23.4338124074 -12.4100092623 -12.9229367036 -2.49859283652 -0.250629897678 -5.02878129424 1.83991414796 4.36773621106 -1.05924709625 
7.93728398663 26.8466475527 -4.29767325427 -12.6564781539 -1.06696384711 6.70862633067 -4.20833195361 -3.91778132339 3.32991686753 -0.439983487256 
-5.87197106724 28.1472340275 -2.67279725916 -6.77348067296 1.74755184944 2.20769084025 3.59250406323 -3.74166991576 3.19249535739 0.747597131887 
-18.7314502861 23.4598036893 -1.32139729823 -0.211441923143 3.4991000156 -2.83744405539 5.5262297806 -0.174182362595 5.8211835135 0.73989694062 
