4.48014965278 3.91363967669 9.96621037974 -4.18694502385 -4.05147469333 7.55800879229 -2.59366973892 1.81145992594 -0.232345221707 4.868275851 
14.9813951691 11.2510613364 10.4711783812 -10.8497759793 -5.74180439874 5.49914208867 -3.82884711104 -0.231892003047 2.81875338973 4.60130056942 
15.3001772137 12.383071737 9.34293951104 -16.008239864 -8.40747753092 0.85844516265 -4.79185396026 3.98665078972 6.24293569896 -3.73750249811 
9.95360207866 4.35827420087 2.57474897464 -10.5856741341 -14.2646076495 -1.65508702176 -9.12682473274 5.63373731606 10.8773234171 -9.60493129401 
12.8213264528 14.2173929511 8.4004016956 -6.67641362823 -4.47021562207 3.16395348274 -11.7758051415 -1.48453713815 10.1031690342 -14.016478139 
19.743950481 13.2185325664 6.1709157721 -3.08315139515 -0.292219411834 4.00850221618 -6.40526607023 -3.77356180664 4.35563546298 -3.51462197062 
15.4100897236 9.17261356473 5.88825973225 -0.416079550769 -2.85250504821 6.65006798644 -4.68529469639 0.913361236345 1.28038571863 -1.51548947234 
10.9725283615 6.10542733425 9.83802290475 0.350913194035 -2.73022508272 7.81430745128 -3.79840607377 0.681322534396 -1.40612970428 0.482400433717 
4.98965130052 -4.30463640622 14.7133809958 -3.25233064434 1.6129209544 4.8643406837 -0.629016990807 3.76989983016 -5.88082185765 6.65772319309 
1.86671226258 -5.06444967302 15.12560033 -8.65844742484 -3.16552718474 5.18986645289 5.25872001795 2.86138240901 -3.5064017672 5.33482762845 
-11.5457536394 0.856416733608 13.6685706142 -15.700201638 -1.04438318695 1.01072679173 5.72257885724 4.38315791212 -5.51055813032 2.75060240933 
-8.31715683047 3.35331497114 18.8255426703 -12.8382360193 2.21328290494 -2.62397130276 2.47946228406 5.73042124676 -5.39743172322 -6.23521344995 
-2.70460846638 1.61919223189 17.9256589964 -1.38258262649 -4.37643908159 -6.68522315159 -0.957764039021 7.20121104225 -3.77728182999 -6.06644097633 
1.68948660005 4.46408357364 18.6843069672 -0.089017927913 -3.2666089585 -3.79539514798 -1.90886850995 8.38313898719 -4.30899573762 -2.22310533239 
5.15433856512 1.97916123388 18.7260297368 6.11485161161 -5.6420494029 -7.59186794387 1.02379535359 4.15814062549 -1.49530321019 2.77435720318 
12.0479152454 4.91460712731 21.1840728171 5.40264111057 -6.89756717076 -3.89698805488 -2.03762821027 4.10993403769 -0.639118320741 3.99587936605 
2.27254164386 8.9621929785 17.7275493961 8.50959492465 -7.65232937437 2.39596236455 -3.08189368345 -4.15184590071 2.97725857716 -0.820268307504 
-3.33703385124 4.68632452886 10.9470880528 6.29638590684 -10.9509147413 5.37586751385 1.9566353449 -0.999209931724 3.15469818026 -6.42094315278 
-2.28760624239 12.4653012055 11.379983798 -3.28621035279 -12.1491891011 5.79458217971 3.34826076449 3.19611964319 -0.106598743551 -8.64782238934 
16.7629457627 20.463733841 12.8096206222 -8.42010227164 4.15326998998 2.20373446873 4.92810073035 2.38088983041 -2.07893219432 -3.92509850064 
16.2687322793 21.5680757404 14.3168853972 -6.79779733573 6.3967806047 6.04625453252 5.79402187191 -3.11813131552 -5.6639713607 -3.10351372436 
14.6619409746 18.0493842074 14.3932981295 1.12542097103 5.14495163469 3.20917672442 5.65130965365 -8.23361893393 -1.35898757423 -3.14000708261 
10.6810802819 16.0961885214 10.4352133034 4.22888447404 4.53424418776 1.15447395025 4.68364472755 -7.12126940431 0.403569529237 -3.17151991375 
16.4583759103 22.3589662626 9.36515847294 2.99858995145 8.54468324754 -1.80927403314 -1.04511930171 -8.17667182735 2.50554657679 0.921114783206 
0.92835567698 20.5825713865 12.1862180234 0.968653075351 7.8897742424 -5.77680843617 -0.350925014968 -10.8879829338 1.57763869174 3.78818261986 
-12.8240305343 11.4868432118 11.7936489066 3.67484650732 4.17343730384 -3.5632949041 -0.845860787198 -8.09641451699 5.59824276408 4.39150508824 
-17.192805912 3.18601897914 10.0377146409 -0.454430829036 1.10747528985 -3.96616947908 -3.85750165596 -4.80153397449 -1.44377574807 4.88972863463 
-21.5567904152 2.23279871764 11.9169743963 -0.00160526442093 -4.37358439092 -8.37325367188 -5.91684478216 -0.507290870627 -0.390554361632 1.53980791895 
-20.8490733947 0.801995788609 18.3930076736 8.07315112338 -9.26917137942 -8.86882214187 -6.96368137143 4.1489768375 -0.844753478669 1.02318705077 
-20.1357405099 5.88416593471 20.3793489932 10.2442146473 -8.33076194749 -1.65108836971 -8.42673775642 0.748125193411 0.108687881207 0.0453589896052 
-13.8702728831 5.08179876218 19.4835718262 12.2295480732 -7.57082848209 -5.60559961233 -5.63344169148 0.657350417004 0.231792588142 0.205313134663 
-12.1912732382 4.95407003652 9.64802817327 12.6157659047 -10.4458887551 -3.31637385233 -3.5224513914 -3.2811989468 -2.67346032252 -1.56816250245 
-11.2775741701 11.6703834727 -1.75770784521 13.7473464573 -11.0882139657 -0.642582588262 -3.30725006602 -5.09120447786 -3.57729941526 -0.938674607828 
-8.67005844849 8.27828079025 -0.845305640232 13.0880815566 -14.2192777662 -0.31247438742 -1.30319491257 -6.77406281453 -1.16129772024 -1.10096243296 
-3.8547437695 7.92077797536 -4.48115794225 5.20478145059 -13.2598559405 -0.229963637214 -1.30360419905 -1.0654722089 -3.44680547089 1.44939714207 
-5.01487803051 9.33636907236 -11.3390060687 -9.55952008329 -12.5883444513 3.81068146107 3.72287668804 5.00113727316 -1.04157080479 -0.833095027764 
-2.29021702298 5.27736753584 -14.9852394186 -10.9472762158 -5.50698270537 2.03278371695 1.24629356993 8.26403343468 4.42497241552 1.80715050214 
-0.102364998202 13.7992974359 -13.4439963159 -0.0911086694366 -3.8997515845 4.90382753028 0.667270959672 3.86779738831 6.11677004446 2.7819082816 
-2.97611954539 13.2024040701 -9.90941325368 3.64516003309 -0.883683410249 4.77525280519 -2.38926301778 2.1626665327 3.75706401892 7.49346715735 
-0.12491969208 14.0296013405 -10.4055041568 3.7329836748 4.27515361864 1.33127392168 -0.320914900959 5.47704962775 5.59044220946 8.34629742909 
-1.47734361979 14.7302303981 -4.32304775023 4.62777414962 12.3152516968 0.720063428604 -0.463864319669 6.13707005407 7.37851039008 2.10242037559 
-10.920758707 8.97015683469 -5.50373673525 8.941556424 7.01401115135 -0.863668262449 -4.2753489859 6.48468581218 8.75537857233 -2.27022678764 
-21.7002003916 15.2826399238 -3.39362948135 1.61329970295 8.57150643736 1.73690410939 -3.26988540726 -5.5509225489 2.6034617982 -0.643577791061 
-31.2559002937 5.78408997952 -8.31671441507 -8.73129842417 9.12430735976 -4.52161029501 -1.17322891521 -2.83561692506 -0.0446827547296 1.13458451229 
-34.4722744304 -2.93428631329 -12.2082634365 -8.97459701983 6.72788700959 -2.88235797493 -2.17906402832 -0.274676630682 -2.91883903035 4.32330438762 
-24.4652694724 5.93605564036 -9.30405031979 4.74576910793 4.30523339792 -1.25360492839 -2.99162127768 -1.99280716965 -0.930008387834 2.98566693789 
-23.1269871988 6.91202260179 -10.5574111463 10.5482423466 1.84109202827 1.56942413923 -2.48541014734 0.677733372102 -3.70711001699 0.70926862357 
-20.2766567454 5.8584496023 -10.8224917314 8.93347204632 -0.121276314297 4.40012714215 1.55773824122 2.98161815033 -1.15218651153 -2.66817239923 
-8.46130709219 11.1148228066 -9.72173574829 8.43386134486 1.32380459769 7.30045999634 3.71370985141 4.67154033149 1.71605478403 -2.47578917947 
-1.04756940108 16.2436732734 -8.80638584545 10.1399351818 -9.32271640628 3.72499529491 -0.172186456484 -1.29068288901 3.40841843259 -0.618067831409 
-0.268568395746 14.2459894901 -5.28980874374 -1.10235348079 -12.9273871503 4.71779782194 4.50590799828 -0.283991054066 -1.3175940249 -0.391074907189 
11.2169730256 16.0360671267 -9.03993778824 -12.2186133476 -0.453206810035 -0.0239255659034 4.47277980361 5.83462800593 3.02260632345 -1.22605465169 
11.316696959 17.0091434966 -4.41066370656 -13.3280448003 -1.36862510321 2.61212722464 3.07004571752 1.81475972271 1.77049591591 1.57075760334 
3.66818172291 18.5615297409 -5.50763650018 -3.32995904478 -2.21733737774 9.77718387979 1.59610066366 1.45614996488 2.31563755353 5.13848372466 
2.74782051212 9.48768101343 -1.60464749244 3.18435212717 -5.67115395069 6.18402727296 1.06336605046 0.704366698596 -0.64958829042 7.85486313423 
0.646803730255 6.95705595792 1.88699085241 1.78420906554 -2.19217602059 2.04873958643 0.0429438121661 9.3710368581 -1.52238027561 7.43078014324 
-5.11413683558 8.56483883165 -0.172399691842 6.9974669725 -2.40922329772 -4.46419325116 -3.9731936046 8.70723802588 5.21718499464 2.22045827203 
-12.7930448019 4.00892459621 -3.33278610153 9.51887571648 -2.65588221268 -9.1742460637 -6.86897899929 8.29006584041 7.91085354451 -0.465526305088 
-19.580036622 2.7659031417 -1.39495985178 1.9175449478 -4.69495003925 -7.57804041133 -2.18999886758 5.59515036881 1.62197827607 1.90627792245 
-20.5688642018 -2.70237811551 -2.25606594401 -8.71378255919 2.5397473752 -12.2342241954 2.85180588717 3.02348319743 -3.14533725575 0.905296204642 
-18.6117184703 -4.20017053155 -1.14891294978 -5.44653892498 4.68985966381 -13.1222904464 3.59327560308 1.78381414537 -2.35297152713 1.54337211598 
-10.6291808348 -4.0849698708 3.49276998515 8.77324126468 -2.27094118522 -12.7575266202 5.43061653819 -0.864917195159 -5.47992102782 3.53213628257 
-7.15321864998 -3.97114080735 1.81420701227 9.75288949234 4.34716662773 -9.06386047541 5.0177878588 4.37534647126 -6.37090878068 0.405542818026 
-7.35139376144 -4.0433705531 -2.5194956737 13.8535344053 2.6174617771 -6.14437439128 5.0095698226 2.62860979002 -1.92213979714 -1.52192437984 
-3.59754277635 5.04989931943 -4.46306255324 11.2328844904 7.27578775005 -1.61318519081 4.32415535767 1.61084418511 -7.57309398575 -6.88363618742 
-1.26979333852 1.91168920658 -9.89627452622 11.7626201346 -0.193720051795 -1.56279565502 2.90689652912 -3.33969522257 -3.29927569029 -3.87813359864 
0.374969640051 -0.0824276547701 -15.4720473607 3.64287340026 -3.01961314644 -0.23578278428 2.86854041913 -1.29566605219 -4.2190598114 -4.15858800076 
5.92798862708 -1.21409016508 -19.5403464796 -3.76024057108 -2.15229538255 -9.10801188081 3.56283299635 0.703416326649 -5.55933849619 -3.74366319777 
7.27723385658 -2.5447655316 -17.0231555154 -6.56427216531 -2.46780539822 -4.85735197654 -2.14410549016 -1.64502102154 -5.67669569383 0.147205361546 
5.07557574336 1.89285617799 -15.6922783787 2.23697397794 0.62343899825 -0.847700488278 -2.83026619382 3.16638518378 -5.29129053066 -5.9694503281 
6.75962022295 3.17815222208 -7.81454463498 3.75548389929 5.38665197716 -1.34355721987 -1.97993391456 5.90481169893 -4.87786724244 -6.82003970796 
8.797887759 -3.61343779549 -3.64879459238 4.51420184 5.92025109799 -1.6366480063 4.068934844 7.25212472906 0.0494433927283 -3.51166903726 
4.69516897312 -5.81084532879 -0.277399343944 7.38668597891 9.91633356927 -8.46961160548 4.62142501928 9.93393660061 3.32280610319 -2.71129665739 
0.459505454423 -8.42270053872 7.60764862516 4.09365800429 9.45403251767 -9.13907275249 4.93511033578 7.94612468475 4.05807020563 -2.40427200386 
-3.72754965695 -11.1954186573 4.64812011355 -2.89385541962 6.0131470732 -10.9839062505 6.55397684624 1.14019491312 1.65314969794 -1.43156215033 
-17.4869457589 -15.2892519639 5.28591250418 -10.9774520479 0.133890796111 -13.3338946261 5.75534549957 -2.68743606484 4.49698539951 -7.08097674604 
-13.4826994105 -7.27939087197 9.13395524303 -7.20035611902 3.32690751574 -8.73455491891 2.45621049561 -1.19855103656 3.84663764627 -8.56610160815 
-6.24622853622 -2.77397152261 8.3931369855 2.96432402969 6.08641105204 -3.42221651003 -1.05255243439 -1.42855972904 -0.348719133692 -8.48224458342 
3.67630306536 -5.21664517736 8.57733894587 5.08940415271 8.99888869231 -2.32009390109 -1.57153182313 4.79838880889 -2.56843221656 -1.93250088775 
-0.459572682148 -4.33827503069 2.87895008767 7.48918310811 1.51779518571 -0.191147740769 -7.16781094165 5.3550562686 -3.97610000996 -1.01093800935 
2.45233169236 -6.2358615016 6.54787747841 4.9048008728 0.408488907362 0.665644752339 -7.80305769802 3.51422613417 -5.83267371108 2.67873867496 
15.1342164629 -2.35455732873 -1.94739916275 4.76828639176 -2.06937128212 -5.04558312231 -8.73704811295 2.44643546914 -7.12908684215 1.69541672303 
20.8418546065 2.07103034936 -4.78701057479 -4.4909024896 -1.65199854642 -7.8059695648 -5.02277566002 2.04221257045 -5.67205467763 -2.56013516925 
23.9721734173 -0.845989452039 -7.31198519116 -6.05975158438 -5.90621091073 -11.4568117476 0.311184370517 0.976068866955 -5.22048973699 -2.34777980795 
27.0197702596 -1.01204129846 -4.36916686299 -1.73340828832 -5.76648368687 -6.0577504131 -2.62758575752 -6.58400436708 -8.26457109068 0.965768510927 
29.0972490068 5.77965598318 0.310117068422 -0.473252965856 5.19000400288 -3.07221500361 -4.53737809585 -6.40640183179 -4.31264364905 -4.16076674677 
21.1204155001 1.98829282202 5.08298982544 0.919294545453 6.73657905508 -2.8416492123 -3.80035812015 -2.96907809901 -0.0569356825574 -3.23295275848 
18.0362116468 -1.00895243258 5.20586354004 0.862828616238 8.99002661106 -2.51090849957 -1.31964855937 1.15782620452 1.32762195979 0.348716886154 
9.49950981389 -0.749991547379 10.0287630265 -0.734987023775 11.4451933403 -0.451408553734 0.597438323402 1.95111223507 4.3964713604 -5.76610139289 
1.0202078675 -14.754299346 7.6716130708 -1.45709505077 4.53771627937 -0.325712957681 4.72478717067 1.73901772491 5.97971321282 -2.9760133027 
0.022514520184 -17.0735126764 6.20939298759 -15.0565882123 1.97233622471 -3.18799323747 2.59746185208 2.18967806407 6.42471581004 -4.44116007623 
-2.20446985279 -12.1230811657 6.5461068869 -7.98571960602 2.78482055304 0.500661163972 0.748819223804 3.87182388736 1.62994356163 -4.74470397453 
-6.54269425478 -15.1008125963 4.75955776938 -2.95172004777 3.45275522939 4.83753412853 -5.29069247107 4.15080143875 -3.2327364109 -0.050352641742 
-4.17285480215 -18.7552271598 4.60791693505 -0.214549759923 1.3706399675 11.5536429702 -6.68646759045 6.77026236776 -7.22510694561 4.84956844134 
-0.913627095275 -20.3852870957 6.94134908624 2.17045348763 -1.00141411799 12.2887390556 -5.44355295718 9.23243189209 -7.02885769304 5.65997724339 
5.80275015919 -10.5220386749 1.7613823742 0.754013653266 2.62265427701 6.65929668333 -9.43574992137 5.73972428818 -9.23412321033 0.211411022938 
6.78102547728 -10.902019956 0.730130571838 -3.58225732098 -0.0373384459149 5.32840638822 -12.06719854 -0.94210608537 -7.55986528336 1.21634249542 
8.38244335293 -6.32705747483 -4.62754558953 -8.70507857874 4.74338495282 -1.96499986012 -11.5961345618 -0.12101905737 -7.28503319627 -0.559207714886 
7.36512008906 -10.9054134118 -6.64337472405 -9.55559895516 3.27360589263 -1.6928828209 -13.1070259446 -0.0788217460248 -4.42454640257 -1.12985021988 
-5.70594380989 -12.8422907621 -5.78271897531 -5.79173539618 7.21381423206 2.45190927556 -12.9067298251 2.8379969294 1.8527662882 -5.86843288403 
-5.32445879724 -12.9202682625 -3.0950710543 -1.48186430293 9.45450103377 1.60210041959 -10.1099969455 -0.715043590196 2.29101496867 -5.05434257967 
6.04995348237 -10.0426882481 1.77574750143 -0.78050184074 11.2345484534 0.865951884098 -2.30747462209 0.0794642370997 5.7207673929 -2.70797041567 
9.08803311135 -14.9309723031 -2.9386602799 1.92387376501 9.72707661093 -0.282874013166 0.837836948774 -0.507014904122 5.93593767046 -1.73668375508 
1.69172396407 -20.93450958 -2.98801996269 6.6385343313 0.828534635137 3.36499857457 2.79398818903 -2.73780678804 7.07694566377 2.85465630156 
0.846007913511 -24.0822190618 5.03197866966 6.15816084704 -3.10142299316 5.05650322605 8.48215345173 -5.06882004649 4.79391186879 1.26945924753 
-0.714038368177 -24.5792926761 -0.257914731102 0.746725023718 -8.49392017126 2.11986381166 7.77796096695 -6.71666695428 0.607242107259 2.8290792394 
-6.25229785709 -26.693667276 -2.49797325231 -11.5496106377 -11.5633108335 5.03407264147 10.3860519068 -5.79733900382 -1.90203290016 -2.351046777 
-7.30444916118 -26.9155547065 3.02220697283 4.19174452204 -10.2321595287 9.90166147868 10.856780015 -0.409695308692 0.718270929509 -2.57658440938 
-0.769871608483 -22.4466455148 1.11176628379 2.19536709014 -4.13545227027 11.6291128722 4.65957249137 -0.325632656435 -5.89884230034 1.32564883893 
-3.79559716969 -22.6189431749 -0.340647606879 2.85651420732 -1.06003917081 9.32588692981 -4.90579226175 4.42317500834 -7.19951951625 1.60940152755 
-1.87397111928 -14.1443644178 -0.932834352768 0.588639543193 7.78851040807 8.92738862277 -8.07414830362 1.1698155301 -5.73223259565 -1.72736681752 
-3.90863803085 -19.1277754991 -2.07672856117 0.603376467064 2.32146717064 9.26526328507 -10.155712929 -3.7562027503 -3.05684198441 1.80183723434 
-5.11398279938 -12.2560477154 -3.36385657213 -2.94584019392 3.51242287915 7.8738996073 -12.1311652318 -11.9636617915 -0.540036819387 0.0256478008834 
-6.29501960243 -13.1807375437 -8.60643517773 -5.16117330662 0.783528458045 3.07228635967 -9.75277988871 -10.1278418597 -0.117639559059 -1.67120975726 
0.0528364543996 -11.9687529423 -10.4964651333 -10.1415838191 -1.76593719256 -0.89494660913 -10.4645072316 -3.01900728575 7.45631280051 -5.58019889347 
5.5685983031 -14.7056310733 -9.00481029257 0.424024222768 -6.97380740821 1.14121267845 -4.17390147982 -6.2158468549 10.0381042158 -2.63056303183 
6.25205376468 -18.6644870785 -6.38335408759 7.05220695734 -3.38474381013 -4.00417074181 -2.57030729298 -7.20348514615 9.72205482019 1.7749256996 
4.84652642785 -21.3824000587 -0.783720998235 6.38754612694 -4.8056530613 -2.24327045261 -3.51498690672 -3.87314149686 10.1207443232 5.62324267846 
13.4101879437 -17.0587338547 0.18677956931 4.72740170006 -5.47976268422 -3.32055374357 -1.18074192762 0.685618799911 9.00291787398 8.51326782469 
8.16899828965 -16.113019654 5.39537362245 4.1671655669 -1.19333850526 -2.64935271788 3.5395918583 -1.16341373438 7.53027415959 6.24454582241 
2.21469824916 -18.9234272648 5.70105091432 -1.20902223528 -6.27580672746 0.788294441269 5.41628116373 0.203732667785 7.56888217084 5.4429121263 
-0.750652424793 -21.8115021001 1.45297470304 -5.61751761264 -9.21042855967 -4.17963239522 5.48291469782 -0.172990500012 6.50932235446 3.92063227386 
-2.79187625082 -10.3447925093 9.12762354145 -8.06459452758 0.0820744190582 -0.0159877125894 2.92767108036 -5.38060944186 0.92906882287 -2.25758716975 
-6.81490584954 -6.67511721223 10.2718297182 -0.181119053135 2.25245193919 8.98076625542 2.32308805799 -8.10100523717 -0.455400136175 0.43991969179 
-6.00772180429 -6.08758424109 4.79869419428 3.34501936777 5.25075138837 6.64310883436 3.21613342625 -4.05355309061 -0.798603970121 -4.10340675519 
-1.44095194823 -8.80412861194 2.50020755635 5.15502702588 5.46757742968 9.40306969433 4.88872340441 -1.32604790705 2.13162935628 -2.85928781291 
-2.44218694133 -11.9268030492 -0.396467219557 5.9189574238 6.36720766743 10.5141473907 1.97135351216 -2.30590089877 0.255916888247 -3.30947782905 
2.26032438597 -9.30958569756 -4.69020365927 6.06781319439 8.25856100391 4.28741819373 1.04364700597 -3.45365782054 -0.617730776332 -4.7719749546 
-0.134393391626 -15.888408956 -11.3329170647 10.2531717944 0.923368059021 2.39463276177 1.44626133253 -4.05436024165 0.175893205014 -5.17917266379 
-2.99225225242 -16.5636587039 -15.04945913 -0.632857234761 -0.203170443791 -2.34744774488 -2.08309442019 -0.948002361939 2.96270309684 -1.5902936186 
6.48408289728 -10.7760019962 -15.2421257408 -0.266140246168 -1.5916460867 -4.88168341766 -3.30370097978 -3.08776812475 0.552936305536 -0.672119383306 
11.9182325694 -5.76237807742 -9.98480082182 -1.04727970146 -0.872730230102 -5.6336261254 -3.47395289112 -4.54808560636 1.36406886947 3.05623824466 
22.0273768055 -2.87404818239 -6.74938094922 1.60208246211 2.6916534443 -5.17883268905 -2.4934377085 -1.26170378438 0.907882546618 5.04889074389 
24.7076491636 0.0876835354909 -5.86134489162 5.53341556925 2.51679845284 -7.52853125836 1.27004833545 3.31485022176 8.33035967906 5.50584397532 
21.5978410782 -6.55659519914 3.14867580736 3.02221950081 2.69373651732 -1.82006152772 5.08521600973 3.66813976815 9.36185648148 12.2418903102 
15.409078161 -6.1205756483 6.53590073073 -1.39555375046 4.09756430037 -0.0611274815639 6.02769460737 -3.44452867058 1.60946800709 10.9387090317 
10.3524976449 -10.1867829048 0.59035865729 -7.39760774952 -3.86670038947 -0.357071595776 10.1312576873 -3.54583517706 -4.1740935792 4.65639382847 
-4.74656539063 -10.2511803857 2.48587924736 -16.6482367793 -2.0917106431 -0.139089925881 13.6451730484 -5.92426630876 -1.04221773671 0.785072669865 
-6.02821198864 -1.16715695177 5.38850425648 -6.8273122341 5.23413168477 2.32948834305 7.89681233874 -6.36120699372 0.134477903306 -1.22093110068 
-0.466557906747 4.50694388471 1.87094403321 1.29556277319 5.66922076049 2.75246746044 7.29180903866 -1.81460244937 -7.18578254701 -5.33322009056 
5.89941314767 6.30373291602 0.501026482625 3.93840759009 7.29935514571 1.95060320844 9.66864533855 -3.08932126594 -7.42447861495 -2.73407919037 
8.99213458715 0.545058701881 3.23254183987 1.59278234264 6.60801724275 9.16308528097 10.2760812019 0.0289837837266 -4.82897779976 0.767401568718 
11.9996868604 0.959761757566 -3.91740399954 6.65948992272 3.03634505388 1.18309659402 5.59948377926 -4.58391560864 -7.37997435161 0.34517376794 
8.94290835824 2.88251388305 -9.15164705402 8.82433025827 -5.46925357596 -4.61212518395 5.04315388226 -3.46978178542 -6.47000561747 -2.18195208349 
9.9101476571 8.06147599146 -13.3579742395 -8.31218587139 -3.10376072422 -9.91203935071 4.32652229568 0.368105713428 -4.39257961412 -7.37490842127 
12.723269852 5.8740340736 -13.8968469091 -5.17506168879 -7.66842816728 -7.04337986399 0.0825309378188 -4.01036173397 -4.14300490627 -2.97737154696 
14.5634653741 5.37477651381 -14.9586340594 1.92469943464 -10.1535144858 -4.24190485181 -2.7619649441 -5.0171487488 -5.28175290387 1.60249576536 
18.98023303 5.80593209197 -13.3843001996 4.48203090404 -2.94919330797 -8.19280816831 -2.69982011624 -3.96563282831 -4.23297952542 6.41309136057 
15.6557352069 6.25703490589 -8.14013446238 3.24253122954 2.51000994998 -4.06612909047 1.8903283781 -0.294874995265 -5.80145634273 10.414892251 
11.8471950319 3.38810584086 -2.13265764805 5.36424765013 4.26564759583 -2.56916906113 2.8738534856 5.38092909437 3.06835840086 10.3127066038 
10.5018792427 3.01728806117 -2.90270973412 7.33255792782 5.86615370547 -6.88285890151 3.77072019439 2.00555829937 -0.132976249822 8.21580274882 
-4.68309674071 0.582982213473 -2.08947977072 1.78083082189 2.68671237366 -6.91418264943 5.17619230107 4.8063251633 -0.729049583895 0.535493836851 
-17.1332896377 -1.99107699955 -0.167605923437 -11.2633368278 1.05435029672 -7.43374886359 3.55602879749 0.15588624333 -2.1942487537 1.70494274223 
-18.3005688144 1.97802503191 0.949705967756 -10.4933478655 -5.97446477048 -1.88074696772 4.52695110083 -5.08167854576 -0.958032808076 5.052579773 
-6.50563791836 7.91779528527 -0.676719860231 4.09509897392 -5.35613645506 2.2218737964 2.58633304006 -1.85349149894 -3.9542561104 -0.675820623039 
-9.24089737352 7.38015077826 -6.25222146237 11.7185958721 -2.51471837945 2.29911686522 6.73092920569 -1.82917519001 -2.11099160238 -6.2248506675 
-6.59640939576 5.90913369767 -5.98203379723 15.3725438431 -4.57720056984 3.09834830156 6.08955764824 -2.0465338216 3.85633880238 -6.06327268485 
-2.35419725205 16.2161538271 -6.65191557134 13.6031402734 2.90766205516 7.71786998081 5.90745586839 -4.53035310777 7.32679899784 -8.40436009708 
3.13819705003 14.7832447181 -6.87580144243 3.72811354593 1.0641188871 7.08123750759 6.88835112175 -3.25283009927 5.71106354983 -6.46714318044 
-6.36238460542 6.42643755041 -12.7218853773 -10.5836732927 -6.50034005565 5.09861544173 3.78211703926 10.0849748647 4.29674339695 -5.34087746925 
-3.85755842293 5.87222540854 -12.1354004522 -15.2340085236 -1.38056457519 1.12034172507 4.57983290086 7.81037459599 0.574117493064 -2.44457902787 
-9.06812454849 7.35670921372 -13.4165805419 -8.52462617676 -3.39057166724 8.31683418573 2.64146335435 7.92804571172 0.963303869099 -1.20807773517 
-7.07927065276 8.22534227069 -14.4779759973 -1.37935466778 -1.27807223048 12.9520000624 2.97497717254 10.454969086 -1.69141865061 3.68578592059 
-4.80609434346 11.0166185275 -4.6119000629 -3.24614918473 8.96347255284 9.26127932248 2.86833768899 6.40751023574 4.49935442159 6.76363232731 
-6.82038247305 12.3888675424 0.509767094608 -3.00234669128 8.22211404912 8.56823425321 1.89895274395 5.09077282016 1.27158994948 5.07881676546 
-15.3416211649 16.1121978839 -1.70669554712 -1.75038509316 7.69171108076 5.07616209616 -6.35391530798 -0.903801259074 3.87027859965 6.13795055008 
-14.4212977493 18.8935260285 -2.15336177577 -6.19470742554 6.58705259802 2.11977352546 -6.23648077771 -14.0681772346 4.9293993565 1.51146231626 
-17.6184597034 17.7098661093 -3.13848907923 -18.5508431111 4.88715097601 -4.21149068427 -2.01844115373 -10.3061741492 2.22460191737 9.68005392423 
-22.1363340576 17.98553074 0.294206270024 -16.2217666103 -1.87533715008 -1.36047442643 -3.88610284484 -9.33666934279 -2.88610424959 7.70238677836 
-8.23318579644 13.430871167 1.34779777259 -2.48099526138 2.79188694884 0.289910828459 0.0521835888244 -7.95285446525 -6.6267828314 5.20049702729 
