-42.6297970411 0.434247923176 -9.19239594423 -9.49247930075 5.68501049168 2.89838923924 2.46241833657 -3.95855811266 -3.79323042385 -1.6622580347 
-41.7321786142 -1.87959303372 -6.71471339937 -9.05627939478 3.80635415841 8.32720863052 1.51229695283 -6.66821499542 -2.18522038271 -2.09464830146 
-42.726198286 2.16018145272 -9.87650536693 -6.87369945268 3.32877393038 6.38803862904 4.74862430117 -4.11858288057 -4.42463630517 -5.00380043255 
-42.6069754058 4.20816124937 -9.48792856829 -8.0530410515 1.26634978556 7.81553772463 6.13712695654 -4.59107191478 -1.51835066572 -7.72739669674 
-40.9012007209 -0.270989466356 -5.71637418657 -12.9081630697 -0.922450032828 10.1390278526 7.87503429655 -6.74270915517 -3.0988909156 -11.4753247244 
-41.9881801237 4.63853910703 -11.0392766484 -12.6069233144 -0.0497035168941 7.08207204874 9.17415723203 -4.73347785767 -5.18281336903 -13.1584973468 
-42.7943024393 6.49452567017 -14.2815702517 -7.74552130062 0.212852159203 6.64831460471 9.87157105064 -4.3602028531 -5.9799226355 -9.02815516741 
-40.4329341295 1.77748357374 -9.22209709885 -8.46877568701 2.45353878966 12.0795488622 6.65142475365 -3.67242938372 -6.37809478175 -9.73229876678 
-40.8698621761 3.26198663807 -12.4972286466 -2.11894862058 5.83850855563 7.54996100121 8.42906715632 -1.2453277387 -7.74287793441 -1.83751704204 
-40.9948697453 2.98750460896 -11.0322081316 3.70391667964 6.57667909303 7.96291766549 7.520646853 0.520196541369 -7.74958312352 1.07882266399 
-39.2369426581 6.46961770012 -11.8576433226 6.33945219412 4.99612831498 8.24763909536 9.16990585595 -0.118458168693 -4.90569749229 2.4345717474 
-38.6097587589 9.28277532351 -12.9189096261 9.49242239614 7.12266547942 4.89643891744 10.8689321672 2.31839713739 -4.83382597921 -1.13022459684 
-38.5661920733 8.60665961488 -14.2195428293 10.3324709056 8.05628786557 2.82721694609 9.1769330625 0.732714334575 -4.91064401008 -0.595304967295 
-39.3483767467 -2.32243674363 -4.61962982015 1.02556375603 11.116792089 16.6943319941 4.9557044742 0.761138215163 -3.1986285816 -3.00874550631 
-35.3513293004 -9.69513971514 3.2661597345 1.24580133327 13.3551849457 15.8498414931 -3.18417248228 1.20642539738 -1.63480064228 -1.6394303361 
-33.4831477374 -14.4562674532 6.67125629844 1.87485354456 14.6920941696 14.4444345908 -5.59229029046 0.00981516823084 -1.70520136139 -1.69193961951 
-33.4859941073 -15.9394768242 8.83502961121 1.29161917143 13.434682502 14.0373299183 -7.53995666789 -0.454258732607 -0.714691017927 -1.4676935465 
-32.9555723667 -15.8029261522 7.62288036594 5.15287736156 13.9905746548 10.9800025075 -4.89136194358 -0.586534504852 -2.91632440805 0.329211237395 
-31.940522854 -14.6011668842 7.50484106078 8.55247201751 14.1700934608 4.01748939407 -3.40203204296 -1.31009500981 -3.6812953189 2.75375815388 
-30.1338252573 -14.1326890446 7.06267330835 7.77167247778 10.632264052 1.43723229027 -0.400981308346 -2.79791691991 -5.25946253667 2.45401029552 
-25.7419205894 -16.6135571913 9.14866837867 8.74081225943 11.4753016353 2.92130741853 1.64181075971 -4.63733865041 -4.79804384367 0.932794549598 
-20.1363443395 -20.5809383339 7.79434848849 9.81214937693 9.37001825183 -0.291963082644 3.0735445928 -7.86598743774 -3.74606861665 1.94468641354 
-13.4542218238 -26.5303898588 11.6440991141 8.46597644784 9.58229284259 0.775426888491 1.4980218546 -11.0595139913 -4.03101826955 0.506384356031 
-7.15021020559 -26.8874416747 12.0143927165 6.38153045467 8.58818775999 -0.0724090909491 -0.3195961325 -10.6669557486 -3.46871974284 0.447515226867 
-4.48356406231 -30.4834907018 11.5948575603 5.46596974354 3.94182636023 0.885800278638 2.64971939783 -11.4139072001 -5.99260250176 -3.74756494085 
-5.30339427454 -29.6552544199 11.1260143054 3.37562966048 2.22969520954 2.60173703682 5.10752775963 -12.2130351366 -4.38055478432 -2.62477544381 
-4.13386126669 -30.1638601927 14.4518966595 1.3761483696 0.277127114225 -0.299161286751 3.91345451398 -10.0682146066 -3.48202284287 -1.15368928409 
-2.88071198218 -31.4072867876 15.649638415 -1.61872938218 2.42928812534 -0.390696435768 0.75858419296 -11.3522899609 -0.568570488567 0.671180725001 
0.666457547164 -27.7727546338 12.3645957737 -4.55749835625 2.48404486598 1.03327072707 -0.146195338868 -9.61055479819 0.901775553237 1.26980210786 
4.83077230954 -29.6614533738 13.6351059511 -5.68484568846 3.28253550344 -1.90753617625 -1.8350844708 -5.29867402739 0.293390549814 -0.980671138736 
5.74941277772 -24.3221778034 11.8093577727 -10.2208598761 3.94511765685 -1.25812372764 -1.18103654359 -4.66316046674 1.54862867163 -2.38818396377 
9.98470233966 -25.2530025676 9.58540981696 -13.3522163897 4.787804961 -0.25427541741 -0.794171989206 -4.72826120323 1.37290886493 -3.28623127395 
14.7219975284 -26.3494863 10.5899446422 -17.1189556091 4.9808331585 -2.03771292334 -1.14792350463 -4.76091140303 2.47067905614 -1.8146999832 
17.8761392316 -23.3922166577 9.43666316515 -20.3987373026 9.69938559225 -1.59791979141 -0.401869328521 -1.94257834541 5.48796868427 -1.15779800779 
22.3183552578 -25.00491935 5.62970545201 -23.0074966484 10.1053160668 -0.702287901893 -0.986898816315 -1.15400780372 6.94654046422 -1.51188723801 
19.818384884 -20.636620445 5.65948412775 -22.2761837963 12.5701083098 -1.13733450493 -1.61377449735 0.76304465628 7.03080961526 -1.75135732125 
21.7792395484 -18.3400944148 6.12296928614 -24.9378766734 12.9585327515 -2.68742001743 -0.81837686156 3.8123555717 7.27278168983 -2.995812064 
20.4001834779 -12.7086514029 2.14129254948 -25.044699593 11.4322690624 0.486395734931 0.885169560199 5.97645442348 10.1158790861 -3.15527722547 
22.1779554001 -9.65089029312 1.85472163332 -26.2105475343 8.41782429127 1.1438942596 1.22904471307 7.19406479718 7.99281004034 -1.91836736591 
27.677098299 -8.25492353182 2.75611202761 -28.341818368 13.880125962 1.06571372658 0.894850034602 9.47719805015 6.93728805761 -3.97828172037 
28.9267105854 -4.77488387386 0.395523206614 -26.2873647086 11.8426888987 0.842317061982 0.580444068799 4.9550572119 3.4559074926 -1.15772973092 
29.2701062407 -1.92723092736 -1.47724959668 -22.9217219802 11.3881668617 0.794540303041 -1.37095013756 1.14427937382 -0.816000315265 -0.693818051618 
30.0301044908 3.53570321719 -2.17090386838 -20.9602510003 12.9061558207 3.37988434329 -6.70921078125 6.62550816555 -6.2113224623 -5.54441496302 
36.4368422283 10.5501868369 1.10774815586 -17.0349382767 15.8687546626 4.05325409794 -7.80186010572 5.68131257914 -13.8483149491 -5.51385012725 
33.7193169755 16.7576256844 1.31976444854 -14.1107070726 17.1502322791 -0.584125072785 -6.49782932727 3.59105160685 -10.7198547921 -4.27843066157 
30.1479605461 13.8825334313 4.92145199202 -17.650778279 18.0802185525 1.45412155042 -3.77998725073 6.08304334091 -9.44687089106 -5.2381548045 
28.4364722043 18.0375631712 7.53904076223 -16.2202533496 20.2443852446 0.731901995391 -3.89143770539 5.86953290433 -8.05462748735 -4.81642347841 
28.5995859741 23.2033429679 5.84948975064 -8.17841419389 20.6175678586 -9.56730170315 -2.43576375757 -0.453796155919 -4.49869099234 -2.52591056156 
28.6388435787 24.894235445 5.3499804593 -5.7318809771 17.4745077755 -7.11664474344 -4.94710333419 -2.1973749478 -7.78678874143 -0.48274762838 
31.4752143779 21.2842437835 5.2939222205 -8.46742993064 13.7291776855 -2.0024720586 -1.54028898084 -2.50647082683 -4.99085072929 1.36395129089 
29.7840703688 19.0421623539 12.4538827068 -12.1559715402 18.7959157295 -5.89541623895 3.14164029325 -3.17112594064 0.358760494149 6.93426444487 
23.4328748362 13.0500748874 13.5316604077 -19.0219407742 13.5708483813 -0.898645573041 8.14670351925 0.452617503107 -0.699268150763 4.17059213369 
17.8629684993 16.1275796906 14.5740187295 -18.7267041433 14.3774531828 -0.471987681462 10.8491965782 1.15221183986 0.538741715424 2.33625749659 
13.0309772516 10.7884493385 17.9590401912 -25.80554647 8.45391720692 4.73289211332 12.2410524604 3.02295058933 -1.57773997185 1.98684554808 
6.98126186647 12.8527677453 19.3650720932 -27.6584715956 0.750230006142 8.60470089947 11.6808073654 4.50277177886 -4.71287778419 -1.22286768011 
3.0250068281 14.448204854 21.3262638881 -30.3048393035 -3.9957999242 11.0786751726 10.2395160688 6.54873838471 -5.54774476726 -3.59237217108 
1.00085382144 17.4447603437 20.9217330547 -24.3604670373 -5.39724711665 9.11737425862 9.47604451959 9.16196986926 -6.38513322086 -3.31785089839 
-5.84597187808 14.5953925655 19.7871985709 -21.5541717286 -8.0099486223 12.9531858942 7.33438738451 13.2371883962 -6.18407852619 -3.08583482664 
-1.81126679315 15.5583161797 15.6454420387 -20.636065781 -7.5018002059 14.4942736735 6.17698072542 11.3818132399 -7.02140604215 -1.484458873 
5.11510260276 19.5517695633 12.8697130779 -14.7123536896 -2.93008044205 6.82947359894 5.97310380284 6.05505973517 -3.83202988435 5.21978401837 
8.17243324246 21.2690807298 14.1270513722 -13.7752940975 2.34762049197 3.5747961556 4.29787116411 5.7261476624 -2.15210435916 9.87239454233 
14.7094306612 20.7210220542 11.7719109523 -7.92813679571 6.59574952231 1.09949560688 1.38220514713 3.23391379413 0.842160300225 13.3404170882 
16.8187241559 18.1920085018 13.2069975784 -4.04300113632 3.03005750154 3.72333717291 3.89104503968 5.87306483208 -3.67523511387 13.8158253997 
22.497457415 14.0667741371 9.70603509824 -4.32588207499 1.42080986542 6.95806656142 3.77867552985 4.86917908494 -4.26399769489 16.477988431 
20.5384020993 17.9713502124 4.15120813602 0.455225593555 3.84318801779 3.3387546804 2.84804417361 2.25064440851 3.0205963037 14.6754560848 
22.44636503 19.1239332457 1.22012230666 2.5637421755 1.38075443383 0.811324495382 0.0292218719699 0.480957607843 4.98867877757 15.3209267127 
29.2106672715 11.8489558423 -3.1311724351 1.89609006441 -2.64506375807 3.19109755296 0.168244081452 0.378557641177 5.2543844871 15.9994291097 
32.7747509065 8.20774021552 -7.152353122 -2.32545613176 -3.32692812884 3.60179960901 -0.323706965936 1.72853579976 7.09422272358 16.228092376 
40.8974467894 3.7044741767 -11.7135896435 -3.10102181127 -5.90934470822 5.98456181658 -5.11744717108 -1.98295046668 0.176346034389 11.9825003155 
47.2076069266 1.11156364464 -10.2832368121 -1.33048899324 -2.58695198953 0.524152673533 -11.0769145468 -1.67767379836 -9.14404534373 9.98170904147 
48.1089755611 -6.60710318985 -11.0383647687 -3.16389064888 -4.91652961721 0.0681269141555 -12.5043308087 -1.82427171097 -12.8176914605 7.57708135419 
47.3060679827 -15.151204386 -9.69668067526 -9.04553302965 -7.59087517006 0.893891216179 -11.9827299753 1.57610254348 -13.631496281 3.91717978639 
47.9293163915 -18.8001337985 -11.9434878944 -11.2065162879 -11.4054557219 1.20784940313 -9.11524964543 2.97584402784 -12.793374864 2.01300398733 
40.9220309638 -25.2447090891 -3.46331040649 -15.2453318297 -10.6651363842 -2.95360189556 -8.81015592507 2.06903923896 -9.84692609175 5.23864555974 
31.6592310561 -25.2182853179 -1.70828020911 -14.336311208 -13.2259338573 -3.66362356771 -7.73782818432 2.63419927346 -4.62627390035 4.62755805923 
29.89823462 -30.3805230146 1.88353741678 -15.9224628407 -15.2995708661 -5.18077222257 -8.37515680689 6.21846981839 -3.97336007893 0.0970280131996 
23.051959638 -33.8534611594 5.37913683851 -15.6050388712 -15.6444497483 -7.79760416102 -9.10243416868 5.02130896731 -2.55029276213 -3.09189191386 
18.1914759267 -32.399501242 4.9450785357 -15.1899639521 -16.6728519626 -5.13502666592 -7.20781927845 3.542489018 -0.794866414909 -4.9436150981 
14.186015455 -37.050237536 11.5311920617 -10.9375388356 -15.9517537119 -8.63046510272 -10.2823891376 2.88601499535 -5.4812613002 -6.34663920896 
4.21302216786 -35.9154333225 17.0578432255 -7.88013005233 -12.1910721465 -9.41566940325 -12.0195955483 -0.235707743276 -6.5321099892 -5.46721190467 
-4.26304411475 -32.0999363032 18.5445036077 -6.5181003304 -9.40586368736 -7.92969597537 -13.0028326019 -0.837859575173 -3.55318584622 -3.16360971618 
-13.1121854617 -28.14057629 17.3503762808 -5.77552218252 -7.68407204568 -4.38963169755 -12.7395651955 -5.26710024199 -1.83973399878 -1.90522004927 
-15.1652765972 -28.1559484423 16.6742432254 -3.58123026654 -1.29955023453 -6.51266444873 -14.5772392016 -1.98825384267 -0.213366631143 0.0263723154414 
-18.6774625897 -27.3127436681 17.7176854346 -4.38354403265 -2.48592610798 -3.46971599265 -15.4178965443 -1.42210355077 -0.0230494173506 -1.1581417075 
-25.6842528129 -24.5800189557 16.0711037769 -7.61634817985 -4.35218727496 -0.285870908386 -16.8262327403 -4.35244995898 -0.512776998435 -2.7171007678 
-31.036535672 -18.9406281087 10.5599133488 -5.61406678925 -3.17854433467 2.39172793399 -14.2080984721 -2.06777313324 1.98445070758 -1.16551182117 
-34.1413525935 -13.928781781 3.83183314189 -2.45965030284 -0.829249796549 -5.21380260568 -11.0522945858 -1.09261476567 -0.710888070015 7.05896509796 
-36.6950668928 -1.04439412538 -6.46124841688 4.34722118317 1.26166385118 -13.9923841956 -5.85166990461 2.87230034823 0.524686301093 10.3109819519 
-38.512523895 5.51925383416 -10.6955196641 1.54729176425 0.397379632708 -15.3476901704 -2.47212756132 1.78895429114 1.21652640623 10.6510687439 
-37.8615505072 4.2364172945 -10.2996549785 1.63734802551 2.29842319299 -18.0243620042 -3.66225682405 0.262979152374 -2.18431699296 9.50981168402 
-37.5280285493 5.14069227213 -9.23308642466 1.35270071784 2.06077868111 -16.0204529899 -4.42155227821 -1.60902196277 -0.548105880729 7.85045377648 
-36.2596553092 4.07985036598 -8.61047953745 1.02604636224 2.96118974101 -14.1556830404 -0.417178128441 -4.13026800461 -1.28020005995 6.54423856207 
-38.4920294811 4.98321518075 -8.71032212896 -0.870608764729 3.26542249671 -12.4189083631 -0.769191005044 -7.42115015369 1.14047746173 8.60180073223 
-40.8564922974 2.98082727879 -7.35545241509 -6.87323794433 0.525922799101 -3.40095195406 -1.19281438344 -9.08141137473 1.90322834103 5.02274942144 
-39.7497971309 1.16103309388 -6.41579275662 -8.53142380379 -1.54176901195 0.65867852637 -1.76731199295 -9.27805752239 2.02287320523 3.13762378457 
-38.8059906832 4.07258291049 -10.0320811239 -5.4557225163 -5.04738418378 0.0781311530367 2.54533638536 -8.37918609191 -2.06591124927 1.33904337602 
-38.5990199411 6.45179721709 -12.224418896 -3.09767750526 -3.91306970686 3.48255380513 3.65686726208 -5.20310347434 -0.0851903637263 2.11484970816 
-37.8826176642 0.812350988002 -7.05062651319 -4.04283036644 -2.73011656519 15.3888097006 2.17997689798 -6.51718721369 3.49562734422 -0.296639028598 
-38.1860218464 3.9190635568 -10.6273526368 -2.65826744768 -1.26304005537 3.44494068061 1.09392549281 -6.68623013361 2.48326295461 2.0182209159 
-38.8507315979 3.66340159555 -7.10353904136 -4.07885448942 -1.16235629624 12.1641122676 -0.716088037373 -7.56866040947 5.69422554009 0.923283054305 
-37.3290158662 0.339538736168 -4.78709852027 -2.48467503723 -0.564035352627 15.9175391158 0.585988532222 -6.56537273783 6.01825530733 0.961527841575 
-37.4168452468 0.737895971606 -9.20437073389 -1.72817069153 -4.10105870134 9.13772858405 3.64077807632 -5.72075279661 3.11068810153 1.38360721175 
-37.1603122288 0.123349012968 -6.21384710615 -4.50709143832 -4.73876704629 13.6207216729 3.51548081714 -3.97624606297 5.28822952834 -4.14918649408 
-35.9686982289 1.11704343009 -9.1144056041 -0.903540630051 -7.44802252101 10.6523608292 4.59087141111 -3.44955016537 2.82952354332 -4.57662627152 
-36.7716923111 -0.111971244271 -8.87408249403 -1.26454910915 -4.7868781899 9.79963638964 4.42586315973 -1.56673034568 0.445766970249 -3.42631618681 
-37.3391528041 -3.47818434718 -4.96742116625 -2.58657754682 -2.19160718296 10.7252413772 0.45742591074 -3.24642918991 1.24132712936 -0.636282413757 
-36.6355069874 -5.6144738705 0.225626464998 -3.16806489855 -0.482019500835 13.4260232041 -2.93248550966 -6.21352361718 -0.401611645538 0.254735098926 
-34.6054442384 -10.6950643878 4.23526378886 -2.54091000874 1.81608710071 11.154718061 -5.65155109896 -6.52295273124 0.138001293658 2.71616385323 
-32.2460875877 -15.2004042082 9.02074141123 -1.81243185258 6.58672952037 11.4380691529 -8.57519531978 -6.84570126565 3.13733703601 2.06690837328 
-29.5087171907 -14.7689089252 9.11850965354 -0.840151889689 9.13554069803 9.57904133062 -7.39523224647 -6.54387010227 4.56934026076 1.99661525989 
-25.4783301281 -20.1162633711 13.0519942401 2.48223123962 10.6807494999 6.1008936086 -9.64118749317 -5.87593249234 2.58130121552 0.768457788092 
-19.3793148483 -25.6077847395 16.7836920932 2.82677099262 10.6070746423 2.86315913824 -10.4297950673 -6.10316074814 1.86962929008 0.473134865987 
-15.8971963986 -26.0260847476 18.9928112489 0.984296808232 5.51838906063 1.33645331764 -9.28275705345 -5.80356653082 -1.56442309289 -1.11977142705 
-9.8936995956 -32.4582024225 19.1492157882 0.978723736348 3.84238169929 -2.88131715948 -4.83771294136 -9.723822905 -2.51710940821 -1.7467365982 
-5.49893042684 -29.1336516432 17.0167988301 0.299464704315 3.31884634331 -5.35074680978 -3.2367278807 -9.16827860922 -2.0719379446 -2.41246020749 
0.862545681052 -31.0512051796 17.1658510279 -3.51437915535 0.278765620505 -5.82826346598 -2.95753379745 -9.29654130549 0.876759770155 -0.201781257886 
3.71797363087 -32.5338858914 16.8563686136 -2.16497039232 -0.40903305339 -7.05772665778 -4.3400875865 -9.38583427272 -0.452490554625 -1.67709592127 
6.32441872387 -35.2413532386 16.8290857107 -5.77634920161 -3.84700705701 -6.29889818548 -3.11413522043 -14.3637473958 -2.47737959364 0.0161484000316 
9.60609251397 -33.8407478296 16.4260697124 -5.87622810635 -3.57567792818 -6.20913191786 0.434422900861 -12.6992556841 -1.04907267181 1.53350604027 
9.87070388758 -30.5763603685 13.4248811914 -7.28615230593 -5.18181160146 -5.85822092813 2.02682704845 -9.7848815984 2.18373366858 -0.235580542846 
17.5300510766 -34.1867337102 11.5400911016 -7.60026322847 -4.76039310938 -8.55935965762 2.30761990331 -5.85741462695 2.08410585245 -1.03801096124 
27.9792674868 -35.5349030934 6.58954592313 -12.8489853255 -5.62643071567 -6.50313543392 3.0131849163 -5.96557246203 0.118122717173 0.804566474761 
32.5240020522 -34.852732014 3.89835215167 -13.7735745739 -2.73282653971 -7.26136854063 4.40425048432 -2.9198031102 2.98263943292 1.11009138479 
39.1890968772 -28.4655581224 1.52620310899 -17.2741345341 0.418175594025 -6.9587667605 5.44094152924 1.08735348792 4.83577753995 2.13390104585 
41.7825941797 -27.8852069792 0.375229553648 -20.7605329228 2.57593607538 -6.63785345042 4.70299002547 4.0885505694 6.40813877294 1.96075883351 
41.5419057669 -19.4026241932 -1.14296046333 -19.7919041249 5.04102558779 -5.94553614386 4.01322917582 1.70549211466 7.08877105445 -0.0722078973191 
42.0545105921 -14.5842667635 -6.10019234617 -20.8384494041 5.53905484188 -2.46152809823 2.12859572631 4.14782796254 6.13977537772 -0.338176932717 
44.0119165493 -12.2935694789 -4.03150447182 -21.0701389823 5.67327288043 -0.920705249891 0.0651527501198 7.91750721618 1.31687582882 0.0127536162147 
46.757354831 0.364254471071 -6.25771654102 -14.8306188442 8.27822177691 -0.514233944624 -4.96355027298 3.92293154426 -5.49612821265 -1.51220016867 
42.2485313781 10.0168350383 -6.75995346915 -11.1143003458 12.188209238 0.131655178414 -7.04003570443 2.41726297438 -4.65697641856 -2.41442805376 
33.8686915063 14.9506077513 -3.53959704176 -11.2620854633 12.1776139363 -0.795770184125 -3.01238350981 3.50440545246 -0.718820877576 -5.35028659158 
34.7026976186 20.5590790667 1.69050398854 -9.984411567 12.4519122186 -2.61057876679 -6.24307424471 1.6327308936 -7.51062591977 -3.93890838871 
30.5753122186 27.5690139555 5.64865929472 -7.70053144036 12.5868078377 -4.02680704 -4.42824100695 -2.2504453122 -6.98442428648 -4.76750711885 
29.7758338593 22.9714780903 9.92648922376 -12.3087502647 12.9204372174 -6.09011332308 4.11564406652 -3.49669412201 -0.784703201661 2.18786988447 
27.7688641563 21.2353531104 12.5901236543 -12.4113781338 16.4506636128 -8.57487461244 6.56173496961 -1.95209507749 1.46440355031 4.5493310188 
26.0541719969 22.9320893447 14.6067817836 -10.1431402082 14.7814185975 -9.05931381515 6.47944409044 -3.43214310955 1.68398846599 7.83596862115 
20.5298735857 24.892826232 17.3543695578 -7.39763692345 11.4282355082 -7.76524946453 7.71564062033 -3.02361102948 -0.508839204133 6.73213802812 
19.0768905644 26.0294849877 18.4118897414 -6.4935806305 12.393472397 -10.1156667041 9.2428090818 -1.47076450635 -1.50668303955 6.57818879877 
17.747810332 23.1742944527 18.1075322102 -6.31093110181 9.38622321567 -9.03532777146 10.5700316777 0.652455493249 -1.22435449535 8.04368432144 
14.0862208943 23.3733940144 18.1035315968 -5.78401474181 7.90063705211 -8.08889194509 11.1648079349 -0.877597331015 -1.82954131567 9.26461906288 
13.6517848863 19.5766605753 21.3327484218 -10.6322083541 4.37936461855 -3.00693392434 9.43763911557 2.47271936129 -8.08864695003 7.43824385983 
8.33719629766 22.027210737 20.0202064937 -11.8218368759 0.367547566169 -1.79486371959 9.42881725706 6.13465025732 -7.49797373944 5.02456357426 
-1.63983121191 22.1081218833 19.7754093345 -13.0166388748 -9.86297548345 2.42449730227 7.09507861106 8.55130497085 -7.40961312767 2.09950218644 
-5.21226241818 25.7816708015 17.8831042607 -11.3154335681 -10.0566980407 3.55902213702 7.00517376645 9.92426781725 -7.74084785347 0.256281091976 
-0.828193906787 29.6060880724 15.6879896178 -6.42666327576 -9.57241218205 -3.80744186938 8.11242351586 6.71200854249 -7.4572041463 1.78165515606 
3.22978721372 30.0338662118 14.7944413371 -4.84908155408 -5.83104904009 -4.3496274278 4.30034872235 3.40513234668 -4.53164030338 5.49790282792 
7.83963635542 31.7318231747 13.0428242519 -3.04593126819 -1.35065343751 -7.09025460338 3.2407158553 -0.337808897215 -1.72651325098 5.56176095392 
10.2348876886 29.4982109399 9.46448936085 -2.12460282314 -4.47161562759 -2.31874946908 3.11910687223 -2.08601392972 -1.83516166 8.56375616617 
12.8917252539 22.7691971688 6.11402461307 -2.872436271 -7.21250938378 0.192511405385 2.58875059744 -3.92135676459 1.22944443272 9.83358900383 
11.6679791018 22.4417227993 3.2439764372 -1.41177995343 -9.39708797305 3.49880305261 1.82043815244 -6.13459665803 0.873161689623 8.60761997954 
11.2008093854 22.8970170943 0.725238152967 2.76116508816 -6.41448458294 3.85434397734 -1.06171969853 -6.21438945732 0.0137838250172 9.03298272372 
17.9924680438 23.7591954735 -0.283874438308 2.33289188592 -1.6323015592 -0.41386193141 -3.50673513763 -7.49203459243 1.31514813544 9.40678645252 
24.6126139241 18.6898016576 -2.7323842317 0.289474826432 -0.797153993235 0.72873971842 -2.22167211537 -6.79140559035 -1.21052539534 10.9677030089 
29.1158891848 14.8315657057 -6.21618406131 -1.17191502388 -4.48943143885 0.424589730812 -4.93776144003 -5.31571752349 0.877134523047 9.98733849587 
36.9998453708 7.84291857646 -13.7515247462 -3.38987416413 -5.72534502622 0.507366690632 -7.37752801018 -0.411305703396 1.66178011603 4.02444291952 
40.4561185865 7.20337989844 -16.2578786189 -0.0295984924795 -7.17312215436 0.592010972803 -12.8112344736 -2.07579834085 -4.65069992396 1.22372831135 
45.5663160591 1.21533121163 -17.3641146197 0.934994820868 -6.61407310288 2.45719030887 -15.1655377716 -2.54219690615 -11.1504343269 1.0027187132 
49.9316731083 -12.6004847077 -17.8043936792 -2.16442412069 -6.61962075834 5.5066531365 -11.4707716871 0.38089960974 -12.0003164116 4.94634992068 
42.1433949885 -14.8489895348 -16.99193996 0.684548938193 -2.98021112134 4.91669555664 -5.8156340434 3.73067743913 -6.1286210181 4.0519758639 
37.7010604889 -25.2980158634 -12.1150474738 0.561221921023 -7.04455923934 2.60506560626 0.907470908211 6.55943274461 -2.23035323749 6.01629412851 
28.3529544377 -27.0518318184 -10.8324027025 -3.37735758847 -10.4954647111 4.66498146157 3.66892306474 8.5623167817 4.00276712716 2.37747293783 
18.2135637616 -26.3948899695 -6.39064066762 0.759244457697 -12.1637889792 1.31397552872 2.34505972972 6.02976011102 3.387586729 1.37645861 
16.5539170201 -29.503763374 -2.66904999352 -0.627320784735 -14.4642768655 2.388718129 1.14224233509 6.76957693908 1.98689859492 0.184243943233 
15.6613150088 -34.7793213747 1.83615250488 0.913368840405 -15.5529800707 -0.298906468865 -0.383406659738 6.76560386772 1.59127655708 -4.6294700677 
5.19116277274 -32.5077065348 6.79081795085 6.54802201405 -15.226466832 -2.8531506665 -3.08171291505 5.53110197089 -2.16342050861 -4.24624416865 
1.31105504189 -34.3257435091 11.6849548044 9.32590953517 -13.0862301199 -4.25064435779 -6.61228116489 4.96641679896 -4.2532795385 -2.84561825243 
-4.11528170467 -35.0777138985 14.5739537891 9.79405397767 -11.5024316527 -7.55316019566 -10.0462568689 2.55221974389 -5.37346095485 -4.29084350115 
-13.0452152807 -28.124875939 13.0690837522 6.36668145597 -7.231766664 -8.25717948088 -15.2097774224 1.47288188668 0.877708675457 1.21785623142 
-16.3464598153 -26.4812537397 12.6871096223 2.27561280653 -5.81624120431 -6.73155001538 -17.5387042238 5.56318279842 2.12797210155 -0.00720356402412 
-22.9239592133 -21.6657913205 13.1164126712 5.39951137142 -1.7039466 -9.05041954242 -18.6404363907 7.48264275585 -1.63780057406 1.7428298318 
-28.3372660232 -14.3832966079 5.20797979536 6.44009356911 3.56507539777 -11.1213509082 -17.7306161555 7.58876636452 -2.01685331187 6.21363651397 
-33.9018365111 -7.93085943199 2.37480235844 4.20098476557 2.60578912807 -6.98769699828 -14.5205240107 6.27543970315 -1.64130780481 6.69044045942 
-36.8706779447 -4.79590004827 -0.0739159490958 -3.82728482795 0.515643073952 -1.07329028938 -9.80243669649 1.1278829042 -1.37669842428 8.75939639249 
-37.3654615699 -2.96270249111 0.267030172456 -8.3194292975 -1.94384309844 7.35694160756 -6.83265682069 -2.59516132861 -0.106612583798 5.54371909435 
-38.9545986354 -0.867788488012 -1.28785974981 -7.65782015715 -2.588911117 6.04313271186 -3.78999948447 -0.674949664632 -4.18586759368 4.95033110639 
-39.9141427803 4.6264231368 -5.29162302896 -9.02942408206 -4.71534510337 0.149372777066 1.16273798529 -2.01160825695 -5.98887986063 2.94131877798 
-39.1880674294 4.51809396094 -6.84049651956 -7.98011426435 -4.69942778675 -9.41720770242 -1.49718940442 -4.96753179594 -5.69922469283 2.82104052877 
-40.1731500662 5.67230437459 -8.60396386579 -8.60928528721 -5.98778634261 -12.178280889 0.0622597679132 -7.67605845851 -7.80690098981 2.86364199725 
-40.1438974665 5.6374443919 -7.71863295881 -7.21727829008 -5.76623143854 -13.655281021 -0.710105973286 -6.9231180141 -7.79302782045 1.42387430005 
-41.4280556973 4.90833102856 -10.276326372 -8.21658362546 -6.23302978379 -12.4797626514 0.608127753847 -5.7830987969 -6.10992382471 1.71966761126 
-41.8744024476 7.04297693866 -14.8994080785 -9.8122164428 -6.62911580577 -14.9935986935 0.359729224569 -5.91816631164 -4.8808186435 2.65594680233 
-41.3736772712 5.06620666473 -15.7474347101 -12.0143060507 -7.36230062167 -14.174701758 0.328720821591 -5.17652359901 -3.96313664016 4.99662920364 
-42.6667671319 5.84978181264 -12.5869982318 -12.5038920522 -8.39517871923 -10.9603176836 -0.0772218066618 -1.55602830898 -3.72282335069 2.62353867101 
-42.4561755218 9.63678814377 -14.808193524 -9.83371516578 -7.0883001259 -14.0158978356 3.54956093284 -4.10595457142 -5.07514570721 1.21281243287 
-42.9958743582 5.3345972101 -9.37057111821 -18.6155828958 -9.15050569253 3.04296327535 -0.755119317477 -7.08266549469 1.1404477869 -4.19296714619 
-43.4430310989 8.70254989472 -13.6089482478 -12.3890562818 -7.76843666163 -7.06265728514 1.52926943267 -6.05013248458 -3.31837348045 -2.2671802779 
-43.6583400594 6.18428358609 -12.2151867915 -13.3204797203 -7.07798434203 -4.34066677845 -2.03361405423 -6.04206302696 1.91992852074 -2.68207695902 
-41.180161787 3.22582973532 -6.86721050466 -13.1424401507 -7.48207194894 5.40440618445 -3.12668697689 -5.23838785014 4.04076553504 -4.78249210118 
-39.9584076788 4.25314909064 -9.34802249076 -9.50752654013 -7.05388639666 3.61970924225 -2.29621565516 -4.80611343014 6.1131181695 -2.32088229406 
-42.6099993908 6.10825722042 -13.8295491401 -9.84467601946 -3.80224074645 -2.61824496502 -0.967543708893 -3.13049879827 1.95618661516 -0.893442695579 
-41.3054444131 11.0895703477 -13.4202030151 -2.29561661192 -1.33873285618 -7.82226962646 -2.14311916371 -1.41155804912 2.01877996289 0.508337686393 
-39.2311473201 13.9021176148 -16.3285507166 2.52457503632 -1.48495046338 -15.4635317837 0.448612705503 -0.127623012838 -1.57723522263 1.5180336664 
-36.7403981769 9.2433040422 -9.12364645072 2.86975473495 1.25013403196 -6.7395563791 -2.1339813439 -1.81622831793 1.70108247951 2.09039123833 
-37.0616072282 3.0420584066 -4.41069755256 5.15765245767 4.39250637866 3.02210343382 -0.397761694214 4.30492969034 1.46786614121 2.49816075974 
-35.8065153065 -2.53160164291 -3.25780504259 8.55474181098 8.47370830578 4.60533990981 0.435471483867 4.33562373586 -0.135821280932 5.75312418394 
-33.0854871597 -9.96860774945 6.5303027157 4.30462817266 11.5308510158 15.7838254053 -3.96124876583 4.33542034238 3.2270339251 2.92248914508 
-31.390773982 -11.8071794321 8.76531434192 2.88768509828 10.9518515481 18.5083526836 -3.82168172466 3.51821512867 3.9823351632 0.584250039147 
-29.8499346034 -13.7272388566 10.0355960861 5.25277453305 9.72726721805 18.0111480623 -4.08543220043 3.50688977952 5.22325547535 0.558081601666 
-23.2383046373 -21.5587649691 11.5729067954 8.22671317167 9.26139638528 14.2219393803 -5.27393448722 -3.48970246745 5.69986321146 0.890660110121 
-17.8540508931 -24.885438433 13.7562434582 11.8558436881 11.2995998794 10.1357224977 -4.08013455649 -1.47538184256 5.4335840025 2.94292342906 
-15.1825502091 -29.8748090521 14.8410720372 13.8545217728 7.96515381244 7.05371843417 -0.80162613183 -0.746310372989 2.07277735482 1.00193000806 
-12.3707114819 -30.9430298663 14.6064953253 13.011980139 6.08617783724 5.25059457049 -3.23906933087 -1.43371609071 1.67473866251 0.398714956478 
-8.82441980012 -28.7924767439 16.0949447564 11.304527834 -1.53908289188 3.16012178381 0.490491445424 -3.19480242319 -1.92050030223 -1.21655976928 
-3.56114193749 -33.2933763732 18.2501521507 10.0461160081 -0.00600317162723 -0.411660679066 -1.07829067018 -3.58940225886 -3.35730456522 -1.27438954447 
0.529006363462 -35.890272947 15.5784845523 11.4677455035 -3.21987226483 -4.42560678453 1.97140063584 -8.39253236066 -5.03932438053 -1.43673872651 
5.20618497452 -37.0100811467 12.8432266331 10.681849248 -5.27232652691 -5.75206440687 4.19781687815 -8.80631953133 -4.39783318536 -1.01965509555 
8.90836325499 -37.2530462617 10.4316748124 7.88244428242 -9.14613432558 -4.85381411831 8.54849535042 -9.03475653547 -1.83890099069 -3.6478514159 
12.927845287 -39.8260519947 10.3841329902 6.90147094596 -10.5534700131 -4.25875138884 6.92454267436 -5.19114247314 -2.14311596993 -3.87599578022 
16.6972316699 -40.7599676385 8.30597006163 5.57179816853 -11.6486245266 -5.28742592026 8.13611928426 -6.10951074488 -1.39847125013 -4.39037420272 
21.2964056829 -37.0947820149 3.3099618083 1.60820369627 -12.438180614 -5.20018026115 7.04531700249 -3.34207837808 -0.662921154493 -6.16560707767 
20.6072337679 -33.1696460744 0.170196741976 1.27436761483 -10.8432336319 -2.30033374108 7.55003224514 -2.38263767438 0.423342747999 -2.73152994475 
30.669722845 -36.3904504761 -0.0868347570492 -1.23156487272 -6.96954395723 -4.72084431919 7.64930491466 -6.55956404751 -3.83093935128 3.83224161166 
36.6357684226 -31.7309288467 -3.33355596817 -4.16170212719 -5.58635912406 -5.21448344568 5.65248446001 -7.17576703355 -3.80673535729 3.00053165107 
34.2645900348 -23.855825442 -2.38565270244 -5.1135216035 -1.90564513617 -1.98175704827 3.05733060873 -6.84962205196 -4.96515605893 5.11827183494 
35.4649978171 -17.1230915019 -6.13614511259 -7.19800185906 1.09045463338 0.444347311752 0.362082032093 -8.08445813077 -5.33935087695 6.28224222094 
40.891494582 -9.99876541634 -6.57357646792 -5.21486202947 2.75896353755 -2.4458994194 -0.908313680275 -10.0928022417 -4.94409303733 6.57569080499 
42.7113374119 -3.91961870974 -5.85464794109 -4.95765940648 5.80988294451 -2.39735498722 -4.03665758776 -8.47037363854 -9.36161168467 5.696025547 
44.8212903793 7.58700038201 -7.934501847 -1.48120531874 9.83998056302 -2.85448392119 -6.53491325977 -6.25923600978 -8.04469047245 5.50949318831 
39.546999602 18.4609507836 -7.87749992909 2.67096716932 13.4048510778 -6.09400302577 -7.02799183451 -5.12895399184 -4.48321837419 3.40989008962 
34.7915726854 23.6554498349 -6.28589990408 4.95802636041 13.6940199812 -11.2466398044 -5.21591841771 -5.2118536445 1.69674322702 0.468494930104 
24.623523817 34.5634871414 -2.71933149881 7.70823508844 16.3494085148 -9.46058443828 -6.93853788314 -5.56742077086 -1.1776615777 -4.88670301722 
19.7983500594 35.2820157239 0.830297141096 5.24030611093 14.4230522326 -6.92571957712 -5.71851710533 -3.28354433123 -1.45833702948 -6.23872001127 
20.8181189202 29.5023888762 4.17893131507 -0.0107329121598 14.4583342229 -7.23107242754 0.741980254312 -1.16215832639 1.09399181115 -2.58252159675 
21.321663657 24.4406056403 7.09089748144 -3.81777987474 8.23932549848 -5.57391721348 3.77521329506 -3.93561805474 3.87946539751 1.10687963388 
17.4290880474 29.3901263379 12.2103112312 -3.00521042162 9.13945551898 -4.44447778307 5.94165141902 -5.02277395624 4.19762282634 5.22411311183 
12.6982648159 29.822514242 14.5392954453 -3.63894779746 5.35525048114 -1.96852946139 6.57623086295 -6.01071828579 1.80968433933 6.01535505336 
9.73272827333 34.367032307 13.9405535898 -0.310556109387 6.4121321992 -2.90408077632 6.88084805706 -7.08142885056 2.77356551903 3.85023393376 
8.82538726906 30.6379068401 17.3735004905 -4.86100003342 0.978879424005 3.34623555278 5.96333975313 -4.06715039762 0.380358755974 2.18488216484 
7.80983320191 33.628976685 16.8517464574 0.777138651316 2.64158480333 -1.14368963436 7.74716110978 0.11638867456 0.480013424684 4.41489359579 
7.86297091319 29.8767912316 17.6749553867 0.167443115108 1.01556863631 -0.575415766756 7.82312140819 -0.362548533956 -1.1217715337 5.41649253744 
4.14771490956 27.857160094 21.0520746649 1.83263887134 -2.81576805603 1.27309425638 8.19641179144 5.38057353826 -2.90808833202 8.56206901455 
-0.285642507006 27.6802936307 18.9299204426 2.84653154961 -10.2059942755 4.54607570561 8.76734152236 7.29831928753 -5.56530673923 8.36820426626 
-2.7122761929 29.8411298188 16.1890690447 4.42458500924 -10.1045208062 7.0392130911 9.29366106365 10.4201672707 -4.3450476076 8.59102024684 
-3.10592928053 29.6692146834 13.1764791578 6.3560662964 -11.9069048177 7.15566974329 9.56468122518 8.41780091655 -2.29365067689 8.52340207815 
1.22085627366 32.9173870103 13.9293267973 9.99080172044 -9.70870411279 5.60961849922 7.74309521021 5.00619991915 0.454249232714 8.75009592498 
0.108179156023 34.7708554224 12.5288020643 12.7177987936 -11.2603017295 4.41102180817 4.29390061889 3.75534610333 5.11016886675 8.93197969188 
2.85312352564 32.6664740629 8.55256195823 13.2912841544 -12.3784050241 4.56934036034 0.947866842236 0.4310877531 4.44620884204 11.959602734 
4.42541467295 29.9941149251 5.72147203569 12.6914124286 -15.3270696218 7.65477110852 -0.177422467338 -4.93525545035 7.24904199631 11.8603644786 
11.9778192362 28.4301309049 6.41548225685 11.5296514352 -13.7309543209 9.08351938237 1.48948845736 -3.47283863381 2.78142014449 11.808025493 
14.7410084488 29.6880781773 2.93575756486 11.8351040492 -10.3490672977 8.03426168378 -2.20907732687 -6.29260716883 2.76865999761 9.90351806354 
17.8780712311 28.0276462565 1.08958832972 11.0647231291 -6.94313566943 4.16696607392 1.19613328566 -6.58903583375 5.69796324226 11.2219665131 
19.2263979486 23.0609553765 -1.09201825274 9.72770781317 -9.28452156166 7.52655602743 1.20599516518 -6.05510303601 6.05282726761 12.1823054732 
26.4494164792 18.85928069 -3.41357470759 6.97283772922 -7.29885658689 7.57604322628 0.00484623616738 -3.69190513416 1.47045392178 10.2209102297 
34.0789192387 12.8299899834 -10.9560889768 4.75568713931 -5.600299827 7.786703574 1.60773362484 -3.22437114176 -1.0803963271 6.82391399991 
40.2576879469 10.0203536146 -15.9339763634 6.83723396467 -4.41982499878 10.2276160294 -5.15943298915 -4.92144613345 -9.44627853579 2.58600022568 
47.2747490258 -1.16702148985 -20.1330225313 6.88368533952 -5.06935952783 10.6576041147 -8.04144650404 -5.97138190555 -11.9080718435 3.67740743462 
43.5630361828 -6.09701272998 -19.8168491614 5.51058203922 -5.90962352632 12.1849176554 -6.51726270749 -4.88652491555 -12.6803947569 2.09267319571 
40.398598664 -11.6039364095 -17.3164611689 7.6635365389 -6.66961139464 11.885610634 -5.70028536501 -3.84924927533 -19.8065358264 0.230030262683 
38.5062895549 -14.1747552264 -17.5892342641 5.86590155077 -4.14975639567 11.8110366303 -7.01751434001 -1.71212137576 -12.8833047509 1.74484122026 
32.587187985 -21.9830409235 -12.0758423793 4.66886487608 -5.96789462069 7.24524959546 -1.28382839176 4.24296016793 -6.39721955048 2.09640426859 
27.3462075479 -27.3448534138 -9.43942509896 3.58911378075 -8.95854782442 4.50426508051 2.12850008191 5.0523950719 -2.95121202314 0.497435662871 
25.6238442553 -32.6174429073 -7.1732828933 5.6227670554 -8.35557178744 -0.275455809827 1.27996927204 10.3325452823 -2.22070472743 -1.90963960543 
23.1922136612 -36.1994460103 -5.16565660121 5.70658994955 -7.98725519439 -0.551948968333 3.76294622438 7.74366542373 1.80715819424 -0.499630043011 
12.344173874 -32.9588132156 1.49749244335 7.6013986561 -11.7231895824 -1.01657182432 2.81012579438 6.05563010001 1.47532232138 -2.16331621983 
7.46499131626 -31.0946872289 8.03251937842 7.60242780171 -8.37465388346 -0.906110167722 -2.49458394939 9.07060141048 0.367767655402 -2.70351101209 
1.56918707784 -29.2872627319 8.44509704769 7.56207123801 -3.72736233099 -0.106636327883 -2.58171335778 5.94767551329 3.55412133117 -1.54052826327 
-5.55328875378 -28.009700691 14.4044081452 8.89399501293 -0.962073507629 -2.20663213862 -10.1335480157 12.3126442058 1.56943486046 -1.89580951574 
-11.6620893625 -22.1272915132 9.62645941072 7.01727469451 4.02148481964 -0.333183179937 -10.9038723579 15.2593048846 5.39508603096 -1.58681137971 
-14.541507504 -19.869567981 6.97539087546 2.4027275037 5.28772367874 2.1310285202 -9.16065891285 10.0089419702 7.19666795954 -0.865813308003 
-20.0621433275 -16.4990576433 4.20623109011 4.35760940332 6.70727503617 -2.31107142981 -9.81760042051 11.7052926455 5.79783541958 0.54947117241 
-25.1599116537 -10.9026343432 0.84356357756 3.62328651408 5.98300993843 -7.59650738553 -11.4802269228 13.4121255555 6.05936935912 2.04274579671 
-30.9559674515 -7.21947837698 -2.41823626525 2.10075124324 8.18864653801 -7.67683576482 -8.59830068842 12.5505803778 3.35497450266 -0.226571936261 
-34.147081737 -4.21477356824 -3.94387380338 1.28927457416 7.42583381221 -6.65998504526 -9.64628112076 10.428926069 4.73761023368 -0.291588003781 
-35.2064117028 -3.79451074218 -1.27439544627 -1.79700707364 3.34909495148 -5.20635553567 -9.71411803658 4.3854117269 4.1692673341 3.42455584012 
-37.0304894258 -3.57682088141 -2.5922225559 -5.54516277236 1.37008518286 -0.909069338182 -6.93380383479 -0.38898560797 3.07383286086 2.73017980791 
-36.1478932423 -1.84005969074 -2.91264608612 -6.01488770789 -1.94974157086 -3.86943297972 -4.22291384461 -3.69708576765 1.40881743911 3.1688436595 
-39.0154671152 -0.384363034541 -0.282365408676 -13.0962127575 -4.54107799626 2.28785879667 -3.23150797566 -2.76421479007 0.865409837061 -3.00553554131 
-40.4842675903 2.66393424593 -8.49556578399 -11.7578941411 -5.78959973356 -5.89520130065 2.73385235002 -2.66372431713 -4.26063856329 -0.965187319915 
-39.9067183954 6.95059302323 -11.4247333448 -9.73420256118 -6.77489687135 -9.36918605721 7.0093225912 -4.06786468372 -8.1795632969 -0.994658832471 
-39.1969387285 8.02868130008 -13.6969385595 -10.256920984 -9.37368622654 -7.3609220758 6.88878967212 -8.57312848983 -5.24161127829 -0.801249289685 
-40.264641961 9.43767167098 -10.101134562 -8.25111332951 -7.31283935892 -0.353343605429 4.27068620582 -7.31248153411 -3.90334077176 -2.30314196774 
-41.7438374861 7.29104324199 -13.8615824038 -8.02531356275 -3.94695431182 -5.8280499268 6.68945363077 -5.01558632511 -5.46684046269 0.519705321521 
-41.8727188383 6.43431690774 -11.312789363 -10.0929261257 -3.25213423949 2.58641543077 4.92867088293 -6.99775029938 -2.52931378206 -0.27497571577 
-39.1043029706 2.443768148 -7.09525470759 -12.3526622493 -5.29684340158 12.7622069563 -2.02687453379 -6.87951499221 3.44586935237 -3.7876403347 
-36.7692152883 1.51492680993 -8.26198870409 -9.39896035741 -3.50156935017 15.0136730805 -3.27701594542 -8.47823739436 6.2837162084 -4.94589492312 
-36.6302966202 0.255189181464 -7.13120719906 -8.80743898883 -4.00376541886 14.1169553534 -2.92852782626 -9.89555118771 3.52861335443 -4.59347447953 
-39.2957086132 4.15774621073 -10.6326644695 -5.14764059272 -0.763358789779 11.5705500423 1.39043228531 -6.54676566514 0.174416305021 -2.75826444112 
-40.6633671518 6.0920249054 -11.9824370482 -1.56800208097 -2.39270262079 9.63110839873 3.07419783525 -5.65373042826 -1.93233890546 -1.58752965997 
-40.330157319 3.11582080121 -8.38772513454 -1.62572035475 2.92063347279 11.1170851982 3.26534280579 -0.120144263595 -3.02661398547 0.178806234923 
-40.6421477427 8.89736723718 -16.2759890094 6.9489808026 2.49245314779 -2.41790198235 6.91414039263 4.27757834739 -3.89497667062 -0.0377422268528 
-37.7711875241 4.45091713137 -12.0477937689 10.3902688658 7.79277796526 -1.15497430904 8.47004653823 6.69567568159 -7.0535514153 1.50367449349 
-37.0173815464 3.16094977291 -8.87077662649 11.4557076678 11.3249177234 -0.356457111941 7.08173406262 10.1245623998 -5.58723610327 1.9715164768 
-35.4929285226 1.98717857329 -8.66504365656 14.1899862787 12.7547883356 -2.99540579921 5.06386927223 12.4322344637 -4.00925457593 1.41646171358 
-28.0974165997 -4.62168367264 -4.3890978011 15.3806444391 14.5418171771 0.1660823779 2.44844083276 9.77725013589 0.124380194022 1.11263074103 
-22.8497302114 -10.1455895391 1.01526957401 17.4933418612 15.5417292775 0.809610747012 2.2262577285 9.68388794861 -0.864539476027 2.38333788461 
-16.1761286478 -15.3883149079 1.06477483447 18.838329791 16.4289514192 -4.32344617951 4.83221210077 4.97565088299 -0.495896030432 1.11886159209 
-6.34018447924 -24.1963387511 3.09271987371 18.3124810374 13.8232982065 -6.12687423364 6.97700518353 -0.436566573054 -1.84884116688 1.88193119812 
-1.82049221944 -28.1869532437 4.78930218103 16.4916655783 11.4227345455 -2.78213025394 8.45021413385 -3.19131659092 -5.3586531334 -1.12281748703 
-5.18267137207 -28.5513507081 5.95056749464 14.3565183484 7.86425487018 2.51364002208 7.43633184022 -6.85347980657 -1.24735433021 -0.589003135055 
-6.33441833014 -29.9443067317 7.72978830695 13.3370874982 2.89406615584 2.61291199436 6.21889137239 -7.24177243629 -1.19858128232 -1.75803162258 
-4.42064886461 -30.7015445724 6.23328377835 10.6667398406 -1.8266815765 2.37124090477 6.97985384172 -5.478430773 -0.376937326661 -3.69574608278 
1.62825610193 -30.8558618049 4.14826800352 11.1173392521 -1.03416211704 2.65738134276 9.27708703315 -6.8942590775 0.241661398148 -1.60434642691 
10.7528784368 -36.4426789977 4.59051438016 10.9206333103 -3.48834731294 -1.60680180799 10.1030372224 -7.4401706598 -0.395559416243 -1.65692416589 
14.8561330848 -34.2450567818 1.84488974206 8.54691029557 -3.59727288343 -2.36555601096 11.2712299549 -9.49001591721 1.25898702498 -0.156511106694 
21.8955489056 -32.0537986449 -2.57881651422 7.85325439196 -2.63782340964 -2.29087125509 12.0116525112 -8.26212588107 5.12583995179 1.56323598636 
30.6628435862 -27.7140660221 -6.42376876633 6.38751630592 0.0473310782461 -2.95317260963 11.7864497904 -5.14388694343 7.9081247581 3.45176031602 
38.3788047046 -23.4940321338 -8.18591723227 4.77182768115 0.0315574210129 -5.50779101181 11.1694334034 -2.39478982154 9.62658475878 3.16649235218 
39.5019142757 -13.2364487011 -10.4781187309 6.67837846091 6.90403972552 -6.71777385682 11.651190546 -0.972639253779 12.3748259615 1.70929228705 
45.3269633661 -12.8440229267 -12.5761836653 0.946778861386 6.55109241322 -3.85900370584 8.79816934456 1.53964744074 12.7670538054 2.09829238594 
42.5858877598 -8.53330711533 -13.6290915544 -1.40291801696 6.71088605409 -0.296995677009 4.16888532517 -0.780682292549 8.65272739185 1.57859727813 
44.3401670537 -5.18677520535 -12.3910044683 -3.89774105522 6.9618170354 -0.0417935986766 1.80178770308 -5.13569277426 8.70426139132 -0.492550839808 
40.0559072464 5.2964174332 -11.7376876831 -0.823045703167 5.94469466291 -2.36126138985 -1.73784022522 -4.31578195683 6.83347759527 -1.44364859027 
38.2255179194 12.7488253276 -11.430473338 1.76593043872 11.0781422957 -2.51987306381 -3.88211602119 -3.12767007045 5.69802204325 -4.32810229804 
35.2901385494 26.2133844965 -9.39304507869 6.05580569446 14.6703104983 -4.22406295234 -7.49064885254 -5.90807882444 2.35243922335 -10.1264547874 
30.0842334326 33.7350699949 -7.02984035737 6.19377407207 13.8369328481 -2.16307065922 -8.74510079152 -7.92771123939 -1.81725046371 -12.8100469708 
26.275813308 34.3310754685 -4.917736114 6.68361707932 11.2737134542 -1.12505551263 -9.00972952604 -7.54135300218 -3.8275091281 -12.3857918901 
27.328591619 33.5138102851 -1.48477294702 5.42364539869 9.18535769273 -1.51400505227 -6.83954236885 -8.25350319121 -1.1952647308 -8.24628573203 
18.9104424762 34.1131546198 -1.42569561001 5.68904071566 7.33068423743 -3.41882638211 -5.63097301351 -4.28401942638 4.02896281081 -7.41452641489 
13.6754229947 35.7229364853 2.69403457356 7.15923598793 3.37049358818 -5.44886085672 -2.91206822251 -7.70415536487 4.08752777422 -8.16275595878 
9.48268836529 39.1767114827 5.05574791557 8.73913839953 3.71753698839 -8.39573729809 -3.30659021289 -9.28397220277 3.25496717687 -6.24203046747 
4.51062082934 40.3430129159 7.00775567514 10.2519676729 2.11452823844 -10.2751108395 -1.05986555764 -7.61934230243 4.54462814341 -6.38304746441 
0.443736795864 41.4226835267 5.51000873914 12.6860571193 0.579866408638 -11.3689547923 -1.68191542229 -6.64478304928 6.50405336146 -8.34013690578 
-0.3304668206 38.8162642409 8.48102144553 10.369822338 -6.18831673242 -8.14023806186 0.795714895653 -3.812958598 4.23534643558 -9.06008728396 
-1.07025722688 38.233119343 10.3237072338 9.75453092746 -7.13378949736 -5.11207247099 0.943263076276 -0.591258393556 -0.760284701435 -8.29474528003 
0.000366020124778 34.2464171857 13.344351922 7.00093729571 -10.2045368474 -1.0406146022 2.496805272 4.54923209379 -7.86233302709 -6.17609032249 
-0.616031421246 31.3391248223 17.4139423843 1.719724597 -9.92219135102 -0.114416049465 3.21367058085 8.16133596826 -10.2974723121 -3.46796591997 
-4.96202186525 35.8876082572 13.6892675925 4.82827313476 -8.57282970998 -2.14680858426 6.33010523885 9.46221187564 -6.84852863226 -3.79388137967 
-2.85093063326 39.9850637745 13.4046544636 5.73368860625 -8.6366093995 -9.03101140945 2.11526487519 4.2633340911 -5.28988127077 -4.95022314283 
-0.499801723344 42.5598213225 12.8461771735 7.15877177537 -4.14621030426 -11.7564900972 1.09020908399 1.87755399186 -2.5416401188 -3.94606641321 
-0.835107368337 44.609518779 11.4280757824 10.9362783524 -2.59461019089 -12.4186641595 -1.2946835673 1.74840087662 0.937811655005 -1.21640331022 
-1.45201005042 40.305744516 9.98025826302 10.0004470533 -4.46546685167 -9.57410806731 -1.60502763031 -1.28200230347 4.42990618954 -0.633524967667 
0.552148000937 35.0231254941 8.02693520892 7.46911931446 -9.85298884594 -4.28467619451 -3.56730903008 -3.1028572005 5.23775226012 -0.631776131226 
4.28083312265 30.2884433039 2.35502154215 6.8515128402 -15.0725213785 2.05443396918 -6.73019509532 -7.79049852304 6.31397765142 0.932798623073 
7.95591504004 32.2938646304 -2.0332309561 10.1592102438 -9.25452536915 -0.00491872098325 -6.97590332996 -7.55665693886 6.07013141353 -0.080187805287 
10.0213922414 33.8037785868 -0.204606858862 9.02661618845 -7.27352780674 0.15723178414 -6.37191817897 -9.82305226206 4.80465002763 1.03249589499 
12.0250522832 32.3414120394 -3.23215574716 9.01867187225 -5.018940159 1.56755337795 -8.87509713274 -9.75307283372 2.04807189265 0.817091797501 
17.6042569034 29.4731659205 -6.25526958478 6.31664860667 -2.10357877381 -1.58388390359 -6.6856700419 -6.29718196382 7.07911699684 -5.71035839246 
21.6716123557 23.1805113103 -10.1069509238 4.8456937529 -3.89198850822 5.81935924236 -8.17687147815 -1.75356528713 -1.05481296522 -6.82905151705 
27.7084487722 18.3733572118 -14.1189827236 8.54816368558 -4.67561808109 7.77783898116 -12.2203064067 -1.97027431155 -9.71821027515 -5.7405778495 
33.2350268902 9.690482387 -17.6081856008 9.13176590597 -5.17566554613 6.91051977064 -13.5376824738 -0.0515261111097 -10.7675599412 -3.93384907597 
34.4989883755 6.44210337434 -18.3323893397 9.2789780496 -3.07635639848 6.19238352074 -10.0420512857 1.81348099689 -5.29519142276 -2.18560897504 
34.7634331857 3.96205355463 -18.5435298395 8.44395543748 -0.404770382197 6.87944812129 -5.78374388451 0.564393493642 -2.27140972275 0.0708760456332 
28.1739828263 -0.973048557272 -17.4418549031 6.61523384544 -2.3174524913 6.44320531561 -2.92365513522 3.507404924 1.65227299782 0.555800781881 
23.9073345739 -7.3300854931 -17.0206376154 3.08403420838 -4.07962966083 7.52978489934 2.5847232444 6.07338031173 1.19400546838 0.757743913716 
23.9008432607 -12.7776348554 -15.8827160602 3.32871497213 -6.35430393534 5.53874908342 3.22246467291 6.04112586661 4.52885172513 1.56202646633 
23.0315721382 -19.2662597454 -14.2748038802 2.75200209173 -7.33193276757 1.2884158948 6.82041636544 8.00150295235 7.19667158721 2.0440991341 
21.2809448132 -25.8286759015 -9.26332577529 2.59759212751 -11.9923911108 1.75511320669 6.46704052796 6.18267175774 4.46472587153 -1.4733880256 
12.0745751276 -23.9237529991 -4.49884464787 4.31060174698 -14.435849785 -1.03340717975 2.60139751682 7.38335367949 6.18512600336 -4.59515674315 
11.3001420949 -27.9512978014 -0.0336358017953 4.3605579326 -12.8580707177 -4.59631330184 -2.64123738108 4.39845215677 2.97633382187 -4.8256275831 
2.6091382306 -24.8339326669 4.91431477795 3.48098083312 -10.0143803204 -4.21041858704 -5.87754788291 6.34320147353 4.6494996227 -5.34716497114 
-5.62216867723 -25.2626716978 4.98243070331 6.2120328749 -6.62062088979 -6.09969348747 -8.74172713034 4.11627728032 3.19922751939 -6.61465211467 
-9.49650309512 -21.2269625554 0.25880366945 7.53746689057 -1.73288495539 -10.8932794041 -8.28487072709 6.02471845026 3.75632833271 -4.94342166819 
-12.1850963081 -19.2578923701 -1.21481793951 8.96880385602 2.42037861692 -11.4074792073 -8.48008914565 8.83123134149 4.24862985923 -3.45403342026 
-16.0273302078 -13.3760670657 -6.66113752486 6.95698743406 4.1667682824 -12.0791746867 -8.99112256383 11.2813630106 8.33172852667 -1.52380478674 
-22.4385401924 -9.8119593591 -5.17328006935 5.7176256091 4.94215524258 -12.344653033 -8.26135126235 10.1670936558 5.91166403868 1.14170437594 
-27.9091050917 -8.78519061953 -1.77295183267 -0.532620609389 0.798649064586 -2.94060430667 -10.1693907993 7.27897024704 4.54150853177 -1.39419510524 
-31.9107011218 -3.54239164329 -1.7960232724 -2.34385364099 -0.269019667502 -6.88890590049 -10.1106895739 6.4607540366 3.55345151062 4.28460031602 
-33.7975385171 1.82459504464 -3.31773677723 0.623963286512 0.11632776222 -10.046078108 -10.1045683612 9.20659887531 2.05320742551 6.95444074584 
-36.5051864206 5.63471730613 -4.71436153598 -0.772857565629 -2.28971325476 -8.19265276105 -8.46686678936 8.02806929016 4.54039982594 7.8856614679 
-36.6006113878 0.98346624927 -2.20295770348 -4.51677172961 -4.95364197984 -3.66887861393 -6.09988193534 4.55430287745 2.77291794238 6.3707337989 
-37.4830273234 3.29792123645 -5.6499547402 -3.35833702159 -4.50215873095 -7.55946442299 -1.08004074567 3.06119552646 -0.845096171852 6.89030382267 
-36.2765535771 5.31026651708 -5.08477024027 -4.80592916035 -4.26160752461 -6.03672321345 -0.538369675207 0.594051076727 0.692912149572 5.58333410214 
-38.3570394379 6.19123518594 -9.57935796213 -4.9260784499 -1.86906058831 -8.87920238243 -2.35380313139 -0.772666550616 6.03528995454 8.40063959184 
-39.7985890077 3.33803868979 -7.67467891012 -10.1068401602 -4.0272635614 -4.9961625203 0.11113641469 -1.98693739024 2.00173155159 3.05445628987 
-37.6563270293 1.60105717231 -4.11529783661 -12.8589509186 -6.83411009327 2.56715921139 -4.40313058117 -3.50950538492 5.20176187364 1.61789754732 
-35.3103668254 0.919950049006 -0.651367817624 -14.6886244049 -6.06500891398 9.19036845142 -7.60091692548 -4.168629581 9.96183274426 -1.85256787627 
-36.0706316603 2.21472575218 -4.29228292574 -15.8804563197 -6.53730570368 9.86033409568 -3.7810447724 -6.5293885205 9.94075777887 -0.705306201177 
-38.355617933 3.38979421081 -6.41598894158 -15.8438778217 -9.04890097345 11.4856555111 -1.65726883419 -4.17836881277 9.86573213968 -3.7322569298 
-38.7582319582 3.45088662445 -6.57789929284 -17.5027650404 -6.32825225415 9.94746270892 -3.47157218391 -6.65370224265 9.89860691202 -2.21645732046 
-39.5858601231 3.75861370341 -5.74877037221 -14.4381227176 -4.38592590056 10.5261727541 -2.86146696591 -3.3451624172 8.93188365303 -1.95967755247 
-39.2829825443 -0.979725685528 -3.12981986041 -11.1657037822 -2.21625682261 15.7184819255 -3.1897647712 -3.0102565033 7.92059431611 -1.41634589369 
-38.5130958382 -1.47468483654 -1.11068386894 -8.08087559524 1.74317183634 16.3818688361 -3.74690224441 -0.774065060754 5.95219709242 -1.43250255441 
-37.8544756238 -2.78244889459 0.315607500791 -4.31623859127 2.45400540165 17.8428861623 -2.72841723412 0.283299258938 6.65072445078 1.26127113012 
-34.5385911306 -8.01079403822 1.65267316047 1.02934537867 11.0560387379 21.6685645744 0.284752698787 4.54995711121 4.28486438426 4.00375603252 
-34.4861075949 -8.50496174408 -0.380186347422 3.36553620864 12.0247678632 20.6947434099 0.454423688424 5.15782018255 4.41216210156 6.44690801105 
-33.2406575134 -10.5093796315 3.91307958505 3.75742326096 13.0149248238 18.8417986365 -3.49851616468 6.54229494055 5.78447138009 5.09820515167 
-31.2624801373 -11.6043078077 6.31098644961 4.56864765955 11.9118889128 18.3635548131 -4.94733990061 5.82350133962 5.41826380036 3.02802616595 
-29.7962181756 -12.0508724777 3.45130595348 11.9863062148 13.3714558876 6.66344371596 -2.56082814722 6.76890954091 1.08333877054 3.47353292893 
-25.1709796472 -16.4589231729 6.4621251229 13.7876092779 13.7523526054 4.09184921702 -0.0816275857549 6.47878045656 0.76729364771 1.15031671579 
-23.3382206942 -21.4576766996 8.99649162105 16.600675523 11.2933848356 1.65969904861 1.77121490732 3.25630289677 -4.80157339439 -0.294305054581 
-18.3298385153 -24.2689877456 8.8334335275 19.0001924634 10.6568268478 0.460834421565 1.72502133975 0.116491847157 -7.40659911528 -0.790772182725 
-9.54916409751 -28.6536367186 9.18783216749 18.5861124434 8.05342770258 -1.68191836729 6.71697910073 -2.84461442112 -7.49347928233 -1.56803148122 
-0.831160220132 -36.2968749712 10.7662025711 17.0237220306 6.12053389953 -4.32343573981 6.58742000204 -4.55352657707 -7.48018166374 -3.70723663713 
2.36073025138 -39.6294058398 10.9397702993 15.4882984776 2.03939285298 -3.04747377644 4.50749222387 -6.984043211 -7.80500073529 -5.54538722749 
7.76235994771 -41.7865051671 8.16811587142 14.0566526255 -1.90840455782 -3.8535187221 5.84219679232 -6.32694215563 -4.82076661608 -6.71760692381 
11.4105549402 -37.2526537771 7.50564210833 12.0109810155 -2.03684306445 -3.14970092887 8.74757559032 -5.89035763893 -1.38034255227 -3.03290542928 
16.8198004023 -30.6961975394 5.50482788038 10.170239044 -2.93636143622 -3.8184040377 10.269044698 -4.22922361833 1.89492851202 -1.10657475987 
22.4260249656 -29.2252521822 0.37381966451 7.03694557147 -5.10046693214 -3.2792270499 12.9314252595 -3.57726175535 4.07238980448 -2.06593074207 
27.2469993022 -26.1937809474 -3.37505861554 4.08833877194 -5.54830424247 -2.94301302818 12.7438282993 -0.6151455875 7.31398967528 -2.27937639655 
38.2186621115 -25.4649707462 -8.06438875458 -0.111215544192 -4.96157606495 -2.61806251463 14.8082527593 -0.339069493136 7.93516145243 -0.951572879575 
43.1989683939 -25.0330138031 -10.4305832302 -3.5204139264 -2.18661847954 0.247763769084 14.7723211829 3.73299581186 7.55137770225 -2.98772587676 
45.7062589256 -18.9760839968 -14.1779615782 -3.0012997631 -0.0106196190919 -1.14546891338 12.43296063 5.16947693985 9.08678639152 -1.31854866032 
46.691287737 -17.1963470354 -15.5884738059 -7.12295303622 -1.18809643374 -0.450754552494 9.84887590412 7.88417211971 10.3264531413 -4.3384769787 
45.5962536083 -15.2819995103 -16.2973828347 -7.6089468097 1.55846815987 1.14108470584 8.70021759238 2.82608411669 11.1000038024 -4.82855252029 
49.3253855667 -9.50845160417 -15.5473313794 -6.15947337891 2.44157129706 1.13907169462 5.85599226167 -0.026664014852 7.32238910588 -3.44689053974 
45.6020791788 3.89519635406 -12.7273789985 -3.70005166209 8.40962996446 -0.125337872065 3.05017511399 2.04952509759 6.94548318995 -2.92386041491 
38.6822582037 12.8363070364 -9.67123823617 -3.94568579928 8.56649186983 2.57312737934 0.178895797788 4.87271558196 3.84206786077 -9.74259110238 
39.4577214829 18.9164686177 -7.67043336462 -0.679852387997 10.219819134 3.32297392686 -4.92138118003 2.43171555197 -2.0721818586 -10.1753533047 
32.5667198596 24.747509427 -4.55102164641 2.46078503136 11.6554962865 1.99513342994 -4.50782848497 2.45965866756 -1.16606868576 -10.8774116441 
25.3276436381 29.0207034984 -0.0860284609382 1.94073314964 7.36654018587 1.94557724525 -3.35480144429 1.01900589174 0.427830092166 -10.8532450752 
27.1909015623 30.7324228213 -2.20801583659 5.23013691797 6.08094833287 -0.579931324472 -4.97155752423 3.95972795614 1.76218759554 -12.4320790985 
18.7647830576 30.8870902792 0.204559270534 4.76587644551 3.48773089949 0.00165823469721 -0.528754238598 0.776779506766 6.9269502551 -7.0021541051 
15.6003634065 32.1743262626 3.65935292824 6.95170670114 2.02457765561 -1.25756843881 1.51952073228 -4.19846160432 4.39362276631 -5.22159427704 
13.2984104469 36.8583757804 7.13561944708 9.04700723317 5.09950624567 -3.93039282823 0.489565546186 -8.59088008344 4.05612626292 -4.93884510785 
9.30557115129 38.4705023854 9.0800139202 6.51069009354 4.38812579093 -4.67436265748 4.36559917492 -4.98094498951 8.33094334707 -6.40522666626 
6.32671447711 35.3392955203 10.5803234928 6.07664062515 -1.56555838592 -3.42194661923 4.16202152605 -1.62179181602 4.71368080159 -6.43701866262 
6.16325112254 34.4830097158 13.8540758832 5.44167624232 -4.68080010723 -0.442105775129 5.38449250355 1.40115475429 2.67517534707 -6.47172329312 
2.86012126682 30.0264482221 16.7985684864 0.931596278192 -10.406626287 7.13435248664 4.13921944364 8.53544577424 -1.98061977977 -5.98212904183 
1.26685541806 28.1616949147 16.0451082938 3.52150230777 -10.8742161291 5.71768149262 4.01770074435 11.1237482055 -2.28405350132 -3.7761891519 
-0.164101717545 28.1505445263 15.9895532813 1.70005162902 -15.7753134811 9.50884828587 4.47913553415 9.74203714323 -5.27344920559 -5.37032412769 
-0.638928897879 30.3966357606 12.5433638214 5.65741912512 -8.87944124125 6.15851240206 7.88731362152 10.8098141784 -8.02707713232 0.761526066516 
-1.80475474876 31.4396208512 11.2713507996 7.54291491639 -8.64606541955 3.95482903217 5.84572469931 10.0957228029 -5.75857093969 -0.863095415512 
2.59148364616 36.4628983339 13.8824638931 7.73079948379 -7.15364380408 1.45997830812 3.04024496285 8.48107755528 -2.51878626588 -0.996066510515 
3.83288880604 35.6518555044 12.435116586 6.85005293731 -6.62546418625 4.03956682737 2.04541187052 5.71385648859 0.504739739599 0.677059847675 
2.62850408844 36.2839652524 12.1359413163 8.03148708389 -5.01788614659 0.90331624192 0.716888834108 1.91574458712 4.02591668285 -0.247317544538 
2.45602684987 37.3571169409 10.370213366 9.31634068203 -4.70416422312 -0.64719355796 -0.976908785314 0.580038487799 6.2231264289 -2.80867458663 
0.973945612942 34.2821061258 7.73615253808 10.4564865639 -8.79552607734 2.91567337624 -3.50381597125 -0.0093670071989 6.08010165675 -3.81774448246 
4.05986386805 33.7546046813 2.9327150722 12.777832703 -11.2934458047 3.82873489536 -3.89348151873 -3.70675299291 7.54557586209 -0.350601065323 
7.64835510559 29.7334971295 -0.638797542967 12.2886908651 -11.7128805477 7.13083307954 -3.8902398923 -6.30008374916 6.64022642912 2.84287348656 
13.0257884453 25.344820626 -3.47108437352 9.56184442245 -8.86947958287 8.51824656356 -3.12012123691 -5.67334824157 7.8360383689 3.83246348778 
21.7044147209 24.6462410392 -5.79233779502 9.60303286821 -2.50785956195 8.49436660428 -4.84518244417 -6.00030008857 4.04661469125 3.67391312621 
27.4697720438 17.1897620719 -9.44209776922 5.46648553271 -4.97469332718 9.6686413516 -1.94394892669 -4.58720935937 3.78670699747 3.56840392322 
32.1009366297 15.1616709057 -11.704747104 8.25382134626 0.631459076274 7.8425193863 -3.24802793493 -3.29065756769 -0.242934493577 5.40444992088 
36.0871478724 14.8358894191 -15.116030189 11.0469842343 1.26761273255 8.71479184727 -8.46574001927 0.455787764379 -8.12774334741 1.89733978346 
40.5686805948 5.72531508845 -17.021688837 11.8513503099 2.45858111956 7.7283399134 -8.64902832472 0.360108279455 -13.8914320938 3.41388909406 
45.0852418979 -0.0344702982681 -19.0173457911 8.69046459658 4.0068123475 7.3386192102 -3.86166951708 1.69342367758 -13.2252642881 2.9344175684 
40.8547516958 -4.43289009458 -19.5122206375 8.34074852169 4.54757315697 6.95217256387 -3.1888894328 1.58805161586 -8.5270417669 3.24619237358 
39.0073237787 -12.5049975497 -18.1337384176 8.40263279576 0.0495858879961 0.749509245801 2.50866277787 4.24040886735 -2.90775924727 3.75912716522 
28.2777969225 -14.1042068897 -15.4982570854 8.36194399745 -1.30355649682 -0.730497094213 4.3904425344 5.2364033511 3.04684445662 4.81293377586 
25.9868625711 -18.7432635351 -11.9313765855 6.34305814287 -2.86423003977 -0.627402046991 7.30567393008 7.47902764881 7.25721255717 4.3766698358 
20.3803635203 -20.167152741 -9.68585501191 6.73631181293 -6.04828014164 -0.913880249545 3.34628111513 10.1971535735 6.91603835529 2.77814748167 
15.7286316162 -26.5869475176 -2.5720859832 4.9248620389 -7.32361251649 -1.76684028799 2.34649867753 10.4203059235 6.85137448717 -0.0399127253785 
8.46648627245 -23.2020821184 2.60653512666 5.36172403793 -10.0471682677 -3.61818547358 -0.145269421536 10.4938754096 6.19987568313 -2.06102851858 
2.83441704386 -22.2943769071 4.86637013288 5.50549275351 -9.59520444441 -3.61028546102 -1.37682832647 10.9986051565 6.16809238896 -2.04893707583 
-2.14897041379 -21.6468625159 10.0200667689 3.49347208786 -7.10148216154 -4.14595371797 -6.44874007406 7.38533712077 5.71632231802 0.333247245483 
-6.67366571694 -20.4249348802 11.7821144225 2.06442125245 -1.46446467966 -3.38129992389 -9.26455338994 7.38135815252 7.52784683228 0.985065337494 
-12.7385197052 -15.1957614124 8.54684790309 2.61499146116 3.60336785425 -6.83761666849 -9.13222453555 10.4054468446 6.34830153256 0.392076064181 
-15.160745813 -12.1544849313 3.74734084767 4.42847797625 5.91335167572 -9.40774433229 -8.14739809137 11.5047426693 4.88481999041 0.318418117678 
-24.1277666309 -10.832254669 3.60332689458 0.982219954063 4.63245898807 -9.60294505804 -8.22705904994 12.3982486034 5.11860923413 0.455325767077 
-30.3818884749 -10.4441010608 7.20719028217 -3.05158515869 5.69482728201 -0.361247921326 -11.3541064246 11.6163060882 4.36838134011 -2.49991821137 
-33.9716951127 -9.73061987148 7.39018704921 -7.02052448952 3.67592444149 4.64893688491 -11.4332451006 8.09334790311 6.32188645936 -1.71109277582 
-37.3319632138 0.16013660891 -4.09123552254 -3.04911911474 -1.34337468488 0.246244798891 -3.71361885456 7.5795341286 3.3367774286 1.00834598547 
-39.2318159404 1.71379341227 -9.39996233007 -6.12054027885 -2.09073620373 -1.24994459965 -3.38437704509 3.77062530631 3.23237543307 2.44422004261 
-38.7318654849 5.56152858975 -11.3617302051 -4.62666071872 -0.35866847501 -2.10590972305 -0.249294110603 2.22718012184 3.77049308354 0.907372063675 
-42.3865248142 11.6777613832 -20.9020961231 -1.97865873388 -0.107373969208 -17.4143196149 5.04281049999 1.10836493114 -1.49656036085 3.36274101331 
-41.8704435586 8.52264544311 -16.0911350466 -4.91595948432 0.590153059731 -9.21268230018 3.79016736453 -1.69587758793 0.137200118926 3.19015261752 
-42.3067457331 9.94690985612 -19.5448892064 -2.17965897278 -0.450440368805 -18.4345296684 3.52645676926 2.71683339944 -2.31189051794 3.07253935058 
-42.7177226306 10.0056026597 -21.0507751214 -1.12666177442 1.70323606698 -20.6378087954 2.59874887392 3.47931629141 -1.53638790736 2.90610550941 
-41.9754075097 12.671198735 -20.6878460001 -2.58549838005 1.83287629259 -21.5765513066 1.1026178165 2.75350287771 -2.16808756953 1.3088731851 
-40.9157035929 12.06588098 -18.9097765176 -1.1481810671 2.97549856953 -17.9295509085 0.0581007411286 2.18496237221 0.565360927822 0.805969841254 
-42.1313253871 8.78825831075 -20.3940701637 -4.60022971994 -0.375981495146 -14.4844026872 3.16879792047 0.726466262312 -3.13582283511 -3.6336791684 
-40.6168920374 6.2940638661 -15.4370962965 -8.2904787681 -1.82315297629 -1.65148149257 3.42530060411 1.44039148097 -1.16780797099 -4.43789325796 
-40.0712123428 9.73760967769 -22.4074320214 -2.22633130853 -1.83913525921 -12.5572607818 5.72387065146 4.4514484919 -3.55493978963 -5.96436281706 
-40.2959453564 9.28890859391 -23.9871760319 1.85039087944 1.80839695045 -17.6255068602 7.19472890733 6.54918513643 -4.94948938467 -4.12115755415 
-41.176365834 9.50836500128 -23.0945578896 -0.00804650114699 -1.05696361891 -11.4829656126 8.76215924045 2.89276944867 -2.06887016463 -4.76781793924 
-40.3239455498 8.42975507193 -22.3494734894 2.00002378897 0.200307118933 -7.66586876694 15.7109458901 6.9458164571 -5.4494180554 -7.28979140415 
-37.2895110558 7.17311282639 -14.2759762206 2.1679789799 2.60703377826 4.89140000975 14.6134876961 7.87621371019 -0.675042481634 -10.666410109 
-37.8018719985 5.75738679412 -16.0274825724 5.4952006229 3.94881275845 2.35807731028 15.8019763646 9.58003384553 -3.12403563291 -7.46168852685 
-36.6239144606 4.92228181847 -18.5436429463 10.0130522655 5.12941613495 -6.31447280207 17.1919064815 9.32544416267 -7.05302977537 -2.15987551296 
-34.7181970666 2.85300548959 -16.2866554022 13.3935184087 10.1640775788 -6.49366339203 14.5065847256 9.58273706137 -5.05533174159 0.714453767946 
-35.5265090117 -2.39214373341 -10.8465624507 14.6379460284 13.980086451 -1.21471178309 11.1059770841 11.4175817685 -4.03675744454 2.7850712622 
-32.7181782846 -7.08314647564 -7.33836544943 14.4859029652 12.5008082145 -0.991425104687 9.19139773395 9.79452294912 -5.11825772602 4.90914561761 
-31.9565290992 -6.56490811928 -3.55648522085 16.1998933858 14.0404727054 -2.17094723397 5.18793491773 10.6292189096 -2.6893159875 3.03341004225 
-26.7788229555 -15.3980035507 7.7477947528 13.2534564106 13.9558407943 10.0799057951 2.64174457491 8.24198822593 -0.518084511403 -0.0395241404271 
-18.9537127072 -21.3393638661 10.6818273576 14.8817070029 12.6621724316 5.14322572575 4.16617088895 5.67760091855 -3.53299906345 0.931540742532 
-10.7952909568 -24.7671682533 9.35609435775 13.512721155 9.78593776954 1.83239063781 6.44285334275 0.383462818815 -5.53117009474 -1.68087972802 
-7.00510483362 -26.1508745265 8.05322896098 15.0111683711 8.0241439003 1.23516703234 9.26212048556 -3.18024213297 -7.43500811633 -0.226246106655 
-0.745600048707 -34.3973460774 12.7084834733 14.9136901797 2.94486376239 -0.861763283114 4.86626723569 -6.03668639786 -8.84425884583 -1.45161403857 
6.44246157783 -38.5690385581 10.4944457933 14.1027138082 0.717257016973 -3.65959486596 6.35352922796 -7.34834701299 -6.8049960465 -0.0826022930391 
10.6111808472 -37.0647579789 6.05450872424 11.5320980574 -3.63744289004 -2.56565666268 9.32351252928 -9.52737984319 -4.1700783755 -0.100227087623 
11.488935058 -31.7627537253 2.70659787084 9.06120601818 -3.87252521457 -0.317210307961 9.81630716685 -6.34867972582 -0.760312733101 0.314274170689 
12.3359936624 -30.5353744943 1.29540154831 6.05697582321 -5.15477792792 1.86455375143 10.2992613715 -4.27281279865 1.64853776557 -1.98836605941 
21.1865803573 -33.3832265844 -0.146300890943 4.41588778545 -2.25847403637 0.265978804901 11.1331590122 -3.78603460946 3.1235957537 0.340319571934 
32.6859956568 -32.5558979648 -4.99327380645 0.761271220736 -1.52297526909 0.570217855575 12.1662839842 -0.922899993498 4.64676231252 1.00926747483 
40.226226426 -29.1111620161 -8.3493416284 -2.66956258115 -0.898879850851 0.1683886035 12.8684378666 -0.171383654066 5.65878871388 -1.0740652717 
42.6306131409 -21.9412529626 -10.7549174617 -3.72576058037 -1.82837771398 0.350121350334 11.3994646797 0.823610717441 7.17460317619 -3.97236831063 
42.1262372832 -18.935013667 -13.726029828 -6.92472637596 -2.78061092115 3.6213570546 10.6586064286 3.09714927421 8.47453826949 -5.71537634399 
45.1107721657 -17.1757580167 -14.9475127751 -4.32695057518 0.191892084766 2.68709021525 6.9424074356 -1.52863197034 5.87600235663 -0.213826193184 
42.2646372838 -10.2006413664 -13.5668128334 -1.13669319764 3.11605744154 0.671932562101 4.97514646627 -1.22066511348 5.3083008523 -4.21206985357 
40.8514858102 -0.389649977507 -14.0769435168 2.0709926674 4.53539134007 -0.815142420983 0.487756762611 -2.38056069329 3.0530607232 -4.81286238156 
43.4697693496 9.74707337393 -12.4799685019 3.23360128172 11.4499094153 0.610251832652 -0.551090944605 -2.19153007674 -1.75640927423 -6.80938171443 
36.1606428628 15.9430257555 -11.536546103 5.16244827102 8.50260298179 4.01687060677 -5.67305762787 -2.64109531564 -1.94512040285 -7.67203100503 
27.9113334325 25.2542140872 -7.64138742702 8.26088726313 7.30683351506 3.39155220587 -7.9944693138 -0.898466299732 -3.44876127374 -12.9592418723 
23.0127946323 28.4323741794 -6.87805344283 10.3031161122 4.29132564341 2.33750940001 -6.67628605395 -0.980165260188 4.59808816329 -8.18826793794 
24.340128699 28.9849232713 -5.24070311066 9.058403624 4.36093062578 -0.701885844206 -3.10647769221 -3.651310966 8.65284183934 -6.96009074606 
20.7218121966 33.6540715734 -2.7240103282 9.44337132724 5.55187629322 -1.69332813486 -1.55932862303 -5.85472636078 6.00421143659 -7.58394238238 
18.6440939721 35.1968732956 1.61631279488 9.45854981544 6.53003116747 -3.95342021488 0.239573774447 -4.5327926098 5.84067774633 -7.64930923583 
9.7228035652 34.2427721123 5.60283932328 9.05378964727 1.92761270353 -2.137336742 -0.812561538254 -5.10375817355 3.49039286197 -8.75669403559 
6.21092078377 33.2507553506 8.06830594186 5.82497041857 -2.53050900168 -5.62331718549 3.09018418288 -1.26813161375 6.45942238549 -8.85457020102 
4.64975630031 33.0567066885 11.5543275972 6.27676386347 -3.79793990615 -7.2290701158 2.99508055063 2.0220534718 4.55866745853 -8.96672853332 
0.443719154185 35.6172099222 12.6182001106 6.2824544236 -4.41721922917 -6.72364484172 -0.198300118932 3.76077525821 0.545179973275 -11.623170129 
-3.71482652113 34.3084931417 11.8988664023 4.24720660705 -9.25967647331 -8.09415928058 0.830927594987 4.3693086554 0.475769146236 -13.4464274653 
-7.2493936846 27.6073932884 12.3641926116 -0.936885368512 -17.5106108674 3.43250570283 -1.87469323726 5.29902832308 -6.61168501231 -11.1736112417 
-11.6781577284 23.3327702513 13.1343522642 -5.7926904557 -18.946990771 10.4284734067 1.01164254076 6.52553144293 -8.08075544852 -10.7374132471 
-13.3979386724 25.85167976 12.7222621986 -3.58273037047 -21.7076447607 5.23283094213 0.82266036453 5.24841555529 -7.47221110123 -11.1562145604 
-7.09329781663 31.3488811711 16.4057644792 -0.569534145288 -18.8665003558 0.461587123818 0.50871752095 4.82336437988 -4.96297609393 -8.29641884897 
-4.08715437523 31.4292050306 13.6115678116 1.24880098488 -18.4972626 0.580237057257 0.0768997814572 2.29712650952 -4.46920960773 -6.68007998131 
-0.211336768392 34.1473412396 13.5248242203 -0.52494826005 -16.9823852343 2.62730813188 -0.758298473869 3.06477791377 -1.40564120571 -5.46623807811 
-0.639128301023 35.6995275796 8.37847504627 4.07658411685 -13.3954190834 -1.29115566325 -1.87123217669 0.052525222778 3.48142301223 -4.09808781727 
1.21111194599 35.4143844018 4.78523083439 5.96049606166 -10.5426737269 -3.81988316832 -3.94425223582 -2.06540410144 8.45311847217 -3.37905571052 
8.00143683578 35.2821758245 3.25276493712 6.40180510474 -9.29287448758 -2.73793619678 -4.55173307576 -4.92454597069 10.1266317268 0.286882897018 
9.52757861589 32.5294435972 1.4575228352 7.9137942424 -7.66972297829 0.330459102459 -4.45350884712 -3.09124752181 9.54282486928 1.31263072451 
14.8125268495 30.2519913163 0.0410301684178 5.34462462129 -2.74083232415 -0.915021486245 -4.42838782974 -2.36886042533 10.9743737789 2.07168707349 
18.7537391718 29.8109242227 -2.15534420525 6.49602556485 1.70242748296 -1.75507534796 -5.4496588136 -1.43249207646 14.7785528261 2.39295574864 
31.3029448025 19.4022259156 -8.79081362508 5.91097569236 -0.150540845786 1.03444118491 -2.36315315709 -0.319921122793 10.2649653984 1.27991705739 
30.8824078888 18.479105123 -8.19457026945 6.67924337348 -1.1417955449 4.38559706299 -5.91352399705 -0.536534010368 0.83440409648 2.14571183748 
33.5137342597 15.443685468 -13.4569889889 9.04424617939 -0.358663440532 6.48156380992 -11.4537788809 0.698612952389 -3.62908418178 1.15378687015 
41.1415114534 7.06176218588 -14.1123278167 6.53170788538 0.484314204658 6.41336572594 -11.6229272181 5.59986073768 -7.49809254719 -0.695284208431 
44.6721086782 -2.92018707859 -16.2585955037 2.6715597225 3.01634228207 8.3533560959 -6.78322414251 8.21492406255 -5.38681474255 -0.644760804512 
38.52799235 -6.06005544449 -15.5008749203 1.67679334463 0.751031162638 5.4439268093 -1.10900190929 8.35150318348 -0.80999767533 -2.31267576792 
35.5659406579 -13.2255551037 -14.0174664692 1.66668694905 -3.89519542768 4.12153475762 1.48974872595 9.6072572019 0.444555623309 -1.20928495441 
29.2191576444 -19.7607613341 -12.4361568596 2.7344927887 -4.56949553141 5.34729572037 4.46263522806 8.01748118769 1.82148969047 -1.32662473245 
24.1862173134 -23.2481793912 -10.7499670411 3.59011004831 -6.46021422388 1.87749342547 5.21496287303 7.49804398672 3.08547970211 -2.00131860454 
25.0081948057 -29.0832303561 -10.1166689385 0.738201362159 -8.95300444465 2.29023176371 6.25657914539 7.81075110054 5.08878167038 -4.92409110068 
