-22.081446222 0.677160423145 -13.7457092878 -0.569687040342 10.8225430292 3.01530781928 -6.48366416124 -0.777600018434 3.4011209334 -3.96728790641 
-22.3177583595 2.29691585826 -2.52364705581 -7.23304230262 6.18570420509 3.05375357398 -2.77321717169 2.85458144416 4.83374812095 -5.77410049466 
-25.1305810201 12.1458978156 12.0691065699 -5.20985100489 2.61356392962 -0.928791312329 -2.39299421879 2.89372589763 2.50389911753 -6.42832813039 
-34.7629525299 22.8232371182 17.7327011259 -3.45805170505 -0.426527537067 -4.93898719417 2.17268263602 8.9290410678 -6.45699229278 -5.39117930937 
-24.473260943 9.7004699795 30.1193068051 -10.1026444639 -3.23382558698 -2.71158990645 4.5221553692 3.82356979881 -0.695164931973 -0.602738153254 
-30.012461047 6.30721984974 10.8251839327 0.900010850128 -7.10392499726 2.20392710162 1.61722393952 -10.1936625016 4.57260820713 -3.82242635139 
-28.4692379232 1.82017582959 -8.41599167734 7.39039691605 -11.2244655303 2.68565749422 -0.544313376392 -6.94139574964 -2.1214328883 0.433313449516 
-19.6968482769 -6.46312559525 -9.67365260046 10.5595383358 -15.2731339028 0.698374234398 1.07739933459 -0.510894722621 -3.15998734656 2.2114407114 
-12.2083911875 -14.292301821 -4.12721196422 0.778256353479 -12.5487326676 4.6910717332 1.70844726673 5.8799964966 -2.08610691603 -3.14232405735 
-5.65305322008 -19.3944247189 -4.73168351881 -1.8118577311 -6.37498130321 2.64393264292 3.4147066001 4.97604189819 -3.74530355132 -3.65281801627 
7.61865076752 -20.9233604466 5.4917030686 -7.82914775779 -2.86316763073 1.0906108439 1.69386371313 1.8048401122 -0.704800606283 -1.15612815429 
12.9616365763 -18.9843782189 8.32086804063 -12.3084781327 2.32549823921 2.05879060634 -0.112273292788 -1.7208737988 0.773811609356 1.33280533899 
20.2879687431 -15.3506549567 8.07404135688 -9.40709883876 -1.84163838659 -1.34019248973 -6.40458257027 -1.89008685161 -0.824787765217 0.898594156331 
23.4815004809 2.39527450547 -0.437245858977 -2.51265883029 3.7221866639 5.51762820256 -8.62001990239 0.298630134348 3.08938889264 1.86674679438 
35.1884191865 20.7468081707 -12.1786905507 -6.62480258115 -8.55255602998 -1.77820505657 -5.68616669351 6.60842632748 10.027809652 -3.5289914297 
38.1011706758 32.3521689176 -19.6959616647 -6.42749799465 -4.50884192874 -10.1082217614 7.38237688508 -3.5225877107 -0.301723805818 -5.78700446884 
38.1858903355 21.3838210097 6.17182053521 3.86721573743 -5.3131514256 9.42717905789 -2.40856590503 8.07656161643 13.4705162717 3.60816118384 
33.8133736196 7.22313972994 8.36394631329 9.09143189243 -1.50598328815 5.88083328158 -4.89096451547 4.33821126229 0.601491525641 -1.31241902265 
32.2558252298 -0.589875505357 8.01123123391 12.0190593179 -2.68418914204 -0.126082932078 -6.38332604116 4.26591413849 -1.61034712281 -10.3279929776 
25.5638474986 -9.19924842666 14.9090127442 9.40735684293 -6.48468846285 -8.25196591137 -4.75053860044 0.13107967416 1.75410698393 -8.75167888801 
16.0435750726 -13.6640001891 10.0210504252 8.34217544823 4.15084651436 -5.68215459923 5.50963406926 -0.821961822593 3.64395777184 -3.27104545759 
-0.465447762179 -11.6194427996 -6.37905631438 8.20055823494 4.32368926032 -6.78223791165 2.53279833772 1.96352371939 5.11054684312 -0.459261712057 
-10.1061694639 -2.49867878575 -11.0685404315 6.11457921837 6.05530134961 -4.98246702619 -0.786391888741 5.27260235689 4.00242607284 3.74463416119 
-23.3165604662 1.52409637322 -18.3599736668 5.59577057583 8.27767183892 -2.32145466863 -1.92850801108 1.02596557373 1.97578826386 3.16439965117 
-30.5265256084 7.33112715047 -12.4415201792 2.94554025946 5.24947122598 2.26410034319 -2.35665438578 -1.37473804954 1.65159707645 0.577755468761 
-31.4049909102 12.7707862075 5.28633119925 1.27570553218 2.55403560641 1.03453102543 -1.76023963649 3.8073832946 -1.72929504917 2.04280429114 
-33.1130895747 20.9383441355 18.1550798253 1.8193728803 0.620945770205 -5.6689516319 0.51546605487 9.25215277911 -5.5567391736 2.10396603329 
-30.7071067239 21.6945917666 26.9180536759 0.236566740357 -1.56535169922 -9.10635610089 5.56929199171 4.90527645401 2.29122303338 2.52081589648 
-31.8841147393 10.2734238869 8.72895199628 6.51390223356 -5.70329270402 -1.02017874463 0.289024238894 -9.08768226012 6.20214614959 -1.97995054135 
-28.2835227399 2.33478541014 -4.401224966 8.73037285969 -9.51131784577 2.08298361554 1.3583192361 -11.6837796393 4.68798671343 -0.307384664278 
-22.3704862993 -6.32718864782 -10.5239031155 10.5401605542 -12.3104319401 2.45336611016 1.40466255403 -5.59609755833 4.43415927741 -0.0162565266401 
-14.4883074791 -10.2740860699 -7.20974250677 6.88659594625 -11.3394613157 0.476119575688 3.25294490281 1.09291317755 1.34767597205 -0.724833385116 
-8.05889047009 -18.3767106911 -8.87366240859 1.2234700613 -10.0060724526 -0.762134222081 4.59161971409 1.39477437785 1.05720131485 -2.54694598687 
4.14731238162 -26.1356725082 8.13021314643 -9.23842616312 -3.8598769782 1.34537808523 6.32256669381 -0.561781229976 0.589709082696 -0.0559961813431 
11.2720554627 -24.4996681708 10.7553100927 -10.6703590113 1.08705419481 -1.21743399598 2.93242542729 -2.12346754294 1.81287954579 0.589994608535 
16.5990834725 -17.6087662562 13.647515578 -3.51126313098 0.648005864166 -3.71125690209 -3.49084563713 -2.62558304545 -0.256731713884 3.66564305528 
24.105624065 -3.74410256284 3.97157653364 -5.66588190959 -0.680619227738 1.80811336617 -11.32201424 -2.2185141829 -1.10057204349 3.45409525891 
31.4197595248 12.1598507446 -0.850138864797 -8.57364166074 -12.0254707488 3.85744677213 -12.8026221595 11.0486986891 12.2258841437 -4.39661030534 
30.1586208187 29.9421860471 -26.6600122334 -10.1181704577 -5.87981394393 -10.3634745063 2.34091474261 1.37239243537 -2.36451395897 -3.25324869926 
34.9877886011 26.6748091027 -2.87729196802 1.86121211329 -3.0840400587 6.81012868939 4.68809539026 4.60007720923 10.9382239179 2.83629035927 
29.8352736896 11.1496287561 10.7314736463 10.2567302286 5.07539771567 10.3556005114 0.0634639721831 -0.213654347912 0.535339734438 2.46940328982 
29.8805151557 -3.24528267238 9.09481313372 8.09200843309 3.69837952955 3.31377741952 0.711895828165 2.76695212187 -1.79733608501 -5.50680985157 
27.8023880881 -5.14969798493 6.68932115757 10.062943353 1.7273606945 -1.45523637588 0.48812018178 3.09971410273 0.177064455113 -7.09959579718 
17.8153696162 -14.7337826751 9.0375486739 9.15741919838 1.51482968876 -6.61781969817 2.98102703099 5.06926042744 1.78202838958 -2.11447664174 
7.49720487107 -12.2740549913 -1.43366257335 8.46013318818 -0.00648219606241 -11.8160907804 3.79851798832 4.22961513324 7.42796463509 0.570338613264 
-4.95016746137 -10.9559807156 -9.30456028073 0.796408907944 5.33860767791 -4.92016731366 1.54416658027 3.3341868321 7.50269475187 3.93681488443 
-13.8846990088 -3.67867066489 -15.8504750375 -0.792798600673 9.64061596769 -5.37733305007 -2.78695879751 1.01430072376 3.478733894 3.13822915468 
-23.8379424927 1.18162313651 -5.78302670059 -2.69745579399 6.29361822913 0.347129052657 -1.52762368784 -2.98988688062 7.79744856972 -1.15486387955 
-28.1468235998 6.50331680484 0.738616739653 -3.8292145147 4.60238707774 1.6595437522 -1.401173313 -1.46584431793 6.90608275294 -2.56370922742 
-28.9984003958 15.6931186633 17.8774761476 -4.62560302074 2.55627543637 -2.78601506737 -0.362289912209 2.56373077623 1.16904544962 -4.17114187984 
-25.651085052 14.0867348742 26.9016106088 -9.18058360024 -0.359266596896 -6.06070268347 4.11905514243 5.57720287947 -2.52821666012 0.165211836523 
-26.4496324862 10.7316582077 25.0436576325 -7.96561108026 0.0328698201147 -1.24385252038 3.76012719506 -5.31707797094 2.24958603874 -1.56989244595 
-26.3890264849 3.77347634627 8.65420470179 0.845479189309 -6.24124856942 1.98721495633 2.51946544133 -11.6550982077 4.65802769259 0.674748015636 
-20.4021870163 -2.6506445717 -5.61144318149 3.84294563385 -7.25826597741 2.53090098817 3.45164446464 -5.70465509229 1.0946645068 2.14311810315 
-15.0911883268 -13.3226397351 -9.93291010432 0.428008737651 -8.35652400793 6.81151467461 5.03307228056 0.21830427746 -0.841217779581 0.357635975217 
-10.2212531769 -16.2582259796 -10.3025977339 -2.63319562935 -2.81360478563 7.04840976444 6.29023991558 4.75322744651 -1.58026891522 -1.415106748 
-6.86172442235 -19.140078433 -8.18949704693 0.928558341907 -0.586902756345 0.272978261645 3.20444658289 -1.53275607332 1.67590785461 -4.16387993463 
7.14488556678 -25.6507633631 6.81259149745 -6.98564579323 0.881891151956 1.88898970778 3.09622661992 -2.49545500115 1.22645368581 -1.40385879935 
13.5239164077 -24.8968729001 14.6622139516 -9.4530304198 4.46296317102 2.27027325081 1.64354677862 -5.21642359836 1.53493917723 1.22603215894 
18.2344418346 -18.1372075497 13.7011842151 -4.50986265778 -2.30850115933 0.860856515024 -9.20499928612 -3.28233633537 -4.28392378344 -1.36595509463 
27.8952465974 -5.55484184303 15.5847025615 -5.83287720873 -2.2042806916 1.25633251568 -7.63764695375 -0.776058051057 3.05905117593 -2.18643304244 
37.6779027155 19.0878462975 -10.0376422852 -16.0295451112 -2.59597175232 0.542310291973 9.3167406052 7.13961887217 5.77077597331 4.8590515914 
34.5349170929 30.2208880857 -17.7642146676 -6.22919650901 6.47196008954 0.0761086151443 17.1221647176 -3.33222197009 -3.43568037725 -0.575761036729 
35.1031139167 13.881286193 13.9490664603 9.94903677794 6.25036509833 12.3504133337 11.7184292668 2.46105015306 5.74927511297 6.99306773427 
31.0899544401 2.28526171116 12.4339914927 14.5858581969 6.3621818592 6.57194871097 6.05151599503 -4.02987067708 -4.99486150455 1.55016758917 
27.4450833781 -5.46476328454 10.685531599 12.5955282085 5.07288948299 -0.630792023335 7.4563444298 -2.72993155987 -5.39434197283 -1.82146441297 
20.7788964958 -14.2997853156 12.5649539799 5.688825288 3.22786749776 -9.08891809284 5.46962836485 -3.1340140869 -2.20860934825 -0.98084945282 
14.2075530098 -16.533337057 8.2086594374 8.35751126655 5.22862885761 -10.1714892811 9.42568025461 -1.60590633892 3.49604248113 1.7560371747 
4.74010304422 -14.2400231844 -2.1102364761 1.86888259889 6.36868909283 -9.41934558397 4.5520491119 0.383048205053 5.31026079827 4.60111513673 
-7.68766070847 -3.06029099637 -12.6058837114 -2.94384174714 15.0925405233 -2.91205470754 3.21276203719 3.36265300704 1.51342650509 3.61924850273 
-19.8499335564 2.47394640062 -17.6719791975 -3.56516897124 15.4673899866 0.0850704684023 -1.87285644285 -0.199721839447 -0.960446437051 1.92384022767 
-27.4716742858 5.37086000377 -1.77689704033 -6.6297478635 12.5714561226 4.36659129732 -2.07253617149 -5.1685970294 3.91713165169 -1.88747092556 
-29.4972931102 13.4132283065 10.4250209515 -6.75846550221 11.4427138677 2.48958611401 -3.50900091395 -2.91394525501 -0.270767125766 -2.29672378395 
-30.2002480754 16.2527387765 16.4791066118 -11.0505695449 5.66681021567 -1.09904150778 2.87076716 4.8372196308 -1.24310991577 -3.06923396859 
-33.166576995 11.4452305665 18.3200633059 -5.33013372091 1.95707913848 -0.0468901053235 3.0050092027 0.439000509095 1.10900651285 -1.00710236468 
-30.912666687 5.6628239008 3.23136361077 1.71872318315 -4.81660706386 4.46148553573 -1.3069087769 -10.2531367867 6.49018166335 -2.60433963912 
-27.3428518478 0.358879403989 -6.99341560749 2.44665975517 -7.96125891863 3.31373594228 0.971363997018 -7.40391292295 2.57623822211 0.593531407255 
-24.8478150964 -2.84211361112 -15.5122904329 4.53239948867 -7.80049492245 7.21944678922 0.103089127521 -0.206887100566 -1.71741835534 1.61409727782 
-16.987250489 -13.5224749327 -12.4155717466 -4.0882623467 -3.07150888618 10.264930796 4.97962017694 3.25531779978 -0.676195877099 -2.32875530831 
-9.63439707875 -18.0192382339 -14.6192030634 -8.7629405482 1.40901274591 9.71813976674 6.80739835341 7.0035213838 -1.4877171811 -3.17569477642 
0.655811363148 -24.1495112645 -3.29514461506 -8.75367143476 2.94826123006 5.028275601 4.82712210518 2.04605896516 0.349159616404 -4.22222446407 
10.0503968178 -25.5475967404 3.09494298594 -15.5721767456 5.78043855254 4.12359611916 3.53878510047 -0.0324979570649 -1.09342212775 1.58543088184 
14.6979540142 -18.7453587034 -0.778570899045 -11.1430165458 1.82836831574 -4.06647487215 -1.4868328681 -4.02562319404 -2.51420084674 4.67796858777 
21.4191536682 -5.03569977177 -0.317843706303 -11.2942345736 0.485060097445 -0.541320523341 -7.66991714864 -3.53391774037 -2.82208508065 4.23271947468 
29.9114779419 10.5596929776 -6.40367901395 -8.79617304856 -6.21115847236 -4.78044090592 -7.2947103333 0.818093689438 2.60645251368 -1.63814122538 
33.1978347083 24.9838851346 -22.888795446 -16.109163786 -1.67753574334 -12.3184229243 4.85345905445 -4.20457462965 -6.49563064859 -3.8629446332 
35.9388233701 19.9765834519 4.4879224074 3.95072495332 2.02719316061 5.15073675074 9.37055911454 -0.446816653133 5.76701063941 -0.731317786957 
29.1846560999 12.5470050846 1.9852693069 13.6520180059 8.27247623783 11.0739045135 2.78689120925 -0.568425340762 -1.68108701586 1.42654131037 
30.1762492427 -1.11615411828 1.56030508631 10.9755181807 4.39234022778 3.59467740647 2.59643952666 3.42817035249 -0.856929876687 -7.43441587179 
20.5852582854 -6.22459645722 0.165376288971 12.3499692462 -1.62686770772 -5.88481093073 0.507179615227 1.13697604994 -1.5110559296 -5.53350492006 
12.8851408331 -10.7701221663 -5.42059045453 8.50750596475 -0.705133081652 -7.49023138535 -2.95010404368 5.89518401867 1.42082105825 -4.75564865315 
5.79456198909 -14.0291207563 -0.0814595795539 3.00806540749 2.4297606971 -8.40461889147 0.282344366688 2.21080333095 6.91447216024 -2.62387685145 
-6.75309272805 -9.92242173624 -14.153840084 2.36135486558 6.70887913911 -5.1879745804 -1.3602250104 2.04573357318 4.69835007202 -0.966325456377 
-17.996943207 0.555681819412 -16.8926435111 -0.0836061673306 12.5199288047 -0.266562987284 -4.94194841915 0.853976310357 -0.559168315273 2.15105239531 
-24.0911521916 7.51485742948 -14.5310330575 0.571567025262 8.95511243465 5.55058235903 -3.17263711387 5.00834243889 0.497573786476 1.10885093531 
-29.8285298413 12.1947572888 2.04060115316 -1.27935503485 4.86576756106 6.39369725348 -3.6070786415 3.2422967747 -0.98176711726 0.00445067084472 
-35.3858280408 18.240427962 2.06610520122 -4.2079672847 1.25118885037 5.60360208749 -1.47206287454 7.76812118552 -4.56847449819 1.52149554378 
-24.4107815424 4.39231998079 20.9375337392 -7.32771350829 -3.4830652198 0.688846868803 3.39036430796 -1.47268541407 4.99709547947 1.42440630725 
-27.7165910866 6.09230672425 9.82301482524 -1.2219651392 -5.51298688473 4.56152525453 0.736250405605 -2.13574058808 0.482700058734 3.46236713532 
-24.0173177848 -0.57599600096 -2.40006444724 -0.841108927281 -8.35870568581 4.46765684802 0.901137548444 -3.33986945452 -0.363240082444 2.31583787102 
-20.6803147118 -8.36116160477 -9.90752034662 1.60580823199 -8.84412276409 6.40224222194 0.324905326494 -0.390525676112 -1.57645366137 0.257897510083 
-12.366886501 -15.2968455284 -8.04271596045 -8.92398995258 -3.63390212307 7.58175742421 6.206902429 5.27837957419 -1.16996758822 -1.44971337601 
-8.91481782187 -17.0996765329 -7.34383915189 -6.96880562154 -4.03530211093 4.59256376671 5.3900258359 3.78360681647 -1.39584674263 -1.65318769649 
3.36997208949 -24.2334195466 3.08634678609 -12.8230213389 -0.376601686498 5.64042952237 3.28082173441 1.63419806922 -2.30577550712 -1.38710945961 
11.1999263959 -22.9911738173 0.628575190603 -17.4811211729 5.15406926166 7.11120424021 1.15359265237 -1.42392705415 -0.550265935214 -2.56491170938 
13.3125037559 -12.9952859238 -4.37468221226 -5.72455471082 1.04804447389 0.885215342921 -10.203303828 -1.01654161647 -5.09628627552 3.13159693299 
23.8300026984 1.1660227204 -4.02513910668 -3.44589332495 -1.70199600772 2.52945690014 -17.7980628425 -2.38679844797 -5.95369430315 2.39377495851 
33.3710080301 21.8749403202 -17.6734687965 -7.49621245333 -6.2455678809 -1.64132635804 -9.83553855393 2.21482219815 -1.62674268418 0.707721546264 
33.79955302 29.2571570537 -16.2175629677 -8.2914726768 0.641263460236 -6.44829358624 6.63548791858 -8.83485829917 -10.9463883055 1.84889314641 
33.152162302 19.0846869883 8.33516862093 6.30716697074 -0.85018327067 4.25450129034 3.41179080632 1.76398544177 3.50531941315 7.56221033383 
28.1231928556 12.6728195719 6.54260892306 15.3220895473 3.51298795346 6.34748907442 -0.332000455199 -0.657631850817 -5.37190716177 3.30881548831 
26.9395824704 1.25843981409 6.74051071952 13.8361198864 2.94265033844 -1.27655853252 -0.775156514206 0.0820001036385 -8.22301476599 -6.31471198275 
18.1748351802 -4.96016974065 4.08827918672 13.7568301794 0.92776388698 -6.93971348319 -2.4715195441 -0.743925576177 -8.00270779749 -2.9047555306 
12.4614877016 -12.1000776948 2.21839512601 6.63847429883 1.19407778596 -7.78808140549 -0.578462421196 2.47467998706 -2.61930518795 -0.967149966213 
-2.56310389857 -10.8177420201 -8.99642382552 5.06122874627 4.91792824714 -7.43613390836 0.854175220525 2.55139775099 0.744182561222 -0.239115001373 
-10.3332018 -8.29788719703 -10.8872040418 -2.43002964083 11.1883890256 -1.02465092084 -1.41934259216 0.507434940641 -0.347155142006 0.87471643755 
-23.5292331136 -1.44497203589 -21.6270545029 -3.48607286885 14.6750843746 5.05529586666 -4.8626481465 -7.60970771209 2.99694762337 -6.90303975417 
-29.0804417869 10.1159819966 -8.92748341786 -2.21054699684 12.7966188632 5.68136853236 -6.44997823586 -6.95288094993 5.87504708845 -8.0550179797 
-34.5804630243 16.4839230645 5.68677189355 -7.93464466841 11.1935386112 8.3834682792 -7.27404476569 -6.57558542462 1.38222587084 -12.9229826161 
-37.5627070796 21.3149430683 12.3454198041 -6.25208248723 5.21031771923 2.38662312609 -3.67609344671 0.18606706926 -2.36044933842 -8.54615186948 
-33.6856567729 17.6939487868 17.9874071579 -8.36484078165 2.23837895516 0.92137827077 -0.835905782782 -1.39705062411 -0.781091468064 -8.04980196202 
-27.9544296175 8.91214906231 9.32911420159 -3.23338071159 -0.922390817457 4.457198215 -0.88303490823 -2.18558881775 -1.80799028298 -0.284573846096 
-27.0072423927 1.97550715214 -11.911741349 6.80129494428 -8.99136955016 4.1402942089 -2.00721672442 -4.84567780722 -2.37438291499 1.01241076247 
-19.7314078071 -9.89836568464 -11.2267461716 7.24850762905 -15.8783847238 1.92961926062 1.18315362207 -2.66353300308 1.13524726936 0.247631441599 
-15.383166786 -13.0391866282 -12.076986283 0.296506662343 -8.67199795748 5.23154821607 3.81983954888 2.54600333337 0.975490658835 -1.92870641523 
-8.40359114584 -17.2486352671 -9.59997515626 -3.70181812871 -6.2995241318 1.65907408128 5.68932416066 4.21757740891 -0.873545666021 -3.3169452889 
1.29348425858 -20.0493321474 -2.677200423 -5.15772917941 -5.11350085521 0.280861032678 0.258745235781 2.3973555988 -0.220656918945 -1.41703587251 
13.7821474288 -20.9862339782 9.17691307933 -17.439426152 3.64325199499 3.71754323782 -1.74080795051 -1.80474426143 -1.10704486158 2.20368831923 
18.5850610127 -15.3136944494 10.4117529511 -11.7805440797 -4.38832294643 -1.73255360869 -10.6197598843 -3.83895747181 0.422961188415 2.7079629923 
23.7380507682 -1.10283802003 4.79501237311 -8.89162226242 -8.42642873633 -6.9667693108 -12.7735368557 -5.69952719954 -1.00006731868 9.91049326471 
29.5520610105 9.80446119029 8.03961503623 -5.16966619273 -11.4397549725 -3.37755711006 -9.54778141183 5.25250129051 10.813306765 4.01160172277 
35.4478417122 31.2072607344 -18.7155310188 -12.2154722244 -7.96338002424 -11.1459049706 3.05555547001 -3.4501827837 -1.10532145101 -2.57307140486 
35.5674597997 30.9816161551 -9.52340176104 0.881225902984 -7.06199752717 -0.58986394295 1.70567843914 -4.22879754257 4.76192761131 0.506152360969 
31.7070603513 12.1019537186 2.02801742045 10.678182981 -1.45374468437 3.80945271244 -3.72208408927 -2.65462049472 -0.387536937593 2.6137091959 
29.528304153 4.43331548211 -2.78349418438 13.5837377985 -1.29545206675 0.0924887730442 -2.68965133767 -0.478773291057 -4.42194350973 -2.15103517696 
30.0442193506 -2.39065495799 8.1469471934 9.57561943936 -2.50602453048 -1.07557091296 -6.03461311235 0.304667404507 -3.18668099354 -7.0711240886 
20.2579908444 -11.2935267304 8.03729349467 0.207840149719 0.886695587182 -5.70843490024 -1.3305395942 2.06493829239 0.604114274924 -2.83117718653 
9.41429512807 -12.6876355256 5.45756703884 4.20314358501 2.31753799338 -7.8889413819 -1.17611649704 -0.0632073727386 4.84317749316 -1.33189023562 
-4.11178471583 -9.25263146581 -7.62392576361 2.87458116748 5.98549298218 -4.15919453294 -0.0258654265329 3.5795961278 3.56188141467 1.8422473672 
-13.1340852801 -1.61838144931 -14.4703316903 2.2677376785 10.6366546852 -3.46028428063 -3.91617554728 3.11206126786 -1.56181174932 3.56331301465 
-25.6765375963 3.8550493443 -32.5682423122 6.93968854916 7.3847224121 -3.09055260591 -8.95969436932 2.75793593741 -5.85914324318 1.77905033316 
-29.7222534422 9.61305387684 -21.5375958593 3.79361530273 7.24966448357 2.00115307065 -7.73552364714 4.47687352434 -6.65196988861 1.89260699239 
-34.2466629946 15.9217362573 -6.62857303848 3.96641499651 3.5786281782 1.13279533896 -7.70119516471 5.09056926507 -7.45770642128 -1.17231777283 
-31.9858079711 16.6743651552 10.7776311476 0.456267558986 -3.9221233375 -4.67813896432 -1.4739622546 10.5725562166 -9.91480573478 4.24147255139 
-27.4300534317 15.1050581433 22.3466448737 -5.31407748389 -1.75658891048 -2.988135358 2.13208828952 11.1447873419 -8.98133476863 4.87453170414 
-28.4791419376 11.4198471336 6.83021183718 -0.891881849924 -4.14888858128 0.271517613198 1.77288542197 8.25515912083 -7.98702404161 6.15172359979 
-30.5900775264 8.90459311162 -19.9622781704 7.04777211656 -7.46050309413 1.11688985843 -1.80387027404 3.81810083732 -8.50288014157 4.9264038111 
-23.4825133822 -3.17688424117 -15.298932608 3.565618438 -8.43295771141 6.3416427892 -0.50994143079 4.61944496858 -4.78130909402 1.82412230418 
-12.6685195678 -9.9893836992 -12.1260388768 -1.58638153554 -6.70111801878 4.31654265923 0.580924134008 8.21133755652 -4.21435382285 -1.47427947362 
-8.6137632204 -13.3884569144 -18.6764970385 1.30933540855 -4.9282066467 -0.353260348609 1.15680315075 4.46983230653 -3.34273286411 -1.37303222414 
-2.73056478669 -14.6413224454 -18.3340149659 1.00517216429 1.41261127337 0.283880150769 0.485051258643 1.00636979298 -1.19659035259 0.969436136194 
12.3489255552 -17.7193328638 0.444073788507 -5.28509156435 2.72601244304 -1.24368205914 0.258450650685 -4.27259946863 -0.0844094719597 2.50253735389 
15.4880726613 -10.6390293325 -3.61778301331 -2.15647360456 -2.9101469879 -4.09313230391 -10.2160786544 -4.3198806422 -3.27098247551 2.4156664217 
20.0634688357 -0.659236544603 2.97766260032 -4.29440222994 -1.85709977181 -2.51191783097 -12.9490690796 -4.9575044073 -2.94170756231 3.98526888873 
29.3105914236 11.8416744068 -2.91216929181 -10.6074334673 -3.76645112818 1.03170377459 -7.54048875773 1.90789640025 2.30324530878 -1.94540260766 
30.2637944511 31.5766767244 -19.7495520615 -14.553358012 -5.97559009076 -11.4244247982 7.9171806296 -6.27241710335 -4.55464681495 -1.06598561961 
35.545509904 20.0500928185 2.37749789278 -7.70349663782 2.71173542848 8.05435268442 11.5953547114 -3.07172084005 4.36231888792 3.0274174033 
31.2103174987 10.9949539134 9.56163871545 7.4477685839 8.31276799999 14.4768551906 3.12315934908 -1.91706147529 -1.69408633823 4.81948520247 
31.0513881215 4.33268502012 6.85787345656 12.2821467394 4.29584240335 4.72627050646 2.04082197543 -0.716574569044 -4.72925136223 -0.568093700538 
22.987437995 -6.79662725526 10.3066850734 10.4407303037 -0.873417547906 -2.21345797726 -0.690075777971 0.715313071302 -2.59689030461 -3.09369595615 
17.8013112311 -11.904009576 6.13954234494 6.4903698175 2.6806040846 -4.30648625578 3.32016962666 2.24489143048 1.73725697449 2.13817173257 
1.19069068021 -13.4702273194 -3.75462103628 9.33012117976 0.57148250656 -11.9075023753 3.37457837545 -0.214739343173 6.40184012977 1.84231626844 
-4.43061970209 -7.52021287573 -4.26509421093 7.8332672949 4.18585858594 -10.314166266 1.64131967279 2.09642425536 5.95627228186 4.56997682938 
-15.0158423781 -1.62477230819 -13.9361007002 0.112186496559 9.74474587224 -2.76214316518 -1.74813414134 2.25605562606 4.53086575366 5.11183048082 
-28.9766136717 6.33826006887 -17.3205365382 7.8537247174 6.87350191274 -3.2365719962 -4.36314529469 -0.769477030942 3.90760828576 3.10312241525 
-31.4894552237 10.0242317784 0.68897626482 5.464734193 1.93759128893 -2.51780138694 -3.67247662923 -1.47638360368 6.62880639535 -0.220542667784 
-30.3401265662 11.8641920765 10.5444510957 0.157013777012 -2.18008530973 -3.1515971503 -0.0900521830837 1.16886650371 2.50269135205 -0.442572403255 
-28.4634650351 16.7575508817 22.2835894834 1.23499515424 -4.67230409056 -9.85635109451 3.42688035113 3.93976910968 -3.82685367058 6.05336227276 
-31.5636204357 13.603181606 19.559198395 1.6631736937 -2.99279102 -5.62701530353 2.88718583072 -4.70850141349 -0.957441361255 3.04596363211 
-32.2603310172 8.04061135817 0.517236333582 11.6179200141 -6.6628311876 -2.12085489892 0.739592604809 -7.01515467649 -0.450067597371 4.83050190704 
-25.2945444123 -0.205586157058 -6.18079313367 11.2972089363 -10.2934418294 2.31578093176 1.192541034 -5.70835472378 -2.74382268973 3.54014186478 
-18.1599698701 -5.71184134753 -5.67068212775 3.45680656662 -7.77843495862 4.71099782364 3.38259109603 3.82943453895 -1.43332116777 3.65599021135 
-11.0286499429 -13.8037102009 -3.3089292171 -1.82437968229 -5.08380309002 4.52833142644 3.43452557286 3.77215241226 -0.28141618261 0.14835671134 
-5.07983586917 -17.3110683662 -2.64120056703 -2.83968138323 -0.292137033994 1.65624179594 3.2627805633 0.819218628197 -0.497785954174 1.14851918995 
7.18854201179 -25.1165567151 9.39745870975 -13.110376709 1.75555072333 2.08607989823 4.0505340327 -0.97494093876 0.182570002348 3.86325378386 
14.0973722453 -19.6142451459 8.2964879874 -6.52393808038 4.7936874834 -0.965007794313 1.43154622313 -4.5928691167 -4.05541751253 3.96716989598 
17.5699533745 -17.5723065822 14.6277195174 -5.29390413616 -1.81011235502 -0.316169273753 -7.85175958205 -3.79297563021 -6.34853995453 1.40940833427 
26.8553182324 -1.41994790664 11.0853335027 -5.32497432583 -5.75725780282 3.05298828883 -11.436899151 2.5204910465 2.18157067458 -2.12172441311 
32.5330223714 20.487970291 -14.5013473503 -10.4501767372 -3.76334405569 -0.318575850044 0.925923268533 1.42068020503 0.650149551351 -1.68341320277 
31.2835681734 24.7701889809 -14.0784729702 -1.65133970372 2.56069669058 2.13567103749 8.65341350651 -4.12223944425 -4.52907496619 -6.08375861834 
30.0523939861 21.0709243466 7.21158444394 14.2836191285 -1.7846178296 12.3874210671 -10.9714881668 2.59818259901 3.84542211422 2.41254540084 
27.2968945113 4.52365896673 4.30192470929 16.8887486579 3.69548849689 5.75940798152 -5.96953107088 -2.43240407911 -8.20597443879 -3.93219637691 
25.9554696096 -3.23742487768 3.99527411811 16.8963774658 7.36279146743 0.872798890695 2.86500974897 -2.94368332911 -7.36791732067 -6.52829576054 
18.917105404 -14.6537386116 7.45828114154 12.0191864236 -1.59586353207 -8.34057426678 0.795731929541 -2.12640509744 -1.5130018018 -2.30994066155 
10.2514385006 -16.1298004919 0.442070946742 11.758752594 -1.10039937143 -11.5905689827 1.509516457 1.34543324375 1.60853100583 -1.91274703991 
0.717470896785 -12.7844931538 -3.12342562782 6.68801483227 3.49739969525 -11.2848698779 0.974268744973 2.64219635036 2.97899967838 1.81093272077 
-8.36178330863 -7.73260947397 -10.4811249445 1.89506708558 8.30846530291 -7.86691197748 -0.741024869474 -0.208826083979 1.70956889098 6.79666679911 
-21.2330377314 -0.295723100376 -11.392443279 5.98706178159 8.20388126004 -6.8987669815 -3.21061401829 -4.30113294942 2.15254251943 4.2209175652 
-28.2085659367 9.77342083175 0.0727900800453 5.26630513834 4.69002146194 -5.20149850231 -4.35113329828 -0.989498581955 0.769519946544 4.08063163301 
-31.9588086958 15.214862085 12.4674354577 0.264796350986 2.85843845678 -4.78083261482 -2.6855480164 -0.795082650982 -1.25265112089 0.602007118758 
-31.8375828841 17.6928446222 19.1531238008 -0.562190097573 -1.08631912135 -7.36356361959 1.13729363053 4.55893872763 -3.99433047578 1.75967210964 
-29.3923336889 14.965662637 24.5943782711 0.0340985930917 -2.58323884255 -5.60325782667 3.44947658495 -5.40710336143 1.96137825379 -0.587331619658 
-28.0236566234 9.15186741615 13.94298617 1.78923864953 -2.10256364968 -0.0427651187934 2.22947824715 -10.7400913697 0.753278895058 1.14100441167 
-27.5585201092 0.505276402467 -7.51306953401 11.5327536004 -8.93722367123 -0.926918149782 0.101020587816 -11.9624799758 2.10435225137 0.81161012608 
-20.723413139 -8.91810588689 -11.3150800244 6.58216780518 -8.62802107983 4.1802610577 1.89335780414 -2.66183576234 -1.26811567505 0.997689835054 
-12.1543653609 -15.8087612657 -6.09868917169 -2.31152204919 -5.5539826722 6.45275660958 4.84466627993 3.2390538061 -1.40289391832 -3.81882471522 
-3.85215258554 -20.633505734 -6.42924719334 -5.5284147801 0.724027700454 3.39133433397 6.02478345669 5.2923072865 -0.246418821925 -2.3900337756 
5.83012814765 -25.1991017404 3.96965285731 -4.53226806674 0.166019896708 -0.463519997669 4.63518729798 1.56334679651 0.0627158036912 1.77327783524 
11.476107099 -23.28848338 10.7535045696 -7.34621541519 6.16569037605 1.6317080866 4.51626744493 -5.11199325688 -1.81059461482 3.14052549899 
16.7289946703 -21.7575305459 14.8709191913 -8.1229402405 2.5185212313 1.88906958005 -0.932210101627 -5.68876608072 -6.98212339104 4.35254199923 
24.1213509052 -4.3314638473 6.96288398334 -5.40928160226 -1.38320388681 2.02290546806 -11.6616745876 -2.8900846412 -6.09941524793 2.93048671718 
31.4471239551 19.8787250098 -5.10880483173 -10.5275033763 -6.94399581121 -2.05980939364 -3.10724654313 2.66739367363 3.36273446141 3.01287295129 
30.8223841011 29.6454487217 -17.6333605889 -15.4332379413 5.50766863055 -2.26819857562 12.9591132151 -8.58850912258 -8.08422020762 -0.135354657479 
34.6881453389 20.3635973189 8.74046168994 6.16948759491 5.41711890343 16.4564913021 5.83775745931 3.42203210747 6.67752770705 6.70065101157 
30.6269805674 8.78032012868 3.72101299145 8.14649540345 9.16288462098 11.9630306736 2.90353177464 -0.279795121685 -5.82558063408 6.37027241273 
