-0.501995503306 -35.8948302735 1.02670878537 -3.00262620048 2.44789553521 -16.7061053709 -10.347104159 7.65467093297 -3.78128248473 5.17933191675 
8.77203683426 -38.746462217 2.09464044051 -4.19951439486 3.5195221641 -16.897950321 -5.70566149384 2.82492980985 -0.525543817193 3.89828171732 
4.73832401667 -37.4691468275 4.66248118596 -3.15247148986 2.42053374833 -14.6060214131 -1.96511328363 4.27212609352 1.17593308309 -0.392227921112 
9.46048617155 -33.597733982 6.54661515393 -1.42786496525 0.155950820063 -12.7126859293 -0.405824764566 4.63230287543 5.10494631776 -2.32139810262 
20.3914914857 -20.5315350811 3.67874215828 4.53276794347 2.48182211256 -3.61213724038 1.75668465223 -3.92329840123 0.306633213918 -1.12810882212 
2.82643425898 -12.0358072126 7.6600203352 12.4524838208 -0.611132051095 1.91701087157 3.06479969767 -9.91401167951 -7.66476035286 2.69079305072 
-2.13734446861 -10.0354587277 8.76555482081 13.0605228362 2.71832856132 4.38422504189 3.97026654406 -5.6037096233 -7.28677103206 4.94883882768 
-4.49613488478 -8.47656784483 9.31278015633 11.0284930895 -5.18832245743 3.65396445566 2.4910162871 -4.55709625254 -11.0673541407 3.24127085101 
1.44269995447 -7.45584077075 6.69004167658 11.6287816876 -2.7632838198 4.46386635968 4.33899352262 -6.52742108201 -11.6623190227 -0.615040829855 
3.79809234085 -8.98849751825 8.24371424088 11.783117716 -4.25147607573 4.34683400985 4.21391781579 -5.55803189031 -7.86585869177 -5.38034221511 
6.43979220625 -10.5181762784 8.09393198531 3.16578069073 -6.12247281194 2.91601160872 -2.99420982433 -12.5968237074 -4.92405334419 -7.86890113491 
-3.71006274766 -11.0391626176 4.05455995946 -0.439665856623 -8.41377084432 5.27490959158 -2.60124686149 5.15583019702 6.19182558586 -1.5290260774 
5.84455907463 -11.6767551289 6.52090601615 4.1357181428 -3.46915808866 6.77160890935 -3.21989978644 -0.447981464738 8.88070365633 -6.73893815415 
3.23676576102 -9.40735631792 5.52004302373 4.01257139343 -4.86091739341 10.7735429313 -4.06134471595 3.96013214604 9.38925413316 -2.7428756119 
2.04388041849 -7.6037564181 5.28365284171 0.526806790961 -4.60608481563 12.2098541515 -5.10196572591 -0.853503263575 5.93239879371 -0.371100169016 
-0.775267587394 -8.92450473162 3.61425774949 -1.26150317159 1.06964375068 10.5642940033 -4.54818742326 -2.98346012228 4.10350932396 -2.46550605201 
-1.26624221652 -9.60486914697 -0.0431014310078 -4.1875296851 6.68116094276 10.5460176482 -4.06557892927 7.46543509912 6.12237638209 2.81055345964 
7.09458539103 -13.3873860667 0.431540947443 -6.37196400039 7.77150986993 6.33827544968 -1.85442324699 7.41597894501 4.72125535753 -1.98265273478 
22.0347080711 -15.937633297 2.11180809809 -5.84841372264 2.99135375649 1.84764975899 2.04329961259 -0.650055297015 1.32154254049 -5.54405595533 
26.5924921207 -19.5465329537 4.79644333738 -8.85804126064 -2.35864540376 2.29097872037 2.78242234162 -2.43235994886 -0.0189657307987 -0.516700014684 
29.8685776417 -10.1383214795 3.98754251081 -2.04726438622 -11.2916510038 4.24502692428 0.869085621832 -5.70812033431 -0.620770543962 7.78907333346 
17.403489459 -8.97448192729 -1.00854967031 0.299562830085 -2.54528376014 2.12669632373 1.3753955706 -0.54610957488 3.25541044635 3.34238999733 
4.90160387466 -1.6514117375 0.989376013067 10.8344826405 7.99441653265 7.05825076111 3.98648805164 -5.95725518638 -0.420362763559 4.64501487244 
-4.84604051029 -3.89700155253 2.23132447637 9.1660856661 15.2411544992 10.2828039104 3.92258322385 -1.67667575287 -2.36310604224 12.2234668512 
1.58409357969 -3.71774641461 1.21832365823 15.7181000542 13.2286276933 5.08275530765 -0.88349444325 1.9674976454 2.03308277126 3.57695579156 
-1.23203529146 -3.74441528221 -0.812660801315 13.5028004231 7.0310033036 4.86357054661 0.341372116874 -0.892722793355 -1.24775756211 -0.46528838087 
-2.62758783552 -7.34148079028 2.09045192687 10.1204170013 -2.44958972209 1.71065927921 0.726404196342 -0.207378804983 -1.2464334713 -2.99474085551 
-11.1005897387 -9.70456248859 3.93064830539 7.01551886842 -7.77321894 2.07716141087 -4.15068964668 3.47632479081 -0.858367102335 -1.53142128459 
-8.43946775302 -10.6076269248 6.63011457923 7.11668966128 -7.06915626741 4.05545447372 -1.36437217777 1.32210036061 0.656175202618 -1.9123165296 
-9.26863488423 -9.39472280968 5.73700051663 2.06040315579 -3.37146429067 6.23076712184 -0.207674000138 -4.74392004872 2.06905368385 -6.02103581392 
-12.9820118345 -4.89174052789 0.231901745473 -1.07948889087 6.36182503936 9.34684837728 -0.573981846678 -1.95133280846 3.19309281395 -4.53197732132 
-6.01786881264 -5.21105781636 -3.67821805991 -0.795282253338 11.6110457147 8.83236894397 -3.82927321351 -2.5184482614 0.902129586932 -6.25470625564 
-9.9477788262 -5.23673803585 -6.12463285901 -1.11482549663 11.0843033346 5.55510762454 -2.33846142267 1.613991227 1.26047977836 0.597375400579 
-2.06640257946 -10.9090786111 -8.34904486238 -5.38890300212 5.57970977158 3.41634211107 1.90060345661 3.81751621275 0.969118165028 -0.0942343781345 
2.61950355616 -12.1770543405 -10.6602544831 -1.80805255963 2.07216158062 0.114657574765 3.86167623772 4.073896899 1.61699320049 2.43443492574 
18.9994516084 -5.65558419878 -12.1037784675 2.20523729415 -1.44614623945 2.08680280998 3.22089064625 5.22382260007 3.33022351361 3.81446166081 
26.649481425 -5.58561007592 -9.85911765258 6.75320814738 -1.38328478677 1.96329814515 2.85772359012 -1.6424822697 5.34927442803 3.14928834257 
14.5765605434 -4.04608932308 -10.0973163794 8.64559350456 6.39042128188 0.613983472746 2.85403306245 -6.50150536947 5.81338930097 -6.27938578305 
4.28750580252 -6.83857782858 -9.92728512677 5.34695049029 11.7295963016 0.714158830612 0.189014445921 0.161897890579 5.22063677297 -7.41705729054 
-0.506786256782 -5.76180027799 -5.97977874455 7.49624266386 10.6419659981 1.75070474859 -2.24814398408 3.51616740364 1.59269636908 -3.36737730209 
-7.02607507685 -1.1514142441 -3.86175152157 12.0759023581 11.1709720454 2.59124728706 6.75224663205 0.471379692678 -3.32208328903 -0.316021227279 
-6.09419846548 -7.40918988352 -2.55064714187 10.3562766043 3.59224467773 -2.11787647942 9.5201188762 -0.059712410576 -2.41611133288 -0.640302252695 
-10.0137948545 -2.60306696429 -0.512343673668 10.8907658773 -10.3712977578 3.32491872737 1.65992546813 4.82520965348 -1.47811711874 1.9363004934 
-15.4511902316 -8.19259786732 -3.39740527739 4.09189248812 -7.9638256619 3.13859644756 0.699624473192 0.649588086547 1.21133031116 3.48568207028 
-15.71331866 -8.0959250802 -2.31151550091 -1.37886406229 -7.52774846576 7.43491303668 5.14431382715 -5.41169808111 3.71473922169 3.0152938763 
-19.1804704469 -6.1358745757 -5.42343115538 -3.95196922542 -6.50501907111 5.37270548519 0.115610168172 -9.97032988462 0.694424768037 0.284166513319 
-17.164734835 -4.99095535542 -8.85587809973 -6.4213963693 -4.25669103453 1.4235679564 -1.02586118299 -7.48556327349 -4.90789183472 3.0043971014 
-13.1679699561 -3.79026161326 -11.2770732141 -5.06183061495 -0.308511495555 3.21062702665 1.10966340003 -4.46958482457 -3.60991780776 5.65487486329 
-3.97207486696 -0.307636180795 -12.5900115448 -2.43713462772 -3.61326542779 5.61587209887 -1.24683241596 9.58988445215 -4.14154898517 6.64969401136 
7.45739392639 0.399782541762 -18.6573168598 2.31015385766 -4.79368715624 3.58878096909 2.25757908131 8.61948163971 -3.58028265085 3.48090726872 
3.96191916499 2.42158123006 -18.1354862305 1.37613987074 0.875922262772 0.789841989565 10.9830628464 -2.5043456684 1.99791183277 -0.830493248002 
-3.37528513167 0.0329139073273 -13.422007158 -0.437945704405 -0.282961313054 0.658683557915 6.15123967216 -5.2981265142 -1.16380914192 1.97011241719 
-8.25387157008 2.95763258999 -11.31379806 4.65565826623 0.322928567325 1.9825502359 4.0474018807 -0.106885866124 -1.73353778708 0.309284755928 
-10.6218855556 3.67473296227 -7.8664624866 6.76354454932 -1.98879673497 -1.13000965269 6.01248741371 -0.664309419026 2.40709817399 -1.48718089552 
-5.61196410292 3.73358930076 0.151360555069 8.61533596396 -5.690889665 1.18142695686 1.65233814771 4.85764234039 3.08130494746 -3.10140176263 
-16.0825250063 0.889283057697 -2.04640592696 0.938862960297 -13.2350041978 1.18395316697 -2.62079005234 3.98968492286 5.00440491177 1.60173810714 
-19.8243248157 -1.22355301133 -1.7812631289 -5.03758638857 -14.5052541987 2.64436144287 -1.02013441514 -3.97556890006 12.5187421703 7.73506275641 
-18.8761340098 -3.07131641034 -3.19068224567 -5.77482614407 -10.7711555597 3.23937509406 -2.56594316593 -5.04769403547 8.41246746297 3.24022873264 
-20.1141327046 -2.35311215312 -6.64143291502 -9.17653135661 -10.212205682 2.21679595962 -6.54044565068 -5.59294576283 9.11704799086 4.46091263369 
-20.4330537225 -0.734027289648 -5.43499513045 -8.91030172176 -9.09957155367 -0.664013735022 -2.48405056894 -7.93070386782 2.46633006821 3.8915970573 
-4.40933674717 4.04560379328 -6.86713700777 -5.87811572667 -11.2366691138 -0.640125092785 -4.5305257021 -0.623041037695 -2.57029092767 -3.16837385316 
15.9792730974 10.3579038594 -11.7085463324 0.482689901023 -7.77036906337 -2.21756675502 -3.73641150359 2.29143047852 -1.92845727844 -6.47019469422 
19.1189984746 11.4882249994 -13.0182283146 5.13096899286 -6.30605430388 3.42780267312 -2.73679469331 0.301888025417 -4.7243210057 -3.95140248872 
3.60524669987 4.80566114821 -14.4894980172 2.34037829145 1.50720799169 1.40913231886 -0.875161087996 -0.0908913883349 -3.90617939631 -5.31033048784 
-2.43233433923 4.66051417257 -10.5832548625 4.93044590697 6.71175182297 4.79091194895 -2.52746173133 6.59071462837 -2.66511136539 2.67029007935 
-7.0990510842 6.70992040548 -8.57088917146 4.61863460405 5.73997860845 2.95059272578 -4.72872946487 7.17571967468 -0.218769826282 0.626738628921 
-8.33134534561 2.92908832962 -2.19152136669 5.38811323541 2.14588586701 -2.14657991807 3.77463392066 10.2472602925 -0.294454288146 0.454794224734 
-7.09738770168 4.60132989424 0.741725979397 4.59613859812 -3.38613390375 -2.54469548096 2.00689611221 14.3845403308 -0.890435906634 0.500617956401 
-4.59968286374 -0.0281863857201 4.95202413834 -4.37200328872 -4.41782795084 3.90398151222 4.7590741726 4.53159391558 -0.987353896073 -2.52398055509 
-6.1918291218 -2.11172006686 4.89353650944 -6.31062205647 -1.51273899074 1.89337221967 5.36798325249 4.02671898433 -1.739296132 -4.37654760623 
-8.63207302176 -1.16936439778 -1.60577825283 -7.33235967827 0.646277133828 0.993333426209 -1.82120618938 0.598590834877 -2.1863317482 -6.59894282598 
-9.17245372824 -0.9562195079 -7.93724594296 -8.23900255532 4.90255488881 0.239509413657 -1.73351314663 -0.121657384451 -11.1362682555 -2.5924184594 
-4.1883667931 -2.11752561053 -11.2894002563 -4.41931582692 -1.56943054783 -1.64958308915 -3.66266329717 2.62409917141 -8.97196812729 -5.68560021915 
-2.94384575452 -0.773722078961 -14.630836053 2.43143569518 -2.4605737783 -5.2112236953 -7.08491056426 6.29732194323 -5.88532149336 -3.56239026005 
-0.933954546998 -1.87556203997 -15.8942722179 2.30772747588 -7.24777267277 -4.06272696103 -5.88261137174 3.6013941443 -5.48901756525 -1.09400493788 
-8.03909508646 -0.953706410474 -17.8326975525 0.770926499438 -7.00217365872 -7.59423104962 -3.59587821996 0.431669433916 -3.37678578193 -0.384819796186 
-11.1149172118 -1.90641045127 -12.3794208152 0.923521670107 -2.6267040963 -5.25656202437 -6.30018027504 1.0929985996 -1.03967319575 -3.98778397448 
-10.7142312911 1.21074881238 -7.98006822442 -2.79728187495 -7.1853071752 -3.32665291394 -4.60145872163 0.366624837673 -3.33433791522 -4.60189069145 
-11.1263474863 5.72479365334 -5.31770438562 -0.556106807268 -4.65959911915 -2.95226260349 0.964633665352 -5.80693195996 -1.64955104416 -4.96380284892 
-8.95259780974 4.87615741539 4.28583599244 -0.640361066234 -3.0245259827 -4.23289291615 6.77312995664 0.395309122394 -6.01121235695 -4.14347130937 
-2.93482155737 6.82245493264 9.03416332872 2.22618390488 -2.70610943275 2.09977257687 1.17464057672 8.32265078352 -9.07206890711 -1.22976183702 
-6.42094588477 1.44963203744 8.74941007216 -10.1729076858 2.57499477653 4.93925266059 7.25619425993 4.67758958589 -5.2490650567 1.5893718477 
-10.2088312653 -3.0876565053 4.58581460701 -14.9928253406 3.82762403171 2.63083393999 6.19087603811 5.35249440136 -0.731585685428 -1.59773231528 
-10.145422655 0.624767811895 1.62743565307 -16.3938854343 9.17274185354 3.04892263951 1.89300040547 3.36450819963 -0.0232807205385 -1.12878102141 
-6.95259168427 2.07070674678 -0.0180664241768 -12.70001728 10.3474527506 4.44756510319 0.897569405985 1.37264508914 -4.06249774377 2.66130011079 
11.2365386957 1.90112524807 -1.77557372535 -14.6501886277 3.64929503616 1.47857829552 1.87520597457 0.310036490707 -7.34322452464 -2.74237476586 
25.1546519032 7.055592226 -2.88595125968 -7.05380919889 -4.42517194639 -0.0883669417653 1.76080895857 0.649636422336 -4.95595518968 -1.23491672386 
24.7852119149 9.12225611767 -7.66868641937 -4.46907684277 -1.84241918235 0.262500587255 6.77430986015 1.36451458324 0.02950773152 5.78570355443 
2.87231459918 8.53287968839 -9.81316140163 0.788003443783 1.0819984671 -4.0203928832 4.31999837221 -9.93246091861 3.26128000087 -1.58535302835 
-2.41306180963 4.77085651574 -4.75526916757 -3.38764910783 -2.26091614528 -3.45880767929 4.94038771276 -6.02121794598 1.15156746706 -0.905396441299 
-1.72462489616 10.2014573498 -3.7482438214 0.632577801305 -1.38831476322 -3.11197596132 3.15886341914 -0.751358379396 -0.396895009035 -3.055105227 
-3.37329886642 6.87002126531 -0.154345190667 0.172960284252 -0.424420814878 -7.38542746023 7.11342197403 -4.83606887187 -0.179105650147 -3.79066376549 
-1.64423612676 12.3375182312 6.27741237573 6.01910194393 -9.91686596389 -6.63064345034 6.04675900033 5.22468737865 0.234723687115 -5.54748388733 
-0.981289943947 5.62762793556 11.4901392203 -3.47239186188 -7.50717513206 -2.1403728779 10.9803354398 4.30385360662 3.2049379946 -4.78581016419 
-2.85355444371 1.99323976235 9.51518386318 -11.0766610232 -1.92387225659 -0.546481951343 8.42988239476 0.425323634581 4.09286588153 -4.77199264028 
-5.77601523917 2.50980986296 4.42788859985 -15.4498861377 -0.687652843265 -1.31218725379 5.85103968777 -2.09555213931 3.31192839668 -3.90770587507 
-6.95609084864 3.27006761555 2.70230941753 -15.4124967016 2.80487473223 -1.48831336882 6.58739006694 -3.8616892868 -4.61995605911 -0.187153564447 
-4.39255565361 5.73621017438 -0.3497651628 -15.8984985391 8.1298117047 2.39694420261 11.663790095 3.77548267019 -4.70942794016 7.50531157203 
25.5278689747 12.3103770402 -4.89209517732 -0.113025008481 0.212684994664 -0.596784713166 -1.69266541861 1.98206117288 -0.730696054659 3.75080039906 
9.17214232247 13.2811239936 -4.30067221467 5.84009240812 5.36864116967 -3.91512748875 -1.20762039167 -1.52925416107 3.17818049805 0.622055839499 
2.89880374554 11.9569133413 -0.761463417561 7.26202785705 6.62743923253 -5.67442993933 0.727054850536 -3.40413288925 5.64308212856 -2.85358963932 
0.0668620225779 9.68913130336 -0.176554812324 5.85226715033 3.85759451847 -6.41622278503 -1.29502801685 2.89580713599 4.02260012741 -3.47964784342 
-3.28103414315 10.8913872514 1.79765343064 6.77071247178 6.69893816638 -7.25351605142 0.729301687322 0.999407379557 7.5290153168 -4.44571822551 
-4.92335711419 8.19278036279 7.68118298221 8.80041691089 3.27656195819 -8.81449205563 4.49482657021 4.19336652269 5.2055711491 -6.60439925763 
0.969296541498 10.2231736061 12.9827128101 7.28493750538 -3.99483092862 0.50774531157 3.55724549969 11.6397207485 0.668873572985 -2.19725962425 
-5.6159506271 1.20064185682 12.8278506827 -5.92693080275 -1.52484612125 -0.274177587663 5.63062423108 4.58982068707 4.68239513816 -1.22118521339 
-3.02291062029 6.67992904665 13.1943936263 -2.604760869 4.77035229226 2.15827036037 3.66369861176 3.16810216402 0.350270939302 -0.906413293844 
-2.10247750822 6.05938558812 8.11367764975 -7.20865962515 4.84467105299 2.24286330483 -4.3005492452 -1.32822688961 0.742490382177 -2.91978054461 
-0.741706177628 5.67300486769 4.13253065467 -11.1967427262 4.42759642073 3.37299566407 -10.9061542581 -3.39358575436 -1.30809962909 -2.88268893579 
22.2125172813 2.19046378697 5.63176384876 -11.7335975423 3.74874203688 3.06837167421 -6.53238214489 -5.08438466163 -7.05228500667 -6.26026098411 
25.7833894153 9.12624108986 3.91207918571 -3.89953860961 -4.1282213634 1.62073589967 -5.64054655104 -0.911447236299 -4.97729648899 -3.67440044151 
26.1672203777 11.3390242241 -5.14406832886 0.450836715061 -1.51633262034 -0.718101400034 -1.31048555014 8.02819402746 3.15026672246 3.51545699918 
-0.1413471661 9.92646150632 -2.83003267368 0.630501719415 2.60364447221 -4.28609070373 2.2057092065 -5.56717295355 4.38658346179 0.0360548992945 
2.63860023447 9.66568978589 1.66540945249 1.61331100466 2.70110172582 -1.25599672834 -0.253533585576 -6.7338755167 6.22644864366 1.63656673303 
-0.585870478917 10.9667108806 1.25882911634 2.02701910802 4.9390641322 -4.61710954173 0.363909673395 -2.58273385281 3.94590424516 -0.294574282275 
-4.31469479712 7.97347700346 2.4959337606 2.06357466585 5.36225032886 -4.88088562459 0.971276698316 -5.77422401236 9.02161555304 -1.71335021532 
-4.8164490509 5.99417175229 8.53944497491 6.98289044276 -3.63460184925 -7.54406947435 3.14991278087 4.62254203083 3.70377387803 -0.708801257338 
4.00615170888 9.30692131536 13.6804196954 3.24486833198 -8.57452352261 -1.23998850247 0.669915986103 5.66869571375 -3.13790870045 1.60621978054 
-1.81796929868 7.12395868547 14.6868932656 -0.898131381651 -2.19766914701 -0.312802900414 -0.293457825089 -1.57577634111 -2.75473543698 -0.10982604636 
-2.43604871728 8.64876627602 11.0225128148 -0.971245759122 3.73940961596 2.6806201688 -7.06041770155 1.93694863516 -0.276163229967 -0.563196925205 
-0.997207890718 9.64843250413 6.82706795013 -4.01163682767 6.36795194598 4.40640750426 -12.9945913324 -0.49925043058 -1.03377802583 1.05154911203 
3.95333179021 9.13436668947 5.3405025943 -2.51025765203 9.57170105827 6.09554446215 -16.4379125297 -2.43702155019 -3.80617720922 0.964848638455 
15.0933168167 9.24661757737 6.80476420717 -2.21833726683 4.72909940624 3.87368402327 -9.86630554991 0.620779740575 -1.43731441148 -1.35098875878 
23.7888420044 15.047856505 3.68232051133 3.59146387498 -10.5530138879 2.85032103651 -8.44135357769 3.54488958639 -2.46123440773 4.00034464009 
1.56923600928 12.8932887557 2.61875000608 4.73086754751 -2.1934353187 -2.65074471682 -4.31188943088 -2.22063887477 -0.30120985039 1.90465508088 
-1.2354440087 10.6933132547 5.87301903871 5.5642181634 -0.888205545323 -2.83903028571 -6.98822695359 -5.53218719404 1.05609265402 2.634748934 
-3.01037549894 13.4142407213 3.32388774389 5.9238026933 0.368882162585 -4.05617709097 -10.4033833407 -1.17927474383 2.20461524035 5.08493495185 
-8.45313362251 12.7642496412 0.30881511365 4.27685556422 2.27074362375 -5.36971910873 -9.83639536959 -0.611609604888 5.51768827436 2.55516643912 
-13.3958840983 5.96676620601 6.86075455295 4.71797085371 2.63820110177 -10.0348054869 -4.73862439767 1.72760438851 0.771812794702 0.0285522273872 
-3.84584456894 9.65936071452 13.2621129392 7.58327983992 -3.69691881857 -1.22242852176 -4.8961068084 -1.38443778305 -3.9293455951 9.02556635226 
-10.3408855938 4.11038547047 8.26533175957 -4.06324839091 -1.16723603229 0.450585438513 4.25274615674 9.44919120114 -0.696168429487 13.0856283798 
-5.169780666 8.81884006495 7.28055945266 -0.365459607766 5.96957283734 0.968360410209 1.89244450399 2.2075352141 2.38532900482 0.655107219824 
-5.38432797288 9.29491916501 5.74624663521 -4.59361000844 4.18957591516 0.615205475147 0.239992693051 1.73946886695 0.868889312861 0.233976946467 
0.727343997987 9.35077524957 5.61311893741 -7.11305870638 -1.73611709779 -0.0312808670491 -3.95003673706 -1.22682126339 0.797059647482 -0.551158783327 
-1.79480714339 9.4773878003 3.40892860799 -4.54946100837 3.85338996619 -2.99662289069 -1.72739898553 0.694152542697 -2.38259303711 0.264949514172 
6.20393293997 7.91617155734 0.994963731977 -3.3797984524 1.45853371788 -2.28624482163 2.20714890406 1.41329218864 1.46827257063 4.08813097257 
31.1960997138 8.7846991514 3.42872732262 -5.04982465089 -7.796085629 -0.908419262592 3.36513376735 -5.32317186164 -1.38891971736 3.21618123488 
33.5121352618 4.11085904904 3.48881899757 -3.15128306734 -5.87581955184 -3.50484938187 3.53384965729 -3.80573342959 2.14814037592 5.48276852221 
30.694063814 1.05299975456 -0.737837359143 -7.54968677036 -1.10780703024 -3.66841789238 3.36503664898 -0.765103580514 8.97586993281 4.4884491946 
3.97609870823 5.29234347426 -2.67547915117 -1.93477961264 10.7041986696 -8.38296912866 2.70549837491 -8.2023942984 5.37195578799 2.44614526226 
-2.67561905569 0.915478454285 -3.89376622855 -5.29309612283 7.60469249995 -10.0743649538 -2.26833312008 -7.86641892928 1.3569142179 4.55068856961 
-9.21045151256 4.5862607439 0.79977409374 1.21345792135 6.99491137438 -8.03324017649 -2.34492660369 -0.601981303306 -1.13013627618 7.67670461037 
-13.042693429 2.38535505814 1.20447049941 0.765487436033 4.63833514035 -9.9139672052 0.859940271981 -7.19372917509 -2.9046233001 4.86202864831 
-12.8534049584 -3.26548422231 5.70480789494 -3.25424908175 0.988075967566 -12.1503899648 2.48883393545 -3.41285780432 -7.2141954967 -0.580699718697 
-9.07029548183 -4.73278356054 12.74077902 3.20414202134 -0.779619986181 -9.4610569036 -5.0206682165 -5.58088127333 -4.62637266372 3.72174889885 
