-11.2233709083 -15.4364956498 5.60387774296 -0.431941079989 4.06374592024 6.34087884009 6.67179586757 -4.84064866097 2.84666321096 -5.69973384123 
-12.0530935977 -14.6696316248 5.71715511415 -1.24939477949 2.22655251939 6.68728594477 5.6082360907 -2.25321617584 2.11220847315 -5.25274010744 
-12.2561762057 -18.7662406834 8.20205531706 -1.25291179918 1.52709654267 9.50177320734 2.65396482249 -0.301355277225 0.448663126724 -5.0738682274 
-10.3585620991 -21.8473206694 8.19670811705 0.483386179344 -3.57785510419 7.52574910336 0.638747746769 -4.57547645495 -0.944482772311 -5.88338759518 
-7.83860952353 -23.0192660203 7.17054467553 -2.25447060202 -4.57397851753 10.2280574602 1.80288394387 -1.10057665031 -3.2287439004 -3.95341354927 
-9.68557873397 -25.5850727214 8.58693330538 -1.2893489523 -10.659419361 7.5959211757 0.624699281587 2.39447650491 -4.17069310972 -1.3169697932 
-9.40807401649 -26.5384688901 6.4622702375 0.0732623277134 -11.0243198691 5.99261897212 0.41110155445 2.11515867606 -5.84961493279 -0.0039927242418 
-10.5539373056 -27.8772722794 4.48474858689 0.800223219304 -12.4994689937 8.02262848862 1.52235234861 5.44122571958 -9.70048826434 1.38976177161 
-11.2960289466 -26.7274832036 3.0849649134 0.0316749274621 -11.7653705034 6.08624003555 0.646312712487 4.00711463892 -9.73054247338 3.55511386978 
-9.58085994281 -27.46828925 1.93904634703 0.89609346885 -13.2232299484 3.84940567577 0.145483563876 2.44252896261 -10.8188469822 6.27374458933 
-7.27726194459 -25.0138849867 0.838075227268 2.25365258633 -14.3825296587 3.95113464903 0.587486706535 -0.159293300481 -13.4372713067 6.41840245979 
-4.78372115909 -25.5299753638 -0.20040934106 4.49603207149 -15.8123087082 5.37282128369 0.866825652895 -0.690232022359 -14.8713007601 5.96500354724 
-2.99152206402 -27.6870092506 -3.93772881358 8.19159896905 -14.9951111391 4.08966141649 -0.261619045203 -1.59364639261 -16.0616861052 7.32212379884 
-3.92713128534 -27.3263957378 -6.82269154693 5.69850411693 -12.2531450825 5.54608240819 1.45126271977 -6.84799740107 -17.0930600137 5.80847652346 
-1.3202921868 -28.4552370544 -6.80181623264 7.34932816596 -8.86131608482 7.97365087123 3.74838682748 -9.40352725114 -16.0989182144 7.02671926754 
-0.907706217229 -26.5662248586 -7.15027973381 3.73965487899 -5.83876325354 12.6343380919 7.84442209574 -12.7544032063 -15.1619468468 7.57965275075 
2.77420711724 -22.9374038334 -9.20049774899 6.30101683293 -2.55222974169 16.8752869451 11.987559003 -15.4438187769 -14.0345263106 6.83796066378 
4.43671316435 -22.1327255585 -10.8442833575 5.46479824456 -1.35949393697 19.4499386606 13.6128324422 -14.4898396226 -15.8372564952 5.85850234865 
5.1063398232 -21.4532106479 -11.9538320727 3.66510564011 1.59584454768 19.0992074947 12.1402697436 -13.8687963973 -16.2372565567 5.64287578442 
6.80347120888 -18.1117591558 -15.2166641468 1.83511187172 7.24326890867 19.9871794306 12.1167411642 -13.9487550479 -13.6647054956 -1.44641794727 
9.81527847765 -16.1313220152 -18.9531497279 3.24895379666 15.3899387834 19.8981172256 10.6758756397 -11.6755199571 -11.4266945847 -6.17626243266 
10.3094926934 -12.7377271927 -20.8858821955 3.01179186276 21.3341932049 20.8641525261 9.05465893863 -9.68651328765 -9.82089233243 -11.0139462898 
10.2177557262 -9.50205047041 -18.8269593375 -1.31321801874 27.2784227567 17.1356880565 7.0556080441 -8.79864677284 -6.09547663878 -12.3934423461 
8.80776912791 -8.84210695357 -16.7188696868 -3.28385603839 29.964581494 15.5985649835 9.94544639618 -7.94663466379 -5.01234988212 -12.0592048289 
5.60586930478 -2.81969382113 -12.1453212425 -3.50301691227 31.1349534239 14.6636314668 14.7567958193 -8.34689168582 -4.38608513756 -8.55867553143 
4.60918407564 0.226147398217 -10.7881310382 -4.22225794647 29.5751144259 18.0632450287 17.4222832854 -4.64973461374 -5.40553152652 -5.31499602801 
-1.10807113361 6.75532117841 -7.28301768186 -6.18875223364 25.4331840704 17.3115497351 17.6711591592 0.134565553834 -5.66703687591 -7.71080811643 
-6.04565465214 8.48323032693 -3.85984721121 -11.1593904935 21.2128233442 18.2751297118 20.2517637143 3.8832859408 -6.79473744337 -12.9557226346 
-6.20780567158 9.86641812632 -1.03307065464 -14.1532386625 14.5479816615 14.8407959106 17.1763932581 5.91859578067 -4.8190890819 -12.1759283007 
-9.15443151104 10.2575598079 0.897350626455 -17.8236185067 9.58580055113 8.74586220968 16.6609634247 8.41498293099 -4.07259928623 -14.5062658748 
-6.19906776713 5.55977944495 2.52219262398 -24.6527017286 2.27733807112 3.37677637271 15.4433390355 9.48689917087 -4.25342748002 -18.5272572249 
-3.40267995065 4.60428693842 3.21083471794 -24.8905957052 -1.99986745407 1.32191420272 13.2958467831 9.71977824033 -0.751366658771 -17.5295049845 
0.397618914595 3.54150809037 7.32778990146 -21.7638894073 -5.74712568537 1.295456363 11.5296146818 9.13463752933 3.80194670372 -13.8430328985 
0.0187080540197 2.78445196186 9.05834569769 -18.0223330515 -5.67622154909 1.50184906875 11.6956390656 8.80065760037 3.42858768041 -12.7092596806 
1.94603759147 1.20080593035 12.8740512788 -15.7940637405 -4.50588779658 4.51365251966 13.8276751574 8.39732708821 6.37530808558 -8.27413913278 
4.2411406487 -1.35469134487 15.0412680864 -15.062233991 -5.6092491169 4.21467348874 12.8293986807 7.90082146107 7.75286412221 -4.64676720593 
4.11352744862 -0.599654973112 14.6339002009 -15.6902814527 -2.96198607348 3.83907394783 11.3622098259 7.34654137543 6.11240163365 -5.60117968733 
2.8622571398 -2.37896729487 16.4964206548 -14.274367478 -0.0162472201797 3.47576102641 12.3423078598 7.46476607593 2.75089079493 -6.4184290956 
3.74147077777 -3.34955392419 18.0921599376 -14.1636688826 1.34810263979 2.36432239339 11.4239901444 3.46686387097 0.405516613038 -7.37762446187 
4.46679749288 -3.306903672 20.5415185154 -13.7092691124 1.50831797465 -0.831734721451 12.8873113643 -1.42516355603 -2.43671470699 -6.06724163596 
6.32903803368 -5.00989267455 23.6174274177 -12.8212920286 4.22474260166 -0.492710274949 10.1051312075 -2.09832977577 -3.22016352292 -4.52568895369 
11.3653377851 -3.47505052646 20.3678933896 -7.70467992787 5.0197810424 0.735551375131 8.04890182409 -4.18119611134 -5.01893148267 -5.0131589472 
14.5588971811 -2.12106699242 15.990805212 -7.28215481731 4.05093015694 0.957221469875 7.86460390814 -2.77436524472 -3.97930940671 -1.61157075751 
16.0068367869 -2.13140242992 13.4493987613 -6.59222148015 2.49071412571 0.705439508206 5.925391746 -0.349142220686 -0.497307424718 -1.27433494412 
24.3735046714 0.823127032886 7.33555166038 -1.65007888996 1.67556968299 0.940095695974 2.54448642541 1.69960747517 1.12003500321 -1.02728296923 
26.5291345453 0.496682948472 2.70885719736 -1.89527329549 0.624904408775 0.9895050705 -1.81184553569 1.45792033452 1.67826218462 -2.60428175451 
26.1432492344 0.883721550336 2.34978424689 -4.82566605018 -1.73707862465 3.42584758256 -5.33387485155 -1.0546895482 3.43798389285 -2.13112218955 
26.6402196534 3.84555442325 -3.85474102583 -4.61946739642 -2.12010964325 10.6279367559 -9.09867443291 0.273477530999 3.26482465327 -6.76074741075 
27.6786054486 7.9442704791 -11.2098685706 -5.43441964822 -7.42329574384 13.5821913361 -12.3448539187 -1.60895903587 1.15919210909 -6.21318269147 
21.8795707055 8.99246635353 -13.9993225973 -7.3222802452 -8.03391011281 14.1975835556 -14.9480800893 -3.79760621702 -0.064221333495 -3.55874395915 
16.1925973816 8.69793904739 -13.2451597144 -14.4363457563 -3.79452802479 10.6922799903 -13.3523688637 -2.89073133894 4.39123354673 3.31875407305 
13.0930469479 6.63515199498 -16.7798642369 -17.7828277506 -0.839693671215 8.07435066021 -7.07994923325 -2.35693334972 3.90709303756 5.55794573367 
8.87520279501 2.89488484896 -18.9684261065 -18.5098866881 4.56987144406 6.78507001742 0.385658721374 2.10395527937 6.48701523121 5.92536761832 
-0.366094501573 -1.31855779524 -17.0321354856 -15.6592240258 8.20671369459 3.38601934237 6.36543462475 1.90566082697 5.89476545523 11.3135850552 
-0.990961143424 -0.542908715159 -19.7981507071 -13.3887493202 12.0937311887 2.18774525746 5.17235178686 0.788941056791 3.90964962178 12.956942368 
-5.96871969673 -6.11630370824 -20.1785124693 -9.03430574419 13.7193294729 -1.78317730767 5.45230765034 -0.119885553781 6.68658278399 13.6024489718 
-6.32383639751 -14.7899253142 -20.4778137397 -3.95534404838 15.0670945931 -2.41459628613 -4.9530391889 4.17760570826 -2.55944500076 5.51707976209 
-7.10890573633 -19.0217601924 -16.0245834688 -0.0738539260879 12.5485300958 -5.94706228885 -11.0498628389 7.07799795762 -6.04246305048 0.693179186331 
-10.4467782427 -22.6119998223 -12.2640888863 2.65737072156 6.63321945042 -4.66467537152 -11.3524987468 10.8517247903 -10.5181809762 -1.22031843819 
-12.8662881848 -24.9830749789 -7.15687569297 3.03871032862 1.36764464996 -1.31186047978 -9.13288281779 13.8005304505 -8.3960161054 -2.26867100755 
-11.6066292681 -26.8379815441 -4.50958859146 2.84809710119 -2.82026541101 1.37545650777 -8.87322607815 11.9347608583 -7.71365033366 -3.5470192023 
-10.1208422091 -30.7160036972 0.602437391524 5.67909301449 -11.2099799155 6.89293195819 -2.75738683964 10.0220851283 -3.1863128589 -1.57177425805 
-9.199725073 -30.6903827518 3.78736571887 6.71358260955 -14.6795283785 11.7751796655 -0.417424645965 8.30284046772 0.862198472067 -0.619820723838 
-5.21797559137 -28.2239974828 6.96196304406 2.38349788504 -11.4267096206 12.6451274589 1.6123401154 4.96034702392 2.36956936984 1.05260815204 
-5.2708227935 -28.5398602895 9.29787883429 1.2826478288 -12.5635199136 14.6676266593 3.4384651733 5.05738048827 1.84476511401 1.42558700028 
-5.57778237634 -29.6229564155 13.7948897874 2.87509781345 -12.7264991084 14.5161063795 1.81322824214 4.88506424643 2.56999549889 0.884720180865 
-4.03632398952 -30.8061568181 15.1349098451 3.26077173291 -13.9900288723 15.2820557689 1.33627166737 2.96759395309 1.37400791093 4.14382394922 
-4.29691826826 -32.7396517314 15.6611875868 2.87751022132 -13.0768550811 16.8800865323 1.49370637704 3.84038819011 1.69331061434 4.71721742607 
-4.42488764349 -32.5498385482 14.6294877557 1.54988846555 -13.2867125227 16.5730656661 1.38846440951 2.82988782193 1.21480541377 4.25487763244 
-4.6601286613 -32.4800512843 16.1980659084 0.733452536058 -12.0390164792 16.8248440662 1.83678839311 2.33261520004 1.02142736349 4.86388942098 
-5.99858948068 -33.5989735467 13.3341771603 0.389654882588 -11.7492805338 16.2962320207 1.85283721115 5.41806404101 0.574617751827 5.04112457902 
-4.08670071178 -31.3346218048 11.7616090109 4.48065223049 -11.7402978134 15.4769591021 2.60226250694 1.51941066991 0.183855151231 3.40741941155 
-3.11584653364 -30.3289999487 10.4185096508 8.01881680076 -14.2308437957 13.9965889785 1.15940221988 -1.17792808006 -0.672091944545 4.1246256561 
-4.70378659104 -27.8785846116 6.08406146278 4.31613669205 -13.7546835606 12.6442772547 1.93225461347 -2.95208652707 -3.01913796767 5.24570383115 
-4.84665965513 -25.7704247627 2.20542722356 4.78502530403 -15.7793775315 12.4712515441 4.58138335191 0.385983716956 -1.14973592468 5.68333656191 
-5.82605830972 -24.356769644 -3.15562563049 2.40063005656 -15.2487709201 13.0175524857 9.25988308893 -0.303908664258 -4.50402828446 2.36602042824 
-6.19961140756 -26.5225647493 -3.04863330264 0.257321014227 -15.8954512603 12.5469699675 10.5534184511 3.37535975779 -4.8168546981 2.75344084181 
-6.20363362114 -28.3100850223 -2.8869524349 3.86962288998 -14.3689357043 12.7954935688 9.38625508613 4.97356535676 -5.34195006641 -0.540820021584 
-4.04042952369 -27.1408986107 -5.6987383095 5.82531627192 -9.92192018789 13.0179293924 9.15109218244 5.94940878011 -5.96986840917 0.968999228915 
-1.81488269885 -25.923597151 -10.0701071762 4.67834032822 -5.69050477053 9.74798107291 7.53320049269 2.6760610718 -5.79880429143 4.33679161214 
1.20832007477 -20.1154124513 -12.5603272 -0.457264924133 0.730004554426 6.60847735889 4.62249305875 -4.75496394182 -6.076031663 1.00577180206 
0.286452285126 -11.2858864055 -14.1115162375 -2.92293799511 8.02788107128 1.6479752682 7.0869337789 -8.29866829842 -3.27643033503 0.241332914615 
-0.780735023841 -6.14482479561 -11.9496338394 -6.6159820015 5.98659999737 -0.313652879892 7.10306868787 -10.9895218716 -0.0990515944569 -0.618784214695 
1.61006537123 -1.9413158185 -11.8115822515 -3.09326379364 3.29861700189 -0.982793921066 10.7813529821 -14.1278409178 0.924779741857 1.70218034016 
4.29606974155 3.97458885816 -14.8658916944 1.89036039952 5.62891721596 2.70127151068 10.779659735 -15.5514851225 -1.09947888333 5.93205908677 
7.4448508009 4.59203222981 -18.2791133781 4.64902713673 8.63967361305 3.72234163172 7.55300107035 -15.3868642672 -0.95866628154 8.54500177096 
7.97718830686 3.2614625209 -18.1573423795 4.51834307081 10.0670101463 3.69170719549 5.16904528542 -14.2728293768 -1.54331883672 8.24332361002 
13.4123193732 4.50180536708 -21.2422849815 7.7672138276 10.7270672332 5.43434530674 4.35309709102 -14.070793097 -3.71990050577 5.16806520519 
19.2488855458 3.43541372534 -24.0316135573 15.7733143471 12.1171393727 5.55990005368 4.09209457956 -10.512434399 -6.03340938464 3.32854907177 
22.1018082376 7.67651484885 -24.5780711953 13.8698001897 13.0360368967 7.35148765147 1.20702188581 -7.5149706168 -6.92854478559 -2.18747829896 
18.7356160059 10.3590946849 -22.1986279572 8.36534370744 9.94654037624 5.99907445785 1.171241233 -0.634019912609 -7.74125097484 -7.98574195711 
17.388794704 10.0086661521 -16.7331322428 6.29967977315 5.25962554555 4.56271768189 3.02573695221 6.01439325287 -6.52552515935 -9.81385309567 
19.7381469778 13.9954141731 -18.2091596817 9.8968902088 5.85646363021 4.52776933207 6.63961490771 10.8608977428 -9.43101082714 -12.514449581 
16.6283809995 10.8082641725 -13.120073371 2.82029910475 1.51644230858 5.7097075979 5.89893124203 11.5270607636 -8.10121777793 -14.7469623056 
16.4313844169 9.99198117732 -10.1451142194 2.56916675257 1.61536039806 4.24940049507 9.2160016155 12.436680817 -3.66914459363 -12.6586296151 
7.37608178843 6.43069624953 2.07682666062 -3.82243485175 -4.0103566594 -0.196218274935 8.41348000485 6.99113534766 1.7070770866 -11.2927911763 
6.19581095135 4.03836207297 9.67054911325 -7.16495276085 -5.41647678856 -0.287676926251 8.77764629768 10.8103535956 6.44854888302 -9.57190503949 
1.59984704098 0.229544911317 14.588807375 -7.52515005534 -3.62475840557 -3.70072935411 8.66929998659 11.3098120977 7.79545769468 -6.93257946696 
3.07616021452 -1.27899412064 16.4804252223 -4.64894674196 -3.65454803087 -3.78969967224 7.95422066218 10.7175439533 9.10672326257 -8.21900625164 
4.67073541409 -0.749382606816 18.2007862891 -6.89124687805 -4.81763543313 -6.03129675513 9.83596852679 8.96577293031 10.7016584542 -6.27827368572 
4.64695686212 -1.52024455699 21.0065399526 -6.97882491793 -2.76727999762 -5.41250822111 9.51903475309 6.97621278901 8.07666237721 -4.56583475464 
3.88266949148 -4.61120510629 23.6690205006 -7.57191753078 -1.61299322066 -5.02081667179 10.1584312143 5.57870670976 5.86032837624 -4.80966163099 
3.83374464415 -6.62177302722 27.0790329736 -6.27917096157 -1.16694075141 -6.71286867536 8.69081286883 1.81028947838 2.84223127814 -3.52044511826 
4.42200147115 -6.28224902764 27.5174331415 -5.76643500864 -1.48155723398 -6.13191049635 8.13675337076 -0.106581373757 4.28478388495 -2.10354886769 
6.41214971808 -3.67918289361 24.880161106 -1.44216848109 -1.80308589312 -8.64529800543 8.94674031585 -7.35200211654 2.33565928942 -2.38397192546 
11.2301552993 -1.92993354865 24.3721954918 -1.0068992521 -0.634316490338 -7.88756598285 7.70165710161 -5.61112957544 2.95729879007 2.09533520856 
19.7641143256 0.478401405217 17.6885815269 5.30498041239 0.362287302967 -7.68687111785 7.31890766408 0.333364842212 4.25833616486 4.0112401848 
23.9861407475 2.69203088361 11.5758475867 9.51297477332 -1.07573926733 -6.12831739237 7.7975056849 3.48942364732 6.51754787096 3.87980833895 
28.0815929941 2.55376792252 9.14505532512 10.4218459918 -0.340573657272 -8.35318881981 5.12876776373 6.49602595885 7.14607574927 5.70897539141 
29.9299220937 2.04651036338 6.98755686992 9.50412661096 -0.87744727352 -8.10831463983 3.07814057445 6.7287733335 6.98405230617 6.07998412359 
37.5689739298 3.6632481268 -5.52644738031 15.3892953337 -1.15572755375 -6.20893207693 -0.769254326291 9.47848832151 4.28258913837 3.80702599125 
31.095036859 5.95505980719 -4.91537797398 12.1876923114 -3.20370933492 -2.79149256999 1.72416507808 9.86636876613 6.9891711138 -0.679278559366 
29.8979117023 6.80479608558 -11.8843621919 7.93983431442 -6.93191990427 3.28240071155 -2.86100973072 4.74271997598 3.99148782952 -5.53756616353 
27.3958381394 12.3376718318 -16.1275460376 8.00168751374 -7.56602846463 5.15020087426 -3.53740206132 4.06833078117 3.23889376122 -8.58722412681 
23.1066219878 14.4414618585 -15.9369513019 4.12401350497 -8.29912650628 5.66809903486 -4.52421243611 1.18620768244 2.80333225606 -5.82935761096 
14.3169259841 13.0505631778 -17.5474367744 -1.54979720281 -5.85467701531 6.68100459086 -0.727851319248 -0.839022250522 3.46048804562 -3.8434776102 
6.03268461793 7.55689265923 -18.1178765701 -7.53815771553 -4.39288210495 3.2323570825 3.05741781934 -4.98951038085 4.04632130411 0.323308948316 
-2.15244161909 7.86273597099 -17.5961213662 -5.52417845283 -1.6034017818 -3.8305513165 7.58243539014 -4.94086264707 3.35318093789 2.40410814615 
-7.97184837662 8.32157817705 -16.1122724695 -6.12577902505 1.34421269437 -5.02531350828 9.38437037043 -4.15114626123 1.36033383717 7.43528982503 
-12.0223411342 4.84195337132 -13.7616045282 -7.16561765849 1.63413667198 -8.53540626555 10.2547404345 -3.09970043681 3.79103939187 9.37869464184 
-12.2374895499 -5.05835754316 -14.3248769056 -5.06104878051 3.55601585364 -13.3500089907 6.04181487904 0.348538527394 2.70634559513 6.13062148502 
-17.2172382116 -14.6622050028 -19.6377432152 1.41461794399 12.3086919512 -15.4902462963 -1.11382320942 7.91659964177 1.18506232957 5.62370697596 
-18.5888524241 -21.9702915877 -17.2474891064 3.86812013433 11.2485231843 -17.6203351915 -6.91688630405 8.12771003677 -1.20691415308 -1.9077917367 
-19.2665355016 -22.2292369634 -15.0001539053 3.70039272589 8.84382552866 -17.7680641357 -7.49918296145 3.74736268451 1.25811889756 -5.67287396927 
-16.077656745 -23.5566430254 -16.0902513571 5.82772018488 8.40669566013 -16.1234305056 -10.6337932436 5.30919605112 3.40864824738 -6.19137753571 
-13.7843460214 -23.3566244603 -17.8352040314 9.61791752186 12.2812149126 -12.7064874825 -11.1258789161 7.16409739706 2.21011613956 -2.07640681324 
-18.1371215129 -26.0603149905 -8.59822285086 5.39349062956 6.6836748769 -10.7832776727 -11.0113274933 4.953591865 3.99807055193 -3.50430597367 
-16.426867654 -26.8390049965 -2.45433621238 3.99287040808 4.43006266294 -7.86071538584 -10.3441933103 3.38603821212 5.31114907906 -4.21057985091 
-15.3357354256 -25.6731155419 -2.18874154819 3.27323350331 2.82262062201 -6.45484475257 -8.72399114631 -0.19270843367 5.41945018792 -6.59582669846 
-13.6788312502 -24.1524019081 1.33792607288 3.43643151199 3.68805230957 -2.92990321721 -4.55414230632 -7.16629810471 8.66018053946 -4.16070692715 
-16.0360424808 -25.6361354274 6.10022561051 7.60562586377 4.12558671675 -1.67649223684 -6.73371598569 -6.16130686108 9.27470057002 -7.49182078601 
-14.8667254189 -21.2043221743 10.2347686126 7.17354121347 2.69077234743 2.80838156876 -6.0865519616 -9.24146792714 12.9682471585 -3.22079206797 
-12.8128970203 -23.6109825385 11.2649618395 6.38359055428 0.536761937082 3.987213406 -4.61348674848 -6.05980478546 11.925910766 -3.65642474299 
-12.1724556163 -24.3890999617 11.0429292035 6.80372500506 -2.55511067024 2.37583076486 -4.92367835571 -7.82644864016 11.5239648314 -1.84508341884 
-12.613625708 -23.5220140456 11.0650359108 9.66199257284 -5.30843819562 -0.242535339417 -5.56217353205 -8.23443800223 10.4367990671 -0.000624417902789 
-12.1449822671 -22.6298713266 11.1018099972 10.7179634832 -6.86115993492 0.854358250543 -4.4316820176 -7.41867035202 9.35814329697 -1.90622759552 
-17.626820468 -29.2993612387 -0.585856954931 9.0000546073 -6.32545773345 -2.87001730195 -5.53325668584 -1.40327640978 -1.10027871191 0.167308940453 
-18.2542189885 -30.9590878456 -7.82143307495 6.70217779584 -5.07309742821 -1.39024282094 -4.65558069405 -0.841031877338 -3.4958593367 2.15510327044 
-17.2896578004 -30.1867822982 -10.751162342 1.75731291259 -4.34189398142 -0.260782653479 -1.55301861143 1.43377825657 -4.92293541084 2.10671736247 
-15.8733491809 -29.0557150536 -11.9424957207 2.99070294245 2.66630370864 -2.18708893801 -3.36759353028 8.04681630829 -2.67495500232 1.99757564002 
-16.9199163828 -26.4025121548 -11.1499696743 1.76737068513 2.17632183698 -2.40045537598 -4.61686268927 10.5817623536 -3.21454468237 -0.206996773796 
-13.7054521923 -22.3965047342 -13.0243397225 -3.0197264816 6.83317537013 -2.82605643568 -2.62586546258 10.1287903873 -4.10507444675 0.242587399708 
-7.89753522764 -18.0666654946 -20.8638817948 -6.05969060823 16.0679332633 -2.05587433502 -4.17790135256 10.8620908472 -2.20357982733 5.73769584495 
-4.99673452556 -17.8742165381 -22.2354332475 -10.0241141327 18.4697514026 -0.0944544990346 -6.22612561885 8.04152945013 -1.14539697246 3.36002755367 
-2.76204713895 -13.0301894036 -21.5677530111 -11.4929439423 21.3998538846 1.75025027725 -1.32026617196 3.11402731873 2.40912949389 5.34532053427 
-2.7591605822 -8.41813424217 -21.7156024307 -12.0365879958 21.2051246511 0.291310431738 1.68853409666 2.30242602897 6.29579249614 5.43235121415 
-4.39448996432 -1.20284430184 -20.8367396434 -11.6608829785 17.2862957087 1.65842920801 13.1301008487 1.29362748485 12.5978917693 10.9140971907 
-2.46511696781 3.47049173364 -20.843047763 -8.61715464704 8.96066349874 0.63259313098 18.0402117858 3.70922629005 16.9478286569 16.5788734798 
1.76801400579 9.02632619939 -18.5619278437 -10.9016984399 4.49966574616 2.89783326594 12.133965963 2.94058617046 12.3752089198 8.30745311358 
9.69098339793 11.1342502984 -18.8661670415 -12.8173730524 1.2596489642 5.65278339833 1.06502568539 4.05804910802 6.22198747171 -0.647093344435 
13.3895975708 10.2760193647 -16.5840261419 -8.32908677026 -0.647165571637 5.68706872975 -3.48676681145 5.73990238628 0.749349607758 -3.4171214363 
18.1791687607 13.867431496 -13.3579432512 -12.7268422757 -5.54228639209 9.34810351217 -10.0368199178 6.38401246143 3.42813530721 -7.85175899419 
18.9003205354 11.9525914001 -7.65834119118 -16.1323482639 -4.10842365527 10.9767579435 -12.9381232765 4.10952110573 2.83172854944 -7.0520179258 
18.5047022877 6.10055703361 -3.20943322351 -16.9967960146 -2.50755300802 9.41674278701 -12.2656515875 3.86196185806 2.99610582631 -4.83154437787 
19.1951796955 4.40548001204 -1.71886287588 -13.4909295363 1.5453570918 8.73978683025 -11.1453678062 4.36889899869 0.359825459667 -5.42736657477 
23.607809356 1.63687969049 3.1946569248 -5.9175568326 2.23918176857 4.73785460901 -5.95192089894 6.55911134596 1.8054034332 -1.40586556276 
21.1461816189 -1.47794026017 8.69498277017 -4.38579395393 2.70838124877 0.645536496976 -1.20360003814 5.91452051481 1.7555133519 1.53418058778 
15.4088966212 -3.7577471249 17.6104578438 -11.8755397438 1.44676535452 -2.46271392605 -0.358312724724 -0.220118143183 3.25644523376 4.81205618588 
12.4034927705 -2.70525192241 21.0897175699 -14.5328496541 3.26611555443 -3.05253230903 2.00158567678 -2.44137754992 0.404267616638 3.31405812035 
10.0679013618 -1.2161475722 25.4399539899 -13.5310800902 3.16113621691 -2.99838038009 2.2482744232 -2.81923644845 -0.0164340113293 0.132680436815 
9.07549748984 -3.10667898836 26.2645460315 -13.9168494737 4.054692605 -4.19577499293 4.33027339468 -3.51204430052 -0.0295403726509 0.665653796347 
12.268284307 -3.50582794901 23.6383664961 -8.52223955663 3.55177990084 -4.24483337441 4.72572802684 -2.10569606787 -2.81506470754 1.13909021215 
20.0032559367 -1.00612279188 20.6540919632 0.836747756854 6.91354439747 -4.63326451636 3.83408852642 2.14007149731 -5.58736968227 2.65633874183 
22.4239638936 0.0460691997146 18.2353605284 2.09815017453 8.85261487418 -6.80742600902 2.21301165154 4.36544266197 -6.10223507651 3.55316902264 
27.2122377427 1.89357792309 11.4106161435 5.73443160815 8.25076696054 -4.78246918996 1.89682814568 5.3312460902 -1.74939512762 2.87240292162 
24.8057238196 1.68843298452 10.8882224962 -0.0727184407377 6.09662464316 -4.03566287859 -0.00720828906887 1.8419470383 1.30328079012 1.90338955274 
25.6364790337 1.63788172532 5.82460068962 -0.880418401797 5.26755576347 0.492641317133 -0.853889239554 2.58255932469 1.69906608687 -0.704431419418 
26.1035755702 3.0289530402 1.1820454559 -0.885468552395 1.17352829319 5.33568843355 -3.61672591434 2.17054844478 4.85297451413 -4.67682443753 
24.5792643922 6.85527943453 -2.975172788 -4.07077280193 -3.83670509508 8.77698649909 -5.71284719346 0.601350928863 4.5278834785 -7.88262848621 
24.8915040049 14.6021845814 -11.7130639514 -6.10801320601 -5.46001639852 14.0084309492 -9.64815109533 -0.399063636822 1.52730005376 -9.27204046806 
20.5540447525 12.7763833265 -11.8024818491 -8.4218116855 -7.7212520693 12.2582236793 -7.61220331893 -1.33827527824 1.09696490898 -8.44377040986 
13.2040009962 10.5990128185 -11.6434115028 -9.47157981702 -5.38313672581 10.3836975355 -4.19154123858 -0.625491853004 3.6485254963 -0.780353075556 
6.98319982399 8.53653000853 -13.2969519023 -14.0295770578 -3.18374723343 7.036200825 -0.0206325246492 -3.27400844386 5.72069502487 1.63226829454 
1.40047497154 6.02375683978 -15.1957506869 -17.7971669716 -1.7197314629 5.11800040266 3.70539627436 -1.13752148698 5.9874593521 5.12882683813 
-3.31594080827 4.6723416348 -16.1861456042 -18.779328369 0.307930442018 0.018444614822 6.05327429223 0.479013967433 6.14960599421 10.2033027187 
-7.85572855211 0.496759513202 -14.0493628135 -18.421523146 2.28864921769 -1.79500436665 7.29405689814 2.32707276949 3.77023345709 9.15990628213 
-14.09077067 -5.93478036943 -12.4574573324 -12.372443033 5.7392318234 -5.27822739772 7.20288194545 4.20797708537 5.40046526869 7.5111184302 
-14.2878391699 -13.2285267641 -19.0486650165 -7.31914511685 17.7696401043 -9.08920996248 0.994593271865 12.3994123693 6.16361299704 5.55847658241 
-14.3523314413 -17.4668708947 -15.9381706563 -2.4461713806 16.4954442559 -12.2171235322 -6.08764482759 13.4354735121 4.0925189185 4.18961464626 
-14.9677468714 -19.9729945023 -12.3490571362 1.25204972242 11.4090258403 -11.8673901478 -10.0309676026 9.23897154826 1.68639001128 -2.82848033549 
-15.3532438428 -19.5484031613 -6.71698851668 3.33106723522 3.04861334439 -11.9097457451 -10.028133017 4.27779266969 0.14362460464 -5.93047079582 
-18.5546398089 -21.8123498302 -6.89639990293 3.22781875906 -1.30594528156 -11.6371720271 -11.9964293828 7.41814564521 0.0733852372525 -6.64065694831 
-17.200413215 -26.94864097 -5.75117069116 2.29756844714 -3.97837678641 -5.04020110378 -10.9334262225 5.96758021715 -0.500420264465 -3.04059358607 
-14.4625755812 -26.5772650635 2.60567980164 3.43647041653 -6.05991518008 -0.440142451216 -6.17057271117 -0.329423260257 3.48537945633 0.589191986957 
-15.4958688389 -29.788258876 5.58512802936 6.57075712686 -5.15207238579 3.76485401382 -5.13230210037 3.59246287392 8.79943743974 1.91749886555 
-12.1999545416 -28.8234539935 9.88558620036 7.56358588508 -3.82102637298 8.96783462771 -1.87375421888 2.12036253057 12.1615197587 2.79890489854 
-11.0592053254 -27.7216711825 16.3383269211 4.80773981537 -7.24148912832 10.5118687883 -0.364174076735 1.30155367853 15.0774881594 5.12989374781 
-10.0081007801 -26.4349898244 16.8766344606 5.67571404203 -5.96239930457 9.60134267382 -0.547932961149 1.14021561638 16.0513222713 3.32379332693 
-12.6022394127 -30.1673711478 9.5417617468 8.04913288128 -4.76199855572 7.89413142174 -1.8570287653 2.12340202453 9.77781496149 1.33569597052 
-12.602553456 -29.9092419096 4.51571905165 9.97335176706 -2.12982235861 8.26799989536 -4.28763870508 -0.0983914011823 5.87150189749 3.60784628721 
-10.5360432194 -25.667593729 -0.814544690598 10.9535991172 -2.79885583123 4.79356991064 -4.86245911925 -2.02159451046 8.44063363653 5.23949928289 
-12.2874306082 -27.7276914912 -5.2625702227 3.02712753136 -1.85135286114 4.4958184257 -3.25295088047 1.08124654145 6.95308341038 5.14945468604 
-11.775685823 -27.4664077377 -8.94541731492 5.17124859227 -3.06563966613 2.10956014919 -2.63326297866 0.358622437213 3.92650975475 5.23040551143 
-9.97407753661 -24.9096829931 -13.4225354667 3.94280735 -0.983353005456 0.639925994468 -0.877131961064 3.70748375021 1.78130177144 4.53164684268 
-10.4711115286 -22.641500895 -15.4101805819 0.833758922727 2.30447824961 -3.96128954564 -2.72806284394 6.89385735859 0.246524076578 2.85668464225 
-12.9125906473 -26.1177566369 -17.9122498044 2.90272083006 4.15152293028 -7.1997549749 -7.97441613251 9.17400716962 -3.6887250761 1.89721910699 
-12.1610978734 -23.6825416852 -22.5156694178 5.19148556214 9.21502671403 -9.63209914141 -6.83146185361 4.92541554884 -6.07288786718 1.12932527611 
-9.60161202516 -19.4361996733 -23.0978089345 2.81778652059 11.60456203 -9.03951543793 -3.59398151501 -1.08685800257 -2.03615150814 5.66197312125 
-7.04841338896 -11.344570627 -21.7018610716 -2.26182301731 14.2791254663 -7.21530723157 0.932064576518 -4.33939181389 5.64009609707 4.00716934613 
-5.30116954143 -4.31444908787 -16.3941784323 -5.38602012866 6.91241548298 -7.61585239864 8.22452627131 -3.44113493066 9.46147401571 4.41278870416 
-7.00211718028 -0.924570584191 -14.7349045646 -6.68619756878 2.91852369632 -6.12831073534 12.706225249 -4.6011924333 11.4418934595 7.36339314572 
-2.4987080586 5.98564859814 -12.7821486386 -5.90814313673 -2.97309140538 -6.22017809056 16.0435448168 -2.83520954282 9.76068207804 7.98259071276 
3.1369802339 8.03101485785 -14.2694415094 -0.893628470323 -2.60127590042 -1.95772503319 14.577693304 -2.12287385757 7.6045039429 7.05140741887 
10.6044722395 11.8714086968 -18.3405858922 3.54171259522 -1.20295200659 -0.276635685054 10.7884742236 1.00063985087 5.88206162978 4.84068385348 
18.3113829829 12.0182326998 -18.0409930436 7.0479355682 -6.42068988384 0.603781152366 4.4968753984 -0.0702520912534 7.38256379137 0.906953923297 
30.4217912298 10.1821687729 -20.5120339415 13.9833625857 -6.13143737132 2.30508062605 -2.27844713209 3.02101239591 4.5605866332 -0.577023625459 
31.1752526911 8.62578785426 -15.591538177 12.8557884231 -5.09464388283 0.364469286368 -5.00840359862 2.86336369056 1.02979350143 -2.92438968606 
32.6901220295 5.86616986601 -13.9263980828 17.9936934395 -0.526454134414 -4.10097662128 -4.42507898668 4.68880885985 -0.145399783065 -1.61292024005 
31.3060227603 2.21484041169 -8.08154110957 15.7168838225 -3.01866078225 -5.94289320356 -4.813954329 2.32753982065 -1.22499444967 0.528919037589 
30.7422698738 1.22546806883 -0.0299367578814 13.0355915314 -4.08335155524 -6.79220736345 -3.82222571663 5.28228347847 0.509298053513 1.87579205889 
27.8389554973 -0.143646605035 6.32981610248 10.7711140989 -1.93782202017 -6.52290225149 1.25449471666 6.64102976078 2.75497540329 3.36906121561 
25.1525405774 -1.20315435585 12.3109578206 4.66109808784 -0.986392302861 -5.16674242188 0.410126982321 2.76447090925 1.68660595002 2.33600940532 
21.4784167611 -2.2190377216 17.0799607995 2.95501731118 -1.29174695738 -6.45635176162 4.39380075946 -0.253690426546 1.75657087935 2.16570732427 
15.9625069897 -0.877658954356 19.8910105922 -1.50550654987 -0.479260722029 -6.46792338475 5.4341200133 -3.59732301799 1.85336636332 0.833260081281 
5.38924131798 -0.376179962529 24.1110814185 -2.84866804789 -2.58318127946 -10.2828688324 8.01146635028 -9.68251360154 0.482819208155 -3.90056964246 
8.89481899005 -0.964716809969 20.8187365473 2.23834951047 -3.28632286385 -7.93285229078 8.9678173216 -7.49258812632 1.15420465153 -5.06906745382 
19.37804982 -0.0427570573812 16.7208223965 12.6364753959 0.359444518445 -4.49854932029 11.4732989546 -1.02763598721 1.35822888954 -1.28625890079 
25.8093276201 0.972813633661 12.9303200833 17.137660861 1.79464612185 -3.34062965676 10.3742933396 2.65562858916 0.843335952675 0.717651393148 
28.6753013466 3.20268544401 8.27288968092 17.6872863245 3.35748807628 -4.71930796125 10.590539464 5.46228101566 3.0809423652 2.40258184454 
33.3986514904 3.45683860279 2.72854913387 20.4893473075 2.61272115932 -5.33247104457 7.39971469874 8.33092481215 3.82066360259 2.97391282693 
35.3786069896 3.60445661439 0.24622307674 19.856062397 -0.567745375404 -1.7372094467 2.27293428385 7.3690997816 2.73355996598 -1.82459067425 
32.1666031864 7.48559431539 -3.05401411576 17.7577138719 -3.66883036703 0.972128980394 5.65101287697 7.52904866204 4.25939441482 -4.93954997625 
30.8960774931 7.47566764786 -7.22106125786 17.2375110297 -4.85534733904 5.39968065881 4.15459117135 8.38876018149 6.93829916778 -7.13018497469 
33.3503359573 9.66817579204 -13.891871175 18.310825229 -5.62785299461 7.47976671731 -0.408444863219 7.69360018984 5.76092973528 -11.2552494307 
30.201331059 11.4780163578 -17.6866252822 13.7002502202 -7.15214491968 7.90409945361 -2.03966446286 4.34166431306 3.37856144078 -10.64142484 
21.1038085349 11.6494245689 -15.2578915278 6.74466495612 -11.0921851892 6.72943235147 0.120461152018 -2.19192568495 5.12752719968 -7.78144264321 
12.5594056366 14.8163523902 -16.0827644922 -0.232236594605 -10.9987085786 3.30774237842 -1.46567558314 -5.16897276353 4.55502448032 -8.5054636942 
4.02564674778 10.6450443584 -13.0139028707 -3.28895043701 -10.7337148705 -2.38120917654 2.37124338989 -9.1059211855 2.9544658068 -3.80962773459 
-2.9023973678 7.17351800871 -12.113423614 -4.06531609447 -10.4788202503 -8.85482152074 4.70780705787 -6.90150095709 0.438928649182 -2.27125753713 
-6.0797377964 7.27699681604 -12.5970136266 -1.90484949882 -8.85245743212 -9.19462746777 4.30255096617 -6.33360029572 -0.849987984953 -3.02129873535 
-9.77574954976 7.17668757778 -9.05337270484 -2.61170291089 -7.2418074559 -9.92262503621 6.06094672872 -7.69454582141 0.265530732088 -1.00922457143 
-18.1011319109 5.96096299525 -6.6029443339 -1.09944523549 -3.45163307203 -9.21009463648 5.64336387942 -6.49819707558 -2.26444956954 -2.41852054628 
-17.9828634763 0.896152258288 -9.99962592526 -0.23460124294 1.11635783467 -11.107146555 3.89679932316 -5.31610222828 -1.35473101958 1.23012218866 
-14.7542226631 -6.58432799015 -9.16566465222 -0.879089803513 1.51444794112 -11.5563836881 1.71210644088 -4.85064939277 1.46788755993 0.3823125379 
-15.1834566242 -9.43338964192 -9.84768109219 -2.05013240384 5.28466419169 -11.0611254888 -2.76362523725 -1.01561788802 3.52413040414 -2.36806190959 
-17.620447094 -12.1524703703 -13.6846649977 0.464307889292 8.95954599077 -15.7768725884 -4.42320286765 -0.1250662892 5.65863124598 -6.77919935659 
-15.6084768056 -14.2885155164 -13.4187625574 1.27214828043 13.2456803842 -13.0118864606 -3.81919618931 -4.6514333418 9.66149733583 -2.61822346028 
-13.324441509 -15.1979354259 -8.78154763811 0.967260311617 11.499805574 -11.7014152574 -6.85348934858 -8.16737608345 10.6400713349 -0.198005242465 
-15.4513222511 -14.6128530436 -5.47769913677 0.133036307993 11.2514685442 -8.22529848244 -2.86216325248 -12.0358914428 10.0515804999 -2.00691077797 
-17.509754921 -15.4943210312 0.857486353238 1.57736006788 9.19479243651 -6.88698907562 0.509104213915 -13.8751655072 12.0979261074 -7.28142088316 
-17.4624975056 -14.6963238152 5.22365465516 4.96985923374 6.31232932436 -3.77782144659 -1.21121819738 -16.8753593107 10.8201062434 -7.87226010986 
-17.1088962855 -14.6128671994 6.97600937045 2.72812412442 7.49141473479 -4.60508296148 -1.07169752368 -14.2638270098 12.4775319328 -7.93046634876 
-16.9160466173 -12.2262969494 10.4632438462 4.65357564655 7.75502095028 -2.6505501462 -1.5454587956 -17.0637687504 13.4895105636 -7.63505446929 
-18.5170296313 -11.1266338061 12.1325856768 6.84631345384 6.82307320976 -4.73163486238 -2.82162584775 -18.4080552441 13.6885571175 -9.35358440484 
-20.0940132054 -15.9002597054 12.2292103859 7.90074789643 7.90616423177 -5.28763530608 -3.65148917418 -12.9736784026 11.1459507201 -14.8766922371 
-15.7766319364 -17.6771104857 10.6318243301 6.88863999046 9.90367551388 -4.40333277752 -5.32720751102 -10.5237294927 11.5734367887 -11.7257216912 
-20.2248085584 -19.427908268 4.67616380058 9.1606113176 6.80388842297 -8.08205309771 -5.37344438945 -12.7021281541 12.1263476246 -13.6138720866 
-21.8982182649 -18.4281690807 0.0608587700814 8.467777131 8.5169645983 -8.33420207112 -6.34041304339 -11.5877850678 8.35470371148 -10.8748754497 
-23.4768435473 -17.1021435955 -5.94141439665 7.04806055942 8.20504965504 -12.1194884434 -5.36705040598 -9.13282264179 3.46868169778 -9.81460624762 
-23.6944531255 -17.0437107838 -6.12097668492 2.17309521988 6.47443300325 -11.324387133 -2.73597462876 -7.90251193029 -0.669778982283 -11.0572686599 
-21.2854156179 -15.2517218985 -7.38996612873 1.82974268193 6.52111187752 -12.6518785748 -3.30542723094 -7.63123265836 -2.72177282384 -9.36614491272 
-21.7542429398 -14.4441532092 -9.03209980949 -2.02668813802 7.52234691316 -10.5816451399 -4.09746150852 -4.64057325176 -4.06987531449 -7.91773169478 
-16.5472608197 -10.9116462765 -9.78658423034 -6.71880122785 9.53494439213 -4.98273595166 -1.12802388215 -3.25747360352 -2.45858264117 -2.02078886595 
-11.031969475 -9.53287673187 -11.0400020441 -10.9887473084 9.32380343688 -5.81153304369 0.833484812538 -5.44414414741 2.70590040353 0.966485096824 
-8.33140581944 -2.46433697031 -13.104823698 -11.2722908236 7.54988048891 -5.03943940679 6.03186095227 -4.05527694281 7.45095595052 3.7482876201 
-7.71095146621 1.007798497 -13.6319365187 -13.6544482621 7.17115612382 -3.60371548178 9.17088354462 2.77540089492 10.8983985979 8.59473287073 
-3.6024119592 5.6115037776 -15.5252667941 -13.3132199832 2.64268051396 -0.548171455462 11.0632875333 2.11317558245 9.13948278849 11.5814401933 
-1.28668236667 5.9006196519 -14.4584058094 -11.9166909815 2.80090308358 1.05396805244 10.0889678308 1.6000748276 9.3529489847 11.886005615 
1.15704703484 13.1720238797 -13.9028153298 -9.97367896176 -1.18227766703 2.17629828605 4.68021782148 1.40940820048 4.75605377631 8.17762190058 
10.361436057 14.8918846884 -12.9970766838 -6.45297979965 -3.05849326563 4.75042311112 0.5304084862 3.13680473198 6.0934378804 4.91813838439 
11.0118916152 12.5182622045 -6.16126716233 -9.85963463676 -8.90790612458 5.09896427079 -3.60702605656 3.12363184452 4.66911326045 1.71760542904 
16.1567995388 9.05742587315 -0.622709436779 -9.12870024736 -10.570008181 5.46182923934 -6.18775982214 0.423448832187 5.27488223021 -1.20751687306 
18.2269233891 8.73492492864 0.313770147681 -14.0197455932 -4.65927972041 8.63002716751 -10.6683999024 -0.599429703116 3.79200802619 -1.84155500483 
17.8430835939 8.31858018722 2.73478467396 -18.091833707 0.685025897603 7.98983148313 -13.2808783313 -0.874879064521 2.47050658186 -0.641903934444 
19.8200374308 4.85851101915 5.78804414229 -10.15943477 3.87077135197 4.01348967252 -10.527831354 0.080715124339 -0.504093162492 -2.09900653089 
21.7427169275 1.34250274862 9.6822423057 -8.05826613336 5.07189442631 3.04207176938 -12.412446029 1.11016905659 -3.42819760858 -0.477704943889 
23.8061095478 0.583021779602 14.2795610402 -6.5318448196 8.68838875545 1.25575322607 -9.2562318721 0.6959176994 -7.41637772989 0.554243333527 
21.671868302 -0.588539529119 17.7500154281 -7.49672644146 8.38086183972 0.568057367734 -7.56525601472 -1.27477353857 -6.6841946099 1.18503009512 
20.4396671716 -1.62360547372 19.1556417773 -5.92283894398 10.1380013274 1.12111687204 -5.28049608637 -0.82248185678 -8.31508927444 3.96762307687 
14.5474927381 -2.59209067052 21.4047802671 -8.80590673776 8.35409387307 -1.07175394298 -5.14778296837 -0.924957622275 -4.74453455096 3.77448915519 
11.8533198502 -3.25387279534 25.0593315463 -9.36548862931 5.76245408747 -5.83622510089 -0.956398742304 -3.91842867163 -3.40476888145 2.04263081464 
11.8142248003 -0.916389993689 27.3753663985 -10.7186952373 5.70098889413 -4.05881876489 -0.567067500447 -3.2102955008 -2.34547886395 2.59715388123 
15.3993515943 1.80224433349 24.5617503277 -5.9170582017 6.08174451418 -4.03543618924 -0.415087922185 -1.88307371936 -2.77323725532 3.81328235663 
17.738155606 -1.09575744357 19.9586925566 -3.37190068587 7.55385852547 -5.46508407807 1.5020777338 1.51004183132 -2.20108771314 3.40319541332 
24.2969308142 -0.42102844547 13.6989831547 1.84646093085 6.114715877 -6.31465142304 -1.43598659212 3.91409641277 0.794877456216 3.59607688359 
25.8102270053 -0.23257005623 8.7825791627 -1.54141384232 5.88064938809 -2.22482484518 -5.08089496391 0.563598841093 1.69785630334 2.40624181377 
24.4582556656 1.36529317684 6.05773365478 -2.30964565103 1.19606383912 1.89616893484 -5.35833924553 1.60518498798 2.68538553025 -1.97242742808 
22.5560535472 4.12612155006 1.62877529297 -4.11014310174 -2.57224199099 7.0940644095 -4.97536595874 0.368085379655 4.07979374792 -5.34678059738 
22.9515406229 9.56713110982 -5.8397618739 -5.92433841653 -3.52673600261 8.08221873712 -10.4147989038 -3.17292251523 3.53130176122 -4.6506858086 
23.4970209944 12.3020844058 -10.1963851693 -10.1610512383 -4.41701465456 10.2137634006 -15.3378504329 -4.14294498019 2.0027393902 -2.62763152221 
18.3336812519 10.7741613686 -7.74530396466 -13.7644825358 -6.1221409553 7.71141702205 -14.0329020606 -5.26483902196 4.08151009395 2.16633655417 
13.7018641844 10.6613177118 -8.88096991217 -13.1026329844 -4.01387419973 9.34518528958 -10.912861399 -7.50179424608 4.47862377321 2.45487128008 
9.48415278294 12.2932467911 -9.36723218156 -11.4443477573 -9.80918851404 4.36873518651 -9.65515517982 -9.32823084631 4.53115102951 3.8622117023 
0.558799788447 10.8022947136 -5.61894939385 -14.0497649504 -9.82185428188 -0.760757697792 -7.32029208012 -8.60816570607 1.01810886238 4.29655843155 
-9.93635512706 9.45012981445 -2.50099809507 -12.8467446724 -8.3675196179 -5.15231470518 -5.70015134283 -3.15244957389 -2.2882001725 5.07598702875 
-15.8903529702 8.56837129938 -2.75696831518 -8.29601182191 -11.4236013531 -9.97337205861 -3.7215467656 -1.99811322767 -6.1975201873 -1.13134971734 
-20.4151256105 9.61763962169 -0.368277726864 -6.97265262386 -9.01456535056 -8.01008712759 0.86266797245 0.750368173336 -5.63392786647 -2.87706725834 
-18.5913026942 8.1803361307 -1.59664060839 -5.80736781692 -8.67720876181 -8.6001571015 0.283052881031 -1.4242346342 -5.88149620344 -4.55456883989 
-20.1743692571 9.3068971763 1.17187313806 -4.10528036815 -5.24114474295 -6.63509018541 -1.70253731305 1.0566191055 -3.57051554491 -3.06440047767 
-25.2149584947 13.8934370923 0.274156922818 2.70112377931 -2.73956053573 -2.86767217149 -2.71725847641 2.3495792282 -4.06890716551 -5.9160480019 
-28.54407146 14.4487793858 1.00604494297 5.40209896598 -0.3442940112 -1.30461005598 -3.30876216763 4.24958663522 -5.15427193052 -8.85229539964 
-27.8325304877 14.2578555194 2.88388234585 9.34489401545 0.394431223366 2.85461212239 -0.945090276396 4.49508973258 -3.60473798447 -7.80535726993 
-29.7642257759 17.1858045092 5.16533413595 8.03570517373 6.8172582823 8.98038260986 0.0451930699091 3.99212573688 -2.60876746422 -3.30037419978 
-32.8116718248 21.7618805474 5.36508361533 11.6283312995 8.33211820333 13.3806351409 1.68245326204 5.26865517257 -2.37527945521 0.280499695557 
-31.7368587448 20.2474819057 9.49771282562 11.6615746701 9.40668736959 13.6458934525 0.40873521489 5.83136946568 -0.114204240042 -0.839958767805 
-31.076466571 20.0278814585 10.8737946073 12.1079149535 12.9437411199 17.7930318048 -0.303476275923 4.81013827567 -0.192608397026 2.79868031293 
-26.5744583367 15.5342784255 14.5493049714 13.081869766 9.44190950542 14.0408182695 -0.0185789217174 -1.09317422771 3.39325505286 4.54356632559 
-25.659868599 12.6374514377 12.9990382733 12.1608950671 6.88256225055 9.56945549579 0.0584847243468 -3.2518104281 3.74282391429 2.66126038587 
-26.8476229064 13.7687806633 9.9916523412 10.0844498422 3.34812967966 7.60344476414 2.6442486827 -4.15584295099 0.340384214888 -1.3419396225 
-26.4423039486 13.9524153315 6.8157968403 10.8575122992 5.14194799535 8.40265609887 5.16570181142 -3.68121272632 -3.8313671713 -2.51349614651 
-26.9335616379 13.7987185248 10.5085830737 8.81670762337 4.43184491483 6.3286948182 3.51498029923 -4.66838803612 -3.71749403404 0.279910859982 
-29.4976340547 12.167770563 5.63179302525 10.8048721331 3.52717692426 -1.04445350277 0.917248137467 -5.03439614331 -6.43957135513 -1.63706632745 
-29.6826447667 12.8120485215 0.748371030717 7.47894024354 3.00164095533 -2.58711501786 4.24467066856 -2.78210552162 -5.56538882214 0.69448528796 
-29.3878847845 12.7927353309 -0.156731564703 4.71559526792 0.0136036978361 -4.47804368827 7.07301525019 -1.98370786825 -6.73980047822 -1.06314051839 
-28.1157663872 11.4909708093 -0.42054768691 1.82448914096 -3.36411395166 -5.44995772351 9.34663265992 -1.36203869577 -6.31200558778 -1.7115349197 
-24.6434079867 9.23440945918 -2.66642851561 -0.938989051536 -5.69829793735 -10.6491863931 7.1782692264 -0.604379694626 -4.11265091446 -1.42937212835 
-22.5666572424 8.82645404542 -3.72539035609 -2.55944691242 -7.52095666294 -11.1852796618 8.36268214515 -1.8939240295 -3.20329556676 -2.62155392564 
-19.1580275946 5.09058733562 -4.18753519374 -4.62417573775 -11.2180698699 -13.1166792053 5.71011947342 -5.68213133294 -4.20508884003 -5.56123718037 
-15.3221731694 5.06218357956 -5.14442220146 -6.10560739191 -14.3167570037 -13.1364366277 5.84574067266 -8.1399769066 -4.33492034296 -7.06817129646 
-10.1541213378 5.92861128427 -4.31158235728 -5.38941738074 -15.0747905454 -12.7618074414 4.87680343826 -8.68350668148 -3.69362786322 -2.84780698792 
-3.11405305251 6.2045592304 -6.03368972154 -3.81953893834 -16.9509858517 -9.04735402853 7.26719368223 -10.078480561 0.241249861949 0.372368686231 
4.71355770114 8.28170322444 -7.05770670985 -1.48450433725 -16.7439929757 -6.31178882959 7.8938532389 -7.720252164 2.01964725821 2.5974769663 
14.4011477958 8.47638110371 -7.42613622082 3.54600427764 -15.7025682003 -4.30086431939 7.20657567953 -5.25427712196 1.80722222136 5.37804776055 
19.1870886805 9.13201313839 -7.15524447009 4.46506763255 -9.92007550376 -4.50905100126 5.00239879208 -3.19230993784 4.8004891821 8.00456282113 
24.2896229468 8.28637099229 -4.56085689814 4.36282982388 -8.08337756861 -3.02665297661 1.15087380243 -3.27551279932 1.7482064426 6.34907987458 
26.135595414 5.65724647502 -3.18470776095 8.59268862262 -5.41610011403 -5.30437060174 -0.581447289727 -4.69328263347 -2.27918704339 5.17786501558 
27.3024926072 2.53849250114 -3.27087671355 7.90445134111 -2.44149426638 -7.03506842612 -3.39930467004 -6.0905626536 -5.65304502968 5.35852649528 
26.0116749142 0.72729380238 -2.28251694282 4.68206744192 -1.03006493013 -6.95249152887 -5.26554456299 -7.92966716919 -5.48476873746 2.62020017698 
25.270945082 0.515872673409 0.0661012018756 4.46490046836 -2.29813272823 -7.72007216134 -4.6759810166 -7.4648044451 -5.92625081729 1.92532956743 
32.1443072091 1.16202137169 -2.11647954437 11.212027138 0.117516645476 -9.69276792397 -5.36854732036 -2.45984154797 -7.65607572659 3.26712145664 
37.7045741738 4.26259387563 -4.22793107386 21.2889641392 2.68794470218 -10.9676098653 -0.122191819608 3.55765616192 -8.0026119073 4.97788156612 
36.1916739425 1.02152921995 2.97159377837 21.0207787173 2.02057032699 -11.7081965455 2.74366653804 2.75082814982 -5.94813058092 4.38360429223 
29.3490952907 -0.492085394522 11.1808114487 12.0674447394 2.54330916774 -9.84433857714 3.84433856708 -0.753147514435 -2.23616821536 3.63777155994 
26.153983379 -0.41323152309 15.3604249311 7.59741454343 2.86370922404 -8.34393746053 4.582045637 -2.14517846154 -1.68318962514 2.22038721508 
13.7819408225 -0.998542825621 22.0219331268 -1.62005829773 -0.471933950294 -9.33330234821 6.92995726398 -6.6489154711 -0.151850481592 -2.27947043212 
7.11507642078 0.0535690572545 25.7405059223 -3.55875234073 -0.640279152196 -12.2086071778 6.82704815331 -8.79032700815 0.515359972934 -3.96752713402 
12.8974799992 -2.03579214815 22.9262788148 4.65271401629 0.924360348415 -10.6394691183 7.21032139087 -3.3395680093 0.152456177846 -3.63759176304 
21.5522487504 -1.41455177539 16.0216053507 14.5084966022 4.79875995302 -7.44266041302 7.59227138466 2.73852135611 0.949793040437 0.820595033715 
26.6932364812 0.0368583440233 11.3109104832 17.0226946489 3.19913213148 -9.79057726403 6.71784415644 4.36850548035 1.86137024173 1.74129620992 
32.9665908786 3.0079251824 4.90168108578 19.5462410602 3.03931609399 -9.16623981696 7.44320389659 8.32730555043 4.42355246922 1.85627065744 
34.9662894494 2.47670420715 2.36527858817 21.2536146449 4.0211836627 -5.74406836166 7.58690659824 8.76735312372 2.23214297017 -0.294600700053 
34.7250023502 4.08588809272 -3.0895383636 19.8662160086 -0.366784802067 -2.18229710364 3.15947618987 5.50819229084 4.44238206968 -3.53427945684 
34.4265777325 6.28963812296 -7.39730332055 17.8117929928 -2.46469451147 1.2126130017 2.61711540691 6.41097499009 5.63005617001 -6.40378481535 
34.8921718078 10.4087710819 -15.6101280078 23.5899727401 -1.44528285854 3.74235140813 1.43248542546 5.93909156514 4.13340828798 -7.63460496844 
37.8209183492 13.2708215534 -24.9796040253 28.2810050083 -1.40348763134 4.41257620479 -0.365418140396 7.78229634916 2.72449722214 -7.04399555575 
29.8905943412 10.8983633357 -23.1855700457 20.9067802093 -1.87828914123 5.2518241978 0.112547124457 4.97228597952 3.92106293022 -5.48669794642 
25.8358382349 9.50730541887 -22.1436785903 12.9167334492 -5.80937429903 4.60956467941 -1.62346287789 -2.60035368153 2.40784794318 -4.29313810682 
15.0543223354 8.60266877895 -16.2173555417 1.34773988132 -10.5907983573 3.47850255307 -1.38102510196 -8.83282805188 1.79434886903 -3.4569793602 
6.69652796746 9.07679944005 -15.0547946986 2.89034569854 -12.3756325751 -1.51692714517 2.03887344261 -11.2260711778 -1.0583029296 -1.05307456012 
0.9901605945 10.4320955276 -14.278865985 4.52998186195 -13.8610168765 -3.73901122728 3.00817574439 -11.2759806466 -2.2787405284 -1.82722395498 
-8.45966177568 12.0238903544 -11.5051063485 1.98280248295 -12.3940607898 -4.45105015269 2.46731029136 -9.62068036939 -4.15087970978 -1.03054930512 
-14.9666649132 10.5372088772 -6.78892951525 -0.274822907011 -5.79554094115 -2.92727688675 3.5924537075 -4.93971872434 -5.66824113529 0.782364841436 
-18.789399211 9.58044862911 -10.2398100185 -0.37963900777 -5.29024797398 -7.11094446056 3.74997126614 -1.21591896962 -6.85119536171 -0.991143184062 
-20.866737936 11.3113853148 -9.6025972299 0.49150725445 -2.21884543799 -5.57212495969 -0.131474642595 -0.72211459153 -8.04488149447 -0.0894008371427 
-23.0804275243 12.6796278196 -8.48603136823 0.827181497181 -2.00618665259 -4.69289363038 -0.976577518748 -2.57188646751 -8.65875236182 0.417651487366 
-24.5100812892 14.1717913432 -6.78610145522 2.48695584034 -2.54974027315 -6.22175305083 -3.43492580939 -2.23386452393 -7.01386548695 0.15123696393 
-27.501660991 15.3344293567 -4.94820556845 6.60476894144 -0.640538624202 -6.36456971529 -5.92848398897 -5.05423501196 -4.44137854194 2.01705057136 
-28.5457951494 18.0575542316 -4.3239727262 8.50671746312 2.02235156448 -2.04581712652 -5.74117542972 -5.03112570015 -2.89931171184 7.96436869855 
-29.7218566331 20.8076954124 1.34093471261 11.54007 2.33218515883 1.65766221014 -6.69794599178 -6.91227175164 -2.17329928359 6.42849192725 
-33.2443906687 23.9345928644 3.49112437831 16.5046903573 0.80459325936 2.3058049978 -8.56479780524 -6.93289195822 -3.28197605065 -0.291186548437 
-29.1250868123 25.0961968104 7.5962427933 15.0389314139 1.03637878902 2.36562502438 -6.89667953524 -6.55319421283 0.601288447578 0.295333345483 
-30.1606543331 25.5370038238 12.0752683966 12.6639246561 2.88709672052 5.27291739857 -9.2842660099 -3.87523096858 2.95172359227 -0.163812055701 
-32.391968049 26.7580100484 14.2883840142 13.2107405634 6.46216530232 7.67406790989 -7.81863670539 -0.33795439419 2.05453123265 1.38436306036 
-31.9223253477 30.7466630881 10.9333951892 15.549198573 7.21404068495 15.4331746587 -6.58533054012 3.56506740589 1.0006811626 0.616270195394 
-30.9101174532 28.6119068862 13.703821507 13.7614907091 7.69675380948 15.8567797419 -6.66916591478 5.16571272218 0.911633407847 3.04633544523 
-30.5192660118 26.7633063746 11.2158962568 5.97380216974 6.57215132037 10.7943123633 -1.77133790908 4.4860609297 -0.10289432865 7.42274358322 
-31.7014706239 24.4305540023 9.39024848924 6.45195277978 7.99931019497 10.6615326688 -0.734027727071 3.58084202131 -2.0370439906 6.87328931923 
-30.9535976683 23.0107565465 7.51629992823 1.21149766083 4.79530122675 4.12534307926 -1.04894526021 5.70406843552 -0.762583169592 5.98887049427 
-31.1799346458 21.9705958243 4.18099418728 -2.55863951505 7.13862937922 4.14963082461 -0.858085445946 9.68085955291 -3.65382362983 6.24444685314 
-30.510530483 21.2501083472 0.274714670387 -2.84605505454 6.59152652148 3.72459559147 0.727748174248 11.6027090882 -4.89012877142 3.06089332063 
-29.2479283294 17.5090275253 0.122573879676 -6.41611678202 0.712626449226 -0.135558107179 2.26023660983 10.6623065265 -5.15442906215 -2.07810047772 
-26.240505468 16.2090469129 0.45594141137 -9.34168174719 -4.08379436732 -3.62895068133 3.78346546148 12.078134005 -4.01312479935 -3.02296190817 
-24.3736863067 12.7500731888 -0.0775822371979 -11.868193879 -6.92915662703 -8.2887944768 5.07891273874 13.227344989 -4.11953392191 -8.46948302416 
-18.5738421879 5.99612712663 -0.476666787118 -15.5076276461 -11.2856687342 -11.6865228791 4.3958467165 8.93808240111 -3.431443429 -4.95583899273 
-10.588597511 5.07027985003 -1.05195763272 -13.6859629798 -14.8900832561 -9.97550760127 0.485989750833 3.14030154546 -3.37192661549 -0.651451240855 
-6.81144547941 7.45035072702 0.251412114852 -12.436079729 -13.9788007109 -11.0560014198 -0.0893873212325 3.46229514887 -1.00496125831 3.45657517011 
-0.735474832261 6.1217898719 0.988342053387 -12.7075909291 -14.5470827769 -8.31259821303 -3.41432460498 3.42708804076 1.67125010825 4.59811127366 
2.98443264128 6.04260530807 1.46373145088 -8.8481371095 -13.9050427816 -6.18955724036 -4.48553021988 3.71259689081 -1.50652455436 7.97011187884 
8.96795574602 6.08898571583 0.652519412607 -7.46556362346 -8.90419529592 -3.50100394113 -4.51406262943 3.38606853571 -2.65971874592 11.3084014014 
11.7489588918 4.82369971473 3.64615951796 -7.57685864273 -3.49069879514 -2.64528358769 -3.25862058968 -0.0165556955057 -2.56077416679 12.3343764425 
13.8363287722 3.92735832413 6.18133648008 -9.25220326882 0.809998499233 -4.74348430852 -3.62899582831 -2.24748791228 -5.28437911389 9.99301231886 
13.5049011932 3.30502603232 5.59820979295 -10.5383859082 2.85029472206 -5.0266518883 -4.03463148375 -2.14441594909 -6.95312152856 8.96371491267 
13.7733379071 2.56529208782 6.01173824389 -15.369143844 3.73610796195 -4.45243509041 -6.84437756587 -3.56231420729 -5.44511885501 5.74031188491 
13.8251051714 2.47509025268 8.50643633141 -17.4828992702 3.73532388892 -4.75944476522 -9.19480951666 -3.64793756567 -6.8125299123 2.16132082036 
13.1346963536 2.54953184992 10.557643664 -17.3205258743 7.04208621366 -2.59938436206 -9.56038897937 -3.17835987821 -8.09916486115 -1.3155950478 
15.7354222758 2.57040820019 12.657701785 -12.2362000055 10.3117465514 -1.34673652985 -8.69017097085 -0.985060049706 -8.37759872279 0.731353974594 
19.766945678 -0.546393263878 14.3206945419 -7.90064372812 11.2326073292 -2.3115568082 -9.03655578633 -1.7611320527 -9.03081128906 2.30173831445 
21.2714324545 -1.14813798487 16.4872040141 -7.91034018754 11.1155741132 -1.77002448556 -10.4714246431 -2.04423645186 -10.0341772973 1.25634637961 
20.0048783144 -2.6859132281 19.7798439637 -7.93798481776 10.030681601 -1.83962727426 -8.86565081097 -5.37110044322 -10.3808722689 1.41517293984 
16.2140008053 -4.8585596845 25.4053947944 -8.99652887091 10.1196118257 -0.353085581181 -6.89804781088 -4.82637246433 -8.82624795447 1.1288632174 
11.6766376805 -3.70853002729 27.9042165978 -11.5560916519 7.58658934096 -3.2454377541 -3.19058013904 -6.7939025399 -5.61421490076 1.63961280654 
13.0685966513 -0.77149149574 27.3169754768 -10.0587587949 8.33002440069 -2.27297276374 -1.3844044383 -3.66148382054 -4.05372792256 4.47455427533 
15.1706216462 -1.46854757497 25.1290930896 -8.01330074603 10.211863532 -2.17368135932 -1.19554133084 -2.18339415934 -5.20375412601 4.1844562725 
14.9692696357 -2.90784932517 21.1835706345 -7.50213874754 9.76845153961 -3.28456747356 -1.34230299835 -2.06844493312 -2.63048814601 1.69346226502 
16.5915251803 -2.55577430186 18.3603378359 -9.67246311387 9.90899631 -3.05846302348 -2.31972950827 -2.86589432775 -3.3117603657 -0.191871723056 
19.0664872294 -0.767198540134 15.0457915743 -12.5157007746 7.45069096082 -0.751408093729 -7.96711091386 -2.35901778412 -0.595698466879 -2.45793182232 
18.6879854375 1.13010650609 12.3377963855 -12.1576817137 3.25145771405 1.39218429335 -7.30733500864 0.349691286946 2.69220230312 -3.60917304454 
19.7565503966 4.98265602274 6.84189312975 -5.87317771346 0.109262374625 2.67966766232 -6.24087636417 3.37270368763 5.18637506261 -3.87226322579 
20.1075978285 9.47083384466 -0.264360882866 -7.32224397634 2.89894937053 4.65148375682 -10.4506163288 4.23239912825 1.09023357648 -2.62474492901 
17.8544639663 10.1629882706 -3.83948328499 -12.2921699572 -1.90035169737 6.05214938206 -14.3290695676 1.95968421781 1.7421269318 -0.120625255892 
16.2204215269 10.0346059839 -4.47428483261 -8.46627445524 -4.81298588574 5.60126424948 -11.6993554495 -0.140814508876 2.44012231496 1.43968703976 
10.007010922 13.6650928064 -5.95179963632 -10.232592621 -8.98058399598 5.30416652885 -12.7270450285 -4.01753276865 -0.574561076061 0.253682850081 
1.54641340771 16.5176261595 -4.15745543075 -8.50702720431 -8.44652963574 4.78021271076 -11.1352595803 -2.21040341654 -1.49803601135 -0.970930421441 
-5.6401504914 15.5470636551 -3.96170651104 -10.0502320324 -8.60877041358 1.37345295591 -6.6543519376 0.0429488684054 -4.0161625447 -0.665646597332 
-10.8714207345 12.4616295691 -4.90798695071 -9.17120477139 -10.1667320006 -2.95969817984 -5.88610319373 -0.847140399542 -8.71842060118 -3.01097123452 
-15.8256477662 13.3573558797 -6.28925560219 -5.71963239516 -9.44465186235 -4.51699671988 -3.9787454662 -1.24123419945 -9.65428234788 -2.05434777845 
-23.0115207963 16.725965097 -6.16742861757 -1.0080604558 -6.32903750779 -4.83359464872 -2.85498918348 1.1762327919 -11.5813169461 -2.07134564786 
-26.5614202971 18.1966365897 -4.65838181638 -0.833983175073 -4.42825733328 -5.13243722661 -5.60954279733 1.69427540745 -11.7320388799 -1.57494377818 
-30.2509736168 20.5945464058 -1.79837136466 0.304042230746 -0.0432137372589 -5.65916088147 -4.39237610043 4.57155386327 -10.1199551118 -3.81300808508 
-33.6428239561 21.8463523268 0.455265644546 4.55751934096 1.43980850521 -4.71792202196 -4.67889004524 5.18942669999 -6.16657051915 -2.11100516915 
-32.4597535292 19.6651641594 0.698387194787 4.41857976108 0.392079448237 -6.14832418006 -4.42852180746 3.52197121704 -5.08601360201 -1.43076705909 
-30.9063060716 21.485048262 3.37057990766 7.5096426624 1.21757628736 -0.769463061674 -2.62408435574 0.487622261517 -1.72577737544 1.08816953724 
-33.9851365243 24.6437216188 8.65427211501 11.4516233889 4.15859004825 7.76172590507 -3.07021505911 2.49106950533 0.144041494698 2.15685909302 
-33.4425456496 26.44370892 13.34001511 13.5303888252 7.37735986184 13.4061352339 -2.93652398686 0.998441817643 2.3635710648 4.04413708346 
-30.8429036315 25.6612643136 14.7902982213 16.3480546067 7.7348638891 16.4717512987 -4.06015022889 -0.177923580306 3.85952931928 4.62225109481 
-27.8354068975 21.4890360458 15.3766138167 14.9456132735 5.09542028842 11.06377002 -3.93922038167 -3.40531343591 7.13337282805 3.55955260304 
-28.3101006183 18.0799451598 17.920685607 15.5062425118 2.97683649327 8.29318608948 -4.48903311206 -5.10606891266 7.2915634277 2.47614756317 
-31.2434664574 20.8409875284 15.9347428729 16.0620389072 3.1843208323 9.47593223759 -6.72262064391 -3.32010989792 5.20528304718 0.832958438962 
-33.0539547844 24.0682502014 13.1907209007 15.9432638551 4.49201712059 9.17827507378 -6.29411964636 -2.78891919973 3.56192370851 1.08813730153 
-35.9501073285 22.8917472888 10.6270047845 13.4979720562 1.87563031113 2.72738282829 -5.5112862732 -3.36249727551 1.12296874663 -0.503001249993 
-35.1251992001 22.529203292 7.30593743018 11.6672611218 0.142034560908 -0.607857100723 -4.06661157619 -3.12255360671 -1.31737420462 -0.291604652896 
-34.9305004872 22.439289786 3.00634328405 10.8910476219 -1.60351448506 -1.57745736779 -2.48362887893 -1.60397720526 -4.08477215554 -1.03272180971 
-32.8616711037 19.8665333784 1.95473006569 8.01063072178 -2.72906294359 -4.62112511359 0.748114354005 1.26717777571 -3.53140460038 -2.68033479731 
-30.3090729385 17.4945462846 -1.01332883446 6.25778299796 -5.91547826299 -6.51019061019 6.52906891257 2.38833808558 -5.68739226003 -4.62307496375 
-28.1064302178 16.7918247228 -3.2184594095 1.66313333918 -6.80115871135 -9.64256803585 8.02079420955 2.19613532159 -6.90491518105 -5.91513318877 
-22.8892380622 11.8970588227 -7.21569689305 -2.53206247838 -11.2265892633 -12.5251033027 7.20706909955 1.21226378846 -8.04597724006 -5.97977812745 
-18.4963651232 9.22617985763 -6.32663199632 -5.38422681936 -11.9172323067 -12.5017677934 5.53043794971 -1.03085771412 -6.47788477972 -6.36810912406 
-14.9613562601 8.03642075996 -5.16708402444 -6.27726603414 -14.2897227568 -10.5303446258 3.42881214295 -3.32997805775 -6.20122419846 -5.99791227505 
-9.07597385006 6.71902839776 -6.12042582025 -2.49174834514 -14.7814322772 -10.2853887066 4.55991416886 -6.46147692505 -3.47419730276 -2.50622184972 
-1.86586984615 7.24324945232 -4.83811715572 -2.51279997302 -15.3278643689 -7.26273557646 3.30226886108 -7.87066158924 -0.128447626674 -0.656389282477 
8.75631370055 10.487572859 -7.52486672545 3.2806773858 -13.3198510657 -2.36561280069 4.06349265229 -5.10536312373 3.61546307693 0.917585238919 
17.0212558078 9.13748932331 -5.71934257039 4.27050974712 -10.4158985903 -0.502134267554 4.80417065394 -5.26075758222 4.51473141479 2.66999946861 
20.1449885286 9.01782250754 -5.50221081654 3.81045029067 -6.01056314921 -0.497853978646 3.89757531304 -5.62645065624 3.2638314161 5.01771745153 
26.7465938545 8.06246278026 -5.67702839628 4.96814370692 -5.40929376006 -0.0647578707086 -0.194165219867 -4.83316630785 0.859781376562 5.53544173062 
28.3113711029 5.34962890407 -4.60086626633 5.43131840336 -2.66651240926 -2.48007143024 -4.62806800855 -4.41754452757 -1.79675897203 4.15338477454 
27.3007518986 3.08827818026 -4.48564428138 5.01521381024 -1.53056881134 -4.12430038742 -6.01143260688 -5.64989919038 -3.67190906139 3.53530081979 
26.8559518752 1.71706631558 -5.50137965488 9.54613712324 -0.469600446815 -5.45673093528 -3.52035748539 -3.47485401336 -5.48625692802 3.33611983241 
28.3550805172 1.71039892462 -3.82229010301 13.356663053 -1.19456962508 -7.44514138941 -3.10050811849 -2.21563378202 -6.93728096955 2.99356751499 
31.0932445171 2.40621505265 -2.92376642563 15.6766897781 1.76929455725 -10.9266545104 -3.20437014453 -0.115955624189 -8.08959238631 4.17203795271 
31.1391005137 3.16523451395 0.916716707933 17.1497914644 1.84126227205 -12.2204703156 -0.173557474672 3.33992505477 -6.84626506927 5.67469511055 
30.642623815 0.800444161083 4.83079688591 17.3774380584 2.32857106713 -13.4001527491 1.94711773807 1.49155939458 -5.64278341927 5.37677095001 
27.1129801997 -0.600098984517 8.54560210329 10.7719030788 3.38134771033 -9.60254456638 2.68180443337 -0.371421982963 -2.24214882447 4.50260472546 
19.7062550257 -1.27968004506 18.7955541934 3.29230297443 0.418549752601 -8.08445395943 4.26945385387 -4.2582840011 1.9670978167 1.34896869917 
17.0740125916 1.19823866547 21.7565866531 5.2293637704 0.142834147208 -10.1554168044 5.66468009372 -3.84569367683 1.11541449691 3.08514365968 
22.6475895093 2.38722944813 16.3342754286 17.9661692208 4.2895741059 -9.29783439872 6.95242511958 3.97620928471 -3.03768567709 7.4588576775 
27.8578821173 2.47925907451 10.3889279365 20.9073901784 7.5248061724 -9.64454104998 5.61822942604 8.11114791727 -4.46212346521 7.9145175508 
30.5114254017 2.75804821064 8.44633117537 22.1950561528 5.59571921833 -8.83182709121 5.48342751746 6.76547202867 -3.77893043656 3.5944819837 
35.3223289207 3.85490639588 3.02582487364 23.7901754819 3.27431556142 -7.83608066812 4.37222107451 8.80103713448 -1.73578564067 1.29386759371 
32.0724268897 3.60210375257 1.49058654528 17.1022016579 0.134205242427 -5.75710120056 2.97897600946 7.68915373193 0.560380540097 -0.758303867689 
32.2106070897 4.30504212718 -3.65322436343 19.2717941949 -0.23212460187 -2.27533952493 1.88877288065 7.40255351197 1.73623454754 -2.91154985708 
32.9714531207 7.98528830559 -10.0033493681 20.5514373926 0.863344076804 -1.28482029692 0.510336783911 3.2351629498 0.221889521444 -3.82363354071 
32.8602065121 9.48627163866 -13.3919516278 18.4354017033 -3.10107427945 0.830625360891 -1.58113767211 2.15708898359 0.273653060228 -4.56670953825 
29.3845449915 8.51357100454 -12.0488152143 12.5891744102 -4.93653171216 3.16203764006 -2.26053617361 -1.54975393786 0.933305950391 -3.39396542225 
23.3039090368 6.24664478679 -11.4950995105 4.15935539785 -7.76818112351 5.05360440781 -1.76500047668 -7.4115624501 3.28039326841 -2.33150305331 
15.7197540153 10.9010584086 -11.4986634639 0.818167245671 -10.3840801311 4.39803744114 -0.447070188277 -7.28165445533 2.72363540455 -4.48328128518 
5.2251807945 10.6589952442 -8.36132579184 -0.24970515289 -13.3547880324 1.76058626528 1.7248225479 -11.1598320932 -1.91850864917 -6.30630048149 
-1.89094444334 9.27314019081 -5.12680142394 0.743597402567 -15.9646031793 -2.30874796883 2.29083803609 -12.5699380003 -1.38495203557 -6.47132287664 
-8.19947374546 8.9764621084 -3.68266036062 -0.0339658746741 -16.3401665595 -5.9104694943 1.78347715046 -11.8816121824 -1.99196719783 -5.37156955807 
-15.2679995254 6.44129784176 -1.15049936155 -0.556769251907 -14.8643443681 -11.9451804626 -1.24375572321 -8.7341787954 -3.33222105931 -6.01992627501 
-19.234091723 9.06331466173 0.299357504382 -0.365179016357 -10.6430736193 -10.2566044907 -1.16935279723 -5.09847741964 -1.0867439919 -4.67990923527 
-22.7619224311 11.8463637299 0.465846694959 1.0720637952 -8.95897157483 -10.3915703272 -1.40164167889 -5.32500368422 -1.69834689358 -5.45789448012 
-25.3807223063 13.5458039366 -1.13079384275 2.59779457291 -6.61156892486 -10.5440814129 -0.351356715788 -5.14645826854 -1.06552461927 -2.06493414186 
-27.7399494488 15.7681396229 -0.789947476699 6.30223745733 -6.32063998422 -9.0744544619 -2.79514420856 -4.82998896781 0.0830721377259 -2.47046280477 
-30.926306024 16.7815691113 2.99177274258 5.89930623969 -4.04933207305 -6.33862224701 -4.20602838287 -2.48012696675 -0.907220737437 -1.00359509114 
-32.321178894 20.5039505426 4.80213217393 7.96062431296 -1.59068575236 -3.59662433908 -6.38882313181 -1.66596489446 0.144630519401 -1.6859182352 
-29.2599566837 20.8526451906 7.59430317402 7.73142994988 -1.63675663086 0.398439804434 -5.33088572446 -2.9325126184 3.90442989272 1.21387874256 
-29.1229905178 23.3661830237 7.16361454467 8.03155369606 0.750575356561 4.48640925489 -5.167443665 -0.9069896175 5.09413680146 2.84799334685 
-27.7282553019 25.7374300727 9.47543009897 9.58530470599 3.31621593276 7.47335013086 -5.21904466879 -1.55684083966 7.77958077159 4.52182458417 
-28.6791309396 23.2769318199 10.5722639701 8.71673796666 5.27638704664 9.64543879091 -3.73559999005 -1.21570602804 9.83712024591 5.41081393298 
-24.385728484 12.9700216865 12.5039613145 6.37798212926 3.61750553334 7.18840988888 -1.5093348001 -0.94289012506 12.7545661993 2.43407403476 
-24.125473377 14.2424862157 12.0224890636 3.02157976473 2.26603480591 7.92575072344 0.400083262717 0.476605394487 11.7669611932 5.3693644377 
-24.5087904796 15.3495737221 12.4419229363 4.03681986414 0.753363654908 4.95079960374 0.52213907 -3.23902366689 10.5051869347 5.45981197742 
-24.0906622759 17.6985897836 11.9505610094 5.40011604413 -0.393620740386 7.23299703354 -0.575374510048 -3.2556209316 9.0225927579 5.03364288811 
-25.999361181 25.6104806699 13.910775206 7.8852054433 1.17878511905 15.3117252457 0.283437062079 -0.158850702405 4.86527882082 6.26924292795 
-29.7760009671 28.3678248635 12.9775489186 7.86331488657 3.54702541859 15.5020500777 1.0165071726 3.97056533156 -0.0989211036793 7.76154603941 
-32.165691688 26.9166136846 9.50532790637 6.93642303337 5.71098991382 12.8888331295 0.66506305868 6.44304803529 -0.76414581754 8.17084046991 
-35.9640773947 26.5325535391 2.25537855947 6.92449840141 3.76762556191 7.05046924576 0.27764030072 9.82985623882 -5.84829659812 8.11642308814 
-38.3329765956 25.1819140735 0.299828020023 7.86536541262 4.69641321213 5.55714212038 -0.287921965976 13.0427760073 -7.77606319007 5.55809875814 
-37.9912017268 22.8977775398 1.60295766517 1.61309819801 3.12094792393 2.15815451921 0.0351072226162 15.0079668905 -8.22299318503 3.52066500681 
-34.7359212482 21.4864688595 0.322148742339 -2.03134675049 -0.122304220904 -0.597601452628 2.9452527589 13.9037656493 -6.66554892689 2.70201757284 
-30.2713600852 19.065381839 -1.56701066451 -4.41490170862 -4.9542367634 -5.07324578501 4.85977803014 12.9181160364 -5.5775804785 1.05832121601 
-24.0075816474 19.1636305376 -1.629990809 -8.00358744415 -7.09165814511 -4.47025154604 5.74799356994 7.55832595014 -3.93240904798 0.0740662380307 
-19.5139739935 16.0116420238 -0.441575721695 -13.5331173951 -10.1366997311 -6.5881765896 4.36355204691 7.4059066667 -1.76765851691 0.0528018243468 
-11.8987166216 14.5439125202 -0.306346215189 -13.4372778456 -12.831403302 -6.80358309904 4.28360174625 4.42691334201 0.843346490228 2.54621592628 
-8.67358685224 15.1087461643 -0.565362039426 -12.3531136779 -13.0165133122 -6.03248819832 2.74701796446 3.65263516948 1.70364844957 4.86561378226 
-5.07876077585 15.2698555133 -2.97872801908 -10.4534052029 -12.621571448 -5.06248350842 -0.576450297803 0.509150528587 1.29464511022 4.48172382949 
2.56340550561 13.6885877287 -6.29075403629 -6.94819689845 -11.9921407992 -3.8127752598 -1.6344161425 2.55171370773 3.76224782257 7.66298254615 
9.87735703405 10.1554666516 -4.02774355496 -6.73018939963 -9.97745511582 -2.20954338945 -3.11600718758 2.74514560962 3.85834454845 7.55827606568 
15.1403787329 7.97447540536 -2.47045518279 -3.24778748356 -4.01185982732 0.0774848452703 -3.51337537648 2.73720643205 2.23876807245 8.20510470814 
15.3408326242 8.30622767524 0.894045052753 -5.99881089668 -1.11317449939 -2.5949031778 -6.26490448885 1.15331534042 -0.334399789102 7.09603555073 
16.2592841545 6.74304722739 3.24688045463 -11.697777168 1.52613204227 -0.268818077798 -9.30454271272 -0.378302165992 -2.29533930936 3.09911562164 
17.4584956713 5.77463024077 3.67664350365 -16.1565923796 5.10452525723 2.6681351498 -14.6629960591 -0.932430203483 -3.24627879987 1.02325339108 
17.9432737153 4.5961099268 7.48591109294 -18.2479592542 4.39987445418 2.61812750898 -14.8052511508 -2.6278370485 -3.66151067137 -0.51054442277 
20.4619756753 5.77844881862 8.23111322906 -14.5682095981 8.03453023965 4.07097718295 -16.3370851847 -0.865289455944 -7.04679438585 -0.372680503667 
20.7376559805 1.64914087136 9.8930769465 -7.47712737115 10.3833008911 2.24825023109 -11.7804302289 -1.16218279649 -8.35366798506 0.910765368034 
22.4508615326 1.37187858364 11.0184516184 -5.19478918518 11.6123407283 0.956250859532 -11.5927313555 0.49430616707 -13.2578943451 0.984567658794 
20.5283706579 -1.30043887822 15.6623983154 -5.96364440438 10.1976163178 -0.887329843771 -7.947034182 -3.28971015867 -10.4515169532 1.08669462395 
18.1809525799 -0.957644099935 19.0493956432 -7.63094163321 10.230880766 -1.8232394698 -5.14900312384 -4.80591115344 -9.716678908 1.03151010712 
12.6059124255 -2.14443160833 24.2029983328 -9.78906554649 8.63809598945 -3.57984933912 -0.879985566836 -6.65654724482 -7.85384091062 0.299242759721 
12.013932327 -0.685656542048 26.3825463619 -8.93650594399 7.78587913245 -4.15674842469 1.14734157839 -6.11572159162 -6.69510718188 1.85681534506 
13.6896806859 -0.9400475983 24.0348723995 -4.94636551637 8.71816152989 -3.80876402768 1.01199098166 -2.29156404306 -6.49318718553 3.14862460656 
20.2302841967 0.889112458337 18.5391291637 1.96050289476 10.7824024912 -3.95994749799 1.64080112257 2.3147876621 -4.73439540755 3.70334866355 
21.634896055 0.63468690146 15.0622170092 -0.295272413802 10.6140917372 -4.09411791943 -0.343577585632 2.8688045569 -1.69587366794 1.45919632877 
19.3850481038 0.228751425157 12.2053750752 -9.69477303619 4.59490470748 -0.793287978479 -6.68336629623 -0.275880693568 2.69140772238 -1.62138426658 
22.6308860483 2.07420152129 6.09947201309 -7.49199385517 2.71880917003 2.82064396298 -8.33581401311 0.463620124467 3.82153113328 -2.92799086897 
20.5924584466 4.75304853246 2.48617525812 -8.71753576685 -0.128617513518 4.65058424834 -9.29222258736 -1.30975516219 4.22636714424 -3.79661764065 
22.0554120455 8.87370761856 -3.51594224908 -8.73850279354 0.321497624154 7.78877430188 -12.5010702553 -1.70585301076 1.9095795339 -3.92435874233 
20.8740873328 11.4645539153 -7.1845097072 -11.9110189004 -1.08128485303 9.47009407182 -14.4236442526 -4.12193876467 2.45670546105 0.502302746814 
12.8681500644 11.1165467174 -6.37599280688 -16.8719202692 -2.29479909944 6.47585363597 -9.16344189704 -3.80967793407 5.03297283214 6.67839498287 
6.00042105958 11.2716739099 -7.10312628165 -19.2611261491 -3.35406609654 3.80727496026 -4.41512412084 -1.24350308088 7.56896886877 8.29836230461 
0.211944868241 10.5178166699 -8.06312756497 -15.3364698263 -3.33080198426 0.270877177727 0.807212920439 -0.652153189045 7.28377904376 7.83588567093 
-6.48991708865 6.19662957219 -8.66774387687 -13.3595142377 -1.03291125306 -2.24079192076 3.72789711507 3.16133400179 3.83988637673 7.55782093988 
-13.8987633394 1.14638084839 -7.33421226895 -13.5006875834 2.00124777261 -2.42269690219 5.66568321552 4.71146120239 1.00334571699 5.33056127154 
-15.7850633847 -3.69858256401 -9.1458940778 -9.44075186689 5.05584928419 -4.43193585781 5.04818317316 6.10960042341 1.51946669336 7.95469795412 
-14.6210801434 -6.74745327095 -11.5604440083 -5.91736941517 11.3753300489 -5.59693046566 1.47755969028 8.29988891409 0.997776156344 6.55319493991 
-16.602570428 -12.7149504868 -12.6341541504 -1.81635233418 12.6028118639 -7.07637159112 -0.70896674797 8.00204498393 1.05525749777 1.75875660131 
-15.8158047051 -16.8164905712 -12.2341888246 -3.88407084531 13.3851024667 -7.87100186683 -3.6535128406 8.56332700461 0.741923683864 -3.08840033159 
-16.6541397146 -18.4234020295 -8.02122869893 -1.58004124089 9.41089022671 -6.29472578824 -5.73804315035 5.4867427777 -1.06445481367 -4.47109524136 
-16.327341754 -23.9629346691 -5.40559564494 -2.46754534815 6.35381841769 -1.19011339976 -5.62452277262 9.67956975856 -0.860808805846 -2.48264236521 
-15.1926873012 -27.1666970844 -3.69177299449 -2.92607586066 -1.13517467176 0.35517664386 -6.82895590348 8.18635862292 -3.87107646393 -2.41579446957 
-14.2104925246 -27.4591795159 2.02703782235 -4.16660929925 -6.56886454812 2.49449265306 -3.16753261995 7.32083398249 -0.0388598066147 0.970393241487 
-12.4476755662 -28.08685216 4.61670400254 -2.38488257439 -7.69715775761 5.58226141614 -2.56443684959 6.49290505535 -1.78991503055 2.19718570795 
-10.5045173284 -27.66949722 3.24937356358 1.27591023672 -8.55310749119 5.31732730513 -2.47097213214 6.47664588356 -4.6578188445 2.95239522377 
-9.23651717102 -25.0337181923 3.63702451302 -0.0880983864203 -10.1502053069 4.21689209434 -1.41644665476 3.30450178924 -4.50723516786 0.825172699152 
-10.0301796688 -24.1251279387 4.62601522915 0.772786375532 -9.52963294037 4.3186188282 -1.54430077997 3.61426243384 -0.747272842695 0.0735424287635 
-13.2433838197 -22.2043513446 5.86174550085 -0.840099883849 -8.35914300432 0.133531042015 -3.94705411675 2.19547403571 -0.0368875350337 -1.06326037089 
-14.3207806227 -20.2988367445 4.75914315852 -0.605646047787 -8.26719128683 -2.11844839567 -4.08989507352 2.49618826903 1.08541746271 -2.86231901726 
-15.6359404338 -16.2915102777 4.50395750688 -4.58465575086 -5.39033708528 -2.79201849371 -3.9948561182 5.28533273579 2.39210393684 -3.06722076064 
-13.8888822719 -12.820398076 7.66118165979 -4.15122803193 -6.66256705229 1.37215024716 -0.887129877088 5.42301802767 7.4285630451 -0.828180199187 
-14.1189312266 -7.91419423251 7.21495469989 -4.76211744385 -6.69609448171 2.16304302878 0.875635161135 4.91609172698 7.45948278941 -0.202322730703 
