-26.3096354722 -10.0939271703 -11.0408312117 -10.6447449137 6.20192973296 2.87333965921 4.40497860505 -6.69938047866 1.22564479813 8.84852360882 
-25.4218890475 -6.11066015371 -9.12190795573 -9.62647087834 0.791312124557 5.86866892578 7.59972011809 -10.9217688691 1.30031479879 12.8818453265 
-24.1252698263 -5.35130317906 -7.69344395001 -8.44096358232 -1.79550490447 7.76483105272 9.19460164075 -9.92706860272 -0.794240943826 8.43731384481 
-23.4429456974 -5.58444097334 -1.76105829454 -3.13418940343 -2.38316067477 8.39126324149 9.59160568231 -5.71215495365 -2.16349336114 5.96849812851 
-20.7126392385 -3.89160213671 0.597481336957 -0.537726102893 -2.58044923648 4.57661900266 8.90692329731 6.112898664 -4.29565760989 7.72313195494 
-20.1502412869 1.83958881308 2.67031727806 -5.39403843139 -2.71384048515 5.33639934611 10.5982751704 6.43050423138 -5.06963488536 9.9116594177 
-19.3022060695 3.61379443235 2.26050555136 -3.19483023788 -2.99950080616 4.41905850587 6.15644805037 7.72624420582 -6.38967465362 7.96437274278 
-17.4311078408 4.19722478843 3.57082959603 -0.80246286769 -6.93445727313 2.92101593389 4.33006429177 7.60985873954 -6.63278012933 6.6170266837 
-15.2692527408 4.53072813085 5.12952201074 -5.14139730844 -12.8817813879 2.24935702786 5.7163227781 6.02732713359 -5.05467122145 4.24813835034 
-14.6144198772 2.29192492365 3.83911820372 -4.08058757641 -15.2356676496 -0.031188516796 3.22260116853 3.28627889991 -4.76266820278 0.990880829495 
-11.3335187175 3.19042672446 5.95346717273 -5.247527489 -17.5622038607 -0.411897218158 3.75613686022 3.06771876692 -5.46184498517 -0.657133741196 
-3.65951962924 8.51007520806 3.03537438243 -3.78201033998 -15.7154031784 -0.412983506789 -1.71734444544 6.16670415942 -4.52629058209 -2.79671691341 
2.68806378989 9.70568987212 -0.154669791419 -7.2406108113 -11.9443683551 -0.341602024754 -2.67966614843 5.14740727982 -3.90388755718 0.898392767998 
2.40621395181 5.57866158403 0.90087934643 -6.90034927912 -8.57753989456 -2.75613206163 -3.4162837006 5.36976602419 -6.31746413227 1.25559317332 
6.06572998519 6.18178527459 2.25619308869 -9.65507446705 -10.279994536 -2.70200401532 -0.129872151974 4.90476193984 -1.85457448956 -2.60612653428 
8.76225298289 10.3712160891 0.210917915413 -12.8943293637 -7.69299539855 -4.02833685831 4.38216113415 6.60666037214 -1.04817545668 -7.5582202419 
11.2774199806 10.7929152196 0.676882940479 -14.1623479281 -2.80901203759 -0.943864188873 8.77529165576 4.82578042528 -2.28286264615 -6.71423021681 
14.5326380349 8.31606656417 0.941593778845 -10.5544629441 -1.85419110259 -1.28762181494 10.3327924898 5.10142812594 -2.40583783905 -2.61813400389 
11.6393944962 3.09206901707 3.33122191921 -11.3832498089 -2.7105779799 -4.45130910706 10.5749561274 3.95799295082 -1.28032501427 1.45014734276 
10.3991577749 -2.67460488668 3.48669657897 -8.8481016689 -3.3680461209 -4.26427377752 10.6942679126 5.07627778692 -1.79740699169 4.4774128835 
14.3768860073 1.25944744225 1.60349251253 -11.384040465 -2.55495040846 -0.702470966538 13.7132109535 2.3751738381 -1.63419506264 3.81153820499 
15.68302965 0.00121026594351 0.103427495265 -15.7096749625 -2.73661703172 1.81966157519 11.9828344207 1.68950122906 -1.37794722447 1.10937643408 
19.6031419137 -4.46251545025 -2.95112071 -12.3436389228 -6.36041704009 5.21722242924 6.07429584934 -2.1585390906 0.0403610319462 0.78158153169 
11.3815601896 -1.70220494998 -2.5500413996 -15.9592429898 -0.538834704647 1.21598311565 4.03179712231 1.73069935284 3.72662801935 3.92208519846 
10.405096292 -3.89068148639 -5.79413421349 -12.2268242753 0.294875355924 -0.341709266455 0.537937414843 3.27884955317 5.38252906256 4.32460535214 
5.55088286396 -9.9793849936 -3.94578679209 -11.61495304 0.804906316838 4.63610306807 -1.05544395914 6.18809189894 -0.590663059242 1.70117315604 
-1.97062571822 -18.2793605752 -0.50781734479 -3.25010493821 4.29173754725 2.7373578808 0.478321743726 11.637415196 1.80662239187 -6.2530381838 
-0.130797069401 -20.2090214404 12.4972142221 -3.67529394818 4.28668567721 2.90030903581 0.791562268851 3.5910476164 -0.258108055219 -4.73879147493 
3.80469053875 -20.9516685755 14.6931907505 -3.25132705764 2.42728562147 5.32334553392 -1.35039083151 3.21296297374 0.467362100584 -1.53039465244 
10.1851024632 -19.0148243089 13.0769345101 -2.56266934555 -0.862998003085 6.68098004048 -3.69201206009 -1.3573583055 3.17736463423 5.17787552146 
12.4762068078 -10.4117651029 9.81637789094 -5.92083047772 -1.76706961761 5.4471179673 0.433975348565 1.857400852 1.57196600719 1.87621000285 
13.8899807722 -8.68878619297 10.4048090615 -2.79597685875 1.04824878758 3.70303067276 1.0643407114 1.09382565164 0.995078133481 0.997559668215 
15.2920990895 -0.405152963315 6.93727590252 -6.32047190673 -2.96304027306 2.41217813346 0.216875154415 4.39914794388 5.71948652364 1.01373257309 
13.6965250562 3.70185706731 7.25648187798 -9.20105217381 4.33561006963 -2.03156204917 -0.704051211336 5.17805205477 4.56730789829 1.20685766187 
13.3911345747 7.32967385374 8.19372333577 -10.4256315002 2.84147621449 -1.01636137084 -1.00125814181 10.0334814644 5.11474830873 -0.382619317748 
6.39560507557 8.36146386063 7.81619238426 -8.86358895004 2.00634036147 0.959469520342 -3.94681430649 11.0374781085 7.757316593 3.77914723897 
2.91869509709 10.8218404665 8.36614483892 -8.41590863929 -3.72127595543 1.55520448296 -4.92225159093 11.7449845072 10.4747987838 3.20049231738 
-5.29214946371 4.53339794318 11.2406184537 -8.0962037935 -7.13902503229 1.74614043752 -8.6795473242 12.0112142541 6.20786372342 6.75996558557 
-9.7086666087 9.15747659545 10.9726779404 -8.79695909505 -8.89603472564 0.644799092035 -7.31167359242 7.55610769587 5.52112223188 2.4235070164 
-12.9713408787 5.84288344124 9.1288047247 -4.31296844149 -5.48952801818 1.45083111597 -8.05883656383 6.70761672376 0.79929202746 3.32736714255 
-13.7459470583 6.90038916791 7.35313453036 -5.79702243183 -5.8321542536 3.32594011388 -6.21014188759 4.68198313975 -3.44760987467 1.9996130096 
-14.5147407488 7.58083869002 4.70258337419 -2.76949881503 -5.73052608696 5.40123324942 -5.29029430432 1.33336030747 -4.7287998456 2.93911518652 
-14.2277824125 8.65813212942 4.12496393376 -2.17615802991 -2.47424932547 6.62575064939 -1.30423221407 -0.841505863481 -4.40057803795 2.84900839281 
-17.7095874604 5.31771307647 4.14351291806 -4.40125324562 -1.63731513668 6.801297037 -1.21410703172 -3.92239108644 -0.917331707821 5.11178857444 
-20.8479918715 1.07641726379 5.92503433232 -1.02530832952 -4.51687845657 4.53382906249 -1.07145259973 -5.49858693077 1.59292785454 2.70144061225 
-20.6123181411 0.265169021359 -1.06422069624 -1.19477573772 3.45500062953 6.72006169317 1.94242199881 -8.26898683598 1.90419260434 0.85892430229 
-24.2947771093 -4.47188457253 -4.56817341672 0.701587486713 5.00747223161 5.44827433213 5.71328341896 -5.79195735167 5.85924627865 2.77131235448 
-25.1241269839 -5.45728133242 -9.23134337742 -0.88009746545 9.6349520742 5.49718900234 7.14206253674 2.08870452972 7.28521989332 2.74556280571 
-24.663115545 -7.9850862393 -8.86143336724 -1.63669470035 10.5115069904 6.48217193999 8.73939273006 3.72235497526 5.27557314848 -0.865910006139 
-28.1615856299 -5.92695313425 -5.42318974728 0.938716703645 2.83885406849 4.36715751031 6.45903017409 2.1886578242 -0.812230533523 3.78910859499 
-29.2627570551 -4.13992334052 -3.04492731527 -4.5012702856 -0.806599205012 2.08995962943 5.00195114808 -0.476647652043 3.63902095914 6.05987152085 
-25.5127421673 -3.11313079736 -1.32977491919 -5.42183689486 -4.15544856358 -0.75522741008 2.08850634401 -0.743867668279 2.1811884878 3.8607669338 
-23.6169550874 1.92613974708 -1.65453714712 -3.4875906547 -4.66254529597 -1.8447965401 -0.452888022866 2.39355106567 2.78453712333 3.42873839365 
-17.6223105083 6.05670355443 -2.17928771655 -3.3279483244 -4.73193517763 -2.85245694841 -1.40622891112 1.75200186106 4.00050074245 3.15350514525 
-14.3927778832 8.69649701495 -2.83166864965 -3.08777541376 -7.8448954805 -2.22440376097 1.65935239548 0.221613803516 4.81854243624 1.10586297893 
-11.8330518222 13.7526461086 -2.1827931708 -1.90145766974 -8.70340507338 -2.45845459606 -1.0070138903 1.64753897034 2.99700128372 0.709363898273 
-9.39587022738 13.439794475 0.0939493953942 -2.21897338708 -2.1992945376 -7.47553774099 0.26938042268 1.55393988109 0.852601935263 1.89139181496 
-6.54901870437 16.5680809439 1.88204360494 -3.14193374089 5.59449121756 -6.97964206039 -0.825192357669 -0.133554577875 0.172076220235 5.63901114412 
-5.08116305664 14.7428360011 4.51596328302 -5.61589840071 6.46880234382 -8.7414777396 -1.13887664457 -4.04117127562 1.77911101908 4.46916640628 
-1.1855325764 12.3510864163 6.0253200408 -6.68918606641 2.74057830564 -8.08898340454 -0.379845378122 -5.02968821323 2.50165407277 5.59606897935 
0.928491567574 14.5379433807 6.89094724105 -8.35280829475 4.76039061288 -6.50214765699 4.29047836652 -3.06923274289 2.73868123667 2.60040703496 
5.00832874579 13.6987689371 5.84285358883 -9.59784670368 5.5870429288 -6.29970225366 7.02362298252 0.0626506386384 3.18744566627 0.375916275228 
7.5947440014 6.24556579589 10.6904835571 -8.61954996585 2.29736988491 -5.91707339195 8.04371765255 -0.0760521179851 -0.203651714825 -0.741875184645 
6.29636690585 0.0606629573311 12.3246540878 -6.6080402967 0.380819690822 -7.9694936034 7.65928340379 -0.535284343133 -2.04009910214 -1.12055082144 
13.6646029459 -0.60182568898 11.0717688656 -3.93169041051 0.138518926163 -7.67063919433 8.96461932742 -1.28024225785 -0.939196814654 1.75071770411 
15.4800626407 0.165016914637 8.86778941121 -3.23892000778 -2.22447715378 -5.2612157277 10.1389208883 -3.51746213654 -1.570163672 -0.872489551356 
18.0573342025 6.34902811103 2.73291184862 -6.90744713867 -0.13452767027 -1.52709416242 12.7800761704 -5.79289096371 0.188853243634 -3.80234389754 
15.4998110009 1.92885428123 2.23328742337 -5.54281154571 1.87283460974 0.503297112137 9.24750579069 -7.63841687892 -4.92511020589 4.65574052966 
18.6646612164 1.52829557299 0.632153870402 -4.88792946096 -0.853176255349 1.93089297211 5.02024970229 -8.18934601553 -0.967405897741 2.77545114396 
15.1153383013 -3.88094602265 -1.03354567446 -3.84634953534 -5.75251321777 4.90360365599 0.338932178379 -7.26647142765 -0.601471964546 0.910102810251 
11.1209957154 -10.7694805229 5.29035376847 -6.71322553619 -1.03956712302 1.0695793772 -2.39279084471 -7.84222059527 -0.420996516187 0.371794129833 
9.77209799143 -17.7272157236 1.97787884748 -0.426233242477 -3.94335737445 -0.532059010142 -2.52774572542 -4.47863844298 0.648689354741 -4.92982060445 
3.4240234408 -24.3711706871 8.75949797105 -0.540444162604 -2.61665145204 -3.23215022828 -2.88591699119 -0.195516071725 1.90966969375 -8.10030192036 
-3.30246749784 -25.8453018795 9.50574418656 -0.867275085436 -0.740499273177 -2.73328112543 -2.81331762434 2.71315714585 1.6486633639 -12.6742334565 
-2.16533124834 -20.5742277456 4.90853807948 -2.30075286918 0.564655120172 -2.33182093143 0.273404455741 0.200658964954 0.0306555203754 -7.88707240018 
3.09724968613 -20.6157628258 6.01321090828 -3.69970691181 -1.52504551911 -2.92943923441 -1.68485718306 -1.92038652815 0.239783797757 -4.26570130208 
10.0679708373 -20.6072892003 14.1030441249 -0.735747455288 2.57069132751 -1.15690770508 -1.11610266459 -5.8063320323 -3.21624924634 -0.731277731136 
10.49659636 -23.6763225357 17.7157936389 3.79095389379 4.78364229105 2.95780318212 -1.60924825968 -9.06976776901 -3.46332289366 4.09128927263 
15.5631589129 -15.8291258075 18.5520728594 6.22883158798 2.0871191433 3.6971178347 -3.19743265753 -8.15664866313 5.71558807878 2.98325803385 
15.4413127093 -8.85979074606 14.9437426403 6.19060357369 -2.41515065697 4.26486303567 -0.659185800876 -9.43429154962 5.77123945627 1.44831936251 
15.4056366917 -4.94965256879 12.5805627001 3.426643547 1.88279182279 1.78154533108 0.536986982213 -9.07792892203 3.58434146787 1.67602472605 
17.0968713008 5.07990710321 9.26894062459 -1.01818512293 2.02361824235 2.92419743813 1.82593768875 -5.74997386623 4.15969893119 2.27738297456 
15.1798829463 10.3318470397 8.90948368017 -8.08465677952 -0.0567995269254 4.88456826084 4.02030239653 -5.45157962418 4.25967604785 -1.14646094734 
14.7519554441 15.1258515826 3.98449621707 -6.27923921796 5.75805441483 5.98390750643 2.49973942845 -5.58895028683 2.06837319936 -3.26714729602 
7.19260461672 12.7259936107 8.38880831924 -2.77906386053 6.76034953142 6.33146103985 -0.167353390024 -3.00120523672 -0.0606629561933 -1.32731847177 
2.99054618054 18.7589133002 6.38543788856 -7.64669863507 5.52859091812 6.66001759545 1.82501437389 -2.41841974091 0.40390848653 -3.02944654665 
-1.93306938236 19.5862274448 4.31345324205 -8.48183687196 1.92606836651 3.91988023281 -2.54745599609 -0.0329667586824 -1.3455399482 -5.44977953899 
-3.91309085523 16.7805886145 0.771475073453 -4.34164823311 1.57201642627 3.38330211883 -4.7262790525 1.14961025952 -4.14746404636 -6.02105105887 
-10.7426387791 17.7172108936 4.22298723009 -4.90146788289 -0.991773403259 6.38057791376 -4.17029162395 -0.430418723544 -1.05014256321 -6.28352793187 
-7.351181869 19.0618171987 -2.598252325 -3.90131772003 -0.815429882777 5.52004312705 -4.86088223025 -0.383993933347 -0.981988004753 -11.5709604311 
-12.4237660343 7.18167781522 -2.81254436113 -2.55924382612 3.1038030174 4.72060930207 -2.80150066495 -5.86975266064 -1.42788041014 -5.67698921593 
-16.5786111928 0.125218278228 -4.43382517501 -3.83258986112 10.2623506221 4.5600492678 -0.469326694354 -6.59376705217 -3.26451815086 -2.06773989536 
-16.4334428245 0.170090314106 -9.28635989081 -6.9909036782 14.414795931 6.15969721797 -0.273531749812 -7.93552497044 -4.98666481233 -2.43052223907 
-24.5369144155 -6.59695439647 -8.62996726447 -0.543917210565 16.6089547625 -0.72105558433 -0.722736982485 -3.5426693069 7.22254076767 -4.10233438149 
-25.8894236264 -5.89407011124 -4.57546193749 0.320980674083 17.6755339311 1.34411457954 -0.0302587675094 5.63816065447 7.82818968856 -3.24329454871 
-21.3959226451 -4.48597333897 -4.81953837141 -2.08681317028 10.243907938 3.75077601116 -2.29884417783 4.54887353493 3.02406944761 -6.01937020374 
-19.8435779477 -4.16266436732 2.32243869492 -2.62938221327 1.25798988453 -0.00178626066689 -4.75368236228 5.68703883031 5.01702157539 -4.69675937855 
-20.1033190193 -5.32873428022 9.41001477342 0.143627393629 -5.99638466811 -0.641284331565 -3.71150735384 2.31791146915 1.71644290057 0.82370600288 
-17.2560213565 6.36709633009 5.54341575812 -1.57224969382 -10.8479439991 0.118053975095 -3.2035284225 -0.987883055117 -0.823143454069 0.198799669803 
-11.7844360394 10.2163806629 5.32681000757 -0.349081110581 -9.59906797898 -0.019886708504 -7.25843457879 3.74543454582 -1.87651561069 -0.0954245200072 
-13.158921425 9.34371819895 6.99669372488 -2.6496910648 -9.63723965362 -0.406367952793 -7.33835777672 2.28354666358 -2.43235736715 -0.111091321184 
-9.14651537464 9.2877726529 5.56543901859 -5.20067282704 -3.71414925296 -2.93986931653 -6.79409977137 -0.654692811876 -1.86005301387 4.52647264711 
-6.56568683095 11.8093291501 4.43749111355 -8.46103211599 -0.607065322793 -6.05530084516 -7.86170694236 -2.96303162782 0.339643389096 3.98735847496 
-1.78141414856 12.8758189682 5.64657555897 -8.78665648422 5.03139413786 -9.80218811138 -3.90885625414 2.19055292518 -0.902881920909 -0.874330210482 
4.40510105746 11.3150543564 4.83185041683 -10.7166712218 3.29794457492 -6.17550738036 1.68360401569 -0.609264825538 -2.90597471804 -3.53008750609 
5.00731179775 11.0343123891 7.05448869353 -11.724533069 1.3720228002 -6.20484313951 5.12111001961 -1.41315673602 -2.25327827078 -5.39524466286 
8.47306048421 15.3565388693 4.59983704461 -11.489537145 1.53147433526 -6.74640022859 8.41982063611 -0.724717127987 2.68799864163 -9.83971150914 
7.71125929447 9.63488588451 3.37762817401 -8.58490957766 0.858647802051 -7.11012300168 5.88024178742 -0.491497470731 2.17101831657 -8.46012318722 
14.8282013785 8.24151579499 -1.04496851197 -6.64166813838 -2.33907702605 -8.26934005846 7.26471075509 -4.52244646491 3.65886830953 -11.3483416246 
19.7522334535 6.55876802818 -7.11268477411 -4.72222345288 0.0975442938647 -9.21287606063 4.05973536848 -4.09308757136 7.61739505851 -6.68361950614 
19.0862366889 4.62805884515 -3.3241233605 -8.41029299333 -4.06386152211 -5.11696182826 3.34641460922 -9.80165054197 7.70633466387 -1.63309937461 
16.6904382409 1.1483728033 -2.98959825018 -5.65387034463 -7.34985315423 -3.26579835038 3.90465196937 -10.6512290832 6.91230012801 2.25509509297 
15.0928989572 -8.35113182454 0.309258847843 -3.55257116972 -5.22358540268 -4.593030517 1.444209566 -11.2154278813 7.19055596519 2.00480502335 
13.174297463 -12.1553937377 -0.668045471731 -1.55463085642 -2.50408033738 -3.4854464719 -2.23158031227 -9.82031236445 7.0134282967 4.77566669311 
4.00333930822 -20.0047988445 3.28856232093 -1.99313978334 2.06344558259 -5.93457556928 -3.70021480321 -6.25595465413 4.18551964868 4.86259076599 
0.162941647713 -23.9071488341 -0.876638446247 -2.49460109938 3.18911275231 -7.76916063169 -6.20406565921 -5.09263378482 4.22217002236 1.10303532155 
-6.21292384181 -23.2128950952 -0.0728440331109 -4.1857506784 5.42970019593 -8.791050411 -7.81484110968 3.70081145447 4.91144177228 1.27391585 
1.3565382191 -21.0547556485 0.558525698098 -4.50335786415 -1.67587352361 -7.56058876797 -5.083530577 4.33021444212 5.37486149674 -1.51756768407 
3.38962717264 -20.782475369 5.47271272745 -3.45906999822 -1.89419653184 -9.35027917666 -6.53315000719 7.2532276055 1.17025465194 -4.96830927049 
5.75974743679 -16.1645103104 12.3320702708 -4.92952654491 0.176161529244 -6.99170192069 -2.34143219176 2.60634616482 1.53029753929 -1.11602859302 
8.44375203947 -14.4887239172 13.6199675634 -1.02634157932 -3.44613143929 -5.32357052284 -2.35878665778 -1.2972824748 6.99647683235 3.50358374463 
14.9869920846 -12.5604828565 13.1197181072 4.54252682018 0.491640263196 -0.669545348443 -0.832224821029 -5.30888887856 5.39997166723 4.65320993364 
15.1754481424 -9.24597149307 12.6916656522 5.14482167846 -1.30399165744 1.18378572755 -0.531497469741 -7.42846000919 7.10123813071 1.41913929791 
14.5184451699 -11.9269651165 15.9972590328 6.83624874719 1.54912760748 2.44347950364 0.620626198782 -6.40110595282 6.90395278207 2.81629374096 
14.829792874 1.04403254921 7.13155827826 2.6342706995 7.44433145274 0.484970761806 3.61818323235 -1.17892495576 5.38047841362 3.72028851368 
11.7058679209 1.56538018322 7.64491696555 3.86032913288 8.8816343972 -0.899875976648 5.12152593747 1.20113179271 2.4697931596 3.49664042293 
15.4357725695 7.39521486542 6.08359617824 6.43675627742 7.86195360945 1.10901980222 5.0767597721 2.03876784041 3.87331772717 -0.824528981562 
16.0122463304 9.55741513007 4.48644934916 9.01943536384 6.20871345576 0.395065344278 4.05948886324 3.90569635296 -0.0814573177423 -1.52632795636 
9.59311415622 5.95684269844 2.49812353549 11.3998515327 6.78273387274 -2.27022261711 1.18709514279 7.57597065287 -2.95225729526 1.85816338811 
3.52091127536 3.95414639321 9.18077502858 8.2088885817 6.36764348949 2.09412241467 -1.09275292741 5.07665683207 0.322608883418 5.02456338644 
-1.75111878051 2.12022871654 8.42117281016 12.6153872359 6.33839801966 1.460999308 -4.768771098 5.0527930595 -2.27599250602 7.83516599286 
-9.7977600445 6.63295039751 6.02400393353 10.6204104748 12.1014217938 2.21340280715 -9.12778681123 1.81004743812 -6.52081318553 6.9213034853 
-14.1509108098 7.04245855534 6.37653802425 6.88915207094 8.12470005771 -2.31002129006 -7.66790855201 -1.08683073399 -2.50835402515 2.36199126071 
-17.515215506 6.2227255139 5.04916206017 6.49679688332 3.59541904624 -1.15701957662 -3.97112673572 -2.65145890166 -2.87089037697 -0.83121091601 
-18.3284134705 3.86493206379 1.90527006599 7.24265111696 -0.14840687821 -1.8656950127 -4.67985329341 -3.30993022147 -0.377069018721 0.987673883768 
-20.1907448137 1.78938518342 4.27779017963 6.915952944 -7.41306266663 -3.50003658189 -7.2636920505 -0.730290182622 4.47735321515 -6.41232035089 
-23.3447625707 -2.20518654649 2.98504447886 2.87331183291 -7.98607674774 0.499687005415 -6.27408399545 -4.3907098789 5.66837022535 -8.12916971922 
-24.8420398711 -6.0967067401 0.725014406482 1.40989078372 -6.9047483433 -2.72672263726 -2.03568565938 -8.47597028751 8.23564059426 -9.08982997006 
-27.358403217 -9.21527968313 -6.17610338811 5.94978367401 -1.86277745109 -1.87209641294 -4.62861546572 -4.24886745727 9.69076448298 -11.4303328593 
-22.8601730895 -6.6772650548 -10.0498745229 3.44584090063 1.0544112285 -0.124337851538 -0.956612468396 1.18637100442 5.45612396295 -13.1700440691 
-21.7940600706 -2.52637447734 -9.91124489778 4.49379000063 2.88216389621 4.44522376226 -0.24020169073 6.92028185756 2.0865894374 -10.0959753237 
-18.3925417151 2.02148496112 -9.52441617128 2.59280660132 2.39511200573 0.40784922821 -0.396225497525 2.20913550995 3.64664118834 -5.83482169063 
-19.884257761 -0.644656209668 -5.52266382295 7.22491950408 2.5307807521 -0.819135533133 -2.90219695174 4.62017570321 -2.51881152846 -4.01025696403 
-19.3051923182 2.26380944763 -1.01217021115 9.77615647733 -2.57463730795 -2.57479555386 1.04868754139 5.73554138661 -2.47561872154 -1.98042235689 
-16.8818201787 1.105042601 3.01856253234 9.19082122118 -3.52572478115 -5.06401202179 2.18032063659 5.36962897755 0.208500666168 -3.43287108976 
-13.0546902894 6.96568936878 -0.148501133886 7.31107568073 -0.207096839275 -6.96116227586 -1.22309877335 0.433064540186 -1.57866741147 -2.63659753421 
-11.2296121433 9.00120690072 2.01434962751 5.75451967807 1.16139349854 -6.57751652939 -4.73599401044 3.83782726889 -1.08833986765 2.06221615616 
-5.93164000798 9.25056159558 1.18760273813 5.54573591133 3.63599650805 -9.0116864205 -4.79021211477 -1.84681519982 -0.942259429521 2.80194825124 
3.90481313652 8.01260554711 -6.53847484731 8.19264761615 5.79089746452 -2.40577574214 -2.80008555311 1.9266756084 -2.44372543802 0.574666234342 
9.98649587898 8.64394352485 -3.56074049215 12.1827693291 8.14092155496 -2.56979967018 0.310363041756 -2.14255102541 -4.46459847092 -2.71669755665 
12.6245732743 8.04654364113 -1.39302954196 10.4422524917 2.5776086005 -3.64694851249 3.49435217275 -1.70292376986 0.55425578157 -4.56072838695 
17.6680517466 5.26131702344 -2.12047186825 9.60285761806 0.0976955508924 -6.66708049607 5.00752513176 -1.3646888324 6.44597362388 -4.97510770237 
18.2347749576 1.56316948586 -1.59592777391 7.55257311674 0.00150421827326 -8.88674366861 0.196539749654 -2.9099432021 4.4932617529 -1.40280945599 
23.0299196794 6.98103904227 -7.13070817592 1.96185289548 0.73049170608 -11.4625833364 -0.950555136409 0.0805687863908 5.47416984697 -4.27271447421 
22.1741535419 6.21116173156 -9.9920720017 -1.66595094197 -0.329970993784 -11.3252942503 -1.14855586446 -3.15458788769 5.39978470431 -2.28437942919 
19.415519779 -0.0292147254888 -5.92241745191 -0.422432901547 2.47701835654 -11.9852474588 -1.51987385147 -2.06050508145 3.10083127716 4.11691315423 
15.6275313434 -4.48041201438 -6.72415478042 -2.56675915004 -1.82566739953 -5.58593831059 -4.92671087052 -0.668650648258 3.11135372697 7.18028300384 
13.5535889868 -3.00093301484 -11.1091548181 -8.73591999603 2.60996707184 -4.0084295633 -7.80981208001 -0.975053642619 8.26254233409 6.10410034302 
14.4445269122 -1.18995000418 -13.4410701712 -9.04237972256 1.95026185641 -1.81756176602 -6.82196660425 -0.81270081969 7.71047420017 4.48315832264 
11.7079193485 -4.44876974002 -11.8813554221 -9.39801153596 2.08593629698 -1.83257558641 -10.0740553831 -0.183059448538 6.14005950899 3.13003112946 
3.90176309678 -11.6965289407 -6.45046679225 -9.99252362396 -5.06665808702 -7.45374035074 -7.98636561417 -6.3484413561 2.72644373747 -3.10306762508 
-5.8921159775 -18.0007055246 1.74740643347 -11.4798688812 0.458420937286 -0.872505156605 -4.93392847609 -3.97359697224 0.056604021172 -1.85755671892 
-2.70310426731 -23.8234090484 7.8627155316 -9.42654212068 2.83853029454 -4.55002108464 -7.33296562784 -1.53437802583 -3.74060511986 -2.28780891841 
3.20126677854 -20.4560802531 8.72907758123 -5.51868475638 7.77342930508 -3.7629936044 -3.98894186367 -1.27985209252 -2.76967373848 2.72784963405 
9.80144321924 -10.7704534093 2.57226117638 3.51498948676 4.04984420335 5.48745058887 -1.62424342139 -3.00802288356 -3.48791722008 0.652632910837 
10.4819279256 -12.7168160311 2.87468852867 5.2660906179 2.51855553176 6.40355187005 -2.58009085242 -2.23855657245 -1.8136428041 0.158136952017 
17.8184703102 -3.27764516443 -2.11285705299 7.9777943367 -0.380400603375 4.87521278308 0.423041749581 0.0885505371268 3.51537989112 -3.1800483258 
16.505377402 -5.76661014089 -0.490692532064 9.00593366734 -6.1364552438 4.2099607454 -0.954978122038 -2.4304850085 6.94165323986 -0.964493104745 
16.8017135076 0.495004576051 -1.14881114187 8.69413731454 -0.768773599559 3.06117559921 0.775520048953 -0.536927761724 4.09015735754 -1.80454317535 
17.818687098 6.69579841132 -0.613197315771 6.17235588031 -0.908008196885 -0.737110308985 2.50290869657 1.78053956382 5.3170814769 -1.50045078045 
13.8000599021 9.61515027434 2.66736140717 1.80305635421 5.2770856412 -0.707146820722 3.1292696874 -0.753008602417 2.85194714557 1.37707922654 
12.4390205202 7.3731917801 6.16583680637 -0.00735032634264 3.86488034309 0.354122617009 -3.09974053699 -5.68317571389 4.41717104113 5.41896804147 
12.2629582492 7.43941163503 4.6102529339 2.27997213159 7.90607745161 1.28376375243 -3.18836935547 -4.67703037463 0.452320263726 4.56819830669 
7.40947222291 9.69429832699 4.90749691028 5.19855606874 15.0199012113 1.49155108413 -3.89775851317 -7.95337734166 -1.77541656501 5.01141545675 
1.67718927846 11.8187380414 2.11714940288 2.38205218483 12.3160611072 -1.03169775029 -6.59395156722 -5.95169601267 -0.321742888546 1.29230607944 
-5.95002790742 9.3363933809 0.933656553664 -1.46194323174 3.35149774349 -1.61048858046 -8.84955502998 -3.98521896038 1.03863630421 -1.84128018039 
-12.0132134644 9.14619499902 1.17486204544 -2.94831059815 3.99963456075 0.689207299398 -7.1863325693 -3.34615526066 -1.46896155797 -0.766362332505 
-19.3064107037 8.03697314771 2.77349250271 -4.19923750506 -2.11321015923 3.34809510702 -5.59660692189 -0.481200236721 -0.295018180701 4.17370791308 
-20.080724484 8.9600324196 1.8268521391 -3.77564863037 -3.50668799227 2.26134265943 -3.71231032807 -5.43215433733 1.41378704151 1.47249828481 
-17.927231049 6.81009278533 -3.53064209587 -2.84234534119 -4.60845879023 1.63737000431 -3.08103186219 -5.32771563732 3.42080394298 -1.60298825785 
-17.1988693604 5.4085571105 -8.63524918186 -1.49209992712 -4.51757752097 7.15999517238 0.898306052009 -8.92604799938 3.81439673112 -1.58610145219 
-22.8973560009 -0.462049530918 -7.71393874796 -1.21180867941 -3.4891651509 3.82189422805 0.507963075098 -8.41002883312 2.82365339915 -6.07043967305 
-25.9116978265 -6.46184295636 -7.7147987533 1.36628643265 3.96708071054 -0.200882710987 1.82797417486 -8.2905266785 1.98359525361 -1.40680557763 
-27.083082416 -9.41921231728 -3.85119152911 1.23985161436 9.06637523521 -1.99911289578 3.75637834074 0.311133670564 9.11770282539 6.33244003461 
-22.3667410905 -5.45600514564 -3.23678209448 7.69227863236 6.05731463231 6.86576591155 9.73638152564 8.1921152399 -0.318864954963 3.7204354284 
-23.6044089646 -5.67134218453 0.128715752713 8.13639973263 0.708599642557 4.84628331743 6.16803922107 6.71165922215 -2.73283905049 5.55387146162 
-20.3763480158 -3.25370801363 -0.211983063184 8.79411883059 -4.97246024258 1.5553075569 5.4209645756 3.39841833685 -2.81677437635 3.26189045742 
-18.8791398258 4.61701099882 1.93341283858 5.21635809505 -8.13389286609 1.66968008797 5.69560572766 -1.93388060923 -3.6645750623 6.72740985973 
-19.7215455651 4.11937295697 3.44718206221 4.23508288542 -13.1881835242 -4.05862399247 0.758832183755 1.4388032692 -4.21860129972 5.25238181923 
-17.6524526335 5.01175864679 2.77931514821 5.20117219332 -10.1047343615 -2.58455561562 -1.59790595655 2.8892878587 -5.0387950288 2.87439426235 
-16.795033194 11.7753662319 1.8042086499 3.11729471919 -4.59213419348 -0.94275124771 0.0420385917898 -1.60346843724 -7.57665927231 4.05051658229 
-14.9952453411 8.42473885746 4.08993836454 -0.939165351534 -2.15458784798 -3.60662604971 -5.44477082694 1.24591578092 -5.04887609036 7.00383565632 
-12.9766263666 9.9291686236 1.28982795554 -1.12370406433 2.4902609992 -5.1434562499 -4.00648977608 2.32161371041 -4.08670035949 8.12785226209 
-7.88524339869 10.3189454512 -3.26790071555 -3.66327349173 3.63469788365 -5.17359665559 -3.95453858974 0.596410386033 -1.66412848125 7.46560010967 
0.085991483803 11.9436173211 -1.2609040965 -2.96184452444 4.7622955989 -4.91296812101 -2.64858678774 2.6377100424 -3.56059532567 5.01106433987 
3.50519619426 10.6953567892 -0.848485694617 -2.23679629041 5.00695146272 -5.38972616453 -0.877521845808 2.52242761015 -2.83662079554 2.48709804905 
6.92820107488 3.83166835392 -3.7170714518 3.03176243443 -0.069950614383 -5.4030526213 2.88814605566 1.27827839221 -2.82227121587 -0.852515398182 
10.5381877808 6.74755793904 -4.75947199432 -0.122431059611 0.318194110852 -3.20015434204 3.14090610237 2.57397139454 -5.88984296788 -2.35156981019 
12.0943043193 5.10022687726 -1.42379168846 -0.866748544508 3.3672262632 -5.29740052897 7.47662094266 2.46101495079 -5.03374728842 1.09537893985 
13.0711077492 1.80901598795 -6.53818017382 1.90071835426 6.77324080997 -7.81410989668 3.83305077555 0.356828613328 -2.8503152851 3.71894134363 
17.4317027043 3.47905948786 -8.60334463971 -0.848601099489 1.12295692054 -2.42033357335 4.02866549086 -2.60929924696 -2.12664712323 2.87899516756 
18.836475337 0.63008038468 -6.43545739457 2.04833823487 -0.746798191329 -5.67634061229 1.00999920553 -3.62080428229 2.36915173654 6.2168843622 
14.7149850267 -7.49660571666 -7.22180972688 8.27485258061 -5.58298951493 -2.23157277268 -2.64111919551 -0.71209817892 2.50971634171 6.38262780589 
13.2951885284 -13.9850632877 -2.53256982595 4.67654403159 -5.88194168964 -5.75424327202 -4.57503366471 -0.85486727317 1.40811223279 6.67450180463 
13.0100012121 -11.0015054167 -3.51618645934 0.564193040938 -5.25756102011 -6.02011699228 -6.09708414228 0.351333568639 -0.787949030456 6.20168369865 
15.7309926883 -8.04454250829 -7.30221899159 2.24467637818 -1.51547971679 -4.82955919632 -6.78508539626 -1.95272369431 -3.49163400603 4.98579932778 
7.62182221755 -12.048434979 -14.0100691676 -4.07962104403 3.15817733144 -1.64682138202 -6.06353143118 -6.79860069506 -8.85396029819 1.54226498749 
6.65752539344 -8.00289949924 -13.9150706449 -11.244832556 6.77828044029 3.68133291914 -2.57473627096 -8.44434960386 -8.33702304095 -6.91622187875 
3.76715594774 -9.28186913975 -13.8590338203 -9.80243877945 5.45121186271 4.21536489094 -3.06415995363 -4.01011453285 -3.73363724635 -5.48454839573 
-2.03696356092 -13.3578860229 -6.34193651376 -10.4938733758 6.33631201516 -2.41791677888 -2.29802765109 1.50912988896 0.516452361181 -8.14778172055 
-0.443793339673 -20.0062227968 6.52191562089 -5.32287106257 3.72170125999 -7.02739510654 -3.085474509 9.00162871964 -3.41965349388 -7.1284155609 
6.64736732049 -19.6932649612 9.29071941956 -1.90336401845 1.55882276197 -6.89483734764 -4.09127166932 2.79480598121 -2.40807715007 -4.09473228484 
9.54203754294 -19.4237872109 11.9838870992 1.77695988668 4.20776764995 -7.92347730898 -1.97027510301 3.31383420242 -2.98771417225 -1.95471173413 
16.1160070181 -10.5615503869 12.0550839637 0.516343850634 2.6927656342 1.2091989989 2.20314724587 -4.62877755855 2.30259885785 0.83656383409 
18.5466324298 -4.04276864239 6.90487378499 8.14129151412 1.94994133986 4.48581413037 4.18841922639 1.41856008143 3.52923421548 0.192175147959 
18.7432982064 -0.323902525393 8.81017030266 8.93219023879 8.21184283993 7.11182258353 5.43159449332 1.2382092665 1.79319509675 1.47842304273 
16.1332247639 -0.933355950592 7.9318243389 6.20606495615 5.25352191213 5.48158069268 4.79855626775 -1.03076987198 1.33592141802 0.433815667607 
17.020969146 6.86516996097 1.43084442263 4.85836873964 5.18414644924 8.8492097335 1.54058536032 -0.684300718285 -1.6876032449 0.33793069928 
11.6135948519 6.07544916799 6.73642522058 1.77199781487 9.39418403679 3.56391416175 3.47266510601 0.614406419603 -3.15804152302 6.38409436285 
10.3662943683 8.23694537445 8.91217964461 -0.15008196821 9.01794330652 4.07428910787 1.54420218806 -0.871600407422 -0.172972708532 6.44052580755 
10.8728767855 11.7027770687 10.1306645813 -0.882961273109 6.03852668349 3.87597713276 0.974541335193 -1.00409377575 1.58769435892 6.16155900436 
11.5366779839 12.8928492078 9.02379913999 -1.94090142491 6.12694118194 6.2878899164 -3.2462293104 -5.66145784544 -2.30609323287 6.25993332182 
6.99548810519 13.2398915127 6.65191450198 -1.94374727746 8.82411249694 4.54300928638 -7.28303932164 -4.24198156518 -4.74743035247 4.24519121995 
-2.73147357701 9.0447533434 5.16940478696 2.99169670926 4.83956668687 3.21172815333 -10.08180256 -0.465633260229 -5.24660328701 1.32620478876 
-8.79697095822 6.3080980813 6.57031198373 0.0195967002307 0.63526019328 -0.37369655546 -10.6565150815 4.65686996947 -3.29119961338 0.908963528172 
-9.90525644471 9.00524115686 5.8512854431 -2.9982251475 -2.59332282183 1.1408070178 -10.3131273889 3.16836549374 -2.4925929481 1.23665271432 
-11.0844971004 8.89278487596 -0.895344706507 0.959553710973 -2.68933528567 2.77748545961 -10.1752457309 4.11739538366 1.13604764296 -0.129012302259 
-13.6805489675 8.18780502408 -1.86029607122 -0.204696458847 -4.91445685027 3.28879233632 -6.24215285603 -2.62761787871 4.89306141981 -1.06591463961 
-19.4016114256 6.61950467597 -4.20347272841 2.1864154832 -1.94115291693 1.52337167254 -5.83667868898 -3.04463517763 7.4425515264 -1.71027213525 
-24.1099842471 0.197502290471 -6.39147089562 4.1878803607 2.14435513498 0.309529990169 -2.74324155372 -6.92540660538 5.51862830305 -3.51201148752 
-24.7272850944 -11.833262889 -6.84470351454 3.2753636701 3.59954135928 -0.919327541441 -0.229630552957 -4.39621247227 2.92288920095 -4.84717367646 
-31.2246806879 -10.7090126778 -8.41071899309 2.13527938878 11.7495598286 -2.93935159733 3.62026218297 -3.93362093742 9.64847995616 -5.62394821291 
-28.9613932024 -5.11929831785 -8.91260804087 3.90980659621 13.7907312334 1.52812370247 6.8987167609 2.5103797111 7.42341959097 -6.05587598116 
-29.2096468713 -6.32984886168 -3.61725637842 6.82999198567 6.61268442391 1.10647079232 2.10025009515 3.57318838148 1.30290889283 -2.32764520849 
-25.1407517945 -3.39979552808 -0.77856086857 7.6888025177 -2.50319013811 -4.12718816234 0.513476573451 -0.756870320247 3.46221470741 -0.519558360748 
-21.1300257269 6.1428633157 -3.26821669817 8.65200488702 -3.4047094681 -2.61622001865 -0.342785318275 -4.73089428605 0.67775668883 -1.64587446367 
-17.922860341 7.01026136527 2.37356142356 9.65748113 -11.0387729031 -2.21954264784 0.566378756642 -6.17940865994 -2.27527457231 -3.55628820976 
-16.3322559872 5.73214851545 2.74449062259 10.6460220292 -7.3230271732 -6.3863368062 1.22132917446 -5.9489351561 -4.60791468628 -4.46564058981 
-9.3644469085 10.3537883306 1.78579905936 7.98949481159 -2.48313301485 -7.29063101203 -0.233848576343 -6.58108355955 -5.72827670382 -6.28064062298 
-4.91378009339 8.52512449567 2.49390008801 7.90714719052 2.44973884857 -9.18863544731 -2.704291571 -7.62292339697 -6.85323443718 -3.68997257818 
2.37616340855 10.3717028646 0.115936173363 13.2181536517 0.36905127062 -7.77369838727 -1.55313996509 -4.1005352715 -4.48452999739 -5.93043749501 
6.18769826724 10.3389962212 -2.49287779461 13.9681730226 5.14440923833 -9.71164742735 1.47568662811 -2.23082337751 -4.8513979808 0.714100508194 
3.89665849964 9.44760517451 0.63993548765 10.4492080802 11.0053597115 -10.5695545815 1.852987607 -0.22373319744 -3.93600133616 4.17525248756 
5.75184046808 5.86318526575 -1.66705792798 6.09243979041 6.93928964823 -10.0249783082 1.12841765785 2.11974155875 -1.81146251116 4.29161536153 
8.52254245404 3.73971782273 -4.02365174649 7.093504731 8.79007647676 -12.5686718783 0.799405642216 2.93281205748 -2.664780588 3.36451334923 
9.92954419525 3.03919599033 -7.22911207013 8.73501272487 8.09197759324 -12.9476061276 -0.55398849109 3.325441645 -0.855324595297 4.28611480682 
15.9282356875 4.5046115281 -12.5585258698 4.6657569842 4.51292542554 -9.90297877093 4.13614935026 3.30869239305 -1.65681179379 -2.29386434341 
18.564393927 -0.223230545689 -11.2041925018 4.02340649156 -0.443833704502 -8.03562322892 1.49242223453 -2.25248817699 0.0955680038577 0.903913028761 
21.9251014607 1.13857948381 -15.6123926487 1.42955842794 -2.46722731462 -4.37304196295 2.10762816337 -3.91362024973 2.12988913097 2.39574054555 
18.315027302 -6.07183009524 -11.3598088538 1.95738812927 -0.672949365622 -5.62089934273 -1.1814732292 -0.634396115582 -0.14633991934 0.674055272128 
20.0852947063 -3.38802147213 -17.6988274889 5.52290838292 0.956439576566 -2.43798267073 -3.50652463713 2.29998730667 -3.53479554531 -4.87603354362 
18.0333323322 -5.84121689065 -16.7386380398 3.32065512841 -2.39398097732 1.47609982602 -8.58347352484 3.50353577243 -2.71430573476 1.14888049721 
14.0963395875 -10.0820134758 -13.1352929099 2.11517300372 -3.3558561384 5.79247163126 -9.17882134003 -0.39264686771 -5.42120321208 0.0436906920371 
7.86298543697 -16.6701418676 -3.73489802937 1.8930855906 -3.66553388144 3.39034614661 -12.7353058214 0.0342092561445 -2.52771093906 1.27805527531 
3.43250622744 -24.294666005 3.90277064717 3.10786629525 -6.54381095825 1.91749310081 -9.74327033957 1.72213369436 -0.481557260004 -0.776881146616 
2.31044193174 -25.4580028274 9.74140777951 -2.02751346803 0.815707673581 -3.13200598241 -6.55003862613 4.83631455204 -4.57845497429 -1.21465211014 
4.40916666004 -16.2327647417 3.70165366601 -2.32375487513 4.86079919465 -0.845573648036 -3.91516340962 7.09788380798 -4.16227199098 -2.73194936842 
4.31430580682 -15.3733561937 5.42568103933 -0.858335962273 6.74676553922 1.63743833554 -1.14690129424 7.42924820483 -3.73740243902 -1.77404347384 
6.38894825581 -17.1876890625 8.83875335821 -0.0734235734665 4.92515490567 1.93846774641 0.447375583448 9.33375307425 -6.35723957067 -0.465664516499 
11.0035982255 -18.0597549572 13.2452257765 0.402222202768 0.45256632822 5.48888877935 1.04238260859 -2.72714583062 -6.92313586251 2.25046256619 
11.6973841394 -16.9270728609 11.0453743767 4.0095884493 -0.708827176454 6.69166901842 3.52317936128 -2.29856283756 -5.97118577981 1.67257293732 
14.8375617992 -14.0289854475 11.4242530715 6.97166008107 -4.76534873662 8.05692164642 2.08658381256 -2.51328085131 -1.15026703242 1.8050519932 
14.4795357559 -12.1634240947 9.15078305623 11.0230617606 -7.85175662609 11.8991158357 -0.789996658323 -1.25808508223 0.467735402639 2.14886842074 
22.6603650495 -5.27433004141 2.32779742307 12.8916578374 -8.49849761668 15.8588109458 1.37903759 -3.90378574826 1.14946093123 -3.85442190719 
25.2847743937 3.08475570998 -6.08957141888 11.0722220415 -8.71940527573 17.1780053603 -0.982902654177 -1.68376574818 0.745486202747 -4.56852506275 
21.4840867846 3.04080589928 -6.06271511811 12.7392672366 -8.83625356224 16.0610514728 -3.92412003503 0.906078472175 -1.05248062705 -4.6212348512 
19.2735760162 8.81640998718 -2.64448913041 8.37693265048 -7.22884475483 11.4798283096 -2.13527724424 0.0905682807389 4.83915317486 -1.93821204013 
20.5366783452 13.934355072 -0.752764833601 9.74367628043 4.49828823231 11.6956686566 -0.621767293325 0.333739618957 0.656531173767 -2.76611589261 
17.0933444342 15.1413802122 -3.73141967898 5.450728753 2.63759964973 13.7775103068 -3.57847898058 -1.21398247919 -1.31139484182 -4.8220425496 
11.306353188 14.0547584036 -3.57240162649 5.44163585892 1.3740064195 12.7742170374 -2.81881966807 1.64433226092 -1.85992705391 -5.1724280791 
-0.251477321714 9.21189583816 3.57514373229 2.5027707997 0.745837463159 8.77969490553 -6.38646381776 1.11902501459 -2.26077552854 0.332419460395 
-5.18025243718 10.4635565138 -0.382884465461 0.880958373339 0.354566919278 11.9383099772 -6.51286248508 -0.443637978625 -5.09024854856 -0.664475912863 
-12.1338506218 7.90901850875 -1.31348467396 -0.27847259844 1.89328342062 12.1084707959 -4.53023243886 0.71908151294 -3.21483610351 0.169238150148 
-14.3700034736 9.6647278597 -3.23469383812 -3.32208923446 1.975041877 7.19415916185 -4.75854187588 -1.96516672749 0.195146397396 2.38340479817 
-11.389435755 10.5467979317 -4.73485813174 0.0400413004779 4.09321759498 5.59700503115 -0.895883753855 -0.231137557922 -0.682866048294 -2.1286967593 
-15.4324513116 5.13051414249 -6.40608310018 0.0292405903631 1.32672104564 2.62544059398 3.42421455902 -0.24997349399 3.90294618234 -4.1344830216 
-19.6967216834 2.10497139347 -6.3361397679 -3.64517771964 -1.52590232792 2.96647811564 1.03035483876 -2.24007841193 6.07406385857 -4.65971498947 
-20.392252497 -3.75967334354 -5.11572988523 -1.89057990994 0.19046471157 0.947636935106 2.44290464915 2.31579798836 3.91978546314 1.43831688281 
-11.6920766662 -0.478093043809 -13.0850001215 1.75905609625 -2.02876072801 8.02263645072 9.62418965609 4.80725075093 -1.52055310977 2.07283729238 
-26.3485994347 -6.39558965985 -9.53724950039 -1.27936082245 5.64229021166 2.27552915059 5.96911689757 -0.961544641103 5.19187791847 6.33113484184 
-27.9434213349 -3.97677670041 -4.79432622399 -3.5240788001 -0.444539737611 -0.111093590783 1.87143989377 -0.638734245864 8.09230651783 9.87332204806 
-25.0333655504 -5.05864182954 -0.95481918314 0.756317638191 -2.91482213973 -2.93186693387 2.51185467465 4.37545173019 6.71142008978 8.61023543681 
-18.9102115443 -0.670823734651 -1.01190609738 2.20747423266 -4.75275574651 -2.62865484274 4.2478868915 7.06416025973 4.02197220917 4.05878224365 
-14.9361940519 0.245334399848 1.78870682898 1.60118749526 -7.51747123855 -4.05461883909 3.18092566209 7.19159090979 -0.956287211296 -0.435788372624 
-14.6179555825 4.51144832689 2.17024762135 -1.47419750851 -6.37459995542 -2.14533533102 3.42445355794 3.61655586565 -2.39719531474 -0.712160026824 
-6.96341166932 7.51337647269 1.80317432827 -0.840645949227 -10.735323901 -1.97003262136 1.72533869333 6.37912109882 -1.08810567768 -3.39872258858 
-4.87888126201 4.6930767801 -2.70650424673 0.00880782071323 -3.1465490483 -2.79992374784 -2.20077626551 1.23485473968 -2.81649677577 -1.19766469182 
-1.54218967309 7.28588816939 -8.2305357449 -2.45663199843 0.714653716718 -0.556735312888 0.284077542687 0.259485988619 -3.5793274242 -2.54795112134 
5.05741986524 8.89636672204 -9.93477920604 -3.06141475448 -0.819429336604 0.12377617298 0.176424329535 -0.655165992719 -1.34202637479 -1.62956000543 
7.3530182915 9.45732342334 -9.81014912989 -1.18313530717 5.03817147603 -3.15666971973 1.42250754147 4.54192475133 -1.18862792914 0.948849404664 
10.0873379656 6.38795664239 -8.0064653899 5.06961925666 2.12580540745 -3.56642852995 1.34531771068 4.48557692847 -1.28592663273 -0.519550520707 
14.5547968621 2.66069519018 -7.44957069235 5.72845835055 -0.484205878023 -3.9602203217 2.41559317751 7.59516079168 1.77855150812 0.725158211806 
14.0235814574 -1.35670788594 -8.269987983 6.64798728986 -3.76590332172 -5.31244953083 1.97593296762 7.31487139607 1.67001650517 1.42885817519 
15.8615126044 -2.22718053298 -11.0950803261 7.52801850681 -8.12105539382 -1.65839868421 -1.78588857308 5.22616633278 2.75425102891 1.11539631182 
12.831030715 -6.15514612991 -16.2622821099 3.78253089232 -7.40530070642 -2.35333335406 -1.86482899971 4.24691262756 3.00319905756 5.26766231788 
14.614072695 -8.53329046725 -17.7057796237 3.6203868106 -9.20450668922 -2.13693228431 -5.6882198786 5.43658296016 3.70303678877 7.52923771663 
18.5703144493 -1.61476887722 -22.3829974053 1.00264487751 -9.14139542417 3.81804891723 -3.80760770732 3.27273050486 1.71790557589 7.00797781991 
16.7962397172 -5.10290793457 -19.6661521577 1.56678728206 -0.722082176309 2.66860830204 -0.970882960714 -0.555353116111 -4.57153651805 7.58767573777 
12.8611112106 -8.46834028024 -19.909006005 -1.21451861126 1.61349247646 3.91257648074 -1.03817225107 -4.96204199997 -9.32642467741 5.64458956378 
10.0573577856 -7.59946945612 -26.1303612372 -11.0354337486 2.80819898041 10.8314722453 -1.39154358402 -6.65433112183 -16.6977241539 3.1697489544 
1.86071492364 -11.3869520675 -19.8470727361 -10.4292342033 8.58835415402 4.3582407394 -2.1101508984 -4.18095829965 -16.0674301103 7.71924044621 
-5.25081704546 -13.8105519459 -7.18776919369 -12.5975736465 5.56518675717 3.73572415283 -2.09834710228 1.92148000692 -11.958940642 9.67672669634 
2.08377689416 -9.51487363793 -4.87386594098 -12.5957211554 6.3975446103 4.30341567033 4.14220903723 5.66661503649 -8.94881768673 -6.98617315115 
2.39340649408 -9.77126568327 -2.18829554007 -12.6907692387 6.21634845791 -3.1310981648 3.84487658496 8.23876424221 -6.16738843433 -7.32198049443 
11.8205381904 -9.18113707584 -3.5214123428 -4.45722828136 6.35791872364 5.88042872338 4.82916402124 9.17758363647 -6.618927566 -12.5559803717 
13.9953982274 -9.73840098116 -2.70943580118 0.817427984392 3.38514132306 3.97743406031 5.26370222404 7.78338803376 -5.41403221848 -6.75571655892 
15.3837418358 -6.83703939851 -2.92246295143 5.29530624478 1.53871596387 3.85106930867 1.29809076047 12.2940250381 1.50708110293 -6.49436135697 
16.4136992413 -0.169635339937 -4.38084797205 9.95623692409 2.71901370197 7.65268818493 0.499063026987 10.880828768 4.24219737245 -1.5364289121 
17.49991121 0.974728097713 -4.70985641079 12.4403072685 3.22741011477 5.25615400441 1.26088660127 9.08627969128 6.42809297895 0.983947076748 
16.3192192853 1.40670256653 -5.18280724111 14.6990021393 -0.769954302733 6.26286816853 0.931389871337 13.9301901455 6.95792962705 2.14540957346 
14.4592737762 5.07220998906 -1.06073226444 9.14232601386 2.99093883105 2.21813607197 3.41745486486 8.66452177811 0.337851898713 0.362998597154 
14.745593809 4.77061651832 1.1685138768 9.33598243433 5.50188951863 0.183621715113 2.12925912563 2.89960037358 0.420891852315 -0.741288941309 
10.10648948 2.65943943636 5.66845535436 8.89713195041 6.6320833868 1.75355324161 0.328220031039 0.317638446684 -4.01743375477 0.765158407193 
10.4916031839 8.66258561949 3.86396385047 6.41145395058 10.4085195989 2.72100185447 -0.901149025818 0.186912921537 -7.3750282423 1.18027794493 
6.83380992585 3.44862728995 3.15381774388 5.72553277059 4.60853987829 0.778235938609 -6.70766725964 0.153500047446 -5.73764283587 1.10535626592 
1.68774382245 10.9106832609 0.937685814085 7.00220843184 7.01418471637 0.0706054757916 -7.8012051237 -1.88548902773 -5.57326022235 -0.63575224707 
-3.26451281483 9.02076972811 0.818423374623 5.98986131428 -2.00560524138 1.92912400866 -4.43855568829 -5.12243592575 -7.20352642406 -3.84784814522 
-8.51516158659 4.79474886628 0.266852325798 5.14686254515 -1.91285563463 -1.23983274617 -6.41784325919 -6.31508165233 -5.06790378504 -3.10020352175 
-12.7331588741 1.48900299128 2.07027472107 5.37598905882 -4.49798841712 -1.01645872041 -4.44202859989 -3.64061193654 -3.29615191605 -0.231352675393 
-17.3984926266 -0.00299549853493 1.85742821399 6.20896363364 -4.4231665828 -2.39182723015 -0.0173965925722 -6.01532704333 -0.781211575685 1.11129326776 
-16.2903988188 -1.84593516614 2.28643682591 6.37273604462 -2.08052423675 -3.97230406101 0.462111993274 -1.99176450601 -1.06680431282 -1.8827191603 
-21.319732113 -7.00387453931 0.0085354029241 6.30124127748 0.981746563924 -3.78211521024 -1.39256942301 0.0781393320838 2.75165775028 -5.16644832142 
-23.6331747679 -10.2689912753 -1.64811057628 5.56242056399 1.44829815057 -2.78632978321 0.981207641729 1.28726459877 6.49494292652 -2.92719953584 
-20.8722566127 -13.1834915841 -4.42051965551 2.06505879217 7.58604034074 -2.34564233201 5.54923786861 3.55382810137 5.43583256801 -2.07510480825 
-28.0152610851 -15.5390139003 -4.19371713635 3.79224431902 5.59106305847 0.923033818571 8.61636507608 2.67652058448 7.75621936584 -0.0283402619394 
-28.2028848754 -13.8071621517 -0.563741519057 7.49821492408 -0.422467726442 4.53126937532 12.9858708287 2.00274774325 2.34419948484 4.24756592864 
-26.1704901653 -15.7813439631 3.43161641985 11.2457646174 -0.851963331593 3.23328904892 10.7785116134 0.888432952863 -1.77246941859 2.97550122581 
-26.0680502939 -13.2393192803 5.22222581616 11.1376112877 -1.5912360333 3.02053259775 11.7079725943 2.55127123923 -4.2299361589 3.26536521968 
-22.6368895553 -8.67725628868 5.0133942701 12.5406071645 -6.23594524487 -0.947298439994 11.8722571661 -1.58475966993 -0.783712231631 0.502341866857 
-18.0457988837 -0.122242910986 6.04530437154 11.2096272291 -10.0455753503 -5.79865304884 9.63897030955 -1.97025433563 -1.32605159156 -0.731154392696 
-15.0978550975 1.62193870066 6.46895711057 9.96154825189 -10.1636582305 -6.44753068875 9.20789220273 -3.90224200405 -0.602900222102 0.912327463038 
-10.5677709464 6.41496542678 6.38514262794 7.66564203561 -11.7943901738 -9.59199800496 8.11579115688 -7.73717269533 -1.65655437918 -2.05479144099 
-7.00686783382 7.12588515418 6.32336509384 8.04069950784 -13.511833792 -11.790397442 3.52186928553 -6.54891051811 -4.52965419579 -3.78184805483 
-5.8003568184 8.26269562029 2.8478161078 9.12741078935 -2.44356462352 -11.7196497473 0.928471395432 -1.6999273059 -7.65199865072 -2.95082372743 
4.08835161523 12.6681910736 0.47859875094 6.48133793143 -6.81476238802 -6.66220277203 4.89678204048 -7.15757425676 -10.6409020239 -3.90540112193 
7.811431368 9.45499522766 -2.02172659404 6.38822114692 -0.980755807689 -6.46446638795 3.30810666042 -7.05658449593 -11.2706684734 -1.18349653206 
10.4899531093 9.1010722941 -2.75065281687 5.1331656482 1.16254022962 -5.19199756457 5.07961434599 -4.5095422017 -9.38054775801 -2.55705416229 
13.0873267708 8.32669083592 -5.5449592037 3.23870464379 1.24148231046 -4.72441619593 7.61398214753 -0.947995042989 -4.09619217837 -4.76493394056 
16.0500392446 7.73926825687 -3.83598448393 2.21168020632 -2.06816965931 -5.55933805478 4.81428935797 1.62320598732 -1.33183330534 -0.417722250414 
13.8808965045 1.32432325124 -6.09708784893 6.72858057598 -2.5260619707 -8.34547815924 -0.872853190425 3.57712682796 3.82507427283 4.24006184371 
15.9541290436 6.9578967954 -12.1337972852 -1.22376170198 2.18752930528 -4.3086178472 -0.481595690445 4.93518263287 4.89285598351 4.39945380877 
17.4250888098 5.32661639416 -15.1431180829 0.0900281366606 2.14726057972 -5.51680697253 -0.195708072834 5.44341883846 4.21682729754 3.18143128744 
21.6691299042 1.81177727804 -17.4084352951 2.59396106161 -5.14993937477 -1.53110498621 -1.44933896117 6.14398916313 5.22606120765 4.32195093884 
21.1528091687 -3.68646790327 -14.6788349347 2.80797488814 -13.2578308001 -0.329195287545 -4.85149329546 2.51103560067 4.19468524974 6.18880188965 
16.5072994231 -8.64866293183 -9.68862557728 -0.838215221525 -8.03800791809 0.95745120421 -5.1225931553 0.792263392849 -0.0372592956899 3.62983935169 
13.5983347306 -14.4432372683 -7.14964872938 -0.287664423789 -10.4204018482 -0.798306324115 -4.32554208886 2.50364724857 -1.61719657523 2.6597154424 
9.74303844978 -17.6608930213 -6.95676094379 -0.58956204816 -12.2771618034 -0.71547536643 -4.18446323469 1.83666238441 -5.74429770086 0.311431950549 
4.77109901664 -21.4875858664 -3.85069960102 0.0562037148436 -7.86609374041 0.672198289478 -1.9066879828 -0.369992651085 -10.949346877 -1.68461744686 
-1.1489482727 -24.9461904881 -0.50175639653 -0.484424656869 -3.15037423673 -0.207000234208 1.76266899055 -1.09527235386 -11.302540245 -5.80228637801 
2.00669594067 -23.2871803652 -0.359991294295 -2.73701374809 1.15350016939 -1.67535912799 3.48496346549 4.94774866547 -12.2635778859 -8.67901137542 
2.64146097253 -16.3206290708 2.81452480817 -9.61575989835 -2.33702592259 1.73914261439 4.53894844655 -3.0004133014 -7.57823687259 -6.04606767459 
8.73893299536 -11.546870624 -1.76795792148 -3.91216127644 -1.35191206476 2.90877373122 5.21989001585 -1.79352890191 -6.80365815167 -6.48481895831 
16.2370011188 -2.44455912933 -4.10693378867 -0.0914175090353 -2.25556604316 4.88118359744 7.31839634543 -3.16854322815 -3.74072535345 -6.20099536678 
20.5817764038 3.70289275656 -5.97385141173 0.454213172134 -8.42395161833 11.5756370787 6.00018475672 -5.43886369475 0.575514886873 -5.92236755633 
18.7907062234 1.45235905766 -4.42777620818 -2.44764017128 -15.3205822827 9.69934063053 4.65498750943 -5.43254167669 4.39495603486 -5.25849963715 
26.3950934065 13.176873949 -10.6107376378 0.199020698745 -12.8734827247 14.1233791253 0.562449672626 -4.49071677846 8.65657801715 -6.34487211744 
18.0081748934 8.56908948166 -0.125183962969 -5.57323974077 -5.52019670946 5.52004305269 2.2696978681 -1.60350675827 8.77761284768 -0.168089728166 
19.6524194642 11.0055792268 0.470242409739 -3.76420482019 -6.42903199776 9.49264903094 1.72674998853 1.05973804434 8.53169017107 -1.72298367085 
14.961211983 10.5714719884 5.12318070104 -3.00903967461 -3.10524027971 11.5200660482 2.93787135583 1.1936622545 5.05334993862 1.98608375225 
11.3764799813 6.54671176786 8.21482587817 -2.90792954456 2.73946536489 6.86594472687 -0.155337140863 -0.371264991823 3.7947850509 2.20348023006 
8.50088028196 5.58691362667 8.70137362731 -0.609333039237 2.82653443314 4.88497139338 -2.59269954919 1.12486954529 5.09561281955 -0.478472572264 
7.10765718623 11.0961361384 7.2370329522 1.61480320608 4.29780222689 6.75356500326 -4.06965286515 4.44681016513 3.90744331215 -6.09264815144 
5.48431467014 15.1145770452 9.81286488049 -1.63870546941 4.99959340849 5.23747280706 -0.895442992986 6.46587425 3.2725153639 -5.04473524262 
0.525116724839 16.3133553857 7.13889921997 0.071271773214 4.24920410994 5.63502067788 -3.33332231768 7.54161963077 -0.818413238452 -7.6587430717 
-7.5228871214 18.9661834315 3.09279384828 -6.24909827939 7.80709135732 3.74513076789 -4.21540276095 4.7288004823 -0.366502344267 -3.31870074078 
-12.0094121662 20.5887086816 -2.46304369575 -13.7184310541 6.967336044 3.11961213266 -4.45962368892 2.06524974497 5.23059780275 -3.31833119314 
-16.210862066 13.9247332864 -1.40188465512 -9.7931718909 0.254799336576 1.90696500402 -5.63382165295 0.640931007947 0.267642417 -4.49989707072 
-21.3310701787 9.30049183548 -2.36438800004 -10.8892828777 2.01604956046 1.44217055439 -5.32537532138 -5.80489534337 -4.19248610011 -7.15689589502 
-24.0564823434 -2.96387677748 -0.835934328234 -5.68478403971 -3.17475031122 -2.23485279376 -5.86207625428 -7.06544597342 -2.62535968251 -3.07448948666 
