20.6644882909 -15.8653687968 11.8518833914 -12.5822263407 3.86847161902 -11.403259034 -5.62537449609 4.06991958125 -0.953957744208 -4.64216936079 
22.5153638551 -14.2490133148 10.1934844626 -10.8739682847 3.87609390442 -12.6254448717 -5.09910442459 3.61546524065 -1.3255902474 -7.18934436608 
26.9772722999 -14.1127127127 4.72633935182 -0.849182779444 3.21659490165 -14.9296678674 0.0580812555619 1.29108528202 -0.590397631298 -8.61060274422 
28.5946893281 -10.7955863702 -0.54829272257 0.353713880487 -2.60014717403 -16.7259633831 1.7035653569 1.24089502011 -1.69796193462 -6.84024733143 
32.1993531813 -10.3126521253 -2.94628068699 2.85398437181 -7.20660024679 -17.7420388554 6.29701335638 0.820223816694 0.335292667052 -5.36013449543 
35.0966010842 -4.38732730041 -10.756673235 1.62608527873 -12.9163503885 -14.9461806116 1.5333366328 5.65013890573 -0.788876491345 -3.69290321408 
31.700293624 -3.08499013633 -16.5850836054 2.79307562937 -9.43676822964 -12.1209765412 -4.13837798026 9.77245916336 0.0680084274888 -0.90383548454 
31.4722505009 5.73499855806 -19.4569234775 1.46008071242 -4.62335233283 -8.92032288992 -9.51477555456 11.076646736 -0.556672734599 2.30436449596 
27.58153021 9.40827826835 -19.3728536528 -1.79453566479 -4.71154818606 -11.6411709221 -4.7941334435 8.12906942391 -0.957721257969 2.30551188319 
20.9797237518 24.0057865727 -12.1224613775 -13.6149710872 -4.45150997089 -12.072851264 -3.22420762095 5.14115976248 2.19242376215 5.13538761797 
13.8277052315 30.054165621 -2.15023752504 -23.969150905 0.790613705182 -8.81031986792 -5.31506477475 -2.66919508643 11.867695946 2.70029184788 
-2.08924421923 29.9805436131 2.36086569998 -14.840014097 2.76911761843 -6.81655680288 -4.3928533748 -3.78525664308 14.5720996363 1.40995852059 
-12.9786492679 23.017960677 8.50808990838 -7.17484292514 0.183391262513 -6.55646492145 -2.72005230102 1.55600321456 10.8997289181 -0.945626939319 
-19.7094494159 16.7011340795 9.08740648039 4.20789179547 -1.41013658621 -11.3177779572 -1.49430126263 5.3951592381 5.03190846196 0.211371208944 
-24.0920051493 8.7307090125 11.6810246503 7.15045386307 1.38607170971 -12.415492219 -4.48867459039 6.14962193912 4.10730154361 -3.00725390845 
-30.517281178 3.45257751934 7.58346577269 7.63384354336 -0.611035602627 -11.2206701791 -7.69535016564 7.00568540155 1.31910764667 0.750664155459 
-34.5509550655 -0.438381847366 2.55088843306 6.97575994492 -2.20708415657 -11.2168817874 -7.53915589756 1.75669316282 -0.500132941147 0.511395065001 
-38.602513767 -7.93920500936 0.693756140338 1.81306409336 -3.77582793122 -13.3765963596 -8.47511430248 -4.03470844783 -2.53288646574 4.24681000839 
-43.2662995549 -13.6890970235 -4.50768916925 -2.2388475406 -0.766105225112 -12.338217614 -6.56038538053 -6.32637378725 -2.99273380265 3.26863878609 
-45.7773500019 -16.7849421689 -6.95187908946 -4.33233776962 3.24964593428 -12.4018616364 -3.58885185422 -3.08722816974 -0.0931929070634 2.08821972139 
-46.5575163113 -19.5274877078 -10.2989714639 -8.15676365392 9.50179921745 -12.4498813883 0.933600427937 4.05413338072 3.14998969188 1.94929358077 
-46.6444616858 -20.8375209035 -11.7539122186 -12.143010709 14.0958521219 -9.68748368466 7.04728933224 10.9098009683 2.77304868278 2.26111121224 
-48.4990349698 -22.2381020342 -16.5879364624 -11.9029548365 15.716190707 -6.27050413929 7.94078413116 11.6213619759 7.95242718748 -3.30053802191 
-49.8969742961 -19.9146822246 -14.3503436927 -8.90935222995 8.63703690863 -8.68484545486 4.1354299998 4.86243465925 7.32820231597 -2.11291379927 
-48.7715571638 -18.2834436252 -14.2222217301 -7.95629294252 5.11701020043 -9.77487921338 1.99074496746 0.0572675216451 5.6302761706 -0.653748879036 
-47.8688413866 -16.0196539981 -11.7830977954 -4.30088912507 2.75896574329 -10.34526864 -1.25181064469 -4.16821768903 6.08443413113 -0.844249494861 
-44.5825413859 -11.2169429417 -5.06781184922 0.932706576409 0.525689562651 -8.54948186034 -3.81261778781 -4.77345142183 4.05198050074 0.332398929132 
-43.8140161439 -7.831380554 -0.497376485221 3.36653035497 -0.0797960391456 -8.52947210158 -4.04582031549 -5.45002855823 3.32343124238 0.726802062887 
-37.363709824 0.0689361433729 5.99171505545 9.46009823296 -1.12257957542 -8.63783419072 -5.01862615395 -4.72854227146 0.339164255161 0.333442258116 
-30.3494746395 9.52622024139 11.638115285 16.9091995777 5.47420830396 -8.05173975148 -1.78691797554 5.93758509553 0.365491187999 -3.71305514493 
-23.2748768235 13.3526307197 11.9953243134 17.1648711662 7.10549539376 -5.51631024642 1.22763455713 6.32894543703 -0.998135509325 -6.70343306069 
-16.0283039449 20.6338507326 12.0456271359 12.9481825601 5.33858095432 -5.82897605958 5.98977685067 3.95169656161 2.4380906459 -2.64183335324 
-9.71783297053 22.5499635944 8.30467368587 4.02992247063 6.63448759134 -9.58270037241 10.5860508479 1.51713407168 4.50936153601 -1.45031500483 
-6.32164948216 24.6322239925 7.25940039432 -4.82206389073 5.00321298086 -12.3881454247 14.932715859 0.325856107358 0.499992676543 16.0727325534 
3.19093572061 26.2106042154 3.40687944677 -5.92321754534 5.4273857796 -12.4581577295 11.1454768734 -4.34116045957 -4.08989136317 9.27433045299 
16.8573188082 27.4728544823 -4.75973562496 -12.7113634491 7.69237173222 -10.6011095823 3.88218830543 -9.51613007145 -4.04724226499 -7.77270711284 
24.0489210947 22.5537212967 -11.2313015281 -4.51331836486 12.0238917784 -6.87600530396 0.946413566173 -8.778785298 -5.37313304255 -5.93082629806 
27.0897212989 16.4885218774 -10.8429750933 0.120522461507 18.2446944816 -4.96305409935 -6.7416918071 -2.35073989988 -7.00981206343 -5.07037518341 
24.7622660616 8.3296393307 -9.09592692881 7.02688845319 18.6318942638 -3.54281160157 -9.70021564537 2.84350582175 -5.74287885033 0.555849142456 
27.2321559117 1.17528259117 -8.76687153663 7.9564258805 10.842047178 -6.79266060284 -7.88840293158 5.32961966479 -3.08703042333 3.21219604076 
30.3493918336 -1.31182185447 -5.84972100051 10.2029549242 10.6533604981 -8.1641199231 -3.76299629327 7.26795815928 -1.12229337005 4.65258667294 
26.8184249791 -5.69990579504 1.30901592399 9.97422744067 8.84527979141 -12.5485325566 0.0392241786659 4.67870129526 -2.84917997715 3.28245253804 
28.1451357346 -8.30096738104 2.47835656413 9.47685938174 6.7012910474 -15.2782344635 5.60759674787 1.27822990943 -1.93221571978 -0.331190055435 
26.6540984563 -13.7832112708 9.97117584542 5.22622322213 9.988492045 -14.7251791573 4.62993848008 -1.25403526552 -0.179706397192 -6.34501372083 
13.7857285022 -15.3326002834 16.5783026114 -5.06392198044 9.33437216973 -12.959607982 0.106455448022 0.640528016263 -2.91588988974 -1.84017230728 
16.2724391522 -19.085203644 18.0493264792 -6.36055141438 11.8718292958 -10.3348837642 -3.90911234855 1.84052662781 -1.57804999752 -3.9098962256 
12.0620430929 -19.1097038424 21.0841892647 -13.0455021752 10.3209231112 -7.68412041715 -6.44959351321 4.54831997234 -3.78016815085 1.65991977106 
17.8689487019 -19.775827931 20.5303878854 -11.7127106963 7.1741993355 -8.5177898653 -4.62131942583 1.49252533196 -2.84322126643 1.26806253998 
20.8023935703 -17.6241356024 20.2386337176 -9.24773842666 7.2181609327 -7.31984829338 -2.1447329191 0.739868765414 -3.6681700571 1.56489253131 
23.9503337178 -14.9703358038 14.5347071518 -7.57225569056 1.67682991987 -6.83902696363 0.814429287451 1.71786633862 -4.02895572667 -0.481119335852 
29.0474641654 -15.8692076432 6.12108737229 -1.38984268894 -3.96507750924 -6.87739456213 5.04666298305 0.246132301278 -1.97378765179 -6.17555592342 
34.8427274619 -14.8149399157 -4.46952004705 8.69113512027 -6.28174158789 -7.45625999159 9.20584851191 -1.87658019214 3.35926690123 -6.06159060218 
35.8549720579 -15.3586314857 -7.34861355974 8.88485845893 -10.814040226 -8.05928627064 9.31851635677 -0.667292442249 4.37915290245 -5.79631988115 
42.4511584828 -13.3293283678 -12.1986198289 11.5536970097 -11.2255638991 -8.94793091839 7.25134670709 0.403954341946 4.78446026046 -5.13578313882 
41.1430711786 -6.68321319381 -19.0838248496 13.6736876346 -11.4574658774 -7.0165525222 1.67168759405 6.52485796163 4.83641571416 0.965612169985 
34.6717247327 3.28936548478 -23.2884160866 4.34064901633 -14.8092926955 -7.09432911707 -1.68234931372 8.38846448944 4.01094653552 -0.636148082051 
29.8480949881 12.6810999868 -21.2970381748 -4.15240319005 -11.1825425798 -4.94576743055 -4.33082345843 5.81811900553 1.41844503379 -0.336257718858 
20.1514299365 20.0500274844 -13.3253171445 -11.8537748235 -11.2128313684 -4.87996480472 -3.21718454453 2.57436748624 2.49565859793 1.07332955458 
9.4802787434 27.3296250129 -2.79516920647 -17.2667857982 -5.99977374793 -2.85560535854 -1.6027475785 0.0282711138544 6.14913676893 3.25276981813 
0.82080327372 26.8472039426 10.3768058636 -22.9824681984 -2.5672154388 0.564922870822 -3.71501180385 -1.35022423916 8.64538317895 -0.627989470747 
-9.83952669626 29.4390567471 12.9403899849 -7.04542307998 -0.587002305213 1.2900928877 -3.03258331579 3.20188798816 8.42279633146 -1.52835029876 
-22.0976243845 16.6370372556 15.7824846608 3.98835371875 -2.75882250424 -0.520514476942 -1.20554219182 7.37996721088 1.82503328021 2.74554766875 
-27.8121447026 11.3650859742 15.7859388872 10.6849167497 -3.32466453303 0.390039052237 -2.00610390301 10.075345549 -3.48520601198 0.53125275027 
-25.9297314654 9.60463693586 14.463824317 11.6403145395 -4.31097242837 3.5930286763 -8.03326332444 5.88445400195 -3.92315559805 0.170637887844 
-29.5482271486 3.46421514549 8.19025316185 12.3507786031 -5.34656153151 2.70496619523 -7.22608528811 -0.551832954047 -4.60609618092 0.0587851044304 
-36.3850381572 -3.39990223134 3.77058415133 7.21820002978 -5.52870179299 0.587684647135 -7.43225620583 -4.86752491873 -5.54356774591 1.0516901933 
-41.9481568176 -11.9505454882 -2.13873367562 -0.440008761337 -2.55067562308 -2.00880254226 -5.35649611949 -6.16793566281 -4.59181896595 2.52746284611 
-45.4480294814 -16.2092095356 -6.07117994617 -4.12085360983 1.37753335423 -3.25393290646 -2.34014144405 -1.96273550302 -5.01122795569 2.54487972471 
-47.4755903425 -16.7337199775 -7.95881994922 -7.2344895798 6.52631642537 -4.85773054671 1.68435639459 4.75918123316 -2.28993446063 2.68071277831 
-48.1874752213 -19.9939776643 -13.6986425538 -10.8763258983 13.5748613364 1.49166572873 7.36783971163 8.69292572779 2.94648259369 -2.11588380716 
-48.7077951639 -19.7055657331 -15.2998997566 -9.65089918437 9.13528715521 2.41163028474 7.09385274756 8.44292271022 2.72707994886 -3.73743223102 
-46.3954933156 -16.1489562666 -11.1878568364 -7.13936328408 2.24480178788 -0.112696162959 3.90857453381 3.47703828569 -0.938598112368 -1.33358873996 
-47.3336575271 -15.2462707548 -11.4970565474 -4.92714688241 -1.35923458089 -2.24633552523 -0.469502755327 -6.76654269953 1.16504882767 3.38607163446 
-45.9848700508 -12.733772567 -8.36888681801 -1.20188553427 -1.75446956838 -5.87806011173 -2.48062942148 -9.22866070172 1.35166652972 4.77480159642 
-43.3325851749 -7.83582470375 -1.0494703372 2.59999196025 -1.83750551499 -8.99500482991 -5.01947270191 -10.82632615 1.54028954231 7.72502278089 
-42.0865206185 -4.56281624666 3.38861615259 3.07208093897 -3.10731589584 -7.35194161259 -6.03961513387 -7.9064982293 -0.726275395085 6.92967500998 
-33.5503738267 4.62546950197 9.50777790791 10.200150211 -1.37934946275 -4.12861224954 -3.75290958489 -3.71149022648 -3.29225041501 3.77814079445 
-26.7214616089 12.1467695436 8.67922311664 19.2475224914 -1.25682019977 -1.41100247689 -0.320805510986 1.13662051209 -2.58220256287 0.672531435131 
-18.2305755892 19.8796641846 12.1667552751 17.1386166855 1.11124017266 0.854755125539 3.22688327103 7.16639473603 -2.56420315175 1.2181075017 
-12.862122446 27.4003594473 14.2219958913 8.83244036218 2.77417029281 2.58094481554 4.10810570903 8.55658429176 -0.00266705055825 4.66543457654 
-7.74340101421 28.626558168 10.8623891053 3.2285329421 3.94162456837 -1.12144280515 17.0652052356 3.68599000913 0.179330997696 11.559852239 
-2.10573985055 29.6562264858 5.15516386268 -0.969461454326 0.148887446326 -4.49500052978 15.6737434046 -0.29329977091 1.85628120384 9.53274677914 
4.31244913803 27.7347966593 -2.61673741384 -3.81800957144 1.15648919599 -7.00106366317 11.3042290534 -2.31278003502 -4.80094290201 4.1692029869 
17.2909851626 26.6545537106 -11.6691487634 -6.35979669663 3.3698585629 -6.64026455068 9.22631405309 -8.8727203963 -7.1464664268 -7.48529321416 
25.4777352958 21.6469432367 -19.7663466911 1.41192785406 7.15697315935 -2.28128720173 1.64782393759 -8.94897165579 -8.20246222737 -9.60822334681 
25.105472735 14.8391449768 -16.3068693662 4.36017882166 11.5021288407 0.610836919473 -4.03463855121 -2.49726020138 -8.12585433989 -6.36061749215 
35.5834245049 7.33786182868 -18.5821113754 9.42505155596 9.91321549345 1.58826633169 -5.10577372682 -1.8242200022 1.1173492392 -4.28433404764 
37.9428377787 0.523280182465 -18.9996430138 10.7890939377 3.03586589958 -2.47611649662 -3.06032317205 -0.779719593456 4.67263887897 -3.42853442259 
36.2922309002 -5.33866827514 -9.30935059949 16.1557770061 9.07084338375 -2.30459536622 0.942703266134 -1.66906772533 6.98982707215 -2.25603720594 
34.4638320973 -10.4735963387 -2.27336743604 13.0254463442 10.3471839078 -0.733726169562 -1.78930888964 -1.79793218317 7.05234605038 -0.102985377486 
35.7419495033 -13.9225153988 4.56779023622 6.67923690495 8.59978518569 -1.92600753677 -0.561711458924 -1.98595512207 2.8312948457 -3.36773358217 
28.4725655733 -16.8135089223 11.0131132348 5.91230739573 10.2062178331 -0.932091117158 2.45570448997 -2.46146206093 1.44281548814 -4.95272098425 
23.4650536387 -17.0283030092 13.9795266554 0.466908711077 9.37532802904 -0.270800397783 2.61663734869 -3.03949001337 -4.51850685706 -2.12822062118 
23.935583128 -15.2623557837 13.1680621241 -6.35895375045 4.42181051512 0.105012782681 0.802745786232 -0.29559609975 -8.50031412299 -1.62133571765 
10.9188841108 -13.765805471 20.1722714178 -21.2049848018 -2.35008295199 -1.83103798226 -3.50007145914 5.74706223375 -11.9798179968 0.929965895806 
12.1947842787 -15.5344236307 21.4087294737 -19.0257517381 -4.15606732874 -1.08892119563 -3.67322303522 3.40413567061 -9.48222471219 -1.5397154036 
23.3407070974 -17.4024486039 16.7965298592 -12.0942360776 -3.42699204548 0.156660344057 1.73450029272 -0.552868885771 -7.00224077704 -0.971353421568 
31.6153585763 -18.7045813208 10.7486758815 -6.35643669891 -4.4500126577 -3.31678147415 7.4464764623 -2.002870163 -2.37744351487 -2.41620731395 
29.5549884875 -16.8465816851 6.92994330586 -5.44736122774 -6.96841527076 -7.42016076066 6.10172955688 -0.110771816783 -3.75734257206 -3.69177021846 
30.5175110346 -16.609885614 3.64085064184 0.666094750337 -7.75495422812 -5.67537393089 8.4638341206 1.60011822172 -3.60772427574 -3.80736826294 
28.1616157249 -15.0610307877 1.3837470679 -1.40829704452 -11.4721251117 -6.36129498182 7.99539869878 1.08270359381 -4.23990572262 -1.80838449581 
27.5057055169 -15.0349922303 -0.899830667679 -3.51341962447 -13.3910586053 -5.09276442395 2.64547856382 4.6281307483 -3.78364362343 -0.727951937536 
33.1777871172 -9.17073528703 -8.9089831558 2.67141490543 -9.28168767009 -3.62514641056 -2.65637750092 7.5999851721 -2.20414090283 1.30981024726 
34.1757402974 -2.60919767992 -17.185249107 1.82928806089 -11.0948737035 -4.1497839017 -3.12923797274 9.09040007506 0.0880141862827 -0.893462304535 
26.9667251569 10.364130286 -18.6848377397 -7.36229116453 -10.9705617098 -5.51644500449 -7.36918600028 8.37108975718 -0.81636892873 4.2411492278 
22.5894689781 17.4077776323 -9.92066192836 -14.7600713651 -7.89658544901 -3.50203120791 -6.8223536243 5.0228630403 -2.91957566948 1.11276592472 
9.79596192827 29.1121305636 3.10152743806 -23.3473030117 -0.108527697569 -3.3331268785 -10.7298599106 4.4302607274 6.93487923072 -4.79358377779 
6.30973600131 31.0653484062 7.38282792442 -17.1818625138 3.88063619645 -0.873092650845 -8.24052654694 3.27072890883 6.97617343588 -11.1042150874 
-6.17556380456 26.0781315972 13.055202476 -7.59804643035 7.79559807734 -1.19919906349 -10.3859984956 7.98033474266 1.53721242361 -7.50865399345 
-19.9241683986 14.2325018875 13.6944194511 -0.0860562267062 5.24927399187 -1.97724801474 -7.69836354893 10.3163558434 -1.84960982907 -2.56928575292 
-27.2875630799 6.49466082478 12.9258999939 8.05603969254 3.76702303782 -4.97878882081 -6.11905459894 8.78741513108 -5.99941313305 -0.0860718636011 
-33.0436946842 2.0048812796 8.46821553977 6.85079477614 -0.945137937877 -2.66806504333 -8.60098756964 4.72132377483 -4.98903083049 0.266260738322 
-37.6100246427 -1.52533693181 2.79097845101 7.26503172424 -3.35453545144 -5.91552234356 -9.54244160711 -2.00576814845 -7.7912718303 0.892664125964 
-41.211027789 -8.36729663732 0.587981313482 2.52712964119 -3.39136602833 -6.04339873284 -10.4137240539 -5.15517055857 -8.19336790323 2.01361130607 
-44.9415885575 -14.4279488673 -5.53771121359 -2.50926407377 -1.33897880159 -5.77294804645 -5.18176479711 -5.32298467378 -4.96416916068 2.18056302497 
-48.8625919192 -17.5331186449 -11.6091302699 -6.64977996728 4.29903031395 -5.05368875764 -0.281768818786 -0.0987570405552 0.0370830325927 1.27380516141 
-47.3853711641 -17.9105263419 -12.190572222 -8.51436303802 9.17341806312 -0.0493281971962 4.70321221679 5.98923880173 1.24332707819 -0.618369628156 
-47.4811713361 -18.9219294943 -15.1456020384 -10.2020343567 12.8566375164 2.15459110514 8.25910686331 10.4249030715 4.03054379006 -3.36471528349 
-47.8552606897 -18.180618322 -13.6644332059 -8.65259439151 5.93269883589 -0.897710208962 5.17778047889 5.39584507933 4.14543319569 -1.58676514144 
-47.4017700735 -17.3556901591 -13.3422079588 -8.17569119999 2.96451305559 -3.01854285082 3.69520157948 2.90275744046 3.96112199217 0.177462852573 
-46.2371867934 -14.1901665249 -8.20319495159 -4.20249366807 -0.073906542217 -5.18023071644 -0.994466547668 -3.91903897253 2.22991863755 3.6817079003 
-45.4360285296 -10.7541224097 -2.83492475791 0.998721929858 -2.49982711708 -9.34922562686 -5.84317414916 -10.9216773422 5.29687727081 6.51460900629 
-42.8068123229 -6.10081095155 0.158971418996 3.04501054915 -3.94057379628 -6.97738415159 -6.20503980017 -9.1103649012 2.82209241496 4.09193091398 
-38.15376963 1.40078638383 5.6706287693 9.5146428269 -4.40009341682 -5.11854518904 -6.66531468763 -7.68380580168 -0.405834827254 3.22244449643 
-33.3761697798 7.01449873653 10.4285368017 10.2931672858 -1.49922382626 -1.29920655832 -3.87737638213 0.922090324014 -5.50986255457 -0.167067099507 
-24.9445144647 14.441570699 12.7651161223 15.8739794951 1.92224717726 0.848182996633 3.09331143654 5.74549766247 -3.26745116329 -1.13540860688 
-16.4503479328 20.5639106273 13.9644108275 11.5781922927 1.69553408035 1.76723220946 4.50054224194 6.56382226323 -2.75000151534 -0.23649947123 
-10.8188704675 23.4170170769 11.5521423434 7.8856730188 3.73951525162 0.0999355838973 12.215445081 0.559069102861 -1.2389002974 6.61190340785 
-7.96105107605 21.7072953285 7.6968575006 3.62020464839 2.90456808511 -0.604718540722 15.9487652195 0.422136468408 -2.30650216028 15.1172294559 
2.66480558279 26.5731503422 2.73254727406 -1.6411553362 3.9777910735 -2.75522001003 13.7798357672 -3.83784791537 -4.10256078232 9.72563308629 
14.3108977898 31.1140591231 -3.86416792578 -12.0781827103 6.01313318335 0.484952960477 10.2138453524 -11.0219073156 -8.45842555645 -4.20392589674 
26.4444483455 26.5671640282 -15.6989402294 -2.8361735537 5.569813693 2.16620350619 6.5498268076 -10.4789685585 -9.08164519501 -7.50629445315 
26.4847509513 18.873975624 -18.7859440307 7.42092664699 9.29899037272 6.35945725431 0.0693293443381 -7.52014707848 -10.3666116956 -5.80669699863 
33.7210850676 11.4619912863 -17.5169820104 11.2781913208 12.3569028386 9.03975764454 -5.16417008099 -3.0493759678 -7.0570501528 -3.82491175655 
33.7202469034 2.05261602441 -13.996902723 18.1233010614 13.3611003172 12.2140335674 -7.31821857501 -0.150649566807 1.74470051085 3.27769641986 
39.4062132345 -2.68421265159 -10.3474430872 17.6830605919 10.8688849318 8.5049488955 -6.11493487536 -0.354505000871 6.65666856645 3.11627196646 
37.4849500641 -6.90242276751 -2.00166962395 18.7129809393 13.5109504499 4.26663519267 -3.34159108614 0.400930290227 6.54085751189 2.21515234808 
37.1525211765 -12.8888201017 4.44671334361 10.6706958444 10.2236425564 3.84711300293 -1.28916542459 -1.57850298544 5.74338090847 -0.241398289836 
32.4937039706 -17.1943240703 10.2998416516 6.47019566716 11.0615941117 1.62399766652 3.3693614502 -5.40551551467 5.20210833693 -2.74692411127 
27.897586969 -17.391704329 12.9967385463 3.3765637643 8.93184437413 0.34883664386 1.54612723967 -2.67026023366 0.650695274044 -1.63078865837 
19.7134264684 -20.4848576597 17.5110191096 -6.25068468408 6.35093873671 1.53262595316 -2.27310406193 -1.56163335035 -0.571795575117 -1.35070224119 
12.1403720369 -20.8535833264 20.4301483986 -15.3090878832 3.90084744036 2.01970421249 -6.67773031839 1.84388225449 -5.05315977618 1.35669047887 
16.229073304 -19.7957548784 18.7619858602 -16.1201531562 -0.219239783545 1.37146763297 -7.36550115212 4.08382903712 -6.63546105337 0.0703962011658 
20.5562673978 -20.4343144417 19.2869177982 -13.4008808874 -0.538732708297 3.59806539577 -5.87955251565 1.40765941655 -4.48198113868 0.302891162613 
28.5844598207 -21.8440978438 16.0454393578 -5.44070805776 -2.79117307967 3.1277814199 0.63192783217 -2.99499366365 -2.30631611314 -2.57934115105 
32.3402860876 -19.5349535252 10.9654887869 -1.11139995019 -5.61503527958 1.70831825183 5.73227777099 -4.36884248298 -1.29874411175 -4.57805739883 
35.1169046472 -15.2926905861 7.28430513771 2.44302149324 -5.46176454097 -0.110183638331 6.45208481092 -3.28263423932 -2.53716588084 -4.76398611989 
36.7739051726 -12.0086114779 0.511183579453 6.80888001344 -6.32769465176 -0.953051156591 9.3073257133 -4.40242785333 -0.955736022999 -3.62009554339 
43.6638524335 -10.8601467095 -6.40841614594 13.8496918716 -7.01004786923 -4.33038461959 11.0191734841 -4.24522866455 1.2151821176 -7.87108022839 
38.1340972911 -4.53731977845 -11.741934584 6.42297693731 -9.44838562508 -5.09524319735 0.565996717622 3.14028917054 -0.202180031539 -2.53365358781 
33.5606915608 0.132111402679 -12.1323877753 6.46180630571 -7.47448583527 -3.93689948164 -3.00132905474 8.28270484654 -0.5585812655 2.27542980496 
28.6430919256 4.18642475479 -12.4393341674 -0.984443398313 -7.01341889577 -2.96839361584 -6.96194988293 6.28457956578 -4.86954834507 2.10067213394 
26.3986459694 14.9355008091 -13.3592387039 -4.20891530398 -4.57734541187 -0.479568665268 -7.24928856352 5.76025340534 -4.50662138878 2.30850230584 
18.5424621715 23.440513569 -5.46940335073 -14.5300886999 -3.93777687722 1.86911046503 -6.70225116346 0.761605891188 -2.58135718971 2.99456311961 
11.183345831 28.5919380495 2.22323364141 -20.509945583 -2.14254897663 5.65463051311 -6.4811262783 -3.34959054118 3.269231949 1.52882156315 
3.01863251853 35.0740201963 9.5277277076 -22.8171583928 -3.15443954388 7.62657920471 -7.82497108498 -4.5515659654 14.9380382452 -7.2409293445 
-10.7045623006 26.8794057406 11.4488986792 -9.11552580717 -2.43214627553 7.97845537084 -3.74143110218 3.89771873889 9.23231082409 -4.56214280498 
-23.8263084804 15.9239606647 14.1476866009 4.91843301217 -4.08790328243 6.43777001415 -2.29404889092 12.5637442731 4.01122623305 -2.57676527916 
-28.0832932038 9.48712833465 14.3402117382 7.51035509204 -4.01384496347 6.0789954191 0.659409805069 13.991912995 -4.57371317179 -4.78506362416 
-29.9011615889 6.79453362084 10.3599109684 6.14497754542 -7.08864346994 6.17514768643 -2.0695929965 7.58748464547 -9.37891375232 -4.24581094429 
-32.6794908855 1.3878911463 5.24627635797 8.55863822769 -7.88520736447 5.08175616571 -3.13047133883 -3.27269255449 -9.59306606352 -1.20895651104 
-38.2670701561 -6.1446625705 1.85214741574 2.59602809212 -9.09790514194 2.90501736118 -4.77829174061 -7.41915689903 -9.31558058264 3.17991463733 
-43.3677743271 -13.2696966736 -5.87813555444 -2.71382133077 -5.48035827256 4.29212918738 -2.40763822441 -7.69461001966 -7.26606534862 1.61691319551 
-46.0419548237 -15.1753092656 -9.05087838951 -6.20306509694 -0.0898408502944 7.63805891229 5.20130694191 2.00872523544 -3.33082780755 -1.61368855718 
-46.0433543295 -17.0708734194 -12.5536070305 -6.95346217027 5.54398340752 9.65253405355 7.31584402398 8.39514216748 -1.89613858642 -4.09825250854 
-46.3372497069 -18.7660157328 -14.5943400044 -11.4760553482 10.7318786451 10.9172245041 11.0437743225 11.9495044114 -0.19571017559 -4.00084636848 
-48.1599354078 -18.2659760541 -15.132289737 -9.4629395842 6.00611126323 9.91721189674 9.58246964214 9.67544919851 2.09859989242 -6.03484111655 
-47.4653066746 -16.4547473825 -13.0106262631 -7.04979043054 0.711076616866 6.79234602279 5.85219107141 3.61813365374 0.697893897878 -2.89182423028 
-48.5135699813 -16.1070845324 -13.6376787894 -5.31087977566 -1.24621930342 6.37726731516 2.44332031144 -2.97275932084 2.03722049444 -1.06505528561 
-45.6120399435 -12.1941844532 -12.8947580345 1.31990824097 -3.75361753199 4.14081755668 -2.56262459452 -10.1838535457 4.20880196373 -2.42496480882 
-39.7104708022 -4.8308319205 -4.42172258748 9.95603711494 -2.73231797479 1.26710179145 -5.23958447531 -9.92374102682 5.05633940205 -3.80784557977 
-38.4332122949 -2.52569784924 2.49957990226 7.29105851269 -2.83174226961 -0.946576668742 -6.12100522193 -6.03750131796 -1.83700033525 -1.66348705948 
-33.8561677222 3.60064414609 5.67144391459 13.308962607 -3.79002163132 -2.124466213 -4.45334467102 -2.86958782115 -2.72404556639 -4.45883541867 
-25.2313729422 11.998666638 8.82610649357 18.6488969417 0.603666085945 -2.02004300054 -2.08586937908 4.09544913723 -2.40854528431 -6.22092628045 
-23.3236223188 16.1507816485 10.5661727454 12.6657483153 -0.440284134597 1.27205698342 2.55009041853 5.42301498708 0.0701400562689 -2.99188347407 
-15.0717132682 23.497045866 11.9555311886 9.43022779623 0.864805543007 0.541757343563 5.64126779349 7.25625158952 3.18195728344 1.97390563564 
-12.1995350477 22.3778869485 12.33129146 4.76427042808 2.1170532198 1.62059560737 10.0162022417 5.26233754318 1.13756404943 8.5131031248 
-3.7944918291 27.2908772263 4.04675882064 -1.70044626934 1.50084396278 -0.870000384448 13.3385934537 0.145813466624 -1.75523579806 12.4029392319 
10.7501906572 32.2881943339 -5.80836082716 -8.69457626289 5.0820158938 1.76113660025 6.75206091915 -4.97610294534 -5.81415972717 -0.438634326626 
24.0610783613 28.0664091568 -12.0059458098 -10.331992759 4.367880356 1.56130782993 2.00730589259 -8.0999713299 -9.2356497805 -10.2141696925 
25.672342393 21.0069462454 -13.5268997084 3.96709616964 14.1779854093 5.36143854376 -3.42314337659 -5.88403583215 -10.8569194297 -6.53369865241 
27.9662563875 12.650337519 -13.6588396463 5.24280104034 14.4105003429 6.73562546488 -6.55236835069 -2.84514801407 -8.69493950006 -4.03209314073 
33.2655211608 5.88965159825 -13.2772305193 12.7200716989 11.0831062035 11.1530241099 -6.35145425706 0.540486647512 -2.11423034618 2.79292236024 
40.1241312132 0.202792515747 -11.0802393139 17.5926362231 10.8648467193 9.94139608152 -3.88657402077 0.271714172028 6.38776325847 4.096589142 
39.3229856014 -4.06880333505 -5.55849814242 13.6363789119 13.0133871547 8.54844028241 -7.40128849217 2.69188288004 8.1922695393 5.82569178359 
37.9329087978 -10.9927858933 1.89839458092 11.7611042487 9.04785673572 7.24888436511 -0.477777831887 -4.85731992775 6.75244506304 -1.06349285044 
37.7262574728 -16.496110816 3.46077366549 9.75209226937 3.51192323565 5.02491885278 4.04955844071 -7.0650818353 4.20512267475 -3.58577771853 
30.856145492 -20.6557652543 10.7707144305 7.0031478752 4.73012161502 7.95571618682 4.97880843587 -4.15070083917 0.592421062302 -0.878621383503 
28.6298638639 -21.6400388123 13.0267094809 -0.301479276321 6.56569859456 10.3902925675 -1.31431786295 -5.00873678148 2.20372198781 2.13829952502 
25.6701849134 -22.1987635136 15.6377252632 -6.88797675392 5.5339540304 12.2693668461 -4.07228786059 -2.43909582508 2.576975361 4.53106195472 
21.5362281683 -22.9145504815 18.6338500292 -13.9967764856 -0.375364568093 10.8005223476 -6.83712369116 0.712100609152 -0.529165456341 4.86450938619 
25.6488478802 -22.1982703198 18.2782795801 -10.3449417814 -0.349348319742 12.3084754705 -5.29563464938 -3.35087215495 3.40443511648 3.0656575331 
34.024527531 -21.2126844545 14.3570646313 -4.97352162197 -2.26346974283 9.68446989759 0.568731019583 -6.79317997366 4.48651594305 1.13273856843 
31.3187827196 -21.2512112622 10.1029507511 -6.306801884 -12.1770739474 4.18519321964 4.22805827267 -3.86733042831 0.488905907424 -1.13768211295 
34.0074982514 -18.5286026595 5.40569577421 -1.73496864198 -11.2262249734 2.89020287173 7.02815506587 -3.17684697931 -0.377704950591 -2.42100785365 
41.03711935 -15.479921485 -2.40930649831 8.31916768023 -10.4648289248 0.360603161455 11.5740533206 -5.43908984103 1.21994804392 -5.2882524851 
38.4864668975 -15.3304774643 0.576787813293 8.359863063 -9.64481909425 -0.819051450323 12.8103422857 -5.40985147922 0.557472399357 -3.75777625649 
40.300016451 -10.1879305282 -7.05735812139 7.80750144832 -10.1072255523 -1.37969415193 7.87828124184 -1.76939693584 0.542554211091 -4.59939972614 
35.0967091385 -5.30027037908 -11.1429267973 3.51041871509 -9.48100099598 -1.04923390587 -1.6737272201 3.98680784872 -1.71406958296 -0.529874311133 
32.4201030904 3.40992021031 -14.1077990802 1.94838453408 -9.14363455208 -0.492634517497 -5.15573504565 8.95943813888 -3.64748332422 2.24550342464 
24.9412561848 10.1638546302 -12.5522873235 -4.11860014561 -5.23732308334 1.94310346893 -4.41230825976 7.75691159143 -5.75945992469 7.858485086 
20.4161242146 18.3562059382 -9.09167612226 -12.7969532009 -6.60669552371 2.06486887923 -4.49500118433 4.11492680661 -2.52625953001 5.26199865826 
8.81468021213 28.517006337 1.37308794446 -21.2014981137 -3.30780110359 3.91354722375 -6.86978768495 0.140217895741 1.85978217056 5.52136086626 
0.472469932451 29.2101273623 10.4583023183 -25.7829439644 -1.8719932906 5.1100295367 -5.87915507006 -0.736219259621 7.74796451885 -1.96165650313 
-6.92296478657 33.2156269728 10.4506074027 -16.2346322794 1.01354207335 6.20417947887 -5.94993795046 -0.616746580215 9.23577539181 -6.73585886877 
-18.5718001448 21.3764945373 13.2414668636 0.497247746034 -4.01871121887 4.40035818769 -5.49673924793 9.48239102472 1.09795698081 1.12485901453 
-26.6484390659 13.1060653286 12.0667867586 7.6927514079 -0.540290272681 1.10065553996 -1.97895865491 13.1631640828 -2.03669740129 -1.96135631415 
-30.4347216505 10.5075180484 10.2406576757 6.84731240316 -2.51761776053 -1.07500649917 -3.57235917126 9.17894378137 -2.74567024852 -0.84315007892 
-32.6052022552 6.94334022094 5.66520128259 4.86085493745 -0.992198391712 -3.13062567809 -6.76982840002 1.50914795657 -3.8951560494 -1.65868176705 
-37.9561973096 -0.224562929094 -0.158075685608 8.37671448699 -4.15846229131 -4.04022071693 -8.62154026673 -3.69670737772 -5.23247146649 -3.37382827587 
-43.5397517301 -10.0596958588 -4.63971020568 0.484653755166 -4.02211437406 -3.56096973221 -7.70728221268 -6.78785564141 -5.96575262352 1.81273291272 
-46.5965363781 -13.9734371831 -8.41824559467 -3.7913948967 -1.05507531055 -0.598618770832 -3.34527329903 -5.48427228278 -5.51967037481 3.04310404045 
-45.5521469199 -15.1278394275 -8.47806167607 -8.18497428838 2.50763996291 2.30650107072 4.24679081672 2.63015578053 -5.70477267193 3.23990180593 
-46.1203433706 -16.3662357878 -10.3361018106 -9.03733918095 7.98918586657 4.2659441843 6.11343985657 6.31707232508 -2.6766846868 1.03387711482 
-47.0193418473 -18.031425283 -13.3502241994 -11.4486358613 10.9092847238 4.21510947272 7.78833816307 8.37180050126 3.12884191064 -1.33425516517 
-48.2180555831 -16.8586105864 -13.8747434869 -8.64463213591 6.12913284104 -3.61902101088 6.18202207363 5.98124737666 6.61374816831 -2.40712783072 
-47.3622771991 -16.0216973872 -14.8525331948 -6.58154111157 1.38688215759 -3.51171737358 1.94037207719 -2.71064434052 6.65075930387 -0.222678076433 
-46.4424388126 -13.4454419044 -13.4393885464 -3.80984585381 -0.705437326538 -5.81821126277 -0.989656056287 -10.0959080873 8.55205994201 2.60322940136 
-45.178253933 -9.18599461318 -8.76346775012 4.45328274121 -2.16474114773 -7.80321078437 -5.7348018684 -12.8345310752 12.5981008966 0.170250219774 
-39.864267828 -3.34669581874 -1.41194425047 8.42973471948 -1.16399934872 -8.40491859861 -5.84939527729 -10.3799906349 8.10744763895 0.542228725528 
-37.2913373992 0.641704083824 2.17857843745 13.2892258753 -3.38126217191 -8.50341790475 -5.56058790285 -7.51109136867 6.25266383834 -0.483904345723 
-32.2611963741 5.14279028754 3.8687265961 16.6089065928 0.0616127299179 -7.20349467029 -3.36272816211 -1.35589279914 4.89072775435 -8.56273338088 
-25.3382741642 10.297604209 6.96592339532 20.8996489919 1.45656132424 -3.58568042849 1.26456090324 3.24385227501 3.81690896424 -8.8857623689 
-19.0434133839 16.3727598033 8.52124188557 17.6573137821 1.43983868735 1.1195752706 4.67320231155 6.08764335712 2.16634390801 -5.96903504485 
-11.1457980873 23.0430794698 7.11922556966 10.556450919 0.513278501704 -0.129703918528 7.39504977611 4.39849114913 1.96016627799 -2.37934354006 
-9.23179152248 22.676751661 7.43604862382 8.0498171344 1.9489506309 -3.22895690963 13.3499851413 3.58295366228 1.20565678421 11.3488461903 
0.178999917959 25.6309087337 2.06295431587 -1.00814624058 2.98678908957 -5.59805634184 11.8176145926 -2.22885503353 -3.59718939354 13.3415456653 
15.3029447478 28.4463358871 -3.50700324594 -15.253217272 5.69098583811 -2.8942902055 8.66123133172 -12.1953587952 -6.67840080678 -6.32912647927 
21.1088090753 27.3246620032 -12.0074216975 -8.87989722543 8.0287501784 -1.35543081469 5.39013747054 -11.3613924047 -7.79654522576 -8.04429740464 
22.2780348071 20.6284643131 -12.0469819427 -1.98457612988 15.4047080256 3.20601948037 -2.30372910832 -7.05041512981 -7.18086600769 -3.06400077182 
26.4858318929 9.65840835422 -13.2637750413 7.8712141195 16.1081046449 6.51462794801 -6.86765981932 -0.166510186142 -7.1464646361 0.0185907871324 
29.9915449377 -1.46000978206 -11.2107047619 8.08884541328 9.33381185284 8.44638548562 -6.59617176921 1.36959289483 -2.20723307395 4.14904644385 
40.1907348292 -3.22443985576 -12.65834813 8.28839027262 6.93872791194 9.98769966372 -9.39136734279 1.19969728847 4.27585622803 7.44314245164 
39.4711297629 -8.83673974082 -5.61742809985 8.48531103908 9.63289727262 9.58648469311 -7.67151629354 0.29038858701 7.71122107453 9.64769467989 
38.7440004912 -12.4004825054 3.41176156436 10.0531267467 13.1997576392 8.15981001153 -3.27975104964 -2.3651789847 7.64675938607 6.17198517934 
37.6734794267 -15.5434312703 4.09096214829 10.2744662874 7.83074570202 3.98583495769 3.07871248411 -4.53645348554 5.07226735284 0.881612135061 
33.1317189074 -19.9052580181 10.5850552704 2.01620797215 7.62327449448 1.93412570093 1.61861096496 -2.89377329655 3.4816213556 1.17042596822 
23.7073576399 -21.172394754 16.9334466807 -5.09720787869 10.7887998742 1.51157053802 -3.14866564589 -1.84157436946 1.44201747063 1.89670181708 
18.0374604189 -20.7529165774 16.0776728652 -12.5998844557 7.29492812789 0.365903730202 -7.15758656015 2.83774630133 -2.77818348862 2.64397028459 
17.9961875426 -20.8842530906 16.9530856104 -17.1769885389 1.55587696687 1.48965137143 -6.64293579632 3.79304869706 -4.40710328249 1.61768045896 
25.0116295911 -20.9543414933 17.3165089251 -13.4798623257 0.735994192741 4.9589016179 -4.27568239608 2.1691507984 -2.83187782412 1.9368269389 
28.3130074164 -18.3110493298 15.3112808211 -8.72335298384 -0.380263292159 3.83343891622 -1.41748589793 0.372703159141 -2.15070842409 0.774251408915 
32.5995144164 -16.2672176633 7.34552732407 -5.68297102636 -6.8189541514 1.2326593929 1.17123728565 0.883097996555 -1.50537250697 -2.34970893278 
37.7754900464 -14.4232609294 4.19511698256 1.71232991652 -6.42651830787 1.30997232392 6.08817300974 -1.76431328822 1.78282798146 -5.36763860657 
37.3687012095 -14.8430994135 1.92728464126 4.55173449986 -5.7222071322 4.19331021873 4.80435972119 0.462166312544 3.86414751821 -2.38967241977 
41.7976052374 -11.2017087603 -3.06695362412 7.3692926356 -5.42704109252 3.38364607847 3.3181191385 1.10041036842 2.14630724173 -3.61602821085 
37.4669263709 -9.64457672761 -7.18172738116 2.72954004956 -8.54999582902 2.29166461884 -3.22536383826 4.66959723605 -2.27794090861 -3.56279625525 
30.1975646844 -3.13152851674 -9.95222008034 3.90012176904 -2.81966966657 3.55368715734 -8.25639540735 7.20547008906 -3.36564791932 0.0891047003047 
31.7718212747 5.86006029701 -14.0835787201 1.39983198398 -3.78463867884 3.7071405691 -10.0258376175 7.8429615507 -3.92611575198 2.64038053136 
27.6228090678 17.6787891003 -14.4565004759 -10.6023381114 -8.00724156069 -0.177126653293 -5.90003985833 -0.193146149974 2.72309747525 0.980243515865 
19.0318770927 22.462963826 -10.5174638367 -12.3807690571 -5.4572524933 2.1217337013 -4.04474141843 -1.51503124037 2.41997009457 2.16369679439 
10.0503996953 28.0947514489 -0.713357226018 -19.6051272957 -2.24200110201 6.28878624364 -5.20259889984 -5.18992105742 4.54778458837 1.1203450966 
-0.265597105718 25.1073583748 7.94482355446 -12.6647760343 -4.22499621556 4.15097395025 -1.14429390371 -6.05029744644 12.5740522989 -9.62069348256 
-7.33727260271 28.2529316099 8.09850593046 -2.39357236861 -2.51328993736 6.86465833211 1.16218390197 -2.77520947584 11.3240040842 -12.674631004 
-19.2480022055 18.6507372412 11.2572476298 13.4756474559 -5.94578616159 7.44401425861 1.77119290066 10.1432142713 5.79609364803 -5.80542868738 
-26.6177679954 10.6036262363 9.26266673065 12.894119623 -7.89039277821 7.21568188557 1.2424762455 4.43360489336 0.758858304326 -3.0336505802 
-28.4335021759 8.78643239777 7.58133072133 9.07481628899 -8.59577205881 7.81337545588 -2.56519057609 1.05812974686 -3.05403348718 -3.88125469336 
-34.1114631815 1.2956243015 2.45532180859 9.03408714693 -10.4732745788 6.73604096599 -2.89253673543 -3.81278605805 -4.49489253958 -1.67918240675 
-38.972087503 -5.27272883318 -2.50020723893 4.8416899433 -9.44929038567 5.857488551 -3.57023377967 -6.71930973612 -6.55974450457 0.452654375405 
-43.1813377223 -12.2561715834 -4.92148141746 -2.29420484232 -5.27907193464 5.60864910464 0.180225853043 -4.11107671927 -5.95501568088 0.617605640323 
-44.7924895528 -12.9727879837 -7.13458341216 -5.40545525684 -3.14134730708 10.3435854451 4.47077757445 1.91640361417 -5.01110497764 -1.48159181389 
-46.0090880482 -14.1549057283 -9.83102382552 -7.20208578833 1.27661926155 13.2739578731 6.52866024625 6.93059719654 -1.18154743186 -4.58362017953 
-45.709462196 -15.3380804009 -9.97738229353 -11.2337028271 5.17617207897 12.0751559222 9.24638876794 10.980738834 -2.44731758263 -1.76142133873 
-46.1825860207 -14.734428002 -10.6698887532 -10.3872507182 2.84744378671 11.7707240638 9.70742274417 10.4417467091 -1.50935909905 -2.62263715522 
-46.4287320067 -13.7221411325 -10.1074402688 -7.25324263171 -2.19432139476 9.8001031339 5.94248607888 4.16774558053 -2.54422996225 -1.12761827077 
-46.0854603903 -14.3122429504 -11.5765080313 -3.40225365737 -5.53812698223 8.95804845474 -0.108015469251 -9.87049258621 1.82259568868 2.35671757535 
-45.2394025571 -10.4626853118 -8.92602749575 1.27516623229 -7.03331493165 6.00513645393 -2.70926777517 -13.7691927315 4.87853080475 3.56521790955 
-41.2577056858 -4.28194133443 -4.14934557978 9.47384394295 -6.32533062866 6.15478488019 -5.36023319134 -16.577731192 6.7169621573 0.26891045654 
-38.9285132829 -0.0657660723197 -1.39280960648 14.0407352787 -7.05055650352 6.05703334748 -5.08377885838 -14.0002744287 4.79784058233 -1.08394903424 
-35.4328736764 4.85079413119 4.72743987196 14.997823749 -8.47144555549 4.32564496189 -4.03687325482 -8.02150810164 -1.48953465822 -3.35184019421 
-30.3531471373 9.21815582173 7.5521744088 17.2711962134 -2.46825510426 4.05604930904 0.826232726262 0.824066657503 -1.47891998016 -4.6870177677 
-23.8741390001 14.2508327791 8.86557320881 18.8560575477 -0.34697019221 3.63494556804 5.279015164 2.07159282717 0.513252089877 -1.76461451869 
-15.688494803 21.3590161793 11.9991269197 12.3307099982 0.703668019251 4.22105485958 8.56572113734 1.03069130117 1.43631658898 -2.03573337408 
-9.60438819616 22.922297906 8.2504291616 9.56230444818 3.19925497788 2.59178536322 11.9597513841 0.563311223784 7.62173893822 3.44732764727 
-2.47185578344 24.4836541658 4.7872383839 3.835021053 2.17137712589 -0.0812126051051 15.6217001955 -5.10911009185 2.15743503575 11.8061513201 
7.56953964279 29.8022219435 1.37382792432 -6.05217954465 4.1728973293 -1.4612036948 13.4802930817 -6.95404103576 -4.26802410335 4.91948013827 
16.3869379954 28.9911826021 -2.31821018392 -12.9042495473 4.03882618677 -3.50803985206 8.91722729452 -9.11390881755 -6.39510924911 -4.42582063764 
22.2485968743 25.3700295818 -8.72515460204 -4.39114062346 12.9717144 1.48278100547 -1.03124926202 -6.10733558988 -6.98623030103 -2.30215644398 
27.5345241611 19.3139053732 -11.5525084405 1.0470174507 14.5360639443 1.04635644402 -4.52152623658 -3.79286737411 -7.76260207769 -2.20905258092 
26.6230176028 10.1128188223 -10.7871777047 5.19574101533 17.08204753 1.61730837271 -8.25935301664 1.01564613273 -6.05924700005 2.03825542255 
27.4646772012 0.913544854933 -6.75250735061 11.6584645839 19.9483166752 2.90637458362 -7.07719319086 0.78847842451 5.51727449875 5.07467709902 
34.5148718885 -6.53194809507 -5.52497147385 11.0864516403 15.4265518222 -3.31756062537 -5.11749900426 1.45331388295 9.36834834417 7.05116436567 
31.9094494508 -11.899546338 -1.80696187135 12.6566791981 13.8864031061 -1.61872754418 -4.08500513571 -0.549133116094 14.1782000798 7.28306437032 
31.3911020685 -15.5767829549 3.87315440633 9.00470505851 13.2374574488 -3.023322724 -3.33007862152 -4.76408068082 12.6352447909 0.32080974437 
26.6358438694 -20.4087228581 8.17297788764 4.71487855648 7.30753278083 -5.38415163531 3.10259851275 -4.80364598393 7.10448287012 -0.354995446069 
21.6854653264 -21.4758798506 12.5048313864 0.514142490115 10.0244901205 -2.28335721238 -1.15471761748 -3.17352442115 5.40406713585 -0.415213152338 
20.1417385168 -22.3220216852 12.6861691513 -2.39557569568 6.73361818146 0.742120916227 -0.44873851298 -3.73217011132 1.81029463595 -0.300298341174 
17.7272874413 -19.1820023249 16.13970353 -9.94856198911 4.36163194658 0.792332843176 -0.731614621314 -2.83268633596 -5.81723787525 2.44415266689 
17.6890491213 -19.5283729144 16.3514279668 -12.0824191188 2.0504095106 4.1584033313 -2.79635662207 -1.75401901751 -7.72472843006 5.01855440105 
23.1544584778 -21.0264417674 14.4337330686 -8.78908589379 -0.233189488471 4.37214782959 -0.605254886394 -2.95234872453 -4.28620683692 1.97827869487 
31.4926047448 -22.8447959627 10.7213550167 -2.05583952666 -1.92862063205 5.9696319674 2.87887345971 -6.10475268627 2.36366504307 0.688870097575 
37.2018134873 -22.1440049962 5.02425170612 2.00610836473 -7.82939197368 1.99832865992 7.73776262388 -6.06619707189 3.60278564194 -2.82931277861 
38.7488760358 -21.765094453 2.92651412293 5.59692412865 -8.89489504474 3.43539431261 8.96750047208 -6.92003240474 6.16273099307 -1.93175987829 
41.1228077947 -18.2010677136 -0.528217580041 5.15844301806 -12.7741034807 2.20375185467 8.93971947809 -6.48461187845 3.72259908253 -3.6246442197 
39.9816517262 -16.6502424802 -7.38915438137 0.0645330960586 -18.9340663813 0.621201041873 2.19203863811 -0.221945957253 2.11553856235 -3.72827715806 
40.651770821 -9.34463243388 -15.3815654114 3.73671903194 -17.910646178 3.78108144997 -1.02369710182 3.67670077027 2.64202172347 1.17026816675 
37.0098377882 0.254594548482 -18.6085672791 4.22652060552 -12.9521464862 4.7058645513 -6.212521301 8.49117623979 1.44355840406 2.03778875579 
30.9494494302 5.43140421088 -19.6697527531 0.59946338056 -12.8010098143 3.43330334686 -3.89113163226 6.20102555074 -0.85986847921 -0.000714412091 
27.381475065 14.584032872 -15.9440182486 -3.64407621363 -7.98407343957 2.10027157424 0.913557423294 2.71105731933 0.184760297552 3.75091422097 
14.9693714323 22.5889029034 -6.62304616443 -18.0035438043 -7.88754887376 4.4057556096 -4.75366928841 -2.95453832299 2.27525525609 3.00407805663 
3.7154224143 25.8069781727 4.05783761697 -23.2402265541 -6.29019021725 4.28881393167 -3.27977343057 -4.75519613801 6.16322807015 0.462643931606 
0.793512378347 29.8386343699 7.81017303997 -19.5423644901 -5.26727165877 4.2520249524 -1.82117894126 -8.39656387074 11.9862648063 -13.0875134121 
-7.75395178638 26.3125449883 4.65715831487 -2.57425899007 -6.87064418644 6.51415809485 -3.59861048267 -1.16777772582 6.96326051325 -7.84367336962 
-21.7428791561 16.5273398018 9.02410589711 7.15877313145 -7.97807385761 5.00583706386 -0.765300931958 8.44269158548 3.33296433909 -1.10030495419 
-27.5652665575 9.00053353954 7.75146992189 11.1609991694 -7.31437040207 3.41556819371 0.598726427959 8.32158837006 0.82059802759 -5.23570047012 
-28.6970637801 4.43575481211 9.5270932854 8.33187637404 -7.78635808344 4.17994231732 -6.29794187483 5.26859239948 -4.28077677654 -6.36076962659 
-33.3143509553 3.61726707345 4.45824129119 7.73315309554 -8.72550514733 4.13160796212 -5.86782128011 -2.23844925735 -6.16102808393 -3.24692115859 
-37.2713233145 -4.5934336995 -2.42579557154 5.98088057347 -11.4458885871 3.35679448838 -5.39251257157 -7.41327862315 -5.66494053346 -2.75262464479 
-43.9247130842 -10.9898863576 -6.83292714493 -0.20025378836 -6.37974574122 5.52323431642 -2.59572514384 -6.29756924442 -3.41839689277 -0.835194950455 
-44.2746403999 -13.5279530616 -10.1988901285 -3.53133048757 -3.82756155221 8.53517397078 1.30550316615 -0.25026544106 -4.70395886915 -1.1998328839 
-45.5787016913 -15.3797328278 -13.1162901905 -5.45897504027 1.48690031414 13.0417304557 5.21909047113 3.86393423021 1.13793312292 -5.68824265319 
-46.0280134777 -17.4052856148 -15.4560318475 -9.59941679644 6.87760624452 12.683219626 8.64804337373 8.96680175295 1.95299224336 -5.15165123516 
-45.7382436817 -16.3648647722 -12.4564249811 -6.586666999 1.61956377209 11.1579760108 7.11987947743 5.05255133835 0.705904529853 -2.21136951451 
-44.4611006458 -16.6755688975 -11.2139238413 -6.16105282922 -1.68149460083 7.3862493355 2.6845736754 -3.34259498809 -1.55045870508 3.67122868072 
-44.0465282239 -13.306835573 -8.55997230116 -2.07755645413 -1.57810573487 4.22864942927 -1.11423570408 -8.47167235348 -0.13488493987 4.70261393914 
-42.2931101945 -9.68112818613 -4.96054849895 1.92892596663 -4.00400605508 2.25633258056 -3.59948243198 -13.9284067116 2.91500516844 7.31456116485 
-36.2543570101 -2.64803738434 2.49823249063 9.23263347521 -3.85217387569 2.28341741573 -5.84552077436 -13.9182272801 -0.63176025504 6.80507607055 
-32.5096324585 0.417661960748 7.46930180175 12.7110730388 -6.30087502081 1.19306134478 -6.23834720703 -13.4839729349 -4.8450530052 5.63599207336 
-29.1368166196 6.63959805703 9.81690372417 16.5006185462 -4.55505568285 3.28206140126 -2.24616048331 -6.18935192209 -5.30525107162 1.9144099526 
-23.7853593116 15.4576264606 11.5258071772 19.0613803424 -5.31018309621 6.32903645909 3.02546513149 0.685158702751 -1.23330075434 -4.1776010704 
-17.2507878372 20.2246479733 12.048305409 15.6871837375 -2.56970500083 6.67607758875 6.12281963187 0.98704961536 1.15234323106 -2.27855374834 
-9.5390112522 24.9711683585 11.111380229 7.90783906942 -3.12727622321 6.04595728985 9.73206692426 -3.19530388672 2.76463060204 3.18410209537 
-9.35168458268 21.8619402829 8.93014468698 2.81433242428 -3.73298344662 3.51882705283 14.7363120696 -1.39182853922 1.49839729973 15.2459256431 
-3.90856748802 24.6958180819 5.8250628334 -1.3845073164 -4.02658771225 0.426022993665 14.9153753506 -3.04814112412 -1.51025105716 13.5692905366 
9.37159358961 28.5575965052 -2.91321145536 -8.94512806037 -1.12060537823 0.653224055571 13.3424125642 -8.58042156418 -6.50860884896 3.63544627247 
18.0645586124 23.6225439431 -10.326149285 -4.26871056814 -0.363803901564 1.24290261011 10.5733572737 -9.62547001619 -8.6581806613 -2.71329846078 
23.5807326043 19.5108118983 -14.5351608063 4.2413514614 7.49430362091 6.85291966614 0.544113350221 -4.23165805534 -9.27029785181 -3.23578957989 
29.5509907298 12.5418584369 -16.5862613999 4.6476475845 4.50066663405 7.75402848492 -1.5161046136 -2.23564392654 -5.26388620466 -0.0362775532979 
29.1512032685 3.63987717462 -17.2029167319 10.1834823263 -0.0615747152446 8.09452984329 -0.118456865722 0.302598119494 0.729271936335 4.02408742223 
34.5969948687 -0.945752550744 -13.2793735989 7.90640221649 -1.88710729422 10.5155147674 -4.57558782538 3.38568432542 1.13017503758 9.7863553449 
34.4149316043 -5.34254175132 -8.43604227138 3.57630931759 -0.863689646306 9.05271114009 -5.77211492406 3.84087446131 2.77158150137 9.99588232643 
32.0204717744 -11.161892697 -4.33572431761 0.124896523706 -5.13972570342 5.63305216383 -2.87557305901 3.85823029439 3.5752732309 10.658469083 
28.3089937508 -15.9954162689 3.31300405119 -0.395926367175 -1.01138656978 6.14168880098 -1.70858930453 1.29764418493 0.0154714082136 5.56507466876 
22.2124623295 -19.6349263134 8.32915149325 -4.20554245871 -2.61465335409 -0.523861893684 5.48809472647 -1.55545082377 -1.1486230673 3.26839651747 
18.8048672242 -20.5490564318 13.9622541606 -4.76653953774 2.7699503859 1.82102171983 1.96886817492 1.03804448967 -1.52774776868 5.07021141778 
21.2603579215 -19.7521427273 14.7987130633 -7.18431811531 1.42420447812 0.738288512406 1.73903482349 -0.149593841741 -1.02976617258 4.93841858776 
17.5688203407 -21.8954023523 17.0574994063 -13.2231241929 4.25382755214 3.01194065636 -3.65589282039 1.0870327933 -1.44388105142 3.74087725674 
17.49511545 -21.6232615865 16.0303551889 -13.8231369225 0.74050247796 4.39825705164 -2.51666984468 3.20546460416 -4.66300948096 5.06845543265 
22.8043250268 -21.1024375252 12.0224209752 -7.00265280799 -2.87782624893 4.8448209855 2.27008472619 2.08298726531 -4.32999112817 5.59207801422 
32.4748966621 -24.1221158446 5.82055907449 -3.72563608112 -10.5949354115 3.99135704033 5.09765799008 -0.685843886543 2.83945443645 2.06062284764 
35.2665467724 -21.8561513293 3.36858641223 -1.93911036209 -12.5358896519 2.05508700151 6.11557805311 -3.05270902461 3.01622927717 0.229728411039 
34.5039148523 -21.2440612736 -0.475605885101 1.28568583366 -14.4588895261 1.42307175725 7.20925707365 -1.00500537503 2.46923368959 -1.15062489937 
35.2826394802 -19.4024416709 -2.2954320615 2.18422706098 -16.3973913142 -1.18188930843 8.20148855285 -0.392495729193 2.13515693169 -0.860631656676 
37.0964644976 -14.0496006657 -8.57144921947 3.51362979408 -13.9216718401 -0.781149432149 1.68563084605 3.47946177502 3.7100313551 -0.117445395003 
32.4615778806 -3.92100244577 -13.8950568118 4.25257787901 -12.1241306348 0.73976802659 0.00994899129271 6.9554132646 0.906663281862 7.43766625959 
30.8806801869 5.64714907084 -15.7036230945 -1.06099065914 -11.0046588408 0.0344536507042 -2.80865114705 8.42396277744 -1.84818340947 7.83424482167 
22.8236484061 10.0776850752 -14.6747488014 -3.96810558157 -13.4224580502 -1.73493984603 -1.15993289639 6.53667860035 -2.54450688587 9.0619222655 
18.9147667784 18.7501700249 -7.81090454606 -12.2624342094 -8.51427749015 -1.62346328706 -0.599255423141 1.75804724808 1.17459916488 5.08677692979 
12.3454279772 24.5560956779 -5.78540985461 -14.2417817798 -2.96431614822 1.8522506156 -1.98851475247 -2.95259142629 -0.112664252951 3.18898020208 
3.7756281614 27.9753625367 4.87143450086 -20.0557870067 -3.57260838366 3.41209499878 -1.72863272154 -4.13273745875 6.11849428403 -1.72942873298 
-3.9787661633 28.3181222673 14.3588199373 -19.8945037314 -0.410497798535 5.46107877939 -4.2889798742 -3.28028384021 6.64434104901 -4.40379163995 
-11.6537689843 24.6849252634 11.5504118621 -2.77010144879 -1.86565091849 5.05036767576 -3.88097883594 3.75159780946 5.0576045313 -0.901304285533 
-23.4783616952 14.3084394218 10.8589418389 6.07025732027 -2.64798169465 2.61156442729 -0.869278021901 8.3674177134 1.10094631643 -2.91569235127 
-30.5373084645 7.58878506532 10.0778328875 7.95311962165 -5.1241532239 2.595491843 -1.0392251757 9.07204231449 -3.39189559395 -1.59014900307 
