-3.88673839603 21.0837640853 2.76057302304 6.11834042112 2.29504339009 -1.44830250207 -2.30513334782 -8.19231360076 -10.1781603986 -1.81189936997 
4.47438998927 25.5218663208 5.05792920706 2.4907208755 2.7829863762 1.851288937 -2.7620875393 -11.0655403142 -5.80857956235 -2.45729507402 
10.6719138587 21.9926151866 6.88452602353 -2.3964158438 4.57284688569 4.86836096824 -4.63416498329 -10.4298981625 -2.8445046329 2.34087661763 
15.4601290965 17.8786593505 7.91708190063 -1.96703168842 4.08359572441 6.41996922981 -3.76966581579 -6.13726597211 1.51114671644 2.9174852473 
20.2263193668 15.7000786497 5.62235872523 -4.75718237862 3.39807043844 6.24826912217 -5.33894128946 0.441087483121 3.92828151173 0.706778783547 
21.3153825269 11.5641431396 2.32203058403 1.11243246493 -0.56800043497 2.96365415546 -3.28025802908 2.35900697153 2.09482466407 -2.21481968825 
15.7513708318 5.2330143355 -2.31496611266 4.68000750027 -3.19921253229 -3.40036103175 0.37204789473 7.30757631156 1.51678822956 -7.47800945843 
16.6376282945 1.01759390338 1.42855056491 8.03423663038 -1.19901560792 -1.52144052988 -0.478082687086 6.30428019943 2.73532296127 -6.74749448225 
17.4904536819 -1.37131889129 3.38430549966 10.2081001475 1.66976872135 -2.12483383033 -3.20787567663 2.58451932416 2.64006893442 -5.30284781511 
16.5806229493 -3.65822879313 4.11624928037 4.75365952802 0.900254349679 -5.16579884949 -6.02018080411 1.31779486953 5.16406332976 -3.98896569805 
12.3097070886 -4.45048431416 4.89958950943 3.07004932022 2.36702934451 -7.57747294029 -6.97323898698 -1.97337749373 6.27048300941 -4.0198933934 
8.90403534996 -7.42447081275 9.51679876347 5.0798858316 1.57402872711 -4.567220726 -11.4110778543 -8.44983238818 1.64671909911 -2.58159850432 
6.73655126958 -8.76447729293 11.649998694 7.22026121712 3.96065606592 -2.94191104306 -10.0907451612 -7.86781432382 1.39322738296 -2.53957181156 
7.94667171028 -12.9988787848 11.8014798498 2.5648605788 5.63190520311 -2.92675639297 -9.48482482508 -10.1323139837 2.16646530591 -3.34036697844 
3.90455450983 -12.1774033508 11.9659483432 4.51432492176 2.36089489439 -3.61805030787 -5.4663590536 -10.2342261124 1.8570697797 0.135276498968 
2.52815823044 -11.6160434667 9.11213902778 6.94088935689 3.74183079328 -3.28264252952 -1.90836508008 -8.54245361572 1.89362690324 3.18664120351 
-1.10965146242 -12.4879764136 4.90979416505 11.1623829711 5.3338985634 -1.80632048118 3.80064877166 -7.19203568592 2.53936324115 3.93970928298 
-7.88264188491 -9.39883763136 6.23417002668 11.6030538513 6.2411161801 -0.945644667027 10.7355475971 -7.02819520286 5.30060292072 5.72274915799 
-14.137078432 -3.99504401249 4.87942205908 6.18575404965 7.03721461586 -2.40993721521 9.65952744698 -5.26458419399 5.90647174125 6.31676676273 
-20.972707295 4.53153479414 2.76266848363 4.21748934769 6.47013015287 -10.0298551489 5.50077020853 -2.383013274 3.23305526461 7.20480303988 
-25.7209941142 5.31755596064 -3.82899046024 10.417662895 7.65663679523 -13.5559503893 0.292289514405 2.5940530833 -0.221176786789 4.24390630725 
-31.0377052446 9.51392622974 -1.8610264826 3.57514609038 -1.78411147416 -14.4140751248 5.70863936491 3.55364279262 -1.89952588891 1.48355534299 
-23.0693492522 1.71253928535 5.57085565166 1.900563163 1.19388208347 -2.61527749396 11.6004781635 -0.237840044354 1.81625039006 0.166241627426 
-17.0923099052 -1.20026081711 9.9264649534 -6.22353031344 3.86137288084 4.54388452462 7.87659696382 -0.896654129332 5.61559753684 2.0134014533 
-14.8967765035 -0.180533589902 14.9291851539 -12.6035535363 8.38783885455 4.41649458472 5.9791070449 3.93462865835 4.07023083367 -1.29616535991 
-12.1340097032 -0.511671318773 18.9767909097 -10.5034047227 7.20772937963 5.05772777026 3.3305566354 4.62897367122 1.64035175046 -2.52754131005 
-12.5323137454 -8.21275592762 14.0357366244 -2.85000764134 6.9434351247 1.11281048683 3.48235668359 1.7796159829 -0.251882799801 -0.380798210196 
-8.79329952798 -6.49096165219 15.019442006 0.860315176719 4.35529760852 -1.42420127591 2.4520413585 0.0935990906549 -0.332879210701 -1.2456960083 
-7.06177770556 -8.50880131175 10.7222609743 -0.684271310542 -1.1952816737 -4.92508276671 3.12491341529 -4.6986227667 -1.19622007339 -0.634737905219 
-1.96620615124 -7.89158775008 10.0209021032 -3.49683854026 -0.77866623869 -6.46973672098 1.01572651796 -7.09943915627 -0.715624932651 0.61546703785 
2.31172693839 -8.24168673479 8.37464383162 -1.95294444118 1.62071201629 -5.14187068649 -2.11610198515 -8.31508731257 2.11640483271 1.24745638987 
3.05654209194 -8.45040255502 4.65871064999 3.82476316281 -2.63674227003 -5.39036868341 1.54863441131 -3.9932344602 4.18783104486 5.42016997821 
6.55991224386 -5.7669956648 4.41156878066 0.941158555203 -3.23486700966 -5.73646522523 -0.358205548348 -1.3529896191 8.00363158113 7.301647836 
11.7097278641 -5.60309033322 7.04805261652 -1.26318396569 -1.76788780866 -3.69092193088 -4.46126538291 -0.403287672556 10.6195653345 3.24010330658 
14.0571810047 -3.31677821295 4.87827480359 0.792481774505 -0.882231902709 -1.81928613719 -5.55618032111 1.28404412189 10.6387173923 5.89011357976 
17.468838862 0.376528432412 3.05763411075 0.114169932872 4.68491296249 -1.37041549505 -5.58269653671 2.26777108477 10.0345366734 6.95713727052 
14.2037895699 1.5974638266 2.91553508024 7.65182836455 3.04316800482 1.57790431293 -1.71072351435 3.45666359334 3.53263183871 8.70207827494 
12.8072262797 5.72882651994 1.60601470075 11.2047919236 4.5056724191 2.65100082302 -0.207693703788 0.220246084012 1.24784182903 8.86682846021 
10.7345531266 8.75327424252 -1.57794041172 12.8248932533 7.41879624581 3.10292404152 4.35703257278 -0.915724737976 -0.566955835438 5.58383080775 
7.72937771413 11.9078945173 -1.72199770358 10.5112492657 7.72191028437 3.8477168223 5.89106650345 -1.89345040837 0.132903366352 6.68195537342 
1.89551209455 15.0144736231 -1.80102572269 14.0360631865 7.49745981029 2.18049978464 3.92147588126 -3.97216059889 -4.3848540251 6.06132624461 
-2.31010280979 15.1445362057 -2.79458825917 13.0421443595 7.47164566045 -4.85366238042 2.69667860318 -4.88659131423 -4.52439173857 4.91885737915 
-0.828922588657 19.249647227 7.78602996897 6.0254252455 9.03394688952 -0.672208914897 0.549389462214 -5.86159039198 -0.00193350527312 6.25104294653 
5.62146023986 22.1160956801 10.9202152576 1.60601081782 4.14435803332 3.98273986773 1.78482848126 -2.5324478934 2.10034922396 6.353037421 
8.98160432598 18.9118658058 9.6331258088 0.408896911682 3.66358665415 3.93257504999 0.883228131275 -0.425205863222 2.89436825336 4.95155839674 
13.7301943834 16.1445864887 6.53296650979 1.09262638781 -1.69203544094 4.41673872502 1.04724563093 4.18497317248 5.58811530581 3.08126151933 
17.0633157983 14.4411199405 5.44588876317 1.17335556622 -4.03105115697 2.12744970762 -0.00802779357462 4.04891645903 4.17737683271 1.64773539246 
19.0957991137 12.2068139676 7.02947096507 -3.14713776264 -0.730657870177 1.43556409321 -4.41716078825 1.35747130111 4.31786691114 1.56600729309 
16.8893704032 10.0133012752 8.05719598522 -2.54078454976 -0.525503465516 -0.451785596944 -2.71283831744 1.20892865719 3.96972879028 -1.53711722328 
15.7960613755 6.38606346747 8.18429130854 -1.13257562472 -2.29175107243 -0.932031487338 -4.6131614374 4.56563933407 2.58700609284 -2.87613725447 
13.1916817322 -0.307948304953 6.52151565953 -1.66708247833 -6.3424187553 -2.15540361979 -6.45783840472 4.01058003597 3.96771882719 -1.12763628912 
9.60619720335 -6.80416756268 7.81205067889 3.14395305025 -5.74636894303 -1.42847782506 -4.18752897033 0.904628918693 0.241598910792 -1.83674106723 
4.37541221426 -9.51490391685 10.3752240171 5.30554763019 -3.01787269176 -1.71978848967 -4.30847592746 -1.17269187388 -4.4616664986 -2.98333457278 
3.83812882712 -12.8094706317 10.6365231271 4.65913276932 1.67375708591 -1.72612840928 -7.35480872502 -2.93844565798 -7.04415113658 -3.20052188282 
0.370863685158 -15.6455407899 7.43455727372 11.4733786567 1.20269678772 -1.86877230298 -2.76734042375 -3.36578254711 -9.37929017813 -0.601230141741 
-2.68980250891 -14.8434795451 7.40319343088 8.78196453449 0.240212128072 -2.49144959292 -0.404661328188 -3.88296893221 -9.58608212392 -4.50418228767 
-5.46171604486 -15.3495271742 6.948709856 10.3036470071 3.46290863183 -1.31126097757 0.87691210385 -2.12760065037 -8.30438201807 -4.06338625714 
-9.16276156576 -15.2954162978 7.15513470713 12.6859450168 4.14346820332 -0.398933032333 1.30497228032 1.19452823796 -6.57083098751 -3.54121547047 
-10.2625709593 -13.3736573677 9.38851151324 12.9146216268 9.3483440269 0.44533890069 1.75784938088 2.10729105917 -2.32684175664 -0.83061263494 
-14.5449874671 -10.2175893983 8.33766812875 9.71545821641 11.5772813579 0.457424049441 1.04116347586 3.74497182369 -1.86102386745 1.16932517255 
-18.4138828828 -1.61594655741 8.31282458791 11.9738557879 6.22145585826 -7.53344025747 -1.12638675229 6.95085337822 -5.30897348134 -0.521012571717 
-25.9531435932 12.6164622856 5.78040506909 5.83152765939 6.94569387012 -10.9366226742 -8.43610828479 11.7091597993 -1.73339180342 -2.1015348272 
-23.8495775572 15.9925045777 2.84329577539 2.17825017984 14.4048135403 -4.71247638528 -13.3144330389 10.3696240143 0.0686288433701 -4.69221262167 
-20.273244841 9.75011990945 9.33492221742 1.7439451889 10.0195363133 6.35406107754 -9.23214886386 8.29747476013 -0.203966348881 -5.82282829897 
-16.0727088422 6.14931585787 17.5746801783 -9.28267454145 10.6739895137 7.88954386722 -1.15069786108 6.55747797009 0.0176935740951 -7.06149483289 
-15.6619233927 1.20736483583 21.7392399952 -8.73487001466 7.78656326008 9.19472525375 2.71865383824 7.7375300106 -1.16223102198 -4.26224990269 
-12.6319476628 1.29190386798 23.7086530354 -6.20389959708 7.02254400761 5.63686643161 2.88232900531 9.67476185072 -0.568606405109 -2.29383009281 
-11.44844436 -1.62033112574 29.1998507569 -5.04377382455 5.76518803981 7.23135611201 3.61287989037 8.92751544694 -1.44886570279 -3.42406374182 
-12.6483839334 -3.31535514448 21.7077811861 -2.83882135793 1.93744914638 4.16912482485 2.54996887649 6.65829277696 -4.851055991 -2.08449861475 
-9.49228633742 -5.2911720902 21.1585020032 1.31975175626 -1.5519530789 2.42304941031 1.15187644061 5.01999945112 -7.07621006489 -0.710435185555 
-8.27337452644 -5.18398316907 19.2054760504 -3.01384824363 -2.03553900248 2.14414988771 -3.12727764171 1.99076529567 -7.4525907683 -2.11004791826 
-6.3743736045 -4.91018748607 16.7361521882 -1.05467201689 -3.07134277724 1.69477707218 -2.98687077908 1.89317391588 -8.31338691752 -1.59526812501 
-2.46990295864 -7.54374541606 15.1648271437 2.90086089965 -6.53434038481 1.52798179913 -3.27865677934 2.97031819773 -7.61433935578 0.965331834897 
-1.00743568988 -6.83673290879 13.5442374747 3.74372770576 -7.99385063972 -1.89826204128 -3.40874601384 6.22713067014 -5.22385241288 3.71723349077 
1.52476550523 -5.643511646 9.48297799423 1.57832438188 -9.93937104948 -5.5636404279 -5.24083607061 7.23978267752 -2.33660328633 4.50002197974 
3.57440269515 -7.15690739724 7.61674870468 2.15802301397 -11.1973316289 -3.88262181378 -2.70449865289 9.93263924453 0.151122859016 8.24242406107 
8.76264597449 -3.57843430998 9.22222582461 4.9533130725 -10.5758628223 -2.15863784178 -3.81473397658 10.8300667713 2.76048085579 5.79362050393 
11.6404981248 -1.30452805051 6.7467800803 1.2021829548 -11.9385137544 -1.86462747661 -5.73025938071 10.6516089121 2.10735135422 4.22625138729 
15.3631317934 3.14130222139 5.43667735007 -2.45336403929 -11.7531079877 0.663245683342 -4.75480596809 7.66730122981 2.65340109572 4.04667411805 
15.1696000565 6.97804964164 1.99114422425 -0.245053084289 -15.9783746443 0.707664587914 2.89727852298 9.83512040514 -0.357315579248 4.34628146818 
17.3691857919 18.858220515 5.2064977224 -3.00397975425 -13.5574750603 1.39127695741 1.96012614917 8.07763829631 0.425258329193 3.71065113004 
11.9017230931 24.5068806858 9.29221385249 -2.53068891168 -16.2880140966 4.07867466723 4.53753280748 3.16513905674 -1.1079484067 3.31294441225 
6.76166547683 32.2199741049 10.9954662185 -2.99809121327 -16.4297176933 4.27611645894 4.18492015709 -0.708813036938 -4.13805833377 1.08377983748 
-2.69661314845 33.2800666883 8.37228624965 -4.42737583598 -11.7747664257 -2.76355208961 0.15737471972 -6.7111115149 -1.40404021487 0.282356162326 
-6.44592540655 34.3863836528 3.46140496904 -6.70006012058 -6.08560594268 -8.36492540515 -0.897670712167 -5.61503230401 -2.82443086188 -3.22951134185 
-14.505013706 33.6506993282 1.70562487554 1.92985939534 -6.16473859148 -13.6080948689 -1.18138137157 -5.61302096726 -7.79555479181 -7.20016280999 
-6.31873989245 26.5385334738 4.90683096148 7.68546597696 -4.24253242664 -1.3004757287 0.361699380216 -7.73570529232 1.98802534625 -2.30559626721 
2.48069322149 23.0256063192 3.38384591894 5.36114559422 -5.1707070971 5.20612755329 0.388272474868 -13.4579245553 3.28152635057 -1.5161969985 
6.24844647384 20.0025830818 3.6064641736 6.4495800413 -8.10204692336 7.94155281118 1.08666724565 -11.265987294 0.133866146612 -2.4002807135 
9.71860823289 14.2312630904 3.13822235079 8.73464587841 -8.64135957444 7.90393534514 3.83017054364 -6.96323533983 1.25122786556 -1.63179356283 
17.457390434 8.94627427035 0.937903843512 4.94433479025 -6.3357087907 7.68352469233 -0.325239669888 -4.41750515871 1.69086060159 0.124782159054 
19.0682819268 6.39387698599 -0.0779116735974 10.1311125693 -11.6211100861 5.69007581369 2.21000230146 0.426744284228 -0.40650128994 -2.5760748268 
18.5193634531 3.75612069465 -3.21824476933 13.8707296171 -11.1040453053 6.02995277374 4.78732696935 3.6457019389 -1.17300209357 -6.52812391137 
17.3869444766 -0.442003423015 -4.04345953315 14.6672779592 -6.0784138319 4.85850967019 6.16155299543 3.28414480878 -0.110567719073 -7.12363874891 
18.8712210306 0.562554392498 -5.0636988306 7.43691010025 -4.78670554022 0.484907440646 -1.29911672003 2.01922524162 1.19100730836 -9.04675549103 
13.9325362806 -3.33587005336 -12.7904206544 7.34119711284 -10.7414234556 -4.82152886296 -0.212076311446 1.66808574493 1.32974898265 -10.7044369765 
8.91454716039 -5.65761889026 -7.76174756742 5.74735687475 -10.8548385141 -5.32487038043 -1.34126883433 -0.881933237258 -2.12976564629 -10.8065425472 
6.06852255618 -9.12588141016 1.09824709094 4.31665080547 -5.50888513863 -4.17394470629 -4.42501750841 -6.58057501846 -1.18197727891 -8.86734420582 
1.23876701161 -11.7502751522 -1.30472094141 1.08845516061 -8.61212285071 -6.29233253931 -0.429894846922 -4.52267991803 1.17067183883 -10.0365621248 
-2.6302340732 -12.0607178315 -3.12113452988 3.85447807374 -9.37728819012 -5.99653992344 3.45082678398 -4.47088313717 4.37744991075 -5.10255007058 
-8.87616164411 -12.7496070115 -3.69682033558 3.80232376823 -10.0989845127 -7.25280322591 7.23698346672 -5.12606696658 5.82920269935 -3.91637086903 
-11.8281962814 -9.49487841082 -3.2816200298 3.55261724666 -6.13653802251 -7.81296778545 9.33926614293 -6.01168853319 8.008266222 -0.25859445278 
-14.1608468537 -9.05594093708 -2.5467548057 7.86906009571 -4.87926109017 -5.21366486413 6.45446563221 -5.25019401897 10.8946559428 1.35444624186 
-18.0317441432 -2.8791831137 -4.30494777532 4.79425469907 -2.08182873342 -2.10811980244 2.70240764816 -5.16425654611 8.33314562411 0.0658837231589 
-23.8101596841 4.37363477755 -6.44220634108 6.00411422126 3.11441658636 -10.7715902549 -1.43403083671 1.35818159008 9.34459598086 -0.318207094135 
-21.6160808796 10.2420705981 0.12176714259 -0.542482859964 0.627861800916 -2.67456928132 -2.56462462394 0.933134518592 8.85497935207 -3.41844940549 
-16.0846873169 7.08235621901 2.33904694506 -3.26366058861 1.62927387259 -1.55200805858 2.40532439012 1.44416231951 12.6847650468 -3.30273433349 
-15.2048813588 0.979264179704 3.94133561717 -1.5543069802 3.51058142258 1.0863431365 7.6766555429 4.17675640662 11.3117403439 -7.80688316419 
-12.4944769628 -4.40776757152 5.34371751905 -1.74646259261 4.01561505436 3.96118846634 9.09136456841 2.05523607666 10.1930361516 -7.53235893082 
-10.0076066196 -5.73950783622 7.49941385906 0.623211865372 0.514410942912 3.05514735801 7.7516248533 0.279743192642 7.726869222 -7.00338323064 
-4.98800411804 -9.5216437599 4.07549561799 -0.00105692592194 -1.81531000152 1.73360572259 6.20345421273 -3.00891118269 9.14808622489 -4.09325396353 
-1.28446190177 -10.3883142842 6.03473988048 -2.72549994966 -2.71635109057 0.969517400306 5.91895384725 -3.41443753815 7.07754781569 -3.26980259188 
0.790616267242 -9.52242386643 4.60883373508 -1.88975749385 -3.51697342558 -0.750976265123 3.80569052796 -3.30902737234 1.45501945163 -1.24212131148 
1.34901899186 -10.1504471133 3.46172000078 -3.88220850331 -2.51704091397 -5.29088983506 2.57903619972 -0.270309999106 0.324905601798 -3.00579827244 
1.85112616225 -10.898843587 -2.16797043256 -3.87334156898 -4.25929120247 -6.05113659986 1.36010981056 2.51261558294 -0.716616105657 3.82158116699 
3.97543981566 -9.70748723912 -1.1843586062 -3.76050574629 -3.18030150437 -5.19056621854 1.11073296521 3.86934428128 1.5999671192 4.35467411378 
12.0845501071 -5.65556065653 0.991194988786 -10.6136708143 2.69105226951 -1.3089818521 -1.1451684003 2.59589985496 10.4060975798 1.38510700119 
12.615603931 -3.77545911767 -4.50393907582 -12.8250368622 4.3465883852 -3.387055855 3.39311345764 3.74106811788 6.94256870639 3.74341185739 
15.5471234352 -1.75166609114 -9.98996215453 -12.9128433601 7.00464265552 -5.03137139438 3.03505400282 4.10710430974 5.97469639759 -1.56043974907 
16.1963559231 -3.47109858489 -10.6600349283 -2.67825630878 6.9863972856 -0.553699997635 6.73855995809 6.40316854535 0.715902745305 -1.10637696893 
15.5372489035 -4.39538650288 -12.4220074923 5.41662801076 7.16172693645 4.30699678178 11.3450887976 9.4836674085 -4.78481734071 2.805304456 
9.83134198574 -0.274711167734 -10.3851575802 4.29069694867 5.03995854453 2.81652140753 12.6062210249 7.03158066602 -4.33961510618 6.17610259272 
5.50219280427 1.05460256621 -12.4464261061 6.13038214502 3.48974190611 2.90623110897 10.6204903477 2.82879877071 -4.30134530118 8.05587730444 
3.36594543799 4.23167937154 -10.1071492954 4.50046167384 5.27673548358 0.36833134157 6.88373533635 -1.88047712988 -2.44225629267 10.5369815875 
-5.80082056758 10.8385851314 -14.290513348 -3.26497796581 3.45147852858 -4.8659898783 6.63775450076 0.622026324077 -3.2118407674 5.56888586573 
-11.0009987419 11.286781074 -13.0358231592 4.82661584741 9.68824099529 -2.12493071081 -1.96860533345 -0.751445998841 -3.23541777231 5.05126787829 
-7.39289777395 16.7075060927 -12.478490985 -1.555772396 4.30952754708 -6.25463445599 2.38835605295 -3.59438868159 -3.74581927529 2.78693253394 
1.53162072871 13.4030660713 -11.4406615623 -3.48692582477 3.44790950552 -2.0316011225 4.84046279203 -2.24521822366 -1.91583582874 1.17520218984 
10.8121404326 7.33170947256 -8.69015784609 -4.79971146734 8.44743800315 5.42753881126 1.19003393636 -1.39007477779 0.200512937756 1.82107807053 
10.34047778 2.77585296368 -10.3491097846 -0.350485873702 6.64014321239 3.89550098669 3.67502960282 -1.27975640293 -3.62169478527 0.82588739408 
12.1302792641 2.02585128986 -9.93677585869 -5.14478421883 6.15058517786 0.921869737867 1.72463018264 -2.40886027832 -2.24956062657 -3.76605884302 
16.2223654465 -1.73705208789 -9.65702929649 -4.28687122732 10.5623121797 1.1859255171 -1.26925420859 -0.51236336595 -1.97712826227 -3.16707687548 
20.0170391823 -3.24047409414 -9.52321307587 -2.63235332752 10.6471571802 0.550451563889 -0.18610257514 1.91061231992 -0.786717502156 -4.48992092625 
21.4001732815 -4.14990061001 -11.8555312502 -2.59817491335 8.09819471632 -3.76347689564 0.990717943195 1.84642391388 0.759244498153 -5.1700013811 
16.5661968281 -8.10836605062 -13.1447613456 -2.98566202943 3.41708531082 -7.51865605387 1.0135280286 2.82688742747 -2.70400517627 -6.27458490411 
19.5825625609 -7.17970650353 -9.688384759 -7.81173583075 6.83109991712 -5.70301856094 -4.4275489599 2.77680093236 -0.571471918106 -4.94263079301 
10.6195604754 -9.36335090854 -9.65915792616 -6.24036121179 -0.185182630694 -8.80274725018 -1.02945917987 0.71727841345 -3.50791952505 -1.78805583943 
7.8977378334 -10.4497850392 -10.4949422737 -7.30982356686 -3.46207711238 -9.98388888728 0.199511849513 0.0704163345187 -3.99741518405 -1.73887213283 
5.37296114121 -11.4504371308 -8.91666110479 -9.90766544593 -3.46679669756 -7.80879238284 -1.08192080429 -1.27579246469 -5.02997163831 -1.89335457738 
6.52386845631 -10.6120967624 -2.5040974192 -9.83442600165 0.420551220052 -2.13980496233 -3.54230383176 -5.2383398331 -3.8348523375 0.02878322113 
0.800569045819 -10.6524613264 -3.20111945611 -1.96166386067 0.0627830980142 2.36938373619 0.987823791803 -6.44550028455 -4.60034891401 -1.67040800325 
-1.70663887626 -11.2762240572 -4.8930962068 0.963146194911 0.779694549713 3.01887056271 -0.333671645968 -2.82385623567 -4.87124753969 -0.719552564033 
-9.8317424825 -4.55136578031 -4.95106062508 -5.23762661776 -4.65258147343 0.415368119638 0.243678199313 -3.16192252771 -5.64101782433 -0.110204157643 
-15.6164340005 3.45505205627 -2.37662074206 -9.63617218915 -7.56443038532 -3.32881914519 -2.85258261584 0.889771920678 -5.3225264736 0.21916225398 
-19.8526982955 10.1853916862 -1.59456286921 -6.18174193434 -5.91490732441 -5.56205018184 -4.7662660125 5.50324414649 -4.10349155035 1.78124525763 
-22.2568472441 13.6865333166 -1.46313904486 -5.35724729417 -4.42539791962 -8.14392699891 -5.04502252699 6.56185964766 -3.25239235944 2.26067875384 
-26.8714603174 7.7854021575 -15.7133952727 3.76043834869 -2.79958919477 -2.56637893593 -13.4630013926 6.56712464515 1.13696437479 4.66133887637 
-28.1693102502 7.76534528416 -20.5323650476 2.81855401724 -1.73653079148 -2.36938752508 -16.9272632691 8.11349076855 0.499905231588 4.69623453661 
-23.0796402907 2.70938050915 -15.1145519645 -8.097999404 0.355972602992 -0.301540751034 -6.1922634401 1.81126935495 2.93804877404 0.0510473696267 
-23.5123894694 5.67912659602 -9.57773693825 -16.6866443613 -4.41454281038 -3.08043716905 1.32400784798 0.383236650215 3.50849133872 -0.430581629464 
-22.0049700449 6.56834380218 -4.2769499403 -22.9536081251 -4.61147989428 -1.2756574374 2.77387758083 -2.70092904213 0.546769207227 -2.40473874508 
-14.2878302659 1.66422899003 3.11348763671 -20.7182368035 -5.31864113027 6.85760375487 4.91608089522 -3.84966522866 -4.7183258819 -0.803817821262 
-10.4399262427 -5.20054065472 2.99305088587 -18.5101807775 -7.0009996271 6.88070725164 4.82363246672 -3.42071497275 -7.38726563987 -1.31426365011 
-7.79556325047 -9.90852289687 3.91253592054 -7.15973891781 -3.09409384449 7.61188433074 4.44282410691 -1.02904730761 -8.24202632474 0.243277463109 
-5.55497733094 -12.290015415 2.47601332657 -2.40577603152 -1.5452211964 6.8052121407 2.81832183259 0.047630493019 -6.91052375294 1.47590589315 
-4.71919833804 -12.6800372992 -0.184745358925 -7.00232105517 -2.62187211768 1.75697074312 1.12864924547 0.167471940636 -6.81666632825 1.60915240943 
-3.46757618528 -11.7001722875 -0.873609529693 -6.07299174797 -6.16400004643 -1.71806508758 2.86521533887 -0.839008187883 -6.04310776194 3.50336706555 
0.884558369795 -10.2311910962 -1.05011858924 -10.7160441778 -3.54203193953 -6.7305292567 1.28209562789 1.05299273779 -2.75644905792 5.06760069509 
2.98766089329 -9.02554717459 -3.06221168183 -8.03928522155 -4.71135461314 -7.72050447646 0.445189985807 0.216208965102 -3.66979476645 6.04795020585 
8.1213534737 -7.7068290081 -1.74796272403 -7.5054959306 -1.86765164306 -8.53905166822 0.143510288377 -0.50403291059 -0.222933198657 4.66662604323 
11.234170712 -5.58126453758 0.169195875881 -3.19495657811 -0.272128736664 -3.15030551455 2.62077195338 1.87472701512 1.28431866173 4.18260931426 
13.2653813191 -8.16286468409 -6.14160713498 2.03090258078 2.73844069438 -0.088934913006 1.30647825734 5.0669565409 1.14105029978 2.41586962788 
15.554649142 -3.51434874245 -8.42951237607 1.13058294895 -1.8640685482 -0.371703558198 7.47872743105 9.10489696663 -1.67284811868 1.44310975279 
18.2325168183 0.841888279668 -11.0049922889 1.48009093699 -0.559540481889 0.175719819252 10.2317499327 11.4245319599 -2.80338410186 -1.20917033926 
15.1945996102 3.49662757388 -10.2170179081 2.96680520153 -3.15012232129 -0.664795467212 6.38453092697 7.68134226623 -5.36696611529 0.510420821955 
10.7584721508 2.81316724534 -8.72229384257 5.07334700383 1.49067553973 1.29606106722 5.04337627966 4.34722626719 -3.51836498953 3.18227805693 
1.85502433891 9.05511972441 -8.62210322356 -0.485397682569 -1.95994164354 2.28972612805 9.40855502774 3.04426883494 -5.85260052652 1.14980105811 
-6.12745595175 14.3395701414 -11.2655658962 -3.96049519114 1.40131746181 -1.68225174916 5.72653866303 -0.134047925643 -6.2817550788 -1.75859125228 
-14.166314403 16.7267038819 -15.8343136734 0.775784503154 5.35698936941 -8.82585663258 2.50607149393 3.64709922744 -6.27577728746 -6.36099007757 
-9.78514157791 14.8069405709 -14.2912955595 2.42440882123 10.267780334 -9.70142012136 0.555789394113 0.0649129513364 -1.377557002 -3.73319080313 
-3.79605064365 13.7257542999 -16.1367291777 -2.89471972656 2.77048062544 -7.23021497336 4.25578426024 -2.14583527513 0.749585198294 -5.58187052374 
0.843476318783 13.7031075546 -9.88225108362 -2.98644745795 4.63485012566 2.8193829709 3.65572342616 -2.64634621881 -1.55319426989 -5.37289322481 
5.98413090524 10.0431415038 -8.76298404997 -4.16436183629 8.12615465221 8.62846422791 -2.14059886406 -2.32276290061 -3.25570548215 -5.09694746479 
10.8292695287 9.48230751698 -8.07382628754 -8.45205736159 8.08732446719 7.46131750681 -4.89585931444 -2.74786832926 -2.61266439288 -6.14019131608 
13.4078026917 7.45709227763 -5.73255108115 -6.48327193418 9.81444090082 8.904633528 -6.4770846878 -2.20257545502 -2.05648673457 -5.86230530055 
17.1629604051 2.21238597674 -5.64668355753 -5.45788700478 9.3359321262 6.82126638788 -5.53814042045 -1.13360645428 -1.4049271825 -3.29255320505 
17.7772033283 -0.279289263559 -8.6109107833 -7.79957015892 8.00490158477 2.86469100558 -2.29490406834 0.869928982567 3.6734196827 -4.91690822517 
18.900147143 -4.26884874125 -6.38938168036 -5.75886612875 6.35666683144 0.675701174377 2.2034803147 1.98872055776 4.99290212809 -5.39166816709 
19.2071592105 -8.15244412148 -6.96479743875 -4.6163231397 6.53107405122 -1.30043372444 -0.105122394561 2.01939613053 4.5266394677 -3.56966012679 
13.8042195719 -10.2698562396 -5.93938570256 -2.05016128069 5.01633150491 0.379261188048 -2.42682465777 0.332114076317 0.449348229115 -1.5387857671 
13.9233597273 -12.6054749504 -3.68894221275 -2.1622958707 4.77743623936 0.510872044288 -5.94099988602 -3.2126727921 -0.836795314438 -0.943115833194 
9.63529977702 -13.4006038788 -7.36021417044 -0.513855200797 0.961048995245 0.885191502137 -4.24321209692 -1.08407011674 -5.07827814133 1.69425510035 
5.8449258052 -13.4827241057 -7.02397092464 1.03288968109 0.072879805936 3.00701160618 -5.22095014718 -2.24516853589 -7.21586113874 1.04489443163 
0.499286545045 -15.3172336806 -7.17193846332 5.76258518167 -2.73606423846 4.34819805546 -1.2727393751 -1.03334707236 -6.7544219141 1.67351276718 
-3.26802962604 -15.2809497018 -7.90106990726 7.09182078043 -3.67591875808 5.71316144481 -3.48013446363 -1.57399989288 -6.78281310745 0.970198565612 
-7.34865261315 -15.6383631146 -9.05738620111 6.67939219187 -1.96751877541 8.62308943088 0.988466438695 0.828560829436 -4.21603622315 1.71810980735 
-8.4560353353 -14.9067226849 -7.45255855399 5.80825271268 1.1078325066 10.5493067858 -1.01404950676 2.11067050488 -1.15353563115 0.601893426663 
-13.1229900791 -13.7776344443 -8.7351671841 6.42316940076 0.597427055124 10.3776947938 1.94063854484 1.74098413981 1.81189617584 1.50487610369 
-15.7400759827 -11.7998873705 -9.9592657452 5.58069943586 0.768457557258 12.3007164134 -2.84356793359 -0.0426233447516 4.12810006853 1.16261523439 
-17.679766168 -11.5366396755 -11.4065351232 6.0329139776 -3.21329348662 13.0248480994 -4.68557145041 1.23522423052 4.12448397301 2.62982639475 
-19.7621557311 -8.26913790277 -14.5859478084 8.53819518531 -4.85750565484 12.5032338679 -10.5664570868 1.48696104496 3.71938764464 4.13610130669 
-23.5539315583 -0.378126203616 -17.4223161295 1.78792517582 -5.36114823241 9.87744858941 -15.1100667492 1.71726997793 4.47902944823 3.35460732354 
-27.3798990662 3.49441081923 -19.1009867518 5.19498777645 -1.54807205115 14.0425633683 -20.6652903801 3.17674046141 4.53071262115 0.479600431717 
-26.3263898417 0.796072593939 -17.9588734287 7.74647823686 -5.9584808927 8.5139886052 -8.18595061019 -1.9682057244 3.75977748843 -0.45124878552 
-25.3667374334 -2.57014347891 -16.2114621956 4.73316726095 -10.6761372751 11.2059722604 -2.39410724023 -3.23009694335 5.30194083463 -3.49984575405 
-22.1172017669 -3.1649385093 -13.6782879366 -3.82589845787 -10.5505844271 8.47032614757 5.91197087302 -2.68279282292 4.84760693743 -2.49942630599 
-19.5793042364 -7.34101422721 -9.21567968181 -6.91626674453 -9.09781757878 8.11769924678 9.25488412471 -5.20559567669 4.52955432957 -3.10482645921 
-15.0937985587 -6.93766198831 -4.27578029605 -3.6784066692 -4.60301063783 7.5224146639 7.16327931296 -3.61385301923 3.02295441162 -1.32204567338 
-9.71814449772 -9.7426370583 -3.92259613004 -5.44648010288 -2.66044307687 3.97428165432 3.51648613495 -4.12046113756 -0.883195184782 2.19752759359 
-5.50780076041 -13.4415803777 -0.60682259669 -4.11873768015 -1.09638474301 4.60733252253 3.87322629783 -3.7407938274 -2.76780234625 4.96891211491 
-2.25452438609 -11.1809139239 -0.483807234703 -5.01075017835 0.0169944266854 3.27780743389 -0.262045541983 -4.27624180897 -3.85682872162 5.7141471326 
0.696744938181 -7.02796790592 2.22503667874 -9.6733381467 -1.71943302871 0.505833600113 -6.28900523107 -5.3759037582 -5.18779466931 5.04403958924 
2.9029406857 -7.76762773807 2.30172757218 -11.8412722119 1.72040666549 0.241707952789 -7.64398964431 -5.94855092721 -2.62031005662 6.43184437072 
3.76111726358 -7.84497507358 0.78308056135 -12.7968578215 -2.72954495627 -3.91465583076 -5.66456173578 -4.32164053166 -1.04074547655 9.03708836102 
11.8277627035 -5.94110557325 -0.840312569386 -16.6686803536 2.85518562521 -0.464475401126 -7.67401774253 -7.02570120049 0.633808819461 8.42478954821 
15.0555914125 -3.18132149244 0.444146116751 -16.3374416034 7.43945214647 -0.0335960739189 -6.62280035276 -7.80031518293 4.32423424102 8.83858905657 
