-8.40765522625 -3.16900456031 -0.956699762215 -6.61435045174 -14.9212256052 -16.2420320497 6.7687497876 -18.203282836 2.46281954684 -12.8357356182 
-4.40370531929 -8.12110900103 -2.44060211639 -7.88875978359 -12.3389401914 -14.5131027257 6.28977160713 -17.0048584329 1.65374927645 -9.29986314368 
-3.28328949575 -11.3970595791 -9.25524458758 -5.51203738572 -9.2025614687 -5.18010295456 -1.01428626053 -8.98682176049 -0.12884030586 -4.23506064052 
3.06411944621 -10.4153335779 -14.5257073193 -5.86349900968 -7.80743450668 -4.69179164603 -4.56219535467 -5.92642340491 -2.68532374656 -0.741831514897 
10.2663263215 -7.08392768593 -13.9172247493 -1.13478778884 -13.6350174591 -3.22189432821 -7.86377900709 -5.2227823802 -5.79483592868 -0.137983962178 
8.74331830126 -5.76653692641 -20.4443909246 0.218420415345 -6.18525521439 -7.71974820298 -5.43956123729 -5.6038675716 -1.02951218307 3.42643818482 
5.81638846733 2.99742142037 -17.4604104687 -1.64526799117 -6.10882446294 -2.02892569761 -1.68708970608 3.61347386589 -4.36325817478 -6.15583823115 
7.56043518926 3.94421639251 -16.3845669227 -2.57102914846 -2.59655635308 -1.88865947421 1.02679140414 4.08685043334 -6.6017792944 -3.42074492795 
8.20660570656 6.25418868798 -7.22629518158 -1.8118828876 4.18677027434 -6.95958776994 -0.925533713118 5.49003679496 -3.83704566096 -3.46806407089 
12.9600408739 8.07213876019 -6.12305029108 3.96387737094 5.46754055097 -4.80077212107 2.50832397588 1.76959586753 -5.44447642861 -4.94704986561 
8.36112050459 11.5547635436 1.76722342574 1.14455096551 6.27595173387 -0.460628738865 1.71179301077 -3.61638365122 -1.46333824097 -4.97981841246 
4.85992030181 14.1783673201 0.914225204417 3.82101866438 8.51435198368 3.28903442414 4.01995811653 -6.49035443794 1.57062702244 -2.93683852348 
4.04536779113 14.9233644388 1.21581689549 7.82897665536 6.94046916431 7.49792814036 3.33801170438 -10.5354414926 2.20087213066 -0.608627288146 
3.66161136886 14.4268093913 6.26295003417 4.93690661029 1.18882183962 12.3056782037 3.03226731575 -8.72997856498 2.00117725278 -0.0749808724985 
-2.75881841976 12.9570388633 0.69805175951 7.38797772936 4.59828687047 12.7011614855 3.75621073257 -9.38970931249 3.01535346108 1.51458606923 
-7.49452628669 13.3567316162 3.68400024422 11.5877788515 -2.6970557432 11.1244558875 3.53360260548 -5.60303432988 0.628394137489 1.33845161027 
-18.767967065 12.8608414394 2.88842547379 17.3238978712 -5.83616877468 -2.4923994514 2.49991826382 -6.67352791517 1.48341529327 8.88234507212 
-19.9459542725 9.72596727427 -1.00654073033 23.2158335638 1.191414795 -6.09174480791 3.38274905642 0.544370875089 -1.54917900011 9.94207044984 
-11.5282160698 15.9790248003 -5.45118488969 9.54714651731 -4.49853360415 -2.07409555113 -0.0961942166673 -7.29765678892 -5.91512862151 -1.92139043927 
-6.36343426778 18.4225917707 -4.60772393751 6.74574525758 1.28222602898 -2.55991960174 0.89360438672 -10.6335194407 -5.54842160537 -1.77941898025 
-11.392677575 15.1912312619 -2.52967714412 4.79183975425 8.17420897522 -3.80383713512 -0.574804103638 -9.19655259541 -4.81648804094 -2.72203270931 
-4.10779774515 17.6491075691 -2.9218474712 -7.40512004019 2.01491128843 1.84732736051 -2.59067439961 -9.88088074541 -2.93901585087 -1.00412780524 
2.51774076821 14.9385400649 2.50462458412 -3.72605544824 -5.13427413779 6.3196363957 -4.0735350599 -2.56949652999 -2.36767910698 -1.63140959239 
5.54275984512 9.40829266838 5.49975322478 -14.1670385308 -0.44038271012 3.35868961528 -5.0126557249 -4.29918559043 1.06046318645 3.65429009383 
8.90445992524 8.44876154051 -2.56353766644 -7.26657812493 -5.38284533787 -7.97245668611 -0.868397229923 -2.08048203944 4.30400919297 0.755802088841 
12.4812725001 8.59458833701 -1.54970142289 -10.9827358102 -3.48969777562 -8.31073018254 1.66637919463 -1.18744937657 6.25217259875 4.18423412331 
12.382091509 6.35231850563 -5.17029613317 -6.29152053156 0.516243033448 -7.09445556052 3.50653240688 -6.58005245347 8.08568562568 4.89552531698 
8.99141352603 3.00141767962 -4.45952007618 -11.7423707885 2.054754188 -5.92960838076 7.62681970998 -2.49638208847 8.33815502455 4.66923633271 
14.2479788971 2.67359125735 -10.0007431881 -10.1491950282 -1.61854060908 -6.64238556358 10.1585566464 0.256482965233 4.73062991195 2.67343617481 
19.7261938485 -2.70369895138 -3.5186490563 -6.8442484996 -0.362473498108 -0.935294551936 11.3577744072 -0.767890818673 1.90240362885 3.48219911451 
19.0087117113 -8.25040385429 -2.73894253342 0.109510924336 2.58528663144 0.110415556206 10.6103813638 -3.22970708733 3.56118712371 -0.539857253652 
23.4278440197 -5.84559020783 -4.66122146065 -0.503584371545 0.667262499772 2.66689071721 12.9411672184 -2.80043686752 -2.64655349343 -1.828852044 
14.5419697651 -6.62851929946 -3.48070802855 4.08825278763 5.2572598512 1.68711733587 12.7131508543 -2.95977812039 1.84315609511 -0.671912544595 
12.2346856459 -13.760246056 -3.9800281585 13.9624527912 5.45319188512 -0.910369110409 12.7459976334 -3.36310106501 3.72860681544 0.868580002426 
3.71603128594 -18.298030618 3.71250046411 5.92030190508 3.17700025572 2.28895054627 9.00796919513 -1.72286438498 3.58171234137 2.36160867652 
-9.55990895969 -13.2979498199 2.56122798515 -7.31439988398 -0.998893260066 4.94543271305 3.44158996685 -1.72671104001 1.53812919547 -0.920653361386 
-18.013520606 -13.6046015854 -4.85525727933 -4.99834545863 -3.44252534291 0.392692666747 8.13150309056 -4.15802575242 5.03106670675 -4.16659198487 
-24.20552653 -14.9225313563 -7.96989211759 -5.04406842972 1.07076173814 -0.121792016668 5.95101765478 -2.7849161295 3.66074694326 -2.05767661651 
-32.4849220969 -16.2123242166 -5.40382696289 -9.94806429234 7.18729773898 -3.50194002501 5.08947514734 -0.945610456893 5.43865178959 1.09068563782 
-32.561560976 -14.1951560547 -8.87410660062 -11.4394647261 6.59061688447 -5.03421088545 2.87504910406 -3.53454483089 1.80100783107 1.48192034875 
-26.9369404031 -13.9980751599 -14.5233529905 -2.69209458201 1.61594776119 0.317399941674 0.719627854823 2.1698512289 -3.47419710204 0.264507427327 
-18.2264771725 -16.1815301333 -18.6927835476 -0.876145763892 3.19149454646 1.47593158315 -3.48983432439 -2.45951556231 -0.860315650549 3.1520832358 
-6.97108980975 -14.5914720967 -23.8907904483 -0.892822050175 0.888326712943 1.60760681435 -2.4023232246 -4.68854248599 -3.07261715416 4.68901097554 
-0.75673934353 -15.5747548104 -20.2892824106 -2.385681005 -3.30562293002 3.25167933183 -5.56028026307 -5.95670033511 -1.98680918043 6.97677550968 
2.55394424562 -18.9247819868 -19.3462827183 0.995494745434 -1.85201647179 0.736931710174 -8.77090483145 -5.78021229307 -2.2108099162 9.26196553719 
7.29291504073 -15.0337553959 -22.6383643001 -0.732999514414 -4.02599450861 3.06238753513 -11.8894386564 -3.43102854286 -5.47831899966 11.3685614143 
5.70634546169 -14.6261878835 -16.5473176112 -2.92774206597 -3.7427113555 5.32895256742 -7.78695152038 1.81003190619 -4.36349450465 4.13563241243 
7.62789206866 -6.48413550884 -17.3838447565 -0.273599936698 1.92201420652 4.79175567526 -7.46158087302 5.54279213278 -4.34771994832 -0.115536037423 
15.2865231274 -2.70638994134 -16.1048124235 -3.44741111993 6.49539349535 -0.69171307479 -2.63862691247 6.45969976475 -5.17637730385 -1.15409068808 
15.7102593136 1.72713096365 -18.8112853293 -4.28033049967 1.48283853273 4.6248400842 -2.17540603317 7.41803764133 -5.52080626545 -2.84989463331 
12.530702852 1.04505788303 -17.4567842465 -3.58833927708 7.57167565658 2.13065995892 0.777809639998 2.65005354981 -2.55529811011 -4.40553276126 
9.38738119695 6.15268244882 -7.78125655711 -3.89871402003 10.7306516843 -0.0776171508363 3.83485134109 1.60377449583 -0.0757453053281 -1.33278548433 
7.50837663942 10.5139644283 -8.94440642592 -0.433369492286 12.8838961607 0.358304234786 5.94143590045 0.152020063316 -2.6914309315 -2.07552032533 
8.67467138146 13.227716834 -3.82874468265 3.26587638999 11.6652997193 5.66570874965 5.16646785626 -3.25261864128 -3.91216740438 -2.78716641658 
3.69041274222 14.1872415317 -2.33171369646 0.849267348272 9.21425497282 11.0060640657 3.97198964818 -5.81851303294 -1.79264309427 -1.51459731688 
4.22447922402 13.5774697981 -2.35680480788 -2.55487106155 10.6502612864 11.4506506475 3.61417003819 -5.76793126163 0.130869983861 0.941174280636 
1.73365206844 14.8598940671 -0.663685097955 8.5691944461 1.85896915209 10.4179996642 2.88684891501 1.78558585354 -0.154495493733 -1.5007879499 
-4.17105674098 12.447299863 -1.05459311084 12.296675661 -0.456502814274 8.0002657314 3.08477850805 0.251323278919 2.02158852396 0.405299343646 
-18.0021240948 9.98202378574 2.05324902619 16.5165656942 0.956631406417 -1.85858360394 3.99006340125 -0.937876483142 3.39006280195 11.8416136995 
-19.5932391346 4.97569793429 -4.27465604796 16.6481050671 -3.3558372379 -3.35000640053 6.37993774195 2.33769460446 -4.33655975165 7.8568458023 
-16.9640863747 9.73634398653 0.143222022885 4.52749102664 -5.80581551061 2.39905678539 -2.43255624206 -0.8105790777 -2.71292335376 -4.29891029065 
-9.92731493654 14.4039485791 -0.718153886992 3.06022807556 -1.30380789635 -0.935252423573 -1.43111669023 -1.26003146915 -1.39655653304 -2.50476809087 
-12.5425745081 14.1540102298 -1.90441082755 1.36297282609 -0.825600740109 -1.63412485339 -0.768746962044 -2.65984363786 -0.272976132327 -1.63536519813 
-9.52838766223 15.9545168427 -0.624211903731 -4.26042309311 -0.479458542271 -4.92055224538 -3.92357813458 -1.8693582797 -2.56430307548 -4.47863593693 
-4.8579981198 12.0767820268 2.06426951713 -8.07241161032 -4.48282866512 -4.24078847963 -2.2964228834 -1.06713731894 2.3261545241 -4.04313676077 
2.70290297864 14.0949844863 -1.04189656793 -11.620898735 -0.274559271602 -0.757529606591 -4.41293227486 -3.22461092942 3.78385646342 -1.01121671652 
9.19917967753 11.001403414 -0.21240349233 -10.8897193125 5.00423750149 1.63839774835 -1.34510795058 -2.58755067544 7.7210260392 5.88828297354 
15.1685357362 8.65154832657 1.48797722158 -11.6687630858 5.37472056783 -0.0338434923659 0.795197135134 -0.0252683046486 6.43509464526 7.0799702784 
13.1901794824 4.78790008625 2.2421166906 -9.27170979476 4.35170243462 6.07774201296 -1.78030544145 -1.87282720387 8.09898003327 6.52776583151 
17.5276221392 2.87285893746 1.18629558481 -4.27359276131 7.06107008989 -1.37445726194 -0.964252877853 -1.9921962391 6.82272430437 11.4549733042 
20.8392102912 -0.202574718729 1.01650199933 -0.515916135379 -1.89785580303 -0.269646142082 1.86431253888 6.48069149342 3.93623179041 8.56676134463 
17.4409198963 -4.83019286581 -3.225357578 3.10129153711 -2.34975056207 2.36919923842 3.42275504922 3.91946867298 2.72202991767 3.45822954109 
12.2666168147 -4.28359265341 -3.83677944976 4.99473985155 -7.94430548292 7.8709106475 2.69409111678 4.6635819758 0.587835017265 -3.78840728632 
13.9045014864 -2.31277567052 -5.55727569114 4.9756072591 -9.34028023884 9.38645348338 4.05916593545 3.52084294347 -1.55152047109 -4.65312659435 
8.14427261492 -5.4936488315 -6.70537349477 7.36315867162 -9.63069243515 5.45734978651 4.67022377238 6.54871934198 -1.68090239143 -6.18192250388 
8.51442620554 -7.94572611875 -8.286371539 4.41377680387 -4.23966532895 9.8056356558 2.75068396171 2.8330581377 -1.57924979529 -3.25321666659 
2.00130950139 -11.9813487247 -5.21678616045 -1.97242205497 1.38125228456 10.83524168 2.65468338844 2.37312901563 1.12812659887 -0.788322391759 
-5.30135662918 -17.1973582692 -9.1551185704 -3.25561796818 2.27021418149 12.9370841283 -3.87479656877 4.43641178726 -4.35357926903 1.45991765281 
-13.8840665635 -21.3985403371 2.21982297933 -14.1309363516 8.61961655646 8.49949912124 -0.24335901102 4.01214838473 -0.643755003082 2.27953254663 
-20.8310743283 -21.2818804952 0.907703856211 -5.40947242765 2.5446679331 4.55025394314 2.26795167941 8.30236126882 2.88347065409 -2.66120046644 
-27.7090151772 -15.0724832582 5.83294526975 -9.96471432249 2.02910401889 4.17839978486 6.12226558786 9.09462378681 0.62855061909 -1.39887937179 
-25.9705674642 -10.707377791 13.4603358631 -15.9609478563 3.3108869187 6.36842126731 6.33603727406 9.17991118415 -1.0624165662 -4.25248999793 
-19.7427690447 -19.4822953047 9.33912054392 -2.76558606896 4.35393034312 13.726723318 -0.729848673777 6.73855391481 9.39116109572 -4.79148497857 
-14.4369064245 -18.9219994618 3.95858581537 7.00876929578 1.36828496906 2.16974738593 -1.26687903834 2.91485958597 7.71265533545 -10.3444496029 
-2.038139612 -20.1391730322 0.104126840524 9.38323481361 2.79400287113 8.4931270424 -3.49139137695 0.196388604605 5.66200038508 -4.5039340251 
9.34964064898 -20.5491961589 -1.39280242123 4.32126868061 -5.51373821539 12.8489401273 -1.95756056016 -0.166428710465 4.8851665949 -2.97536420003 
7.10532233504 -21.4936379827 -1.46385342179 14.6032128429 -2.25837841871 12.2678912359 -1.78845433608 -3.52212807421 6.53589758299 -3.58477393288 
12.2774766528 -14.8982471288 2.76000650058 9.34831466587 0.614401249878 15.588383722 -5.37744448014 -1.21441481352 4.41188088849 1.3207669306 
10.6751384569 -16.7422031863 -2.23966018981 1.91771813184 -9.73971384247 6.56351753457 -0.483190069685 3.75640904913 0.206508196882 -0.711834682141 
2.93939532826 -7.33402008265 -8.18845241577 -3.97807474335 -9.88211794369 -2.27290814023 2.09768422978 9.49112548233 0.0236436830428 -5.85184094257 
3.65747318659 -4.62484999378 -11.3819304258 2.61866227803 -6.27584018479 -9.38587040385 3.0028483971 11.7880344093 1.69708784651 -2.9922296345 
10.1041157206 3.50792659061 -5.35419366031 -5.35689577462 -5.81184493916 -5.25264543242 2.45467573929 9.74324834373 0.215166065091 -1.1281068254 
6.85716411996 4.84683495357 -3.53904787934 -1.81976374637 -3.05940285615 -5.02845173148 2.41676026655 9.65030326024 5.77825764885 -2.78238224177 
11.56306137 7.27811706802 -0.579374650265 -0.00276124386559 5.34379738916 -3.5971593439 5.6276869684 10.2139694348 2.65171295559 -3.92307837432 
9.66953536535 8.65801802591 -1.05587587201 -3.32510053738 5.29581492852 -7.27685167523 5.54975834829 7.52538395219 2.25555828652 -3.36436330666 
11.0993094702 11.3284066859 -0.042175479356 4.81366528624 11.7534328218 -8.68950306076 6.25656452237 6.33014141933 3.1723828602 -0.675426356943 
4.43039751299 13.8038465152 -1.99911966066 2.43518018164 9.51981908009 -0.0695082457218 4.46832948017 2.55141819376 1.29985093642 -4.18933364384 
4.35707605304 13.88987566 -0.277283524907 0.731214988865 9.12879296301 -3.4372639213 3.75219534816 1.602602448 2.52176250055 -2.84530959668 
4.05516361821 13.5936912023 -3.09230517147 1.53859391704 6.51805387352 -4.64861925426 3.45456378172 2.25645603885 3.92894064584 -3.16061142261 
-0.675789752833 15.1113417569 5.40919853503 1.93483443875 -3.62164440458 3.828439607 -1.30380923022 2.47063875866 2.80339999642 -4.83220134899 
-7.63500694082 12.9133471098 2.90440079017 1.35489346022 -4.48837069263 3.67014429248 -3.18940611979 1.0269497615 1.63602244428 -2.34664384857 
-16.8285050852 11.1276238197 1.26583620545 12.5649344614 -16.404288646 0.61925906345 3.66279639762 5.31618804584 0.687325351511 -1.934037911 
-26.0101960746 3.75177496213 -0.229612888225 17.7593756372 -15.3005170542 -4.11091802286 4.44542155836 7.14461843489 -1.66647828484 5.39392345409 
-19.1744447884 12.1185641781 1.2235322109 15.3959377201 -13.0270279146 -1.63759857605 2.49151527146 2.55516293112 -6.9518764814 -3.02712480806 
-20.1688104125 8.99745504821 1.33408153486 10.4333086544 -9.03403892441 0.888039259969 -1.57950407531 4.75315694625 -4.56079517012 -4.35086386749 
-10.8192553202 12.9004057481 8.41787658038 -0.610741786295 -5.56874389433 7.18077736291 -11.3031798445 1.29341995343 -5.48422915426 -4.16381555535 
-7.77625010595 14.1676606655 4.85037168085 -6.92785018231 -0.964221945912 7.89903927872 -10.2233199188 -1.13100576907 -4.89914509593 -5.58674951493 
-9.87375181269 11.0221283088 6.15028755081 -12.0003539383 -2.68263642262 5.86049937231 -8.96459358488 -1.15419492071 -3.87361741212 -7.91786168774 
-3.92012208134 12.7178648105 4.76852371695 -8.68341761337 -4.62658063383 4.39736192046 -5.15725726712 0.739550775824 4.56775130741 -3.78139291226 
2.32551963796 14.4108310542 6.49211538235 -8.35101780015 -6.8434582809 -1.29953302359 -3.95371523607 3.05999773045 3.08326829777 -2.31000595967 
-3.46605167655 11.4337581045 8.20712223844 -8.63396859848 -13.478708516 1.05659966121 -3.72443173229 2.91935517233 8.6568002341 -6.253663735 
7.59233045601 7.91021507527 12.9519285105 -2.88606947909 -12.3674580986 3.02593909892 -4.21055628636 5.95745406144 8.80608208359 0.206098004465 
15.1039140947 5.85353701865 15.7713996293 -2.46474779245 -11.430014221 1.24919188714 -2.28096427593 6.46310945799 8.67977653353 5.98561911856 
15.0237825433 1.61220138244 17.1752813553 -6.51489514376 -16.3772814992 0.870096418932 -3.67728848014 5.66247595088 2.64770638321 6.46831638035 
19.1488625719 -1.68576197655 16.1837719125 -3.99093045133 -17.5328404893 -2.5838497167 2.60576760196 -6.28306113586 -3.10174387607 3.98146091579 
22.3379619986 -3.50345445195 15.4721866979 -0.382507903162 -18.363645584 -2.22119287881 5.43328732794 -4.85107598099 -3.99563846195 2.78626407977 
15.9425055216 -7.32875302886 14.9529646251 9.01501211633 -15.1147369007 -2.24536320556 7.7034402796 1.09650954508 -1.28731009882 0.444946176159 
12.1953373403 -9.20304575167 16.4222580502 1.87130651186 -12.884413595 0.359858255705 5.67817409639 0.0808511121066 -4.10714661759 1.64334114988 
7.5950807574 -11.6018233748 13.0230900496 -10.7047006984 -9.0508947994 -4.08527395262 3.51680127767 -2.93383691948 -8.73438925957 4.85930163544 
5.06602139109 -10.9260879122 14.2696506444 -17.6088814964 -7.05537751277 -0.202738836349 -1.4076958597 -1.22469856728 -14.1407187387 5.47581055237 
4.79092465282 -15.5108673211 19.1612590278 -11.5754050327 -2.0267996521 2.56679747019 0.852572297017 -0.842854720479 -13.6266538639 5.5832019766 
8.25990159346 -12.6362457676 18.4307349714 -3.41833460696 4.30424046085 8.09971454305 1.41047242151 -6.12232928527 -9.63651332526 8.50659039043 
0.149265292923 -20.7653085986 19.4848553533 -4.40774360997 9.35798925817 1.52117073572 2.47325066369 -2.52976815288 -6.62049183173 7.53651970564 
-13.9917500958 -17.0117192135 17.8967472494 -12.8808800166 8.23190591816 -6.43550001862 7.77067346615 1.28643057959 -9.695362181 1.19168827411 
-22.0105373345 -18.8470552087 15.0971072988 -8.09469840326 10.5781074795 -8.76236746479 10.4783334107 1.67149276077 -4.1798378697 -0.0586554551969 
-18.1944260633 -20.7370419537 12.6346960181 -3.69441836739 6.23194139235 -11.5261375472 6.18527389101 -1.22196133861 -2.56820751407 -4.32569459789 
-14.4275795657 -15.9417630142 6.43461765636 0.20215486662 4.34460741569 -5.86447788843 -5.52964435106 -7.37081691002 4.77711300875 -5.40762782828 
-2.19446369848 -22.7402803275 18.064310086 8.73170462106 4.70582290624 -0.911866392349 -8.76668298989 -9.30605262532 6.30235337465 -3.11991268675 
-3.96120550012 -24.8322559994 15.4253942569 8.73419009059 5.30714332379 2.82856945348 -11.5576883025 -6.47600422435 5.36366934132 -0.124173678686 
5.93470003608 -16.8234668016 8.36425553761 17.8851494771 4.50712753783 -8.49463015259 -12.3587719844 -3.61615781704 7.35191165697 -4.77131674109 
7.87844735906 -17.8980040497 6.67355890088 14.853671027 7.66609000179 -8.39887293452 -11.4418637295 -0.938216182467 6.93711146721 -4.48554364325 
11.4216897345 -17.0956504677 5.39019055438 17.6085365628 4.61120565473 -11.3031354177 -10.3912380575 1.15381681689 2.03967357633 -2.16070248384 
15.6889724855 -14.1602586538 4.68134962477 14.8342061192 6.173304965 -14.4570141162 -11.4323513908 3.37198780537 -0.413635502322 1.01018907671 
15.3624503854 -11.746308604 5.48196409387 16.670546682 6.13533002212 -14.1525693555 -6.28995830897 -0.365081169035 1.54201563389 -0.897619283267 
15.2334092527 -8.35001934668 3.97884005774 6.70699693825 8.19997236501 -13.391266635 -8.82059987559 4.3908120958 -3.35213371119 0.0938853074422 
17.2009375236 -5.69002204487 7.19080541416 6.53485944707 10.5971490044 -9.51252471749 -3.92696424513 5.8821011747 -8.50280534804 -3.07234999552 
15.1124556976 -1.71333933887 7.8360074278 3.77782519317 7.47128534782 -6.68338243356 -2.80810275657 4.3017593263 -7.37091650199 -4.75544761676 
11.8751145333 5.11343397489 9.7947890369 2.16072824014 10.8324235212 -2.06634041403 -1.79522198207 3.10789103263 -9.38152623399 -5.60750002702 
15.2586615393 7.23508483501 11.4041894122 -0.341304483779 7.70095612717 -0.80596261058 -2.02825117983 2.17449996596 -9.52637794329 -3.22529109775 
10.72100424 8.02543729076 14.3419073017 2.70745500092 7.98504573337 2.1206851127 -2.19535771517 1.23774646529 -7.35286820552 -3.8067214104 
6.57243993282 13.1536061339 10.4292213501 3.61147274492 8.54483404216 5.67349163207 -2.64305139872 -2.34905433093 -6.28559949875 0.439510398721 
0.940552933739 14.7407955245 7.64631818921 3.90423937937 5.60822219446 8.26374935177 -3.3912597083 -1.74583924029 -3.14712388206 4.8576251109 
-15.5335696664 11.7498021851 4.07705686577 1.75418724686 -1.4629796852 0.85393532571 -2.29608450981 5.06742189811 -1.30863805429 2.45555917182 
-27.056725076 7.91292923047 1.32330301556 8.37948461625 -3.42357045244 -2.6965695382 1.95603631429 5.63985380228 -1.90455850645 8.61157085734 
-24.3688200787 8.58077311065 -2.86599757955 9.666290051 -0.581747783883 -4.87934465868 5.34201357167 3.98707825289 -3.64037255244 10.6745188639 
-26.7515198422 6.01972356897 -2.58031536197 7.94324214791 2.32700434975 -6.45062416833 2.14399217557 7.42322485486 -0.195359869944 11.0013640405 
-23.9286784899 7.23688714885 -0.672709803401 -6.01884048985 2.36866111075 -0.629121849431 -5.35178065379 4.1867590623 3.03909107511 0.254385310026 
-18.3613187995 11.633025489 -0.27850515371 -4.66738211061 3.86588831307 -2.46748142873 -5.99723659178 3.80449032833 2.46795821358 3.80523633383 
-15.9947420085 12.9224184804 0.506376064407 -7.6745986732 5.49230715392 -2.81493416246 -8.97489606482 -1.44146095607 0.413825389698 0.704038117152 
-17.7527639506 11.8121260651 -0.0555839388252 -11.6425566371 2.37922366805 -3.40081035494 -8.64761792005 -0.939125549637 1.35135084695 -2.66012708873 
-6.3619737495 15.1611531519 -0.390576177453 -11.8866003981 3.28920987241 -5.0795536898 -9.19537440459 1.53901169084 2.27451217436 4.66803198852 
-1.76396772422 14.3047705992 1.3085114668 -12.2001156486 0.685770735785 -3.35322274221 -6.51233086081 2.39629716175 4.35013410222 3.1755917825 
-3.23260080929 10.8180670514 1.55239508019 -5.25154295956 2.06637702955 -1.9270360785 -5.03584749257 2.33544563489 6.47080877979 3.2555177128 
4.93807790846 9.71751089951 3.22015498828 -3.3725558286 2.53431246777 -5.79128795091 -8.0054583404 5.84654266197 7.38084660778 9.35825361523 
