35.975556398 -10.1667071543 14.1727093735 -5.93648839213 -3.50213274946 -5.83441384776 1.11765047603 -11.0177160255 9.10031087027 4.00526412531 
26.3385610043 -32.679212614 18.4912698187 -10.2615710881 4.7721008492 0.251123201101 -1.96397050381 -2.88440884023 16.4223895897 5.01172708779 
18.3220267598 -16.342807003 16.3856919023 -4.13596047513 8.74453289819 -10.3515810022 1.34312573574 -5.45076794307 13.4917392132 1.25392637705 
2.315016698 0.840182562111 8.4702736398 1.73033788657 7.09801132501 -5.43621713874 3.57060399379 -12.1020885403 8.5449912292 -1.238211795 
13.2047776729 13.1586716927 8.12210966394 0.835426069149 10.8656029263 -5.15379556307 7.30032470667 -7.10930553846 7.02910772072 0.669505827757 
25.2794050624 11.8287267223 8.4807923526 -5.27662483586 7.16215522994 -6.96105495716 -0.144077310957 -4.4476529204 7.63366862036 -1.10506721763 
19.46817407 9.65010667273 2.6043575779 -10.1719263489 1.54172491675 -2.46659377842 -5.63248543892 -5.46542675921 3.98775741884 2.23349326627 
27.4147446636 -12.8895436093 -8.29421708546 -9.23122266288 2.84199627989 -1.38703704275 -5.78064705419 -1.93149252682 -1.79615525573 5.81069592358 
12.1931922758 -6.94422414115 -8.34523989119 -3.99519204096 6.17093131496 -5.18193099064 1.97226308489 -2.07606695666 -1.55841356133 5.39196783546 
6.57592220861 7.61096325088 -2.18731058365 0.617158486036 -0.152951829332 -5.43306278967 2.94446826441 -2.67684227499 1.91918000066 5.7665552352 
15.3899029546 12.2242396285 5.95680786541 -0.0325772038883 0.768264448228 -2.62707598919 5.44300714168 -1.77747766774 -3.09570232679 3.59945569492 
23.4990400489 10.9409927126 10.5048057138 -5.01839354939 4.89000678334 -2.03693307135 4.59985542192 -1.81553360826 3.71408593067 3.0381643269 
27.9836642607 3.24308200674 13.4601361528 -4.41444910264 1.83261630626 -8.25767236619 8.01256834196 -4.30222785478 3.88720250009 2.38973444183 
-2.68571178634 -8.56206230517 19.9830573845 -0.583862069439 3.06466617323 -7.46327178023 7.31059450872 -2.71949557172 -0.918882949664 7.12621836313 
-3.67951733321 -23.8198792267 21.7871195364 2.05479173972 5.0013522367 -15.1778401648 5.00514268569 -1.51093563241 1.03428317133 2.6013510445 
-2.45128132089 -9.79549837831 9.67140041078 6.52657433964 0.922433383855 -15.1835820422 6.00499501824 -2.02947093675 1.40947589508 3.09766527975 
-2.97224022573 -10.025118964 9.51629373703 4.72804424905 3.96714093605 -11.0579262089 4.56769092006 -4.23151994489 1.51371968116 4.27711717734 
-12.2433418171 5.5837776639 4.3486518309 7.83267983213 10.9713186201 -3.3703286848 2.99213734947 -7.38022988409 -1.03286861331 5.23499431214 
3.44408313345 10.6937244607 8.70481722571 9.00900385549 6.02280726601 -4.45853123633 -0.569268074539 -2.46015266238 -2.64898337035 8.97205824421 
19.3749569531 8.07897087995 9.56235857393 3.91365679368 -0.944794285092 0.286143293951 -7.08850830419 -7.90368232862 -2.2030926065 7.67753043186 
30.2477224616 -12.8292537554 -4.85784486038 2.50593102791 -4.18827727547 0.244743870208 -12.1600097376 -2.52608935287 -2.25826252777 8.3916214478 
28.6120140085 -20.8280998855 -7.35174835835 5.613842115 3.9785864827 8.40880751883 -4.33090401958 -6.06883671695 -3.24113138769 2.92935130635 
22.0590426485 -3.051316455 -0.285141201932 10.1641511799 -4.89817174085 5.46594887357 -1.14299286374 -5.33672210762 -6.29023287559 2.64591793478 
26.2845432906 1.60003423956 10.9154951948 4.87688510838 -1.24014650789 9.11581715343 3.03997881546 3.04526863022 -10.8011172999 2.08925115091 
17.0254010524 7.31820445925 11.7746351015 2.61490071513 2.91561734047 8.60558366027 1.51464108481 2.72721589432 1.26720890718 -0.0142464830699 
5.98642461092 -7.07370816942 13.4373266287 -0.166912877972 -0.756368292331 13.8055875341 -2.78758093032 2.87648260995 3.7468470269 7.23693136448 
-6.19695958483 -13.1141896942 1.05059040241 0.232535591697 6.77499292877 12.4134577256 -1.25795087907 1.48202315083 6.86451598928 9.67801075608 
-11.1134856142 -20.1605985753 1.8306585505 1.64074078442 10.6258667814 5.09544383919 -0.0455983657031 2.20972725905 2.40920833027 6.51749368709 
-6.58929827562 -1.14867769888 1.87923453404 7.5458662407 14.7741402376 7.08473390626 4.04126892386 -2.28559446909 -0.0481803797896 7.10415623804 
-4.68668721516 10.7305280984 5.0444190514 3.16016349708 8.24880292052 0.125914512956 2.20463904066 -2.70907886862 -2.4172021528 6.4601184625 
5.09164454878 5.29401619515 4.10810436038 4.48558335527 -0.653339166603 0.113789748069 -8.5665069506 0.561414910235 -4.49701362361 3.63975165546 
33.2052214324 -22.4723835228 3.31502496961 4.42044796054 -6.72908102095 1.50868550678 -8.42914656801 -3.1220270097 -2.52064213728 6.45082358246 
34.9671884426 -32.8836146452 -6.65738584245 6.36153485259 -0.671310286569 1.56603345925 -11.3758715797 -1.94501321434 -1.6587240544 0.0388958053863 
23.3861095485 -8.77292863786 0.813323007508 10.4928458025 -2.73937135393 6.67605886307 -2.41998684903 -2.46792132144 -5.44609105155 0.866096715381 
23.5254540313 3.78512067298 7.37464736955 5.21439084591 1.81998100404 6.97055649398 -2.92972131164 0.694443837701 -0.436382360483 -2.8110192123 
30.330492232 5.24853429386 13.511015816 0.829284137573 3.49567521922 8.62871432506 -3.6512721901 3.26478142466 4.85871623214 -5.97736301525 
1.86541336444 -1.17070371339 6.5753459624 -5.36188222537 3.09905402979 14.2677301205 -1.61680330384 3.19700629728 2.10597265504 -3.38537015619 
-2.28007341099 -17.9964600602 8.00343392185 -4.17648866892 -0.0736948006692 12.2300176764 -3.29421485138 6.78352542422 10.1237483622 3.33519833244 
-16.1681120668 -9.51993968389 -3.80350201953 3.21610788208 3.04900511421 3.28843664885 -2.00413444152 -0.0236092599723 3.83913736962 -1.35067800098 
-28.9101657768 3.54436314504 -5.7601791735 9.23166136143 1.008381933 1.38096064262 3.28218339723 -5.58535768181 0.680719923802 4.98082737246 
-34.1633475883 16.3167504314 -9.33079844576 7.61795212898 -2.26926899097 -2.93863743174 -1.58363951156 -9.35176640577 2.0661008337 6.67807640474 
-23.4527676855 16.7742614503 -5.05382625212 10.2285684571 -4.97779364157 -7.82957521707 -5.00966044525 -1.50610896976 0.776759233843 8.18824886685 
11.5877498267 7.18607963153 0.385859742528 4.14089069723 -7.79186727318 -7.06591557753 -7.88937988104 1.82274509211 4.4524052488 2.50935367894 
12.3198962877 -11.3124074023 -8.52734862708 0.805244874192 -6.89884257391 -3.55232637617 -11.2458017397 1.15529130899 -1.22159164384 0.744493779815 
17.5406989996 -19.6404300307 -19.2164287498 6.69202259308 -4.46988307772 -5.84326715967 -5.31860111965 -0.899789632793 2.55817985416 -4.85139939533 
15.818950619 -15.7354380227 -20.8641814714 9.39265847775 -0.570100395856 4.20942034293 2.49495570375 6.24357229966 2.36526864454 0.127448143522 
6.63956272867 -0.275224109483 -4.44213301983 8.65117914257 -6.14037051343 2.41182751212 4.92324446456 2.20334914119 -2.48861131293 -0.62501489511 
12.8067029067 9.54709837241 6.19160548842 10.0310453945 -2.32864480777 4.82581776713 3.42120801048 4.90377420088 -7.03671024142 -3.59828372199 
8.53602067024 7.92722198457 7.81214409317 1.94520461081 -1.07985738339 10.8198261494 4.56484414651 5.74127030757 0.337595325876 -0.813478188141 
-21.4059321924 -5.86585652365 -0.452170555437 0.929313836239 -3.36654168225 11.753665087 2.44537887233 4.36160703089 7.25268226868 -2.95764840537 
-23.1298450664 -6.95513997583 -11.3619468579 7.81434829287 -6.48749041631 3.11129854223 5.98249996722 0.0461096127447 11.7032500722 -1.39331284354 
-28.1204416143 8.78061573626 -13.5069357811 6.16560382093 2.72886048839 -1.72845632301 5.36434928635 -4.15341050983 6.05617359266 -3.3333400258 
-30.6142942202 14.7517747129 -7.0209547054 2.5442445791 -10.4941029907 -1.75461573165 0.953365601904 -3.13803313525 9.94147182695 -0.252834413958 
-16.8995154975 15.1401788648 -1.98224917098 3.46025277967 -13.3228859806 -3.95362422462 0.371553116526 3.43675776135 11.4083708883 1.80032122319 
-10.0467107554 15.0147455719 -2.00026683209 -2.44221966152 -16.2933725543 -4.80066125904 -5.96575218362 1.89627070702 7.52827287347 -2.68756583017 
2.83728611311 2.76092071732 1.16079418953 -12.7837832966 -12.6736287369 -4.74656111767 -2.92400120639 4.56944734428 3.02017829554 1.44970014507 
19.9501901567 -10.4174406276 -7.55385539233 -14.0225077265 -5.87165043184 1.42523792923 7.04903404881 2.93014670499 0.899037784361 0.572928449794 
22.4562093612 -11.7187502402 -7.86886716271 -9.42696030115 -7.10975209831 -0.0102271150227 13.6545108381 -0.297588339596 1.44029318954 0.632200944606 
15.8576543265 1.68606030189 0.417685833439 -5.00034382425 -11.8193804961 -3.38577375021 9.43376717038 -2.53034739562 -0.506404142879 0.315151872088 
13.7927787784 12.2644520476 5.80348818379 -2.4305823846 -9.43074749785 -3.23969364254 8.51604868765 0.158852644156 1.67290786069 -0.857188510108 
16.290749301 9.96554432092 5.49776209967 -8.39536558637 -5.54612477406 1.56385578058 2.33556028671 0.853927301657 0.766350363434 -3.12289996797 
-9.22618109687 5.17236560115 -1.54364966057 -12.1526824393 -3.92083572248 8.70052881293 3.62536339539 4.88186497356 2.69317361356 5.51678191332 
-19.8427869756 0.938333486922 -5.61223969967 -15.7658242367 -1.8045852397 9.47159422779 4.85354577916 11.7167592088 3.10044078298 8.78317230837 
-5.52898866808 4.40011612133 -12.3416101449 -17.3909789296 7.66817584104 10.060842269 4.02887250315 15.720884499 6.06346005959 7.68958650531 
-11.762216979 5.00677616214 -9.04662709552 -17.4921427389 2.89892702465 9.41749697301 5.05431065225 7.47387949378 3.21045454289 5.58261926051 
-16.5942657568 16.7728740352 -4.36331298071 -12.8873643488 -2.51586775881 4.69698815536 0.0093462522869 -1.55153054588 0.821648137926 5.27818272216 
0.687023843848 17.6817512194 -3.183156174 -12.9505830851 0.956631972439 1.574806076 -0.214081853161 1.62608112867 3.41825011493 5.0655840467 
-0.698329453973 12.6487742306 -8.91941359178 -16.1746841187 2.14227986813 -0.948676848017 -3.60168620319 -5.57100590935 -3.87496815485 5.14179771625 
-7.47089574502 -3.2803352135 -24.2631944313 -19.4650220653 8.55252786467 -0.298303471772 -1.5401684913 -3.77511255916 -9.70281437224 1.51155162222 
26.2628156022 -6.27185722804 -7.63288156581 -21.9087111722 4.07054133599 -4.21079997849 -0.127560330759 -5.75598271856 -2.01841773482 -6.79812081141 
7.53682569114 0.690589695805 -11.6325132928 -14.738016175 5.17025614942 -2.85470354774 9.62988063144 -8.89000369335 -4.07645107648 -8.48998965575 
30.5305317422 9.56827409145 1.08912503433 -13.670977468 -2.12233729953 -2.95843594497 7.32579216484 -8.32873693713 0.432867354743 -11.3756528448 
12.7979664209 13.3632886703 -2.92118015336 -9.48711576712 2.39964216825 -2.09923196246 11.1810341932 -4.45210327951 -0.87749645378 -11.8513000073 
-24.7418842004 6.99833954685 1.78472858916 -9.3480891249 -5.61980083848 0.322468706502 13.1105037817 0.868174164269 -12.4179429087 0.699931007794 
-25.3568256026 -22.1088777652 18.218212389 -13.7227710666 -13.5905388703 2.87535150169 7.46466829904 0.351163585204 -10.8220232986 0.632657603848 
-31.3908521186 -21.8593997048 21.3345816738 -15.5506467901 -8.46788192257 2.83069782853 0.31435946385 3.97831044074 -11.8072072327 -5.25287849755 
-41.8133551031 -22.2900627818 9.91445464012 -8.96124695156 -10.6636940392 -1.60303436632 -3.6815436871 -0.19311188983 -6.19743407071 -7.59325192118 
-46.3518602508 -17.6754543571 4.82209730879 -9.58075366439 -5.43279827081 -7.06532882703 -2.09798167959 -1.95880062561 -7.15830779724 -2.94566213138 
-43.3304801902 -12.0254779134 -3.95624179054 -6.3984528049 -0.102815942265 -0.610581105147 -3.38717960602 -4.15340542066 -6.63559570511 -2.98650338447 
-41.149710359 1.06597944452 -9.40192318795 -3.32027690852 3.51608403174 3.70279414697 -1.11183819505 -8.26543367392 -2.90763979651 -1.97999423549 
-25.9306706582 2.07409475609 -2.29710046299 -7.73668161342 -4.19964401887 -2.12586330548 -6.02677583557 -2.09347402976 0.546847232986 1.25527941484 
-4.98365291865 15.216961863 -3.56062181698 -7.79837922391 3.85786388896 -5.48681682199 -8.10344346383 -0.642261900017 1.54256285357 -3.38544265551 
0.216128931992 15.3547175794 -5.76324880335 -10.5415075341 -2.5540435893 -10.1318362457 -8.56808010252 -0.577351621716 2.64096583154 -1.6506684043 
6.27632473248 4.58123077527 -10.5162106463 -10.4211089865 -7.79106310704 -7.82736966992 -5.27083989138 2.31128280053 2.51845801547 3.86145890212 
11.1288790625 -3.20127150751 -21.3268480086 -3.81396672675 -4.89576300518 -12.7940007041 1.91210948713 6.76882010267 -0.0963536548803 3.11357297941 
23.3913791918 -7.20447708207 -11.7922738824 4.85875148792 -6.00882807986 -13.1164038976 8.66138113369 5.88532494212 -1.94349945077 2.28361386786 
21.793215295 7.69806759384 -0.581870013583 11.3927297703 -2.77190361274 -6.94417288358 14.6415127071 4.20554179574 -4.49011015708 1.95029137262 
22.731110886 11.2367896361 3.18871080972 8.32999081934 -1.99572846077 -4.91454587888 6.24956367048 7.71637221667 1.54798334819 -3.28757332903 
17.7296156769 14.222580896 3.90668543394 7.45891822592 -0.089088443432 -8.60328158772 2.25890009604 10.2842213142 3.73295036985 -4.28960844929 
-4.14995280191 6.6899626155 0.683342000221 9.18642113593 5.63410302503 -3.64228545407 2.48516215355 10.8918393493 4.58804406252 -6.42579757286 
-15.1555157586 -0.415248597755 5.84121418402 2.4390956555 6.10824319857 -1.22920857466 -0.168509222976 17.4077749826 -2.19937579177 -2.31868405703 
-26.6494709966 3.71327091177 -0.488058755069 2.56112022309 8.68291383496 -9.33293276357 2.30961726897 18.7849154203 -2.18543566623 -3.87503786905 
-27.5034001317 -15.4034423111 7.54233970169 3.31201839257 0.58359024242 -14.7988054133 -1.41515660309 11.7814175356 -3.16412869865 3.47341519575 
-23.1070641303 2.71255219565 -3.73962519315 5.13737236464 12.1097257071 -13.669369287 -0.0652947451839 5.73573384457 -2.34240283642 -0.264989822386 
-20.0918341333 7.17612852835 -2.76522331071 6.63886397273 15.5323967243 -6.09706721001 -0.00597887875693 4.77408939372 -0.0868557384647 0.966370504287 
-27.7324657123 18.1017809541 -7.13311047174 8.37683445182 13.6806671707 -4.86824585621 -1.45400176059 5.60762424201 -2.73662569263 5.21007856445 
-9.5515193381 22.4576921505 -2.47207471172 0.12481471815 10.2976372477 -5.3932640741 -2.4734427815 14.925991224 -0.782251032303 5.67505499061 
15.4974929929 16.1575084986 0.122378416019 -5.39957646559 3.49936229846 -7.41090734489 -7.15660338935 11.742117734 -0.493344737086 2.9244966261 
19.9075046626 6.65758019342 -7.8614816454 -9.94855459251 3.50468365131 -0.068717296071 -2.14512160559 6.02463846237 -1.56580068312 4.02677014597 
29.0226028638 -11.1021016283 -17.3041077649 -1.0607829884 3.9942665271 1.88577695021 2.84005292134 3.93882958685 -0.354283113317 5.7327192909 
21.1788097161 -5.85535013586 -11.574275416 1.01005295918 8.96448703226 8.07177365258 7.38901608676 1.73793087852 -5.83588918693 4.5104136679 
16.1291485595 4.28325894029 -0.0525313350817 5.89464376691 -4.25930445322 2.91216708004 12.2172237722 0.043059966326 -5.75182770836 0.611780606954 
0.784654135784 13.1175657228 0.325076396119 7.01559798999 -2.13991478822 3.77090662475 10.0023105016 1.42719595949 -1.33493803545 -2.42194660281 
5.91149159066 5.8170443684 5.24926525083 -2.27844300905 3.44080705544 7.69796950202 11.1544887554 -3.18312424747 -3.15197083517 0.619033956257 
-13.0149687671 -1.64082150543 -0.384905248293 -1.66464441413 0.495989483446 -6.61366551544 4.12951966328 -1.13382139915 -1.50291301013 -1.45399570786 
-22.7516058964 -13.5264391411 5.38552261943 -2.06641327304 -4.86635061291 -8.29474983623 2.66313939915 2.2208903123 -0.801052387088 0.43246660384 
-22.1235529564 -8.27518714963 11.1475051223 1.21524669923 4.10559206275 -11.5369064446 1.66927201686 1.48741598652 -5.62608310956 -3.15133066479 
-19.4330771495 -15.2334956725 12.3856368377 2.08545221628 3.80095128289 -13.2356601296 -3.91275692166 1.71521789827 -2.7858275908 -3.28280660744 
-20.6473613127 -12.3368254476 12.4402520376 5.14110318953 -0.895775118725 -5.84602336341 -4.3402097767 -5.23446400383 -0.742899891796 -3.79884737227 
-24.1342523859 -2.59680322699 5.71188215863 1.1218896442 3.15418569523 3.62093648253 -5.2069835808 -2.22859983064 -3.59426457025 -2.31368428292 
1.48725033333 -3.48738625786 8.92907525875 -4.56960737117 -1.1204434137 3.87902476954 -15.3683195346 2.32188995995 -1.52285614396 -3.4603622338 
12.5666743152 -1.98806458676 3.52832756441 -6.1363371527 4.76760521018 -2.07403184194 -13.0708948543 5.02657080707 -7.28820235185 -4.71391944923 
23.9611764322 -11.6808553077 -7.3949618652 -0.154581415904 5.24169405469 -4.16462548145 -2.768695647 -1.98536724723 -4.66033325517 -1.66723076079 
27.8405835531 -21.6879948993 -14.4996177529 3.90905569772 10.4514318882 -4.91354014993 4.18565287564 1.90205830941 -0.352853828529 -4.61874392322 
26.4593848507 -8.37830647583 -2.94119361251 7.30795899793 6.3020216082 -1.65062610723 5.67660926467 1.32789172601 -6.38926620815 -6.15512995734 
23.1639708475 2.13502416332 0.550907725419 4.87715380891 8.98276652486 2.97407262541 2.35991172086 3.64299509747 -5.09873239029 -8.74836578087 
21.8639831461 11.6878594699 5.58902366597 5.03029000579 9.08225445735 4.94348949861 -1.02884624916 1.67700228817 -1.22788015345 -10.9079810137 
2.96933717651 8.41376268025 -0.481189252435 -1.64586040277 13.9945454712 6.16216721327 -0.602364511366 2.21373095124 -0.689054276141 -8.1907052433 
3.54071678468 2.03480115645 8.61443269001 -1.70546387209 10.0074525582 4.99137162429 -4.99261130131 4.43112428692 1.08422096863 -8.38963360286 
-12.6688006957 -0.395659620787 5.67529577341 4.40339288065 9.22893488878 -2.75480165346 -1.0756347815 3.32649177418 3.25184553928 -8.41717719861 
-17.2747649246 -17.5151384545 2.93052700216 -1.30490934214 10.3793732736 1.03079320904 -2.23556486117 4.06150421425 4.81801455717 -3.66680249731 
-25.3575550074 -26.0046726384 5.85587313035 1.99888150093 11.1900868323 1.77248037314 -1.9522339501 0.114617864135 0.960814296 3.09935676344 
-18.8870802246 -16.758798588 3.68174172427 2.99769483553 5.79743673587 5.43854962425 -3.34521494977 -0.155276820697 0.351404061636 1.82810469862 
-5.37265019681 10.0290547067 0.588116014355 5.91987755022 2.9395401741 2.3997565621 -4.57966860536 0.593934190019 -2.24705738904 4.88183371815 
4.98000083286 14.1798403857 4.6698401865 1.30518932319 3.57565139838 2.5557927604 -9.13151919148 1.10337325704 -1.371393953 -0.793677728933 
22.8923498316 15.8187984205 6.54379399111 -1.49704199715 -1.25772955149 -0.806408236505 -10.8769624558 4.83112078544 -4.62894359866 -3.22337773251 
30.1085039348 1.93074953241 -0.168163277806 0.789309630136 -3.32108828688 2.00068233054 -9.27132992207 -2.40217083176 -7.31701820732 1.80949223876 
15.5339716876 -12.2684447456 -13.655243918 5.62331655961 0.416234818794 -2.5910588578 -3.70333998706 -2.19475404022 -5.3357555198 1.57435549974 
11.0211927594 -8.17543894558 -5.74017214535 8.53783293432 -3.5218508617 8.86334668514 2.88840283871 0.409956654135 -6.10585061991 3.82734608245 
3.48014158524 0.990594852764 1.25012402618 2.05964726138 -4.29180482172 8.82762940986 2.53716732671 -0.131137825884 -9.31256052098 1.02894295209 
3.24013305981 14.9607025494 8.01283313972 5.52865305287 -3.85159213349 11.1084385698 -0.532805880267 1.6116954491 -3.06013541155 -1.81459424794 
9.23764095331 6.42662665295 10.2743889747 -0.140077286473 -6.4166605284 10.4431154412 -2.45325719758 0.295760242457 0.847781684732 -1.02451386165 
-14.5978628612 -9.40172121994 6.5846397129 -1.15751320246 -2.9459761589 10.9808537406 -3.43223314278 2.74773972226 1.32431876943 1.40471449672 
-25.3485049451 -10.6303694746 -0.864282955445 2.24573781817 2.65089561332 9.88978005142 1.24629402119 -6.46166616441 3.22376572396 -4.29626542088 
-30.7600082793 -6.30758746746 -3.32462340512 6.22450169032 2.28150467875 5.079701241 2.15702121625 -13.5245685246 1.47228560477 -0.134357445727 
-28.9148011076 6.44395049015 -4.37351458094 7.97632677491 -2.65863910161 6.68833402171 0.340079359884 -13.4863194034 1.55288206999 1.66285471618 
-12.6320102928 14.5150686498 -0.459144686121 6.71264210101 -3.8618293844 1.65693532285 -5.83791420064 -4.11126579337 1.2800255106 1.99866504893 
11.6867824459 6.80032578643 1.45711905009 -3.48247516184 -3.9048989605 -0.170107510192 -11.9040546486 -1.33471086166 2.24072287128 -4.33800462555 
20.545739119 -8.68618952437 -2.72620871936 1.07868917389 -9.8452811382 -0.573511545509 -5.5776898033 -0.686364804321 -0.45259847828 -5.85000982725 
20.0553602814 -23.3089860754 -19.345530558 8.04824234481 -5.70010507016 -0.174355145412 -2.72984326382 1.21341257981 -0.173306942164 -0.285575360268 
20.155824748 -13.3229870515 -15.3139631381 7.13164133757 -8.06480101348 6.06905682907 3.23882184464 0.970594085712 1.96060378822 0.139922363909 
11.4288483932 1.72907923895 -0.718391048686 3.10988067478 -8.18340629001 6.64568950316 3.69632155916 -2.93808566432 -2.61886797872 -2.30613619985 
16.177772604 15.4762317586 10.0074550085 2.99064165694 -7.81635634388 6.47585574791 2.2635898656 -1.38041757121 2.61106143253 -3.38356573058 
0.319899666923 16.2461399022 3.97315123434 0.484407527277 -4.40964215923 7.66570628085 4.17844724096 0.389605363912 3.27006707605 -3.21857919536 
-27.7751628061 -0.232822150756 -2.21474570707 2.64545231723 0.981739784583 13.0215405981 1.66720453915 2.00336007055 -0.287861990035 -1.90580201789 
-33.5265434897 -11.3500704886 -6.8212116128 4.42204148339 9.90467474304 6.5663197708 -1.0974073597 -2.0744326219 1.62523048343 -7.7925282747 
-39.0336735649 -10.0666564125 -11.5918627827 2.98508081329 9.04278021373 10.6224187107 1.9120706179 -4.59675060614 0.501270624409 -6.0515405087 
-39.0412115096 6.79434910971 -6.80568907095 4.91262544957 -3.47397730623 8.41496317128 2.41794866257 -8.96600144333 2.96501629575 -1.86620134181 
-23.3262029944 3.58852225101 -3.66126183843 8.69897334299 -5.40151273944 5.19134678277 -4.6015449005 0.866783096914 7.97644609892 -3.13706121006 
-7.71788786624 11.4033030161 -2.78193382595 -0.30986519422 -5.2673507603 0.388658561075 -11.3566290071 -0.409529876974 7.48025360936 -7.0364946213 
0.772074571573 9.08416257522 -4.85163520722 2.84191280981 -4.23899638002 -2.53771810686 -10.5927782167 5.99371049392 6.78661520402 -7.32753763449 
3.17897253675 -6.38138152109 -10.6653513975 4.60125807599 -7.76073791508 -8.13380742783 -1.94763943627 0.737547236104 4.79733945591 -8.47972634853 
6.62674138613 -8.40920322012 -14.3640607765 6.21188429498 -2.8241015118 -8.23365360527 2.29366970192 -1.10378637516 1.93510503527 -5.00347515206 
15.4079346018 -3.33727948663 -8.04934403701 11.9156886525 -11.0000631372 -2.28610189626 5.64411409999 -0.304632128385 3.47054420748 -2.71859921769 
16.2136221936 -2.06174983543 4.46961181938 5.03827718042 -12.4116866398 3.47865350119 4.20382250684 1.02291207186 1.76824845822 -2.15745824001 
10.5580292977 5.46218126739 5.36764224143 5.58813148718 -6.10320425238 6.02646639221 1.48886244199 1.28446028025 0.833608050001 -4.05343711535 
-11.9654002859 5.5469097414 2.39527772567 0.372107468077 -9.98647356076 6.4528872899 3.11589759145 -1.83366993267 3.26335610003 1.59360087601 
-26.4776925833 -8.81211819891 7.70391860047 -0.43566891572 -13.572403644 -0.837911504666 2.83163801145 0.807711625161 -0.71251936819 -2.70121497777 
-28.283283092 -4.69469723748 -1.09029676879 2.58965901465 -9.1447087296 -9.53640707367 3.11323704674 1.4395305685 -1.17624439083 0.897193095156 
-36.8988094477 -9.13342367842 0.88395758163 1.41839042809 -11.4772280568 -8.24962458863 0.736337681455 1.75083333989 -1.75938060047 2.5784517899 
-24.9090422691 3.03523509006 -1.80188192773 2.52693059656 -9.07835638491 -5.49719551866 -1.07637533983 -1.35049552895 -1.23728968043 3.74600761829 
-17.9667811446 17.9028763418 -2.86286477543 1.93456826904 -3.2064343165 -0.340726088004 -0.808536926752 -5.76631586403 -4.33725489085 6.62862264839 
-3.85239007443 25.1781267991 0.701769080445 -0.271643972016 2.76719734644 0.400511287838 -5.18352828494 -4.11398767183 -6.50032917984 3.58861572552 
4.76715050141 24.7066576021 3.54390373829 4.427538655 -3.37692688542 -2.0953169693 -8.59384274333 -4.14279365935 -9.59685994598 1.63131882219 
7.02690486897 24.3578544242 5.31721492963 1.79700730416 -1.55099443584 -2.17034747392 -5.57291368904 -7.4265166905 -7.79755725371 0.906181681258 
-5.1665445777 17.8499569836 -3.93372575312 -5.01528682761 7.3595880703 -2.70021848203 -1.79872275644 -11.0845985037 -4.67188011523 -2.88239764577 
3.20105402555 5.15360717462 -12.6601097619 -10.0044407395 17.9232015904 -0.563251720747 -0.846884077022 -14.1265631804 3.77643400589 -6.62718423878 
