1.69761325045 -13.7141133378 16.4837754189 -9.29963752108 -1.11903622404 23.1429594407 3.28136414791 5.24732852234 -12.4065449773 5.99854652516 
-8.22634103417 -10.9569622105 15.0439066379 -10.435543163 -1.93609612946 18.085012583 1.96757917759 8.11552696098 -6.68556286661 3.70554192228 
-6.0124695281 5.14264439934 6.65893058693 -6.75550046627 -8.07858048313 18.8253044195 -2.22479635254 3.77001577993 -1.16746163698 1.84429665698 
-6.33117740615 15.4851186502 0.57792762024 -4.31565147413 -10.4721871896 14.3474827911 -6.00150373691 0.334781381241 0.613489480842 2.45148490879 
-7.83673663343 20.5537854326 -0.545423686472 -3.90333694343 -12.7491006961 8.418661108 -0.396840147457 -2.69064548052 -3.08363810824 3.06388803105 
-4.39019705007 18.883071111 10.5457727988 -6.01611225472 -7.42576170358 1.91925586991 8.72642861104 1.60182074452 0.511891541513 1.40679723166 
-14.1049358657 13.1757664801 9.96683167587 -3.4451218562 -8.97561266877 -2.86660481528 11.2331979331 -1.13190298307 2.99392261789 4.53736874321 
-14.9382300149 -1.48812963443 6.65938857132 5.76453066518 -11.7059105412 4.0286830064 1.97892752507 -4.86973188668 6.37527153752 5.79221136094 
-11.4647162733 -7.03020939259 7.30462666161 9.1686009282 -11.77002188 4.70452841214 1.32982562636 -2.51175759209 4.37001743948 5.02585266608 
-6.41055663342 -10.0932341911 7.12606907129 5.27366367344 -13.3806881699 6.54473386605 -3.03594119606 2.45323646063 2.55686821217 0.2373377268 
2.00059328865 -8.508282501 11.3899782483 3.7785412465 -14.2229117613 1.66402610931 -0.211064112946 5.35459929557 -1.75044876024 -0.138844739776 
8.81784491953 -3.17814892912 15.160881584 -0.454297320367 -15.9489983212 1.7691152692 0.658447109345 8.90202053657 -5.26871761681 0.0019320900083 
20.6349014638 2.8648957885 9.77328524689 -5.14495841712 -13.851582384 5.10643588323 1.42874754672 5.7219330084 -3.0673070493 1.81195632802 
26.3485616419 9.74628710927 5.75946894049 -7.63839421735 -11.639858238 2.92099164702 2.53653487175 1.7602258974 -0.26995811781 -0.0691910170092 
31.9759356915 14.2125293635 4.88166791264 -7.71383459986 -8.49016284072 1.1408278494 1.96481903085 -2.85108160575 -1.52931806814 1.70244492791 
30.4219454168 10.6995479902 3.28833310172 -3.37652270097 -4.35016242134 5.71292401018 0.681550409981 -4.79689168243 3.28218118252 5.46046635849 
22.4756334271 -1.38561341751 7.72121719658 -1.38511598439 -3.14658978181 1.64191890043 4.59913454451 -5.40560469734 4.01116071464 5.37590529756 
13.0084820412 -10.825265918 9.12367716213 -2.27413939284 -1.55989866431 6.15336142228 6.873091226 -6.69905700453 -0.382218244174 4.34821960226 
9.00886147662 -13.7982557112 11.3761155855 -3.57515855887 -1.88207834152 11.0977065514 3.05703168863 -5.85377711083 -3.44919132909 4.1084076888 
-0.126083810056 -15.9945731724 12.9820281366 -7.87453048157 -3.39806615675 11.9350607769 -1.26888841866 -2.38190564247 -2.50477535676 2.30736446166 
-9.22681217889 -14.578916797 13.7564611085 -10.2001009119 -4.10476220754 8.71337152403 -5.46877596383 -1.58611321249 -2.93189202015 5.05029112963 
-19.5627962128 -7.36818000658 12.1180121663 -11.0336335191 -4.90568097662 -1.80197828326 0.201170270078 0.136573604859 3.72532651545 3.63872677974 
-9.78303511012 10.4334780351 13.1161309135 -5.10729695616 -1.58975421817 3.7205220102 -5.9786993943 -1.07083390793 0.956567194333 4.04659830643 
-5.5310646055 18.7604280387 2.39510904723 -2.54124641409 -9.13131373113 6.74736431775 -12.6972552314 -8.62279117554 -0.667079395669 0.154843347161 
-1.86555528064 23.0009099486 4.16815996377 -2.73081011296 -10.8585656237 -4.28870513001 -5.89016174952 -8.11770322269 -1.00979083158 -1.1131150354 
-14.4558572546 16.6162872058 4.6798750204 0.851420408727 -7.2538055348 -7.38294090164 -2.10229866809 -10.6585459432 5.96313587919 0.485948346933 
-20.9485166386 6.67078110219 7.12897548304 0.948820853015 -8.17244081154 -8.23960046063 -0.871480891839 -9.81146091913 5.05288324864 3.75780432464 
-28.222347285 -4.98572060825 3.44689618172 3.88164479222 -10.6121323407 -8.99530396678 -3.24284740615 -7.51501433049 7.72340421718 3.81717135197 
-21.8007371429 -9.17465939199 3.29829686601 5.3961981802 -11.780556037 -6.5956236121 -6.9467897465 -6.18012554895 8.04813410123 2.04315311658 
-15.7751099099 -10.2261479563 4.01728460189 6.44823886851 -12.7354385444 -7.94238194261 -10.3647694003 -3.1345899283 4.15679468917 -0.245559317293 
-7.44670335898 -12.5005550912 11.7443346075 2.32806223938 -10.3705132839 -11.5933380252 -8.18346549921 2.59637841731 -1.31871283733 1.31647088852 
6.46586094362 -8.30957279211 15.5225891223 -1.02287415572 -11.7689280041 -8.10059313758 -3.10707299305 6.22852890451 -1.69383688149 1.20865012717 
18.5510769953 0.53528379597 13.1049657214 -4.9551345938 -10.6567087345 -3.29240825723 -4.70929016403 3.94385021971 -1.39241831818 0.773985287377 
30.3219610285 11.5699704385 10.1491385116 -8.44045132454 -10.7667289685 -0.282827812041 -1.1645226975 0.0417885098584 -2.10139314917 -0.135815871486 
32.3098398204 18.9817483754 4.72231715885 -8.67907397402 -10.3145201342 -4.02649790098 -0.468734862629 -5.69060427793 -0.949964219867 0.233622911454 
28.1637969051 11.0252018877 4.84716694196 -7.64502524822 -7.08253944059 -7.50847649985 2.74388368255 -3.72841240567 3.19482868639 4.68662021337 
20.5634811893 -3.46731935567 10.1998311988 -3.82685905922 -2.67824842566 -9.71802835475 10.2663465348 -4.7449085088 0.354615173786 2.6485933838 
6.16153324073 -13.0921306025 9.83489552638 -7.45727290125 -2.88092905153 -9.7678183479 13.3182308683 -8.16430525626 -0.526302400278 -2.06687984914 
-2.12418180219 -15.5210568683 5.90616111068 -8.95228762201 0.540721839752 -4.5994719175 6.29775836253 -8.39916355943 -3.45161060046 -1.64669958729 
-8.36419688775 -14.9353292161 5.79349046768 -9.02068112108 -0.513749411963 1.84757375639 3.59611327228 -5.83338863923 -5.82241201465 3.1214620404 
-18.4099649688 -14.4271928652 0.316256087547 -12.6378466495 -5.21257687573 3.74571796784 -2.30535117825 -3.83018130678 2.39819220297 1.90340823963 
-21.0967037069 -7.95644729634 4.72062903021 -14.1197153501 -0.570465848318 -1.12653137137 -3.6208319571 -0.987230521779 2.24527746705 5.8274845021 
-21.5013539903 2.89831504261 2.96439038938 -12.6927948971 -2.98967371831 -3.40053147679 -4.84097410788 -2.39755878367 3.50511455563 0.0420196553898 
-16.3677918859 19.9299832432 -0.877827457648 -5.78646615079 -3.20771971701 -5.39883305692 -9.42085127482 -10.8571782069 2.44399444252 -2.76062986119 
-7.44864770753 21.1154623845 2.68673113079 -5.08475713285 -4.505201246 -3.96369658459 -3.50130819049 -7.91728655548 -7.00356057726 -4.23676087398 
-6.7349668205 16.3846737398 10.1789190835 -1.4605405155 1.89510795029 -1.52749654321 2.15592152633 -2.39167557033 -5.02514525201 3.21103774501 
-20.5486630727 10.2657438988 9.90082588513 -2.14198788669 1.10146426717 0.078314797262 4.61856256992 -4.75644034206 0.882802146874 2.27772526896 
-15.9492586754 0.778728013598 9.04020599979 7.25769958565 1.50377529258 2.93231479014 0.0589011989537 -6.22269645009 -3.60779299859 7.43388249435 
-17.2229177257 -4.33212036504 7.63510161387 8.63944597973 -1.11975747798 -0.900344773884 0.189438678595 -6.21333139023 -2.25207884971 4.85806718962 
-11.1691706369 -8.56706825523 3.42718775716 10.7623588634 -4.82510695086 0.492314842963 -2.59421492763 -3.67728043807 -3.52362822032 5.25327495752 
-4.12807811265 -9.38965266055 0.449537192318 10.3378877821 -7.67788466141 -2.98473767614 -3.87265347432 -3.29207952624 -2.04066583296 -0.841730259322 
2.95709530612 -14.2035124994 5.25409418539 9.42939995366 -8.20858189438 -9.20516209544 -4.06074189031 0.506233230377 -3.46944426493 -5.85646504977 
13.1355676157 -7.08496328583 3.2319783862 4.01833544775 -9.51279987183 -7.95765591591 -3.08138468935 1.52152564734 -0.7493949698 -6.71640974651 
25.7311508355 5.02078021803 4.80822275439 -2.90456951759 -8.77663326979 -6.86725050189 -4.40586605136 4.59798382538 -2.67562010875 -4.34781487366 
28.4453228764 13.2633371851 -1.25244906303 -10.5410430746 -8.78398652872 -5.12048686538 -0.613633652423 3.30108137535 -2.2264465751 -5.07993973095 
26.3100822089 11.7321010339 -10.5136946978 -7.57046872215 -3.53399919851 -7.08560210575 -2.14875196183 -4.63480147833 1.43300388996 -2.91504518854 
22.9480098034 3.28262911888 -9.52179982818 -3.6200686218 1.03627446881 -4.36263443962 2.31812433265 -1.66298536213 3.3901805011 -0.101559001132 
13.419928562 -12.4642582315 -9.69150544485 -6.31571521414 1.80398418728 -3.14463968832 4.86332605798 -7.68194732864 1.35553693483 -4.29501478607 
-1.99671958171 -18.3108293863 -13.0972250336 -11.0975180793 -2.35630349128 -6.04950668776 2.81125131786 -11.5348382236 1.85825247207 -8.37279657725 
-3.43283735144 -20.7952132157 -13.6841384081 -12.3793592944 -2.39704451211 -0.262275734843 -1.77116750158 -7.28768782245 2.56870119825 -10.1451592163 
-10.6882141622 -16.4016245943 -11.6249484585 -11.2583478757 -4.63453375968 4.57264243486 -4.93807428505 -5.05713104138 -1.92236328928 -5.91954651213 
-16.5715469139 -12.5650267301 -11.533659932 -12.6683311388 -4.99019940672 3.41308580172 -5.22820442047 -4.58702424615 0.0635118092257 -3.0894975347 
-24.0614659818 -5.58149378027 -9.26529784013 -13.1975692637 -2.39880837824 -1.9021544898 3.54787416878 1.15861346507 2.60559323946 -1.35533529246 
-28.3534556728 6.83767633843 -9.94720541547 -13.7456972293 -3.57467060582 -5.91212915519 5.69705850452 4.51991866132 3.84291721367 -2.5653330645 
-20.2241210288 14.1594994007 -18.3458357864 -1.49576327644 -5.89698205633 1.20373420716 -5.23309221712 -6.85929815195 2.07016070536 -6.59726620688 
-15.9829866521 23.8649684046 -11.0432380514 -1.65827461441 -6.14544378418 -0.493260897957 2.66359870523 -7.17940825536 -12.2922790812 -6.39408475197 
-16.2675522103 19.9461081028 -2.12056529564 4.6402007187 -3.7211560951 -1.36865453893 10.2989465928 -5.00850379695 -7.81953345338 -4.01788068825 
-18.3733857635 13.797628391 -1.06326325394 8.46897959156 -3.07907616439 -3.10252677057 12.7654169509 -7.44033013246 -6.9195408502 -1.76967098364 
-17.5852017156 2.1693084324 -2.83384997353 15.8066373764 -1.95219980848 0.718687146906 7.55078585312 -7.81007077446 -4.38158485809 1.9466586844 
-14.3728907205 -6.80244242643 -6.7570829252 19.6679964369 -2.61469521374 2.89053789419 0.91059322421 -7.57277150233 -2.38546011835 1.01092048694 
-10.0042941936 -9.60667594853 -9.00606641407 19.5244275034 -4.49670948065 6.01590810437 -2.27285114023 -4.00699987351 -1.38519405399 -1.69859453139 
-3.41648115423 -10.8726931826 -8.14690146473 16.2523718115 -6.27702070913 6.47090850456 -4.75989434868 -0.286326285625 -3.21936847942 -4.62083886004 
0.717942259649 -14.9307352834 -6.96601569948 9.73783671658 -7.01157916189 2.62556996123 -6.547807503 4.47699051497 -4.98346055002 -6.90678370844 
4.55104264086 -10.6242585913 -5.2810145011 4.06372737557 -7.56151589131 -1.77180895703 -2.49480809047 3.24313052642 -6.50457184772 -7.92847212268 
12.8444266896 -4.59154829022 -6.50400180192 3.13038479139 -3.59364623073 0.31206959524 -0.840000087214 1.81157081759 -4.50392874362 -7.9726590268 
28.5229039451 5.84440090669 -4.94332149802 1.88432476372 -2.03426100114 4.25721775525 -2.5987885958 1.36942909743 -3.41380491846 -2.68384343106 
28.3096212283 6.83079951521 -9.44104844032 -1.93011746355 -1.09096416775 1.19696800799 -1.18988601895 -1.32095435649 -1.29001258953 -0.935479961952 
31.512700517 6.82226586717 -11.344348715 -3.99534282943 4.44194043522 4.50111819914 -2.88965226538 -4.09118949363 3.26203053467 2.31472852676 
28.9296276327 2.3790223012 -8.86148518525 -0.967980641502 5.27813799751 8.10391138117 -4.07056758821 -0.903703152396 5.52210800028 3.3845821528 
24.4599636389 -6.40242266618 -8.08948391001 1.03216078378 6.06138480514 3.68659348533 0.256650088085 -1.67514022025 2.94406291434 2.10957556231 
19.6773721743 -15.6662505261 -5.39076908729 -0.675439843415 7.48756979526 4.44781586108 4.23376869698 -2.78774143713 -3.88179753701 0.909036281865 
14.0048014493 -19.7487938631 -6.0699873296 -2.18692238163 8.26060848984 5.11040629953 0.415311270184 -5.6814423643 -5.39885956553 -1.84330330671 
6.82639558733 -20.5338480536 -7.79507518215 -2.94636960325 8.1855207161 10.3063191705 -3.79060222921 -4.83425509201 -5.53422175553 -2.13937939797 
-5.45723691089 -21.0389282901 -10.592456353 -5.30087415057 4.51854432095 5.34739606583 -5.24520787774 -2.53167226557 -3.85107746278 -0.583211894223 
-14.4778818509 -15.0238907379 -12.9618465514 -8.4371301198 2.65442395774 5.82986983705 -8.01071628093 -1.79685426512 -0.184964010659 0.711752208713 
-21.7337599044 -2.56969742386 -9.74930062302 -6.96652745446 5.43982133147 2.18203459365 -4.84614988121 0.312408658935 0.728029539406 3.3405381729 
-17.9328305754 6.93678698185 -1.75395429245 -5.87455287593 6.88825203216 4.83652809187 -3.06639204942 7.12155027709 -2.87785589487 -0.912620190901 
-14.3869224965 21.6888748475 -5.3716682619 1.55859542471 8.07489724292 6.87435335382 -8.28538962246 4.09977959613 -6.38065555973 -1.44915209851 
-9.90619573634 26.3861713439 -3.81672229109 0.465397459848 8.19851129643 8.07270528118 -3.87359456277 5.92034929529 -10.8585512215 -3.18122905986 
-11.3144958742 21.9816097853 2.72944633127 -0.198695531263 7.29553870221 -2.23225162578 7.35062945035 8.79313656696 -8.28505391554 0.483229799366 
-20.8991821366 9.17154159742 0.024143950279 -0.00189075397347 2.53955122514 -7.89129926938 12.744637273 0.712689076258 -2.09494310343 1.49228938433 
-22.7283212116 4.53337055939 -7.70217539362 8.21647159081 -1.57899705941 -1.22466419199 6.56378850643 3.09614909252 1.77299205804 4.06982036875 
-18.8722728315 -3.99959991675 -12.8614027815 12.4799238502 -1.04238883125 5.33625672676 1.51418548677 2.35107874717 4.7190363364 4.59113341432 
-10.530529716 -7.23563960947 -10.7873902476 13.534965204 -5.3046633987 2.60365133689 1.46109255443 3.01898468336 3.39434046687 2.94166503412 
-4.07064525125 -10.5661163 -9.65114334533 13.4327641852 -6.27062453587 4.55040696991 -1.76093218076 5.96230348018 4.26874734065 1.74013959941 
8.05218022494 -9.07905215282 -3.65733637355 8.7604796447 -5.92557595429 -0.119771354003 2.36001073938 10.8998939508 2.204078312 0.668673123829 
11.9237507159 -8.07354179263 -4.49356258065 4.18023584922 -4.40716105415 -2.09690182075 5.3595917014 10.6084921392 3.63370321864 0.907356122531 
19.3991280953 -1.80650386277 -5.85420707728 -2.72909835174 -5.01214685432 -3.86809879007 5.64796934074 10.7111500521 4.68900597865 1.42062803108 
26.6483548584 9.94417028564 -10.3125231454 -5.47541668842 -1.61222634201 3.01461530229 2.08100230693 6.28923682199 3.98446638587 1.91134474871 
31.6831497974 14.567902277 -11.9489393584 -2.65286938163 0.727346303762 2.54557094497 1.92338373664 0.464381195529 2.42516347197 2.48067412992 
31.7352808515 11.3361818397 -10.3396746529 1.41189858299 1.36728870197 4.09353051536 2.63759240372 0.946501866069 4.88325541059 6.22852857292 
25.3406985228 2.77935840134 -4.23272231419 1.11400843138 1.41188601856 -0.731155597919 9.32987005005 -0.757553623982 2.10617612137 7.49490756519 
21.3566572182 -7.84408908912 -0.88636071037 6.31846409518 4.38151120982 5.28492988961 8.76639553734 -1.11181925276 -1.56412193589 4.77207711652 
13.2920224155 -14.4432146822 -0.630658389495 0.060911853485 6.48957061277 3.13328138181 8.84898500635 -2.36976357146 -4.68571939982 1.41310378165 
2.64115694262 -17.4323459795 -6.72307142279 -8.1802041903 5.95393600209 4.41505541261 3.10734508418 -0.105623092312 -5.15956986534 1.88806787479 
-6.76368337303 -16.4916506125 -10.696500934 -8.35234372595 3.53056996194 6.13850458692 -3.23699022563 0.415536373638 -2.58498486713 1.87687084347 
-10.4711585127 -16.0012737558 -3.72727673445 -6.55229246279 4.05235013915 3.02612705355 -5.91606674138 5.32828606198 -1.65429341773 9.37449706939 
-23.0939931284 -4.54504614684 -10.3307733053 -8.97614452834 0.76260342772 2.00467301821 -4.04243165501 5.45940161965 5.3293223454 7.44069014007 
-20.3123322591 16.0820295792 -12.4921320102 -4.05002381829 1.19359660959 4.18940197553 -0.69561843292 2.1052202671 3.31586207579 5.19690847623 
-9.62757369047 21.9914111771 -12.2201521975 0.902612886127 -1.11214918538 8.38817617154 -11.66520133 -1.69895956408 -2.53543637011 -0.691645114751 
-17.6522699197 22.774955565 -14.4355994055 -1.62720569205 -4.32754868326 -3.35851961909 -1.6518698859 0.0616916233752 -2.03317650553 -1.04061222058 
-15.427073659 20.2409137398 -10.5342129149 3.70505149844 0.200119766649 0.971718841179 3.60141116261 -1.56099628391 0.0183654917603 2.50242411001 
-13.9529034724 7.6534612957 -5.17737133694 8.66485238037 3.00108967388 1.50033317703 1.46735241394 -1.1087840309 -3.3402825781 7.3471326868 
-12.6577367713 -1.90704902544 -12.5209931418 15.9786355006 2.72660923528 4.99334886172 -4.67654811108 0.520148290424 1.69804826329 5.55478060456 
-11.3136539984 -6.65126386259 -12.3426833963 15.8530581474 -1.7093602605 4.66464919539 -4.40680978808 2.92180767454 3.23892248766 4.72986341763 
-8.00821620677 -10.1826879298 -13.8172931944 12.0537854024 -6.05341019219 0.266256870822 -3.66950924381 3.32275397618 6.61534614309 -1.41471472295 
-7.54275534627 -13.1110252846 -11.6057519727 4.72013155227 -7.76249148104 -6.01238957956 0.866692384527 7.69764584986 3.43536748565 -2.80704304713 
-0.0937219875947 -12.8958341524 -10.4789565223 0.172574389293 -8.25232379638 -7.19806487287 2.89381995376 7.58233607727 1.38080165452 -4.95047430821 
12.4914618536 -7.17331942001 -7.44909413734 -0.420809426048 -3.93020001817 -8.42975321384 5.2559142773 9.91247215482 3.12132610779 -2.97174465327 
17.9083243715 7.00559872054 -7.88593916977 -6.11730509588 -2.2275054216 -5.15312695268 5.17534670102 10.463508138 7.5877772884 -0.400177922249 
24.570677049 10.8914073813 -9.98137942869 -2.8983208743 0.989459218281 -3.43235754458 4.18469512308 7.31541200994 4.05342920491 4.14959070355 
28.9102620854 9.83429343079 -12.9612258759 3.96784919687 5.87635888552 3.84910675634 -2.85889412775 -2.17889313621 6.18267300931 4.05016745755 
25.599804793 1.93727087072 -13.3392126467 6.61789703781 7.73709290256 3.41205844968 -0.00171469005737 -3.41651897278 8.07339099299 3.83687817688 
15.4610180772 -9.12310066576 -7.30734028934 4.91095098714 5.28483260174 -2.88768740568 5.91336354023 -7.65925210526 3.79534603056 0.29657831821 
5.39303375099 -18.1235594814 -6.50624533605 0.231412962023 4.48765264174 -2.6763095581 9.12810742728 -5.60399984509 0.575053171133 -1.20537689275 
-0.953584000693 -20.0742462665 -9.81381902603 -7.37590976828 5.45772491048 1.89436968657 2.74912429405 -4.17096473412 -3.2153998279 -3.30343040598 
-3.24289905187 -19.54783215 -9.24351844134 -7.69301103047 5.57326638641 4.56772437696 -0.0651623037302 -0.204584860083 -2.61343772248 -1.12552787622 
-15.6757519196 -14.4511063931 -12.8213329938 -11.6190807817 2.25661552448 2.34474853553 0.14790461445 0.90237441027 5.93549181831 -1.19002630929 
-19.1022241238 -11.9045384401 -11.1853849057 -12.0097973828 1.15707022496 -0.19783369825 3.42173436784 7.33656016782 1.39160603519 2.4046646647 
-20.7394273015 -0.909626786349 -11.2590917912 -12.7975642447 0.942781050845 -2.17026409421 6.94998657787 9.19755809116 -0.154159287743 1.84324172248 
-23.023880478 16.0103660082 -15.6966400728 -5.28584588789 -0.927791616673 -1.37800609603 2.43027150061 2.08434493853 -2.55765860205 0.144247204197 
-17.5400771662 22.5102375465 -16.7881032978 -3.4123278314 -0.312902305414 -1.54491060897 2.18656742224 2.16633535319 -7.92337832066 -1.44067813949 
-16.9082177911 19.9644351079 -13.7262881579 -5.66932928409 2.8361263918 -10.5358650011 11.8449100763 6.68409575144 -10.1190515508 -0.180106727014 
-16.8391561574 17.5493730059 -5.98246882941 1.53325695994 8.11554259845 -6.48836837832 16.2414417899 2.08696621581 -7.96392633369 2.82322151728 
-19.728811245 6.35865002117 -3.73045728677 3.70028621534 7.85766219633 -5.02718516611 13.767979565 5.84501102697 -5.28505820167 5.92084778568 
-17.6774384822 -1.41217136852 -5.59343594077 10.6237122711 6.4211675969 -1.95423223798 7.27302097562 5.0761575776 -3.09223166896 6.20163275038 
-11.9544142896 -8.01455152383 -10.2471352306 13.2049574027 1.21113396913 -2.05274734318 -0.453403777953 3.27579340433 -0.29626403556 4.35490223986 
-9.00060734808 -9.47711060203 -6.65037203007 10.3255731692 -3.42389913715 -3.17593921756 0.631447862991 6.01826095296 -0.979537000731 0.537923757253 
3.30616299187 -10.2633344501 -1.57548137945 7.35748585464 -4.5066984321 -8.08960975601 1.73391066894 9.50767334005 -5.80330793057 -5.76623596295 
14.1480673441 -7.7548900419 2.39264488535 8.84709631151 -2.22072422837 -4.09100518072 -1.32774628058 9.90408940797 -7.27255913174 -4.35361811967 
22.6505848252 -3.28218033414 2.52595810706 5.46888662793 -2.07328081296 -6.57715983162 2.24968725291 10.990548172 -5.32578412825 -3.44990192919 
34.8415067839 9.10794441857 2.11870950622 1.57284783038 -0.0562219048441 -0.412037192406 -2.70268587647 4.11849706093 -2.11016846902 -0.106271126597 
32.5891680817 13.7206924721 -2.63989803511 -0.858318443086 1.53331323647 -5.260814167 -0.178794572866 0.337724568514 -1.85519319527 0.466964013523 
33.8952313345 10.7633958375 -8.40823538403 0.913055406832 6.20746128244 0.709243273272 -4.84227549886 -4.85614000836 0.580983167901 2.26423910894 
28.9711763361 2.64431682852 -5.38968755518 3.60662851238 8.35297791712 -4.36480609396 -2.0367575797 -3.51536161097 3.65243196895 2.20253298635 
17.3143996627 -9.63375546975 0.627611344095 2.3431819113 9.71448172961 -5.50207761493 -1.38337014598 -6.95297962929 -0.345245866049 -1.53980908854 
10.8701297707 -15.3179858465 6.19357080076 -0.520208454247 9.32960869899 -7.05141101911 -3.26266541639 -5.50006551137 -4.92855731921 -3.5587036199 
5.85234456223 -15.5178562428 0.223735433591 -2.97422814972 8.6156959316 -4.42740687543 -8.34678293273 -6.32171334323 -3.49851281202 -3.87939745967 
0.218423159905 -13.9899015613 3.24013979875 -5.90822088885 11.8283497853 -4.97408725383 -12.9140467507 -3.96423345961 -7.1147350717 -1.434704209 
-6.50808472105 -8.80061145352 8.53092373183 -9.26355471534 14.1930210603 -7.68404978947 -19.5076631986 -1.21169412116 -2.82767042582 2.43629915305 
-11.065491833 -2.897757068 10.4122380195 -10.4028556917 16.4577002972 -7.02556235902 -12.1828799382 5.78547910972 -1.5351903921 6.66491702901 
-10.3530281791 6.07345397024 8.93480206749 -10.1775362578 15.7428184713 -4.8929068439 -13.2637114483 7.0849094131 -1.65641952043 5.55333688227 
-6.41456500476 17.1850237874 5.29983731368 -0.0221977030956 12.9506090045 -1.90422953219 -16.7126730444 4.4801691884 -1.14379363103 0.953552245119 
-6.74859460883 21.3937296057 -2.76534240405 -2.40434662688 2.54390061258 -10.5506363493 -14.2827714332 -0.304197739326 1.31623699203 -7.63900616259 
-7.63998427813 19.1978658562 3.92658880987 1.55325667151 7.25132934268 -11.3742222423 -6.27329273068 -0.533024724694 -0.532288750656 -2.89371427305 
-13.1130571199 16.5103451009 11.0521692298 2.09139532502 11.0792394703 -12.4324537912 1.01456138248 -0.254850592403 -1.87455826255 1.6758111103 
-14.8416295786 9.60624680421 12.7990698242 7.73338696505 14.7587114343 -12.7507498351 -0.39901143593 1.06533409423 -1.75600249158 9.07214218754 
-12.4635729983 0.402712642849 10.4589078266 12.2571791213 11.6317037158 -10.0410439191 -3.59871032477 -1.76074974064 -0.331202465307 5.74884419728 
-6.88856282181 -2.62315414765 10.1630995083 13.4092063397 6.97652964286 -12.0114283991 -10.555723616 -0.879907787685 1.59815566542 1.66364231239 
-3.57935149789 -6.48239565777 6.08887759191 14.1322466236 2.82576594956 -9.21852871145 -8.97916418977 2.28187605751 0.994650940522 -0.11423216088 
5.46814016514 -11.0346396812 8.17714579049 10.4602517495 1.74472455828 -8.40185174915 -6.59418837262 7.06308085105 -2.36673728383 -1.60829354941 
11.1297812211 -11.7474619523 9.03921595964 10.6675180017 0.898172889561 -4.33193555974 -5.40120306453 9.92610489802 -4.83404475736 -2.24475900917 
17.1846617884 -7.12149062755 6.51798163371 7.63411995879 4.1370283176 -2.81873236934 -8.87230632259 6.76791408982 0.739688759112 -0.293127279715 
25.6100922472 0.635121960459 4.27830452179 6.37612517024 3.43377775786 0.86254138742 -4.36648598879 5.3109835317 2.16298574557 0.446445224912 
31.1445407199 6.94744831397 3.61087400886 2.52040802431 6.28135887515 3.3241475235 -5.78087052495 6.60024975992 3.36329066762 1.66214903955 
34.6341060967 15.4983301905 1.70770058546 0.218091620149 7.52900184965 1.80007134906 -4.93167390945 -3.57535343478 4.28233177154 1.18962461504 
27.0306090391 5.59684469574 -1.50698128492 2.24700745154 6.56726975968 -1.77383186536 -4.0094966316 -9.05558338874 4.02683494052 2.53174015133 
27.7970075916 3.47442465798 1.83247875426 2.57323856538 7.53962652411 -2.81831754115 2.07168684313 -4.18118025623 4.93991979924 2.63021772893 
21.8502703214 -8.80767410247 5.48157071724 3.64857015411 10.0442241677 -3.20166029444 5.70619955849 -6.74081581363 -0.618453014593 -0.725632118424 
18.9216594687 -10.61352342 10.090032295 2.39202097313 9.33588544738 -4.0589111753 9.17232862654 -5.10066130804 -2.89318037139 -3.04104380526 
9.40903395822 -14.3361178781 10.3334661425 -2.929668766 7.98442839933 -4.93123929054 7.768775744 -4.33339521259 -4.48100435519 -2.41188516877 
2.42086694463 -16.9570943664 8.56565318892 -5.5568545215 5.60907982834 -5.25185335003 8.49010525531 0.0154988308587 2.21602101621 -3.2703820524 
-11.7037769845 -17.0898622582 7.64219018239 -12.6560254012 5.3350020932 -3.50110639125 5.78237344233 4.50955324606 3.95743827699 -4.95142133037 
-19.8257649295 -13.7977892349 7.3708089338 -16.905227655 4.21452655225 -4.86176969049 5.9529198964 6.51686643647 7.6652812653 -1.84613581077 
-22.7198386461 -8.94068291598 7.29556593749 -11.4448645776 5.88325765835 -4.02163473587 6.24863008791 7.33758206279 12.5421451101 -1.86075277272 
-22.2585737909 -0.505494159174 10.0624720094 -5.32931791803 7.33038063295 -0.443562320174 1.07780467071 5.87707406653 11.5955203371 -3.81470961297 
-15.7684088966 6.29831831497 12.4330074378 -4.37051464215 8.21082597511 2.02374242601 2.58858778733 7.83582448542 9.7776464678 -5.26457402038 
-11.6469000222 9.7635467498 10.1697996184 -1.39094571427 4.77017460058 0.700497120074 0.908057204302 5.11174911338 8.25756660289 -9.22918445796 
-11.6009974373 20.7638158871 11.7016297472 -1.9358127985 7.5639078176 5.52970385975 0.899185016727 3.66875268158 4.407845287 -9.45345635639 
-5.33700028538 21.0475613031 11.9500139505 -0.901322609699 8.84241653292 14.9179831633 0.565865349502 2.89526097042 1.6651937201 -10.5067958145 
-1.82673581738 16.1675607334 8.63969727254 5.12517377236 9.65604847034 18.9808892669 -0.331944409446 1.42848827708 6.91152628872 -11.0970966816 
-4.90693055246 11.5866672716 10.8978270458 3.32315707371 8.93045361199 17.5550434514 1.0045956466 3.05270717138 9.00444311717 -10.8191795714 
-15.2399353859 5.44024881546 13.5566080709 5.21251577783 5.17090048979 7.11024288347 10.4384122023 -2.24089658337 7.13483358428 -8.86743754182 
-16.7186839213 1.57064352571 8.18688925716 8.43304621681 6.16217622014 8.03306795189 9.74563925465 -5.60704282046 5.78915095051 -6.70097604853 
-11.1936739345 2.3475779221 11.1684336836 13.5634345401 8.38647857271 4.228470179 8.65150347585 -5.67465679427 1.75109883018 -5.52730761913 
-10.323718597 0.579018099167 8.19168611795 14.6546583532 6.58385144362 7.42375822101 4.53116924738 -8.40377004563 3.15546225336 -6.15802676454 
-2.57667430486 0.622510986319 12.5541556942 14.8177136118 4.09989302943 9.34763703323 5.85039618659 -1.54107415461 1.46492013548 -2.97064646186 
1.41380232814 2.51843002951 9.33739143352 14.9649713027 1.63444207961 6.0387973418 -1.20416371992 0.734388656017 3.54684017244 -3.9990118625 
8.42379456812 -1.65861916847 11.7963264999 9.61371611575 -1.99941809366 7.6136585959 -0.276857778642 5.67216523715 -0.103788293223 -5.18321514161 
