-20.0184941327 11.3627027321 6.43783296778 3.19956975503 3.36151345957 10.4722320689 7.84237937695 2.51304646805 3.69495053193 -0.752063499913 
-17.6292582086 7.55592905836 9.95491576679 13.0190484443 5.23888981578 10.29117249 2.31721679709 -3.04237376948 5.11533166446 -2.89438735179 
-16.1718300462 7.95991549148 8.07014413936 11.404710067 4.82829209385 13.9897106827 6.43867524453 1.84729900209 5.10048319286 -4.96435201082 
-13.8364433664 -3.1044757789 7.38784826867 12.9407601497 0.601959500687 10.7355521517 0.643176314442 -0.166200190989 -0.714422012351 -5.94554461599 
-8.61430477198 -12.7473237362 4.28171216637 10.0635626419 -0.781733107647 7.57612873286 -2.80819608246 -4.80338201486 -5.93881192651 -4.01563146148 
3.43772157191 -15.5067834163 6.49623790659 0.426499886723 -2.00861214563 4.44134506758 9.49339856202 -2.92533643745 -8.89797671332 -0.847297332041 
12.9281085641 -5.98341978078 -0.395854114375 -8.70662663474 -2.85295237191 12.2341687882 15.6580886325 -6.87658485444 0.33783863165 1.27297283878 
12.0192219446 -12.0906013818 -2.0121386972 -11.5598319029 -5.61426450789 12.2883364303 16.5180755855 -5.41897042878 5.81683488946 0.543986856552 
29.2792652486 15.9908727995 -10.0907439198 -1.89054552947 -2.86811348685 15.6041640339 -1.60898236704 2.9280976019 -5.65051414412 5.64311589437 
24.6574140409 10.8367610257 -13.2871124059 1.38651213225 -4.23264210886 7.79441548497 -2.09128364978 -5.14305960159 -6.13995184054 5.69990521754 
23.3683307132 12.4695644064 -13.9219734282 1.45463265543 -0.240780795633 8.77181168602 -2.58495671022 -7.48935112199 -5.71974957572 4.53911421963 
1.36373276942 -11.227731962 -11.9213976099 9.29421982104 -9.05350837748 -5.68414956554 -5.88146763929 -2.01988889025 -6.65224056254 -0.0548890006217 
-9.28824432507 -14.1460620846 -15.824997445 5.61575583304 -7.1425938708 0.215191405784 -5.74137553014 3.00497478785 -1.12976027859 -4.81527522087 
-14.1036319955 -13.3566155016 -21.3611139679 -1.13876869079 5.55350602354 -2.38430936312 -0.355134208602 11.5949173821 1.85104089007 11.1836920896 
-10.5604928671 2.76499871854 -20.7228303348 -2.38152597781 14.69999706 -1.64533287767 -1.74139769033 8.80526057897 -8.69260990207 -5.48400572988 
-14.8233768572 4.80794734909 -11.4456485182 -7.15517612842 7.88499123236 0.954533411191 1.74141607265 -3.96553921961 -4.35333021247 -10.14790229 
-16.0780218464 12.9364598849 0.132720012098 -4.99161386172 4.41824029804 6.11973310094 0.150315473537 -8.91075075308 0.425987098329 -3.95376380608 
-18.7051458835 7.53832632545 13.3106293481 10.8907109113 9.77835773746 7.18283527732 -1.63781922753 -1.51396547605 5.58035688134 -1.94933896916 
-17.5268359797 8.90782958565 14.8952936627 16.2139839602 7.21295352615 10.5493695625 1.74936492493 6.8121287043 5.25870835415 0.36439575466 
-17.5776777311 -2.1879839738 15.4532721057 13.9229013903 1.83151353714 7.58419464026 -3.69505267896 6.30803163332 3.38793403576 -2.72667311811 
-13.7533729611 -12.9774160074 10.6689758062 12.4051832812 -8.93162123517 10.3815361935 -10.439683084 7.7069553129 -2.33675588817 -0.263026557013 
-9.32398387596 -17.9024342871 6.21201258979 4.79024205834 -7.55021355451 6.97281381135 3.02281351226 8.46988832232 -6.65655246929 1.71499160528 
12.94754886 -11.849511455 2.38977881985 -2.43793418007 -11.233512355 5.81335676084 9.86884055024 11.8780742054 -1.46349047456 6.35088218418 
14.2684582706 -12.1886127965 1.64243355332 -8.51626361844 -13.8863553975 6.21583159854 8.3060558341 8.51718230999 2.52808682983 2.23790055159 
29.7808299568 10.9215670472 2.28821429939 0.463002843437 -8.03778163921 1.99167660076 5.56706849226 11.8438613768 1.03046227037 -0.047211246165 
33.902124 18.87509938 1.60089603448 7.08226285879 1.54344340378 -3.33958952383 5.3453620624 9.51531316991 -2.99608142585 1.1922023802 
30.2201997545 21.2368493837 -5.64701943883 10.7082122007 3.40960251616 -4.28863430733 -0.455080639321 4.46741754636 -6.8518079202 2.44881026196 
11.7813841097 -2.81564609697 -10.6844827438 16.5344783288 -3.76862198993 -10.0549413728 -4.54529254299 -4.16762145629 -7.39784782512 -3.48572210338 
1.67676303461 -8.9084089772 -13.6499247282 12.851402024 -2.18155346385 -3.66205833353 -2.59566100421 -3.48345966715 -2.74145522245 -6.85432529158 
-3.96123579455 -12.9819424076 -14.8745013205 3.5259600256 3.06967528817 0.484565821537 3.30050283278 6.98857659045 -0.0507366034515 0.20333359273 
-12.0959498525 -7.12938959468 -13.9966164733 -1.10853127527 8.81014363886 -2.16229109198 2.16299484446 10.8729812103 -2.31762787244 1.23216774852 
-12.4865481775 -5.80615798278 -7.23872752183 -4.92789266452 4.75229343141 -6.95141777837 1.66681555027 5.4486022309 -3.6070491533 4.02002329345 
-17.3818800019 17.1906550882 -3.83128919815 -10.5516741789 -2.68150793354 -7.43234104112 1.79760664249 -6.51851835319 -3.40436743123 4.68122427227 
-13.0731221355 22.4470395045 7.60231196277 0.893273489445 -0.0627966656259 -17.014595603 12.3731538631 -4.54034886464 3.26836831991 6.39677504982 
-10.8017867168 24.9331725434 9.98482871778 4.02164041098 -0.668264503411 -16.4001038958 19.1863237215 -1.74517479066 1.29359365036 7.56723546605 
-3.88054313914 -2.13253734854 21.000272999 9.3225333606 9.52380289857 -6.74465058798 -5.54304807861 -5.89015667275 -3.8442533112 13.2211023289 
-1.98977886411 -10.0022900546 19.0229590863 8.29149527369 7.82226539773 -4.55453045322 -6.03878504627 -7.39379347485 -8.83919216722 8.03984447692 
-0.170449592436 -12.8439118273 24.0512369937 6.91617301849 9.41112389242 -4.92375416738 -1.70132283556 -1.98919223757 -8.31936474801 8.15355196553 
7.29121078362 -19.9592591455 16.7112549661 -8.61600841679 4.79981669292 -8.43069232123 -6.96561246217 -4.58137392858 -4.26347533737 2.48727386446 
6.81907786713 -25.0945508425 15.8754356773 -13.6953836443 7.63313589338 -2.04164270251 -1.86721079862 -5.0434083579 -1.61442156382 -0.708988193522 
16.6481077969 -19.1435828054 17.8259793473 -10.5285929647 7.61983352115 -7.35053150243 -5.62458547952 2.32563476219 10.2624654521 -3.00339912999 
27.6204383636 -0.116037363008 16.8934808033 -6.86248703607 12.4621659898 -7.59276664898 -2.49236828884 9.12561393948 11.3127407486 -7.64346673868 
25.4325749358 8.60710105785 9.70182349766 3.00516837549 10.0736994477 -11.826339588 -10.1709955829 5.88503379578 5.74235425274 -6.40065029119 
27.2427206617 10.1663084524 1.33897137205 -1.76028923689 6.58092443793 -4.51106292598 -8.58841395416 -4.3882828382 11.6541886427 -1.17130001218 
19.0933851617 -0.613145999618 -7.5300925157 5.16914104252 -0.555980836256 -3.62880646774 -4.72737731464 -12.0787577708 4.81171625395 -5.01170196915 
8.38484322566 -8.11192855998 -12.6966298516 8.75651860665 -2.59552012213 0.443967565777 -2.34897368785 -12.9329027568 5.67557218395 -9.63198204554 
0.701563884153 -15.3393703575 -8.81312709953 6.48053246571 -2.78872775032 -0.636617782478 -1.52618447944 -6.36578943392 4.51192269038 2.95191687743 
-2.88417937269 -18.2446942203 -11.1446063546 4.89525074693 4.53271341236 -1.52516526029 -0.680855185707 0.290125655803 6.20628303664 3.24260476358 
-17.204364788 -7.93807804052 -15.8691276478 1.87638744431 4.68953453152 -0.37341358847 -4.8878737935 6.77602413324 1.94328136717 -1.91782722808 
-19.2745598946 6.60704851742 -16.1225235893 -7.06762389897 2.27828121457 -6.12131986894 -0.822476479596 6.04050504659 -0.423698584924 -5.44386115281 
-20.6523493747 11.2481457288 -9.22464523062 -10.1648690622 -4.55960612844 -8.8453266756 -5.35091208792 -2.54619847148 -3.63404191995 -5.31705701846 
-21.5823075064 18.6481086625 -2.37097947898 -4.60123152942 -10.4282520571 -6.08022785891 2.07076849652 4.23422526863 1.20016988218 -3.58029228848 
-17.5663942163 6.6141145557 1.69070169245 -6.95356859498 -6.79781331677 -4.11217254058 3.5126924509 0.425029883607 -1.0341209851 -5.93916641726 
-16.8672784141 16.7896557047 10.2022218004 1.28195394117 -6.94392473892 -14.5571585936 18.5338079897 -0.25150627615 -1.27803670542 -6.36022603009 
-9.22577730473 0.187838158446 14.280845321 -1.54779172424 -9.74750697046 -6.80302006405 4.7471950107 -0.0185180720903 -3.43637391501 -4.73758951687 
-9.84734794194 -4.18389988987 6.4980249281 -4.940356733 -14.1772193117 -7.53042186248 -7.20160838828 -0.307488297366 -4.17125355032 -0.941547648085 
-5.31326860149 -18.4486580385 12.7348116915 -10.9803243118 -5.97850808633 -0.60961649719 2.23591804931 -9.46919001542 -7.02653481204 -2.88486595509 
6.43677358072 -18.3534779196 14.5650546277 -9.42579502129 -2.7565692226 -2.05525734359 4.37192334448 -4.92432772013 -2.24883789161 -0.236391149495 
15.1538385542 -15.5126902828 10.6854886479 -10.3256760296 -4.7448131546 3.56876564177 3.44832736948 3.34304705851 3.13665202401 -2.35178390776 
27.3138857589 3.36837879236 4.2486641182 -11.1840055664 4.39043384557 6.42118654222 4.33892682997 4.83413959411 -3.85347949378 -9.60480146171 
26.8073073638 6.52504280452 0.792786984506 -4.86944199249 2.98857559714 0.451841281697 1.07369894063 2.16120680841 -3.8128840196 -8.31418388068 
27.4443390289 15.6099960835 -3.34139226762 8.67181442309 6.83560113823 -4.2921453977 0.778425892063 4.72933703984 -4.68292500215 2.88368989281 
12.5225271382 2.65553631332 -13.1397845868 19.0262495833 -6.69008057101 -5.06058529119 1.26237694832 -8.17689462251 2.10273463708 0.765631766381 
9.49223220878 -2.47988989111 -12.9379437701 13.5878097434 -7.43000571348 -2.13432270948 4.76183980757 -13.541890571 11.7868322048 2.82120036141 
-0.550168725853 -15.788188098 -18.3595498519 -3.47815017053 -0.925674765273 -1.79834957858 4.14899039393 -7.99124078562 12.7032092753 5.88019409781 
-12.1783181492 -15.3506600962 -16.54697825 -6.26429860167 4.62561153387 -3.78002342827 1.75788858358 3.40228586678 9.1192463998 9.79919099466 
-10.3625283949 -9.02200558013 -14.4209101667 -6.7432639874 6.26610450163 -2.69151509316 0.160924131797 6.71349682272 3.39525491071 6.00711588789 
-6.81737567327 0.643414770322 -11.3714674361 -12.527278677 16.6283875763 0.693040899281 -1.37743516923 0.641744881989 -4.49988050027 -1.00240115313 
-8.81758823669 7.69172473131 -5.60350768802 -18.4477226018 8.54503043286 5.06460639951 -4.64644584435 -10.1885087567 -2.51170454562 -1.94798452061 
-9.03824954627 26.5800537788 -2.27407905963 -14.6646611244 6.30762568283 15.7331090883 -6.02418707775 -9.27669298143 -3.87045179897 4.18756815622 
-7.76452987101 22.671711302 5.47170819656 -10.1593924399 -2.08666388352 9.71289498942 -8.0015728669 -1.77388232317 4.70095617035 6.51796041457 
-4.20137279994 18.6804163409 8.36079151855 -5.64896095127 -6.81114754557 6.2791829714 -15.3048775037 1.43295680698 5.00882322673 8.14283390111 
-5.1544157861 12.3065454805 5.70712803184 -9.86975318135 -17.7431371871 3.89754149122 -20.036536104 3.14650360326 3.38083491949 3.11953146397 
-6.88114543155 7.25254202272 6.2040162816 -3.69624105337 -23.4514593295 -9.29961111806 -14.2423075645 6.83100285302 3.73285478748 -2.16106317704 
