-10.1560647936 8.97432934458 15.777845519 20.4489843661 9.46153317271 7.13993165061 0.0656034131831 -3.31550205637 3.85548972913 4.11675134394 
-7.88102334664 10.1419555888 10.4522206617 17.3374510124 8.8750303985 2.54766445535 4.29697378195 -5.08498920311 -2.99668305245 1.69259156663 
0.882073787455 8.88116918079 1.904373205 19.6328708638 8.68110162104 -2.44364279497 20.2119772691 1.03783826972 -0.342201826494 -1.67612749017 
4.03425247546 5.66319465735 -8.82598148937 14.9184821438 -0.210792705405 -6.34415284665 18.6393209204 -1.05579554612 -4.27163132391 -4.88671120998 
13.6685391576 -1.66216127742 -8.6143518592 11.7756165685 -1.24146445634 7.50776699664 13.1365075509 -4.74503793681 -6.8661761627 -5.23173962095 
17.0475369967 -7.33987353249 -0.113829816034 12.2508488252 -4.85537420243 0.935437178816 6.20175079171 2.71918644767 -2.23532156387 -5.69642391366 
20.5708317947 -5.01464708494 7.45765862288 5.11212314129 7.3889892076 1.39304905481 -0.225406522562 2.82993820356 -1.29843689188 -2.59671309633 
18.9684985793 -1.3854527158 3.49670006219 2.02613451457 5.04907909028 10.0190638848 5.845372054 -3.87289689577 -6.59695043279 -4.91727715468 
23.4335599803 -1.75130033892 6.90852291982 -0.957849535586 4.26177491705 3.84258665917 -0.128487411217 -0.757840358907 -4.50569642041 -8.774098967 
27.5527221843 3.15229771366 6.42242526179 -4.62766508658 2.12621527261 9.18257241018 7.73304699543 0.278852257441 -3.97209308001 -10.3727403607 
24.9614550022 6.35586221128 1.2720869982 -2.82004902747 2.47827027931 5.92365114595 9.47497392009 -6.7452467571 1.44032652644 -4.14204574734 
7.08439688425 10.2352937817 -10.0598740504 0.819894103302 5.93011728984 -5.84966223464 9.83161596706 -3.38038645015 7.45129829177 -2.72659942173 
3.96997751095 9.47634300497 -12.5914434723 -0.641872734188 6.26463585575 -3.41415544381 9.3254926602 -2.82864074795 8.1590410598 -1.4722035546 
-5.51076225266 10.8959533576 -10.2798700831 -2.37779307003 5.64201329366 -0.423368622321 1.0212989039 -3.64648293369 3.70257247302 -0.553652789229 
-7.17511983844 4.63406667557 -10.8780927668 -0.113693348663 7.24426983306 1.7552924998 -6.40910692275 1.38281375826 6.76513195927 -4.58393622583 
-11.0025899362 3.67336894467 -4.04399574625 -3.71874460708 3.55929248759 2.71544475017 -3.00277758183 0.497410734166 2.74290855198 -5.51846288638 
-13.622280592 -4.29418312892 -0.998625400648 2.23824725202 3.10208878508 7.5247677046 -0.246497867663 4.97380796338 6.84722739545 -3.83283920562 
-15.7128837467 -12.5081393279 -2.07577790658 0.331607754328 2.99054197587 4.33343981442 3.46920942672 -2.32173515873 2.91005960769 2.23543335631 
-17.8960042979 -10.5471198953 -2.08623302003 -2.19168701435 4.44456667282 1.54477900978 6.19849839275 -3.18124786559 1.81587681854 0.658220946986 
-14.5543787052 -18.293513459 0.205276965432 -5.51648821431 9.04016563614 -6.08712861812 8.91106758782 4.54532136602 -7.80771403244 1.56713068137 
-13.0796232396 -19.4947472724 -5.21618694638 -1.18744904093 11.7329534442 -10.6251902322 3.05967384328 2.95631901379 -6.10329419624 4.36109983165 
-14.9369198213 -14.9425448244 -2.89434919376 -5.28210262144 5.88004852832 -10.4860876509 0.544336401837 -2.18821818817 -1.5205664092 -0.693346075197 
-16.0678799858 -10.4401500077 2.61843717276 -5.38758316432 3.09169609097 -6.96052474185 1.35863320082 -5.09479164631 2.78908532267 -2.62573835286 
-16.7350961552 -10.7911369486 0.758888188052 -4.18791029643 1.26019929874 -5.25324492481 0.341177337705 -4.59831726521 4.0096515372 -2.04475913315 
-14.4612213944 -2.06427727777 9.55806434945 7.15220383713 8.294119843 -1.02034073891 -1.45450978998 6.26655357224 3.71768710128 -3.92977234243 
-15.5838305999 5.40229056364 6.8907426355 11.685607392 4.91008797847 2.26625928657 -2.79573393483 6.08166876869 4.5278937873 -1.38310752778 
-12.9077590151 6.86846323233 5.36875514861 15.7242376096 2.96484816599 3.49686524305 -1.84339781925 3.91597091028 3.00276418981 1.09702398437 
-10.2576150605 5.37264944734 9.42840688499 18.6338972514 3.92317591744 1.3742318484 -1.46226398347 3.4619148526 0.172848926078 0.772345863207 
-6.56080333911 8.36491595579 5.00879300846 16.913224282 4.73689246915 2.07835591268 -2.60064885969 -0.274351946953 -0.822726731094 3.68216198006 
9.71898290472 5.92605298652 0.68570720219 14.3763349037 5.73441119223 0.24642689789 8.17983905616 3.21728870832 1.28957715513 -2.71588497033 
15.3394612739 -3.69175658716 -6.48637807473 4.79786076109 1.5223158087 2.47959224696 0.326438318238 4.91840977986 -4.39384526467 -6.65035027471 
13.845294854 -11.4907994488 -12.4872362123 11.0476954604 -5.46023952574 -5.18466784268 -4.47074003409 2.09722687259 -4.04905636063 1.53606954859 
20.1011590295 -11.3661981671 -3.89051611515 7.94240381449 -7.06271618075 -3.20398111002 -4.08068832642 2.76959492832 -2.99576770956 1.11949827922 
21.0503867508 -9.66845397059 -1.18131163774 3.57455227933 3.86206345848 -3.31239008443 -8.25400569241 -1.67343963505 -2.96214235362 3.27998788143 
21.3577034041 -1.85937323958 1.81963401515 -4.38456006993 6.07769168862 3.01610320153 -7.08008227869 -1.94679563267 -6.91922803358 -1.12170644869 
23.9421270053 -2.02658074393 -4.90172894363 -1.23796975835 4.21070251853 4.68980908616 -7.97604132079 -3.26244613623 -2.99735002424 0.159488907208 
21.1463518736 1.68126147272 -7.21903805857 -1.63568469969 5.18614154774 5.8732494518 -3.87614993565 -5.18132645885 -1.99659372155 -0.550472007198 
17.3557137949 2.76004410155 -4.6993676422 -2.77655269667 -2.21312084279 9.19222478548 1.04323932291 -0.582586632531 0.512495262805 -1.80637000058 
8.5718121381 10.6617236836 -6.48307440236 -3.4641756818 -0.646542890923 -1.56011322475 4.8814532581 -2.52580094652 4.53606821635 0.757533005478 
1.13612992156 11.924851856 -11.215254664 -4.48329812222 -0.141368457848 -0.51600776472 1.94318153242 1.71633894633 5.1091956978 -1.01510015871 
-7.44883257957 7.66439966571 -16.4878326249 0.0280855394686 -2.62260808794 2.54859167323 -3.83781825405 0.522287752675 8.07613349408 0.870386959449 
-9.43411875203 10.3158579637 -13.137670698 -2.74047288123 -4.66962018471 7.76391002561 0.438302816183 5.13379039395 4.93408005546 3.66360029563 
-14.7964335599 10.4231829672 -12.9830695791 -2.20103499241 -1.48925353929 3.71208306806 -0.244234070613 2.86728682846 1.93173025559 5.65226864266 
-15.7277140843 3.16087008722 -8.80433937638 -4.91528981219 0.788737633532 4.83458815932 0.434737558951 0.970210826624 1.02846241012 6.69918525422 
-14.9424531787 -3.28588837972 -5.96359425845 -8.14833695423 6.79638392144 6.33241233073 -0.0269049605907 7.11446446579 2.99483515243 2.62318661485 
-18.115926942 -7.78965726129 -12.4633097563 -6.22176210965 8.40109830576 3.30114180733 1.79537401981 8.67334468798 -0.551998130455 0.434480969596 
-18.1059246432 -12.4243108469 -5.60438811649 -2.57303096531 6.39976812087 0.123147528461 6.10319698547 3.67355779638 -3.12898389816 3.42144200819 
-15.5659926481 -11.7347927521 -0.316797089928 -7.03674794788 4.51375036111 -0.255430757668 7.08929399363 4.19713364114 -4.97887443739 3.21078546818 
-15.5447466344 -16.8513791221 -1.94174029264 -4.26070502531 4.18772277048 -6.16804834963 3.33869547328 0.846489835512 -4.09479744664 3.25993773276 
-17.0897581928 -8.97456619742 -5.85503653801 -6.5758314951 1.19837735023 -4.10871686517 1.13176108793 -1.16451826182 6.84776132318 -2.41882590503 
-14.9707186121 -0.749450531573 -9.58214715661 -1.13699014129 6.75481108908 -2.76714306562 -3.81862466756 -2.53786935724 6.11401311523 -8.50856474125 
-14.4272777662 -0.394868323658 -9.58149709117 0.961903470899 5.16877567334 -2.27463992554 -4.56099531671 -2.79792714296 4.08324304245 -7.14468908698 
-11.0866564586 3.68701606149 -13.4868526196 4.63215513945 6.45863422219 -3.95004158895 -5.41681742663 -7.14069529568 -0.612722743396 -6.50160060951 
-5.91128850548 6.3294953722 -9.46173464027 5.88279055225 6.03143028953 -2.83004063 -5.13313380144 -8.57310688363 -3.26254936848 -2.85423024322 
-2.46196289324 6.7293421697 -14.06369562 8.34122108772 3.25323180369 2.20324744479 -3.72505750965 -5.16297420072 -4.32182244731 -1.69916865023 
-2.39015132486 4.55819346981 -8.20053390001 14.5601128451 2.42869230567 2.62292811544 -0.198116654432 -3.71206372868 -5.94380201434 -3.21226283295 
11.7414378502 4.44148439723 -10.7327604418 10.496784067 5.92817828954 0.349340793785 6.02032422148 -7.99964365123 -1.87326652576 -3.91703741162 
18.7582370073 -5.22523447484 -5.62721385521 6.13151253286 -4.45848435125 4.36637983595 2.53000193317 -1.60257340781 -5.75159040057 -5.15855016699 
18.1513272068 -12.1732942029 -5.68381482027 7.5430784456 -3.60747086585 -4.44221094911 -7.02834278464 -0.923074786717 -1.58161745987 4.13981223793 
24.3854597622 -6.66086905546 7.10531335829 -2.17378660161 5.71012940976 -1.22876485966 -8.34788537546 0.023797236681 -4.74293644881 -0.834064746291 
22.9262952445 -0.78467585287 2.29762174993 -5.02992355492 4.51812377233 3.82647475633 -6.42083032667 -3.92076363122 -6.57088535452 0.965420749623 
25.226292991 2.50210957067 2.27597889496 -5.33645298171 7.37434966529 5.75412925966 -4.54117620245 -4.45844079858 -0.778832813996 2.75609081959 
23.0523765189 0.771614739727 3.74081710739 -4.84180892125 6.4223573766 3.50070177174 -3.89240868743 -2.11280780718 -1.44431153574 -0.141634423881 
16.1293092671 3.89488386239 0.0802319674147 -3.66489774724 2.16902406854 2.13319065308 2.10693023036 -7.05779825682 3.43999844972 4.2067599159 
7.71436876487 11.1059965975 3.48071280234 -7.03177364182 1.40008476422 -7.20079950048 5.25340083653 -5.01301474174 1.76211253796 2.19833875754 
-2.05720620878 11.544906412 1.56643662987 -10.3681842522 -0.430111741594 -3.46494061558 0.504819585245 -1.50960192685 1.80356713943 2.34013637235 
-4.70641702084 10.6682182708 0.459777951726 -4.9280877379 -7.86161448381 0.268594376564 2.4598803333 1.50517993994 2.91794762486 0.515565226446 
-9.07359868497 9.72723688668 -4.12383085314 -6.0754230413 -4.77715857883 2.47537920901 -1.35594543078 2.01801206918 1.91986212703 2.15711129199 
-11.7645892871 6.70688889959 -0.807473688552 -7.63410425001 0.0266474850275 6.05955075499 -0.953722212452 7.13575842705 1.00055779016 1.27998134842 
-13.9170254196 0.0780651494289 -3.71762320626 -7.33773505531 3.98645517682 4.97185503107 -1.77827939576 2.62983024997 3.16425687051 0.100151876043 
-15.3962850067 -3.72385243532 -7.77455802903 -7.25387058471 2.27369279803 8.8563670636 0.643106035489 5.14357308726 3.1196039765 1.61591386444 
-16.2827119048 -2.74564152955 -3.88670016893 -6.91151387319 3.06698959064 9.41169772848 4.75663428231 6.89338198942 1.30934547517 1.03210191406 
-16.1714197984 -9.02488831045 -4.66774027454 -7.27824309813 7.90097655993 6.36574631103 2.1421888752 7.94883523772 -0.0503601695186 0.879376473111 
-15.684337078 -15.6980669605 1.00047786655 -4.99725445453 2.54707352539 -0.503998157283 2.5830152635 -0.397652012453 0.0789550997801 1.19304069724 
-14.4299484981 -12.0817917181 2.05511526328 -4.06068327752 -1.05415531591 -5.64998619637 1.41332855222 -6.42395559921 4.75562817158 -3.76623166394 
-10.9325119429 -3.41136012799 5.66969649017 -10.9286050665 4.84409394314 -2.14559917171 0.440871260664 1.23546745607 2.81845798021 -7.6202550891 
-9.66110070534 -4.44022309489 1.14940882248 -9.3043710698 2.76643248043 -2.77559447119 -0.391863121987 0.258374117371 0.933543905138 -7.30582898481 
-13.4101101681 1.53002527777 11.6108855026 11.9425203124 6.68843702672 0.865835361279 -1.05574054335 2.27314773108 4.11491394798 -0.708972305569 
-11.0486326785 5.19439836003 4.38570963535 13.5571859388 8.99811181007 -0.2879689985 -2.7590004209 -0.704748318248 1.70004874279 1.80580726739 
-11.4473001802 5.65324628983 5.01451286081 17.2521944019 3.68361636645 1.85911536343 -1.34266108576 0.460028027291 0.802563618916 6.04111021142 
-8.72461112343 5.4398632664 5.06482333902 17.6978587453 1.00057031416 -0.835240998131 -3.62602444433 -0.391753155903 1.25783072149 6.02565949936 
-5.55636386593 7.48402304534 2.43496826122 15.552516631 2.8835959952 -7.75974339162 -1.56373680187 -0.454315837356 -0.507267278643 7.58307921747 
5.02005363763 5.81984945515 -13.1024762297 6.42243044019 1.87428511703 -10.1990898806 2.48888597407 -1.50842250509 -2.80303076862 3.72140664266 
21.9735454711 -5.67020336198 -8.98492244086 6.62351769949 -7.68385334701 4.06579815666 0.237747763055 -2.12709575783 -2.60155687738 -2.63082533948 
22.1878616864 -13.8342337145 -11.0661013055 7.57441809488 -6.03790345394 -0.00151318145344 -6.20634304616 0.822091776462 -3.8407846578 1.30956499198 
19.8382046868 -11.5655884238 -7.05811302856 2.16270410268 2.61422296481 0.668018782908 -7.72183464105 -1.48379767588 -0.156086365615 4.79538894822 
21.2461756912 -5.39958119823 -3.68650210913 -2.22216564377 0.144045720694 1.59390251308 -4.99853768917 -0.502436758338 -1.74856128558 2.98792964165 
22.9340248439 -1.8905355097 -3.34369116928 -4.18261570766 4.63488970873 4.63189966821 -3.60151378355 0.823199246716 -1.07410931213 -2.76808931626 
22.1304345796 -0.375305535095 -4.51575573093 -4.09456252722 5.93737287857 3.41288878128 -1.71257901897 -3.44889060649 -1.04136737535 -0.379050489569 
18.7808206461 6.849267557 -0.719726007888 -9.82529388763 4.39320186096 -0.0657642803795 0.143928424549 -5.5064134949 0.466059477127 7.60623028964 
13.1128339262 7.40424510256 -0.523856811637 -7.53908432597 2.58784011777 -6.35290409395 1.17789863223 -3.03506805602 1.79497747971 1.72861898801 
2.87492725068 12.2743424057 0.679549018513 -6.48020777773 -3.59666469388 -6.67496496699 3.44618235587 -0.0668211600389 4.59136474822 -0.214260584587 
-5.87553663888 10.942294406 -4.51278667807 -6.99156847788 -1.09937419309 -0.022826157906 -1.13052765852 -2.25577391723 4.57693215529 2.94897327164 
-11.0548570906 10.2718142517 -8.91055699828 -5.65768418184 -4.8846903964 3.97348023469 -2.79952335602 -0.9704270194 3.74172227753 1.51595608139 
-12.2624355856 6.42240418523 -11.9141629765 -5.20694333753 -6.26368721545 5.11631883775 -2.14374268533 0.653552313625 2.36508039325 2.36380284208 
-13.7349639839 6.16014541632 -8.65069184727 -5.94775122038 -0.87446177182 7.18649789734 -1.72412460446 3.00161702229 2.71159694038 4.04043783061 
-12.8836186324 -0.186709415966 0.581773643959 -7.914960475 2.19934473413 6.62405899106 2.04700299814 2.21155577649 -0.161401317434 1.88403909985 
-16.3401605059 -6.67021719158 -0.610670584375 -4.2416055716 1.40728231297 5.69000013426 4.53339637405 -1.15679732888 -3.68688770244 4.58486756231 
-14.9832895092 -14.2153012403 0.040450382535 -6.28622122226 2.07571792475 1.54905291375 7.96062141738 -0.234783937857 -6.44452109282 4.0715942203 
-15.2551125062 -19.6964310686 0.447914166481 -3.45056074394 2.56509772861 -2.37908536649 5.33280900509 -3.33584240076 -3.11946950426 4.06955935457 
-14.3733588511 -15.5203384354 -0.502156363973 -8.33130878283 3.58210307427 -1.86333650674 1.93093721291 -7.55712637698 1.48377518926 -0.190428279853 
-15.6303359849 -11.3169990482 -0.754699180046 -6.57104485458 3.04361939961 -0.229624996566 1.30196368149 -4.19791694253 1.94819118235 -0.874946020171 
-13.2286772661 -2.97202400555 5.16575111722 -4.11282025777 -4.94081330299 2.30644514326 -0.747828574738 0.260809573747 3.89176573456 -4.51231738066 
-11.3448456185 1.16627280654 1.40913642038 -1.21379567155 -2.78632749121 -3.84074405351 -3.73163456962 0.884631352912 2.06428383241 -5.89719749788 
-11.0538579466 2.06323989228 10.9300651668 2.78277701272 -4.09813938546 -0.691729028178 -2.45791385855 6.65642200243 2.58322804108 -7.50210817926 
-10.2411535675 5.84123154279 2.38120642991 0.779359995841 4.40771854364 -1.0022859061 -1.40450859935 5.47950285438 -1.73608667365 -6.73161128393 
-8.96936708168 6.32722126272 1.82303652072 1.94896929998 3.51983171953 -0.877750100299 -4.10977029766 -1.18622626151 -3.86837023417 -1.95024260724 
-6.74946169993 10.2947981342 -5.56288374578 1.13796857456 3.19980328729 -2.35266207914 -3.09154940425 -1.54344098596 -4.72626968377 -0.0736929695341 
-3.57051838746 12.0735161909 -1.4443466392 -0.312675541208 -1.58556316898 -0.995594209407 -1.21044067783 0.441216719951 -6.10207446255 -1.18017942034 
3.95238265731 10.8533633502 -2.30977594567 -2.38481571577 2.68414470733 -1.55837415946 0.133147071031 0.155161330683 -3.08761520667 1.23702839406 
13.39811942 6.44678448897 -5.54505964853 -2.59738077177 2.33236063419 -2.99240186097 3.00703859692 -0.25044740303 -1.65129798947 0.139919089128 
23.5924077212 -5.19929515078 -4.43840555361 1.26393361256 -5.87858363367 4.68173521431 0.385768709827 3.11366530634 0.468530654474 -5.23457926968 
25.6556808103 -11.7048002401 -3.25125142793 3.56296591784 -12.9726941438 4.29765992374 -3.77292656316 -3.2243586205 1.07122882436 3.90665740044 
26.5167543714 -6.64759972689 1.07994932477 -1.68031032407 1.74445106037 7.8876593328 -3.16286750566 -2.14509048293 -2.4647485009 -0.389989005148 
28.1326743349 -7.33764998369 -1.48146951868 -1.41236445034 0.683065045205 8.5554853517 -6.24354685856 -1.98371974162 -3.20506777283 2.42109006131 
27.328821143 -2.36808848049 -3.01606322382 -1.18821347283 3.38301874192 7.25194204025 -4.71505175637 -3.47428926028 -1.6111913491 -2.0580972321 
23.5538514741 3.75203002393 -0.139686901437 -1.74008270479 0.43960181337 4.89931536885 1.14997537862 -5.99024882942 1.96894853399 2.39442776566 
10.394378621 9.73932838801 -3.26195594942 1.16466997612 -0.862009607498 -0.241053575205 5.21120327871 -2.259561051 2.60303678183 0.622772743391 
6.71056593728 9.81350300245 -2.25510913789 1.83879823265 -2.6659675401 2.79463310142 8.23452737163 0.269948732817 6.11694713931 0.811611013747 
-4.41698678945 12.5454854436 -10.6204136211 -2.00385627486 -0.661533388476 0.341854001258 3.6638818485 -0.765175893602 1.19158069557 3.61171861473 
-7.55480440061 9.49047906684 -9.1811530932 -1.4558485143 -0.591183443942 4.0774638379 -4.70868609657 -1.92054652121 2.55694133055 -0.495583360893 
-11.6265282762 6.41110862065 -15.1844079459 -3.50680253086 -3.23437207227 6.55648907329 -3.23796284759 1.34947074287 2.00965691236 3.97313727297 
-11.9109886387 -1.09143143465 0.493701353022 -6.48439566086 -2.05587004589 7.31224239154 -0.225148633132 -0.1708993305 1.54645907086 4.65095279772 
-15.95911565 -9.87766770299 -4.56476597959 -2.28893993758 0.288406021395 4.5153301226 1.02412452441 1.61792987492 0.178683312856 2.86855095808 
-15.6174098663 -20.3444008339 -4.50153572762 2.03365926921 6.83860157888 -3.26501926576 2.5479759666 2.0231700094 -5.2783486323 2.94720345267 
-14.9764420497 -20.5320138289 -4.35666785626 -3.78624173173 4.85472025124 -4.03955779688 1.7822831215 0.408804338522 -5.30527480437 3.71616072728 
-11.678409392 -21.7469355613 -2.9788539205 -1.56536929665 8.95284131571 -6.39192971711 0.380556169987 5.33949659926 -2.94501081908 -0.791576377751 
-12.7141199836 -10.39476753 9.07073748 1.14567317163 6.52467757819 1.96914501184 -0.362716349284 2.51108265304 3.47378508638 2.60725348322 
-13.4359573003 -14.0376882836 7.89565391679 1.2295403369 4.866927753 -1.17028353279 0.6511152554 0.893219886904 2.02224589729 3.6825336973 
-12.3645671108 -2.09485952948 9.45280474448 6.5699226167 1.66723964446 2.69191663249 -2.73990766625 0.907590749241 0.586093147349 1.42714630129 
-9.61998352418 1.63666860856 4.83288035439 9.43878445984 1.8164403689 0.98908106323 -6.2612395809 1.83967588071 1.82300865699 6.65047169539 
-10.8090406637 4.45854357513 13.9452054381 9.6350801315 -1.27113298753 3.86085158857 -3.36424234034 2.67213485458 3.97528992095 8.5525402907 
-9.17294712904 8.59082134942 6.94280385332 0.136422065589 -2.17468128293 2.2621503066 -0.630044872762 1.22241679272 -3.18247494254 1.17870358644 
-8.36480901421 11.8968261449 10.2949067286 -1.2507948018 0.663766998001 4.65390712995 0.944675286383 2.68984547263 -1.0730367709 7.83045572431 
-5.98616719119 10.7458633682 5.38796714711 1.54225018516 2.9407809778 -0.273044826731 0.932768047835 2.85326078191 -4.02840049232 7.61075399441 
4.47004942747 4.8758507776 -5.46194044194 1.15054347171 5.10663004474 -1.99447012136 5.75868591792 -0.548230868123 1.11085949618 2.86343427321 
9.49607624678 0.0885192488767 -6.64026110435 6.54867436495 0.847291712964 -2.90607552021 7.56898672989 0.148691019767 7.88664509176 -1.73815950162 
16.4367599696 -12.1898853561 -8.41712385791 8.57818269931 -8.88426436173 6.15117071578 10.2910290286 -5.96010304201 5.45154041913 3.80149708783 
22.0547419793 -9.80846313478 0.95187099658 3.2807360579 -2.38162433997 5.56265187275 5.88537249032 -1.25744055387 1.09765290587 -1.67697910713 
21.9417604557 -11.5620090908 4.48190779796 5.3984755822 -3.93451293941 6.72800245763 4.9105422461 -0.873091840654 -0.3441378298 -0.641210118766 
22.9751461116 -4.89866241074 7.88862687258 -3.10847906827 4.86902312599 6.17577159802 2.28097154541 0.465490938035 0.832909734436 -1.86564640276 
21.4074521232 -0.665895257753 6.12248185338 -4.38303071256 9.04809791103 2.22352421861 4.32944755541 -0.963961327487 5.06218448047 -2.05263172889 
16.7539812395 3.99906898273 5.3348868524 -7.58418926316 7.22968099591 -9.47645841798 -1.53698931835 -2.97251339122 4.49576005873 -0.881157027639 
14.9919263366 0.671132602143 9.93171228253 -6.92069771031 0.199081949409 -9.56816932075 -1.22034802958 -1.93747284888 1.80823318245 -0.396114875682 
10.9068710481 5.89856847169 15.321981915 -11.0577285076 3.0015173768 -10.829196297 0.360347015612 -1.54454913552 0.65447571405 -2.64987935151 
0.64648640839 10.0949130086 14.6345928969 -6.25730776681 0.964337341174 -4.3884408657 2.33148081057 6.95683229402 -1.69308093359 -3.83489566693 
-2.73191010689 10.5701316176 12.9131721806 -10.3056034278 -5.6600437177 -0.222703472285 -0.912728642671 8.90644099237 -6.37588574759 0.303330808849 
-6.20335924265 8.47881053172 13.2183766512 -7.83332220902 -8.15490248458 2.62674042504 2.22942096168 9.02486470244 -6.52588857336 0.479629206795 
-7.58348228531 9.27854429169 9.33341218377 -7.6738330583 -6.83926026942 1.8886503333 -0.0195717513284 7.62612074789 -5.39084941686 -1.58432189215 
-8.17813157273 0.948024682274 8.12087376616 -6.56240463714 -1.90670001877 0.142482150554 -2.7257109869 7.04665121797 -7.35201930939 -6.67512993186 
-13.3885023509 -3.19110906787 3.4702347471 -7.80747953185 -1.02727656171 6.02293034039 2.82120054673 1.62631001048 -9.1647359862 7.92875181786 
-13.3149977494 -9.60973883128 6.67823926444 -0.456729705843 -7.85772544359 0.441184055224 2.24410547664 -3.71549220101 -4.91911262085 2.64166114741 
-13.3544829328 -4.42437605574 11.547679318 1.1678561542 -10.2959068551 2.96388974982 2.62023117099 -4.55079473818 -0.541432492799 -1.22267756847 
-13.0100984886 -6.34022120934 8.90186109082 -0.93254790561 -14.6747063494 -1.64935602576 2.28775889225 -6.39499399352 -3.9274770263 -2.33931854561 
-11.3978432544 -1.27172838234 10.3743236062 2.81924930917 -8.92764792945 -1.83966143889 -1.88158808072 -4.24737149713 -1.50421256775 -7.18062179349 
-11.5335204796 0.41958676935 11.037959745 6.76985099778 1.09934451522 1.93946104531 -1.54971244454 -2.85856785211 -1.41658119736 -3.82860035977 
-13.0605369739 5.10170775814 4.69764893989 6.55894667315 -2.50664367023 1.7812272332 -2.13409171322 -5.51353634839 -2.87908844198 -1.0731846815 
-10.2556864324 3.66016187499 7.86958753528 4.18348412174 -5.13236155696 -2.69525662268 -3.81314868558 -1.1885639396 -3.78516205546 -4.54739707462 
-5.55106906881 9.18034413117 -0.620880380703 1.71659609829 0.253615458951 -5.75197595518 -4.40646247813 -1.58208996366 -7.94366726624 0.935778803986 
1.78408394107 9.11746721965 -8.43361696113 1.6441765944 1.4993512848 -9.60088517487 0.687550299348 0.225543373867 -6.06605382813 2.93935070748 
10.5215448032 2.94228907662 -12.1079749176 3.88309318017 -6.53090771484 -9.17608149704 3.78622260705 8.30478114987 -0.851595690767 -1.43190691659 
14.746151349 -5.02959554814 -6.1879023565 5.49642648153 -10.5170183474 -11.5520166539 3.05573213978 11.6787431007 -0.895984384553 -5.59298364182 
22.5621821507 -6.62128950227 -4.71254506433 3.19794256776 -12.2252811371 1.13385491789 2.48110264637 5.4878664077 -1.17297201336 -3.78730662867 
27.7071347978 -14.5014939656 3.32393854001 1.44954649209 -3.47101916988 -0.919959662178 -9.10870313922 4.23655357517 2.83662646199 5.79662287804 
23.4466615616 -8.52156281035 1.84736420726 -1.88480770224 6.35846402084 1.31112574907 -6.81914174427 -1.25880029493 3.00754424318 1.48375267817 
25.9854421281 -3.51836856163 5.95706749036 -6.4481545161 4.94377418726 -3.17490369415 -5.57647240418 3.16578898677 6.18298698758 0.0640318986021 
19.3462810038 2.90835817347 4.80570065392 -6.96149821941 6.01519940296 -6.42674872709 -2.58970488555 -0.574936630531 2.64018887966 2.50472237463 
19.5604375106 3.39644969999 16.8718425342 -8.35016145746 1.6526048109 -6.42816455355 -0.35124848989 1.63877892809 2.28692793396 2.49686174075 
15.0572692855 4.12710368374 19.0829075486 -6.33797006602 0.356150842029 -8.39692399196 -0.12591712099 3.69666409258 1.12242228498 -0.877388783829 
8.92972005719 5.36614184017 21.2329982596 -6.55824958143 0.485969666723 -6.54580401915 -0.253484604536 2.65925705773 1.0206847258 0.486512656899 
-3.77920219223 7.18026158044 7.18160787979 -0.363881466283 2.22021269297 -4.41086885076 1.26588464133 3.54273922077 -1.99482366142 0.571772299935 
-6.15793622904 5.12456801318 5.37145060392 2.53019883707 -3.39793515603 -1.53799308109 -2.77891477227 1.80835574856 -2.12193593015 -2.69568154676 
-8.74516768907 1.93106611887 -5.54588886568 -0.80818850546 -8.20621360159 0.307065344165 -2.80276860703 -0.885676711229 -1.15612787148 -1.23002812541 
-11.1167578235 2.55139655127 -6.67248565805 -1.29810819462 -4.09075062592 -2.60592798127 -4.19291315715 1.82181420073 -4.70325822031 -0.725900754793 
-14.2179313898 -0.420511440004 -8.40591128434 0.65459312609 -4.89381570654 1.14947117463 -4.39337418744 5.87027850916 -1.60542452142 -4.63660223607 
-16.258474339 -6.96825624492 5.52777859966 2.13980500292 -11.1350845224 0.874488331802 2.40673326291 -4.70104783382 -1.82267798988 2.27196739462 
-14.3976649369 -3.86867162393 9.41370006012 -1.04640746272 -15.1001170468 0.241338255962 2.79160028829 -7.38511479584 -0.836281643853 -0.641235851783 
-11.7747744184 -6.86261639628 14.4047491648 4.33733277467 -12.2161754835 -0.79705262637 -0.0382571884462 -4.69437475323 1.33017939865 -0.103323548399 
-11.2280392393 -3.73404708985 1.04498662828 1.64087504742 -10.6443647476 -1.16011561259 -3.34265853109 -9.07841569161 2.42599090965 -2.06572147311 
-8.27318282396 0.632923551379 -0.0699477093856 -2.41741877888 -3.97343975153 -3.29986328795 -6.25019147982 -7.90739029691 -3.19169738276 -6.41126767317 
-11.0685187403 6.34022123931 2.21423218402 -3.50329653789 -5.38928619852 -4.45111309656 -3.58890668783 -9.60017210936 -4.80234004241 -1.35903889662 
-9.45320923743 8.4607423458 -0.171362532333 -1.27456047145 -8.46439506501 -3.26398903372 -4.31378703454 -5.73896918903 -6.2769620403 -1.18237055975 
-7.00324079707 11.0191392853 0.263990631442 -1.91713213719 -4.64563586324 -8.79061413013 -5.3298768552 -3.42171033404 -6.48424285573 -0.0524413360904 
2.02058237789 11.2762304029 -1.73395127933 -2.9759455697 -2.13210542025 -7.73666341376 -0.98427653824 0.553896762431 -8.00946504309 3.55700731866 
8.67705016351 6.68187547148 -9.18824604297 -0.285304141577 -0.952057993494 -5.44067601918 4.65657324539 4.02860982002 -2.93239363476 4.29274577015 
17.4630291755 -7.55618292313 -2.83051470914 8.98845128976 -10.6876553717 -5.79283752991 -0.519272359405 12.7513735026 6.3189374493 0.0639101932205 
18.4975342154 -12.0465537924 -5.3398767885 9.80478004704 -6.38058016931 -7.53964292562 -1.62849319774 5.40711390284 7.13370181673 8.43418846121 
23.5153948799 -13.2750989291 -0.0371474137184 6.70556807185 -7.69167097775 -6.16785320937 -4.59606366881 8.79297744834 6.71915825316 5.87810922976 
25.1139261083 -5.23001002197 7.51321249881 0.0629051623193 -1.15413231343 -5.1392294501 -5.2413474986 6.58184260137 5.8135138729 2.74402062554 
18.8016474638 0.514128905071 9.1239798471 0.0562494824262 2.5957111765 -4.18002726036 -1.31832868381 2.62368429482 6.39435504081 2.52218169488 
21.0258059841 3.94352297583 6.57053443621 -9.16583733332 2.05097723981 -5.77084760346 1.97374455465 -3.88091397968 2.5673779831 -0.00593259052843 
10.6520195393 9.56303410665 4.26308487331 -11.906532636 0.72094608356 -6.66362967273 2.26338622661 -2.4504179791 3.03155964836 1.44699654363 
3.99753829181 8.74343905755 1.95762457055 -6.04447410665 -5.70762953661 -3.31851195822 2.89981868565 0.870887784444 2.21142060814 -1.85138750009 
-4.60336828426 10.6456361545 -9.18709809838 -3.179815703 -2.34765357568 -1.73624424381 -1.5955146874 2.24396174401 -0.724014868855 0.434448856461 
-8.11453824605 9.03821553439 -7.3986626873 -3.88534096909 -0.814503793338 -0.340287265871 -5.97447851203 7.10501703056 -1.20897715171 -2.67902054682 
-9.09041736135 1.97180477884 -11.5394698112 -1.10871155154 -1.8286979205 -0.0591137369774 -9.59993032559 8.17033666592 -0.628236313899 -7.12388874421 
-11.0931457243 -2.86230772133 -6.99025563703 0.414257770483 6.83161130054 0.137738226278 -6.97162838035 8.02670966144 -1.68222542131 -11.934023878 
-10.4721891011 -5.26671099829 -4.58771896284 1.05641602421 8.79666517611 1.10826937063 -6.61284258287 8.12294036381 1.68139725243 -13.2369896892 
-17.0554982154 -15.0220286948 4.33764604119 3.28164217771 -3.91914647613 -1.77450623608 1.2920525214 -2.25379409599 0.237483847329 2.77931651912 
-15.3623935823 -15.0631911728 0.508985121071 2.06491229747 -7.02708815392 -2.03185580464 -3.23852002098 -11.4555102726 8.56185620757 1.53170190094 
-14.8397311602 -15.3970167803 -4.319218015 3.57100913924 -3.49107625121 -3.04382920714 -7.1546694942 -10.9671844821 11.1765704363 0.16239165591 
-15.2572439656 -8.1894800891 8.78700079416 4.69219292826 -4.11429803176 2.26769982372 -2.37901166826 -5.91241559115 9.23844587279 -0.835997844637 
-10.364151607 -1.65381563634 15.8277950629 8.51912044126 -0.28028651738 1.25525938747 -3.93822568321 -0.831818196652 8.23515473449 -3.09365498318 
-11.5801598874 2.58382729491 17.2020201821 9.67449813589 0.874786018479 5.10867964869 -1.02955940838 -0.379276446896 1.69618419587 0.915620928059 
-11.6703845763 5.22287494288 12.2640120165 9.17288075159 -0.875842822075 5.41258425509 0.343971047691 1.60659066805 -1.13685916503 -0.0525475934935 
-12.2601886442 9.77077900787 10.7236001506 8.18001463406 -1.2556425311 -1.86599037429 -1.28681353494 4.76892718161 -2.86574589597 -1.07475209275 
-7.13218716411 11.3839901894 5.9227527698 8.7000046793 -0.121066449778 -3.58686870255 -1.3453329334 4.95460723341 -2.62983776206 4.71641532983 
4.62320977684 6.64946321142 -16.7827718347 4.50122429548 -1.6443463155 -6.40975067554 -0.524913221201 2.86770564521 -0.701026137157 2.64871934769 
15.3919521327 0.203044269425 -17.6288952832 5.99800241941 -5.39487051644 -3.49753485778 2.43363347056 6.69391323686 3.95940755381 0.436618103774 
18.3920536788 -6.4776440222 -5.41728351853 3.93944923371 -12.7333341361 -7.72311221202 4.42375199513 6.91126226985 1.50836512071 2.03436313938 
28.250904525 -5.33167759823 0.35146038212 0.513161860926 -15.3422570863 3.13383017654 3.84901121865 3.71951222608 2.61124299579 -3.00271716931 
30.5772854008 -6.65625284468 14.8995338261 -2.59114938074 5.06672611732 7.53383719858 -1.12509441599 3.02294599503 0.156934687349 3.7684020929 
26.7603297964 0.308791402321 9.12473304359 -6.76795385747 3.95927491866 6.93354129433 0.747977565126 2.34315831543 1.1763568689 1.68262359706 
23.9206824979 4.49731984083 8.23690326195 -11.5234672276 5.35436481444 2.3970296328 3.51550409636 -2.81468758089 1.76020794169 4.57221597041 
11.9933110892 8.44465941147 2.68980959506 -9.78427417435 0.0292917988701 -4.79046037035 4.33533148925 -1.95900366907 2.67936201515 0.785378586367 
9.70216283482 6.58772904241 6.15970427954 -9.06048004109 -9.50396226135 -3.51008939264 7.40358694489 1.37530158043 2.26236678035 -1.03884133821 
-1.77030124711 10.6360518115 0.774598602208 -9.08413721295 -2.66251062113 -2.04769205154 3.43112135701 -1.05851203956 -1.35262680896 3.05861967682 
-8.26857122409 10.6526136032 -2.58002513559 -5.68144587687 -6.6972800814 3.6233373703 0.766326804011 -1.6698282434 -3.34716862549 3.61595877201 
-11.9645722518 7.05252331033 -10.0974670125 -5.52326807 -6.40831915262 6.86958845969 -2.3696604473 -0.651352944126 0.129937444083 1.99842237017 
-12.2286384781 2.7907435967 -1.00385130295 -3.70633752239 -13.5441672436 6.84438658165 0.810111448489 0.792018285486 -2.9281862308 1.84292738182 
-14.4601959227 3.61979207474 -1.83018963613 -6.0732698466 -7.75490393724 7.93529913244 0.190491458788 1.50602218324 -0.939712794384 1.60873396087 
-12.786569865 -10.8362198001 5.96319954254 -6.93773686723 -6.04033551889 6.1835089368 6.38430730006 0.831158253016 -7.46285607484 -0.788257845291 
-14.5025118227 -12.3541223135 2.65470343963 -4.04391573002 -8.31416517271 -0.824252071162 2.40116358459 -4.35966755028 1.79205583519 -3.15278579633 
-12.7665881283 -2.3556797016 13.0351841717 -2.51920793158 -7.72154806802 2.62797507882 3.0402826697 -4.38730339975 4.67236520776 -3.43488333236 
-11.4087460989 1.645431912 -2.38895213415 -0.259589117007 -1.31174152993 0.347338262644 -3.12603976767 -7.89018952876 2.48719421078 -4.1898649902 
-9.63478454202 2.34958564089 4.06894772353 1.50906798252 -3.46476109925 0.778816186051 -3.49422696687 -2.83811173705 1.05093685716 -5.59450840202 
-6.77940074753 5.25426851339 -0.111923461397 1.81428076332 -0.493030391893 2.28908328182 -2.74595420873 -4.50144548136 -5.85955155464 -0.461060380085 
-7.10855131855 7.2186605913 -3.86327770671 0.429716580075 1.74077787079 -4.72943962351 -5.18609180324 -9.71598027275 -7.97245047919 2.5992261907 
-2.50461042902 6.51799711707 -9.16550714473 2.93928534417 2.38299760749 -6.0581869072 -5.24797933251 -4.94533153367 -7.67554753686 5.84063904564 
