-12.2307638846 10.0226491002 -3.85475363425 -7.54687461327 -1.88942021851 5.06562348049 5.50701679701 -1.71799287801 -4.8236916495 -2.40834673761 
-14.2338975362 4.36756550533 0.103848600675 -6.71596954347 2.30773755249 5.23463960837 4.30175782625 2.46634149083 -4.43736865738 2.61130116168 
-12.3529732556 0.802255216474 0.0710646410608 -8.59419065539 3.64898944957 4.94061509968 6.52858419224 5.38982542679 -3.17463359422 -0.821609235475 
-9.66725764173 -9.99885824802 2.96145964301 -3.88081164448 5.01015473948 4.07695590361 2.84136783246 4.05400381932 -2.24450072156 3.00121902076 
-4.28647991601 -19.2545510651 5.81065642892 1.63664863812 -0.710029390676 -2.14707228154 3.47302954198 2.91386438582 -1.41529173147 -1.68554753094 
0.981204735652 -16.035366726 5.31219404024 0.953887889995 -6.52387037789 0.137527672623 5.67132867766 -1.32174417387 -0.487836615629 -2.29043606108 
5.67569276083 -15.8505742664 7.98513629156 -6.35598686467 -10.8326109432 -3.05713562006 6.41986808596 -5.85560743323 -2.73890233917 -4.29854570158 
8.86948619848 -10.2399062182 2.19580560863 -11.9471090585 -10.3426059196 -1.74983114105 2.89363425262 -6.71253319901 -4.74248178044 -6.68237666882 
8.48508712505 -7.44718403837 3.23602338561 -14.9204888692 -7.904306805 -0.74151906268 2.61869520936 -3.29804213309 -6.21763942857 -3.87337014832 
12.2071060381 1.70058558992 1.74055738235 -14.4315164235 -7.07214759938 0.696213587561 3.24320332144 -0.106181420968 -4.29840181559 -5.38732224167 
16.3628494068 8.71185033457 4.50177868808 -15.1404952187 -3.41691102123 1.04114434805 5.09039911355 5.76088739061 -2.82613631768 -5.29219397491 
15.0603434938 12.4959601303 4.33832487657 -13.8805584947 -1.26838735836 1.34621997687 5.42712001703 9.1023782538 -0.816297132298 -9.57658725497 
11.7939560906 13.9693713247 13.6731663851 2.99076219359 -8.84179984125 8.91777579419 4.87694537586 1.59295144843 -3.84167515835 -1.51379666153 
12.8018425293 17.7091689648 10.5919227974 -0.0447765533097 -7.69261511849 8.72018134496 3.94541492045 -1.36411915999 -0.931241736744 -5.05176592299 
15.5282722999 15.4008178072 0.588091203139 -5.95572459203 -0.528341115843 5.36285833413 6.99330626674 -1.28893662309 1.58574297923 -2.86306233601 
19.5453403584 7.36848476344 -5.79267135623 -5.18483504269 7.26479364169 0.230646233238 5.88341976104 -3.49904356802 -0.745154032096 0.584184632535 
16.9430501835 5.70185411713 -9.49494160244 -8.48269511467 4.86986910818 0.332375916693 9.47781942625 -5.03858118383 0.807319334707 -0.895457393989 
14.2424886709 3.62056772373 -7.36945168232 -4.01372870138 -0.694515334996 0.686764659479 9.27026620355 -5.32306397236 -0.484413022921 0.142926185802 
11.7389568004 0.795342614661 -10.7577048968 -6.25637482063 -1.10411946061 3.08485079604 7.64453260142 -3.58859443978 -2.90193872561 -0.271753335361 
5.80622532984 -0.339549442805 -7.02773280631 -2.11855041579 -3.00289279948 0.220654587285 6.8050432975 -4.93270348382 -2.04457831999 1.41038520667 
-0.134549739459 -6.49554596728 -4.5664920265 -1.61074334764 -8.43367667407 0.792613838655 0.302973947614 -1.59245539884 -0.673369503038 6.30496527171 
-0.356231608891 -6.61852023701 -11.05075358 -3.62183878831 -9.36044154357 2.60073207805 -0.950862746015 -0.878763341075 1.51135294328 4.43533172611 
-6.11975940498 -7.81376911673 -8.89244830718 -3.94100751987 -0.339163176322 7.26482672084 0.598067852814 1.301858442 2.68362457482 12.7049018898 
-11.5769970621 -3.0199343935 -6.4447146906 -2.86078418437 1.5815881241 6.94104547486 3.52267058981 3.30125783744 1.60277005664 13.1280880591 
-12.6885510466 0.994371924996 -4.56658137708 -2.66258949966 1.47187634888 6.72075037117 5.35726483172 7.45590069508 3.74513664006 12.157286916 
-12.5617568462 14.2419447922 -2.32323298451 -8.05882262083 -2.11825263085 4.49690517353 7.82149867193 -0.327527391523 12.685402287 3.0455405016 
-18.5909497625 20.0282040633 0.977241686724 -7.87075004878 -4.77839658431 2.71134350272 3.93672548541 -1.95973328401 11.5956273347 4.09458786824 
-22.9217249124 26.8407315971 3.0375025739 -2.64319751932 -6.15159356625 0.753929029331 3.27799386779 -3.78674884892 0.651310187701 6.79563443427 
-22.7570043991 23.8867787132 7.75428435217 -0.476618544264 -8.86972427519 2.95748086681 4.86077222053 -5.17786261297 3.44839261159 10.5537445012 
-20.0263713298 14.8653466644 1.51457405365 -5.1734498403 0.930214131433 5.1235326739 2.70887418106 -0.413362767034 2.46306406673 3.49210710518 
-17.7319555834 9.98647836648 -1.41255239639 -5.68802690956 5.34086833201 7.61776200273 1.33672782485 4.3869994865 0.0563569936813 0.227615298219 
-16.0287169494 -5.35700524856 3.69327534295 -1.88988337427 10.7994740308 6.66216545883 4.45556650834 1.4588776249 -1.98868016401 1.35626470782 
-13.9675543853 -8.28989896949 3.9916275882 2.67129400278 9.63621443194 7.76413171604 3.67213255213 0.973400513721 2.24665860163 2.74525169817 
-11.6701631754 -12.2682682538 6.26464836062 -0.0576299067444 7.74231658232 2.81119216852 7.99274564912 0.763305598898 1.32905670591 0.623179401773 
-9.62156901664 -13.4228004123 7.13253571668 -3.31368465405 3.93777136153 3.64837197578 2.87281082997 -0.252112758916 0.815126446968 5.95194944165 
-7.85879801918 -8.10679608779 7.64320224475 -4.63450731761 3.04669699572 2.71670881958 6.25968258268 -4.65998063473 4.57171832484 6.89512074643 
-7.88032834163 -8.44638249222 8.18422529408 -6.47509418024 -1.20102482929 3.2390934438 5.15716010877 -8.11743938223 5.66264918063 6.90883324371 
-6.05567304048 -12.2780007119 10.7755545882 -11.2194252088 -7.40289908005 1.57174761128 1.06917893135 -8.6228098114 0.870137256879 7.39020583176 
3.04772542888 -6.62602469102 1.29657774042 -14.6389970329 -6.6165640042 3.40397489998 -0.852820189971 -6.68201664834 1.06735481226 3.50612732305 
1.57461369034 -4.2329907782 -0.698689480592 -16.9498099228 -1.67642991299 4.20631228592 -2.59441039114 -3.6981426934 1.48918370913 7.57792727956 
12.2156694666 5.11325772934 -2.40639178559 -18.0174999895 1.61739130176 3.06988554565 -4.48343896806 3.70546573216 1.82913454728 3.09132477062 
16.9941458589 11.2191210036 4.2407802247 -13.775171343 4.03609067079 -2.3772902474 -0.069592687881 11.7793011059 3.94316343144 1.20660158399 
13.5157597897 15.8833254517 10.9489839526 7.28570946096 -5.49891735934 6.97672882262 -0.167325709535 3.22541927879 -0.526398139294 3.34909926126 
13.940213311 19.8117585607 16.1529166713 9.30509052876 -6.98515902801 7.56901879805 3.2849399362 0.407382785638 -3.63240716962 2.8143243965 
14.864868867 15.7764407692 8.09858468781 5.39926355834 1.11217684964 -2.51755531638 6.82912881821 2.50744239965 2.58521490253 2.77181342586 
14.8175079885 4.91499135355 -1.33742763381 5.82852245228 5.77645366037 -6.47695853474 5.99430676217 2.68294306949 -1.0678525944 11.6205719333 
16.6815248991 6.06759798804 -6.24670196596 3.29937165734 3.49684419338 -6.02497829216 4.49759693391 -1.67591223988 0.115000031814 6.80978473407 
13.0765985867 -0.352112500055 -7.26629197823 1.85947906326 0.716921132813 -6.00830949534 5.44305572156 1.19186002584 -4.56878279433 4.31022606265 
12.2361950747 0.477438135108 -8.5020745517 2.70633773819 -2.49335046784 -8.05695468737 4.22523968027 0.803920735941 -4.91562817385 2.94160783578 
10.3555144516 -4.44234899814 -11.6145283756 -0.889776746016 -1.51272548902 -7.17683404101 3.52033379685 -0.077367804385 -7.03237736891 2.80002459322 
5.61559917172 -6.82078742252 -9.51107138147 1.20457335285 -4.60245906513 -0.821184729272 5.05825916878 -1.82992549732 -2.27160735246 1.87020687242 
1.16074434062 -14.1751491407 -9.10469489444 0.23400202141 -3.59573224172 3.44790927958 2.68336993597 1.0412097708 -5.56261142426 8.58065241136 
-3.49368012517 -16.5128816993 -7.98821212086 2.73020047876 0.384445042754 5.69613385969 4.7579754265 3.04241248418 -2.18505870573 5.85804314694 
-8.60817661799 -9.20798490869 -11.2465625038 4.38748909166 3.3716986871 6.4916158711 4.09361683391 7.07951527913 -1.4343755597 9.07754824815 
-11.5189767871 -6.00741212606 -7.86894072224 3.5359433161 6.49776053197 1.28303835463 8.54573618311 9.42429427191 -0.47673616081 9.0090182992 
-13.6850459107 7.05584809658 -5.14716605991 -0.763249942609 2.66096205855 -3.43874186322 10.435993237 8.52159918152 4.15681154891 7.39572713466 
-19.2155695294 14.6138379893 0.114212414359 3.75404805252 -3.55655627261 -11.9611089472 5.91649240968 4.79999255073 5.75861758055 6.51647644284 
-18.7352291779 21.7922290622 3.67767746582 -1.28574554115 -0.821521251551 -8.72038448613 1.78059032121 -0.719146874017 -0.834606942597 6.49632715002 
-19.2187956888 21.4601429863 5.14638749395 0.516944209833 -3.90690277505 -3.27999922128 1.18602136578 -8.07258060417 -3.69265695226 0.318767909442 
-18.1324418294 14.8751889379 5.0307616348 -5.67375092199 5.85477375956 -2.80577131946 0.00792893876076 -0.57653212578 -5.73580473089 -0.188299273241 
-14.4186441122 0.127825610862 13.7097476308 -4.70893684523 5.60055284904 -7.4655327985 11.3879658141 0.634498532238 -6.69577557173 -3.08187279093 
-16.2159426518 -8.00957880692 15.8766294614 -0.0787315268919 4.6489387419 -1.54936983099 9.99756693164 -2.35255019153 -5.81542563024 -1.58524136337 
-15.5000315196 -17.8489385033 18.9519760271 3.43207456137 7.90149255809 -0.147973329261 6.15722169617 -0.250137551195 -1.86746971704 -2.33600021009 
-14.3029549055 -16.2378435838 14.7339375714 -0.114698791702 9.80965163018 2.21774939986 7.20778814842 0.844668958464 -3.45945456276 -4.82917303157 
-12.2075479806 -15.9901149747 10.4131937064 -3.18003238722 6.78780226176 0.634007326158 8.30463145844 -2.00400374868 -1.98020859415 -4.95591802729 
-4.99710691272 -16.6814521869 8.39811429672 -1.59592255991 6.48091038787 -2.68980228454 6.8617003186 -2.59972208615 -0.489708938066 -3.82311850248 
-2.80472781746 -16.1837347536 9.16900904636 -4.21984010379 -0.676310391537 -1.44127716765 3.42413961106 -2.3623290942 3.55245927678 -0.69899482038 
-1.10529382391 -16.9278574318 14.0406580885 -4.46377441411 -2.59115410124 -0.948202212269 -0.478027757473 -1.27725592282 -0.135856396686 1.89647833725 
2.2956358929 -16.0470424711 8.92485062664 -9.72647816363 -3.59377487879 -2.75594443841 -3.55717643936 -2.80937955913 -3.06076436484 3.72784752338 
3.22358323173 -14.8406115536 11.6416289387 -16.9871094656 -0.854702368178 -2.92825946156 -2.43276805289 -0.683122448425 -6.0630283105 4.30272593993 
8.18363969124 -1.31386307285 7.83941729057 -15.8285864216 -0.222710043984 0.837144352571 1.16146169258 1.49061313836 -0.952311678041 2.82925516315 
12.2704200329 6.9454406666 5.75511061478 -12.3915311621 0.952363125247 0.386100259088 5.08125134559 7.26251508248 7.78416700516 -4.64283135467 
13.8853605949 11.7405862512 17.1256688116 2.62443016775 1.15557431737 6.05765922042 -1.46907979258 7.60540409871 7.46461826902 2.54545580416 
14.4704851655 20.4456894094 18.9186116347 11.1628771164 -8.08574612338 13.5364413692 3.6197633512 -4.55712730538 3.25867693572 -1.55846563439 
13.7236669139 19.5356067153 6.17961552813 -1.81013532405 -2.80385499772 3.87772085603 11.8655084111 -1.87618531054 8.25125459188 0.250491407228 
16.9493595294 15.4676178195 -6.3553253473 -6.34956760752 6.35770316803 5.69699256547 8.75147926245 -4.74624387653 3.40417172765 -0.267438111266 
16.32495692 12.5534256158 -10.4112603424 -5.2865502781 6.27260619834 7.28602950676 9.08485308609 -6.85098802123 1.47256859052 -0.0395879240981 
14.04927485 7.8034647198 -14.2958182304 -4.76023343273 7.51145037012 7.66440435809 5.7007625123 -7.02930317151 3.79223826136 3.25300677444 
10.1839495597 4.1239900596 -11.3055922954 -4.82038960233 6.4829407501 5.94612937882 2.85454447371 -5.5665815092 1.7125557929 3.16106189586 
9.48288657567 0.199996114168 -9.69569689479 2.11897522536 -1.72798467962 0.300522228006 2.6046326709 -3.03546020886 1.6272606428 4.27455462347 
4.0784654506 -6.3788163978 -9.15350255215 -2.29005423888 -3.05590001506 2.77240043925 1.06839501097 2.48655126606 0.794233284557 6.79876575212 
-1.20609017289 -8.69081855765 -8.28662028786 -4.69531703184 -1.44444769695 10.494012505 -2.70620969341 3.87750299693 -1.35649777313 3.67748962892 
-0.743816751256 -8.57118723954 -11.7330648142 -4.78319319169 -4.21152578038 11.7198374878 -5.54034711019 3.51554191353 -3.12641869042 3.26387434426 
-1.3717531265 -4.71243759771 -15.4792333421 -4.79504110941 -0.607960305531 6.24106342228 1.32993759535 6.54281514276 -4.33677358561 6.8047566609 
-4.68636684309 2.30725483461 -15.4486367838 -7.53900664471 -0.0529341342097 7.65699423525 1.75433361872 7.7270585126 -1.59298679345 4.26336905843 
-8.39224723113 8.35599971624 -8.14134212523 -4.30429873069 1.99292378566 0.3645975479 4.03690026282 7.99833860418 -2.08682596985 8.72602755021 
-16.7688154808 15.0173287201 -1.48429918835 -1.70219123726 -0.220170676182 -6.16694379035 4.44741038232 7.81778436143 0.671868201187 14.4975904371 
-20.1360692815 19.8712837267 2.2936872421 -2.33699046376 -6.38170719435 -6.40944025084 4.19067583592 1.28091855222 2.60101400138 11.3976362247 
-24.3451411868 27.0562501682 3.61966163861 -1.67870252659 -11.8517917234 -1.28646397663 4.43526344731 -7.45498687224 0.337727310624 6.61877274613 
-20.0651299673 21.7338963031 -0.378637224085 -6.75614602225 -2.55842058496 2.71663348982 5.03056685815 -4.24548319623 -0.584546159189 3.08729620078 
-16.6150820131 13.8943669031 -1.61207962056 -8.30135042002 3.26405857636 5.39303572637 5.28727333519 -0.122131472108 -3.42594598956 -2.15709009712 
-16.0440003899 5.29968402927 -1.17522469052 -7.63411671177 9.55911774518 10.5721383422 0.092571341299 0.536493617461 0.393182690801 -1.36013818092 
-10.0359853374 -2.22077365687 0.985738839522 -3.82377740295 9.04073672412 6.23523380312 0.521654825798 -0.79814459399 -1.79074382846 1.84883053945 
-9.7039439175 -8.37619480738 3.56297204622 -0.14610680852 6.40150895425 8.77563060046 2.27857048851 0.119281180738 -0.287671666076 1.19813381624 
-4.99276512932 -15.8666164671 6.50430711102 5.80465428988 3.88061261919 3.88342050454 1.11357094801 1.28775701368 -0.266653478405 1.57140603222 
-7.36519984713 -11.4959943795 9.30851446774 2.49214783304 4.7761190481 0.615146402167 4.13898187076 -2.77513617504 2.39945593581 3.50593060758 
-1.79662648678 -13.7150708888 10.334947235 -0.484172842443 -4.15443742051 -1.80019102417 3.72860303783 -2.86335724814 4.66827217465 0.451818844044 
1.9299995579 -16.2026209361 11.5817855833 -5.03136244276 -6.1671292747 -3.86236957829 -1.18453570021 -0.997403011884 -2.25677836614 3.59177448993 
6.17101728845 -13.1134821156 9.42428164769 -7.57245766415 -10.711665703 -5.00817622775 -3.15701508573 -3.25725008126 -2.78620491926 -3.70236531976 
5.07384846699 -16.3154990781 8.58266375338 -12.8517651027 -1.40034868059 -6.52888566554 -2.67342068312 1.98736227764 -6.85731724503 3.14440841126 
12.1953141691 1.41634357762 1.85926397279 -17.6700165219 5.03440720295 0.000134561970235 -3.56589162428 3.15503416367 2.25661186185 -6.30796997702 
16.0580011769 8.50869803759 5.61852385855 -13.4767175239 3.92527306673 6.06984510318 -5.15816990131 10.8378710154 7.17115950928 -8.28816664021 
13.9460510387 14.5779614251 14.6917082756 5.94795728914 -2.06749785979 11.1540593827 -0.145954198923 2.90502602505 -0.184922026615 0.113929362327 
11.8847608705 18.1440727318 20.152173129 12.6497135407 -12.6358496378 11.1820392252 -1.24412113748 -4.37234358689 -2.3052756327 3.046127721 
13.7757203412 16.46710179 7.99934669689 3.34876449506 -4.50837639707 1.29894398468 3.82898580279 -4.63417318493 2.4506981077 -3.59484024442 
19.1149560236 9.51540669119 -4.04829080416 1.20833487871 5.08382671645 0.217769599733 3.33623130462 -5.10525287838 -2.77245119509 3.10042977955 
17.8616046318 4.52451522677 -5.42668406118 4.78887084645 3.36321566185 -0.564712934236 2.03931730613 -8.13650365885 -0.0484355038461 6.57636489935 
13.1202489974 1.92941663421 -6.20505063163 0.176798051727 0.445843986372 1.90932723112 4.85522297298 -4.34780732884 1.23556512877 1.88116098782 
10.4997234838 -0.801833352171 -7.35830078963 -0.593356389079 -6.54414967112 0.864068956695 3.69986198933 -5.21625588121 0.0944719223029 -0.421093840061 
6.18826733187 -3.90230735539 -14.0755415516 -3.60656971399 -5.03385703208 3.68689621668 -1.42267403365 -0.694180403108 0.634193872485 0.0642377045274 
3.05021921243 -8.30710188322 -10.2845724412 -2.62520637655 -5.89618079451 1.05375518539 -0.694637978203 1.30543935323 -0.864379001386 2.608979965 
1.17160536403 -10.9997814607 -7.77860283578 -4.58473542289 -8.27760280347 5.44404411941 -2.33041930201 5.71091113463 -4.15576055229 4.61774767121 
1.10368755274 -12.1652090166 -6.5453513053 0.400275719978 -7.10467708697 4.19039794441 0.222745825379 7.27428340779 -5.9188255692 -0.146173451005 
-3.92159881017 -7.43236355052 -10.0427240593 -2.59772250863 -1.76698061056 6.99016672747 3.22156956198 7.68414261512 -2.28435530406 1.46558879536 
-10.1969462571 -2.63500364269 -2.53662123786 3.18965100937 -3.01849548591 -1.67343250728 9.17792369635 9.36601779942 5.37476143826 3.47635031645 
-12.2677041385 8.87076702416 -3.56622640295 -0.13423772839 -2.59500462774 -4.35180951094 6.06220546564 8.61346284326 7.03534904083 -0.0676166414906 
-16.5859695728 16.9983954193 -2.84732004585 1.87745465549 -7.06837660303 -9.48926271495 7.06949570295 6.12271380996 3.41711750087 -2.06947748937 
-17.5440086597 22.8172437219 0.502940203134 0.0231088181547 -7.47266546431 -3.89708178389 4.81808302352 -1.1127528953 4.09935249522 -3.09890424912 
-22.4035879627 24.5757116781 3.2058131429 -0.218250361401 -5.43661739189 -5.0034733784 2.67529403737 -6.35688678807 -0.50171562852 -1.41300624461 
-20.2628247679 19.9163630395 1.96671297958 -4.82334662074 0.189548239015 -1.06654311266 5.26177857846 -3.70388818801 -1.82718241637 -3.67985904348 
-19.4908830807 9.46504622206 2.38706671667 -1.58755751013 6.05228414277 -2.91864270576 9.19475505025 -3.54728753563 -2.7013770934 -0.381581502589 
-15.8231141526 0.6272353999 4.35926299107 1.71103384307 8.29288986045 -2.50948703343 10.431427073 0.990481512944 -2.94079797722 -4.75781349503 
-15.3683727964 -5.81553773067 5.48180026211 0.567416126619 6.95233712173 1.62306676918 8.36866879717 2.73399827694 0.114066523465 -6.62943806707 
-11.5102649578 -13.3598797506 7.19869150715 3.09877709737 6.63533785003 2.65754639824 10.4869317596 0.761016563338 -1.91351131243 -5.99785274006 
-10.8550002833 -16.7268701239 5.90591103494 2.89967223686 5.2554969614 5.09270363084 3.25808463669 -1.99758441741 2.29612256649 -3.51029533232 
-7.39055084876 -16.4497790584 10.8352130231 0.541614493231 4.681602407 3.91399823882 5.13777722358 -1.62608230053 2.52830316801 -3.61095963345 
-1.04242981519 -18.1770176848 11.3862435099 0.397470402754 -0.182346004389 -0.403642694061 4.33585785309 0.365392358531 3.86634278589 0.394995110989 
3.17466031266 -18.8913339108 13.8535062596 -5.59615102879 -5.08354285229 -8.89143995276 1.48699956304 -0.810921141313 -0.245510972757 0.868747032653 
5.47670514083 -17.4974551722 10.7751413656 -8.94286056487 -8.40614932764 -4.589038746 -5.00772734518 -3.28437570352 -1.60218231906 -1.58873991522 
7.947311132 -9.89157160396 9.11053922536 -8.5637063307 -0.0407018128599 -5.10696057026 -3.69326896525 1.57534275354 -2.60212301159 -1.54125053884 
11.3187474743 -1.31914768935 9.14166624934 -9.64618972446 2.38578797111 -4.8869479032 0.408140232735 7.84608939705 -3.68604919901 -1.20671803576 
14.5035971733 6.10940261187 15.9920156652 -3.67480846527 2.31759599493 -5.23532821252 0.349011440155 13.8077546541 3.4246557956 -1.29466615836 
13.5718958529 8.29530174559 22.8894073068 12.045662362 -4.33724934556 7.75700101356 4.28999783535 2.97521459205 -5.38674903646 4.07414552089 
15.166224083 11.6884419031 24.1496370544 15.4055055178 -8.51064269813 3.73666102334 6.67664268138 4.03736857593 -6.99331693691 2.74721642785 
19.5673212912 9.18525424696 7.11579735141 6.24642107801 3.26373137651 -11.2014727556 6.10096743218 2.50089801973 -0.469041578148 3.59003169477 
22.6038736144 5.33212212773 -5.11116744159 6.17789923104 7.42182137475 -6.74359804908 7.07692066491 -1.72631046952 -1.22119268446 3.99123485424 
16.8809332873 4.16332047197 -10.1777275103 4.97615818724 1.81566164421 -4.98839592163 7.52964542041 -3.91063797655 4.5017339482 -0.29480934187 
13.3204788802 -1.50737518654 -8.96543025305 3.40798419864 -4.145386854 -2.47174932743 6.65335466154 -6.7991585115 3.62016402718 -3.31498881544 
10.6051010146 -1.75119289331 -11.1613730609 0.900408066814 -4.40869291675 -1.11504717889 3.19676525289 -4.50109570501 0.954839921282 -1.22160496468 
7.82111651815 -4.64683354867 -9.70712746057 -0.250689539145 -7.95092879452 -0.448234327455 1.73180611525 -0.763655301009 -0.463951175994 -4.48556054085 
4.17637594153 -7.9819934788 -6.39721894598 5.21172221829 -8.68531494106 -1.4193286753 1.88178122394 0.597642547167 0.0700161623426 -3.08638831343 
2.55855580771 -14.3923063597 -1.00030890475 6.8085454207 -11.334568975 -4.48560291842 4.63662111082 1.12013825438 -4.97169218893 0.511950206998 
-3.15866002395 -20.1516943703 -2.1816480403 8.60011578212 -5.72094320623 -4.83087262887 4.79950777061 1.52194757814 -2.34371516841 2.46925165648 
-7.67990416253 -5.10308473601 -4.67201424347 5.86999272444 -6.52592788584 -4.29402187333 7.99347449834 2.94724087247 8.30841961416 2.21806802659 
-15.0716318358 3.8006869238 3.0893748184 4.93085512119 -6.13159715712 -5.16849871843 14.0458519515 5.87493681719 6.87597147093 2.51468958959 
-14.9031624861 13.5235514721 0.797596038426 -1.30920643399 -0.950195997065 -6.10297278883 8.01232585191 3.93830482912 9.06631312112 4.19807833584 
-17.6244112155 21.5252743747 3.68961787232 -0.643339566709 -6.7186373728 -10.1053210373 5.72940715278 1.58900139858 7.65730957133 7.15956230826 
-24.4348632335 28.2143263694 3.65537264911 2.59146137557 -8.960164344 -5.63842404292 3.30856090971 -4.49491020378 -1.64566911044 5.07766305713 
-19.8784211461 20.8335660621 -3.63978723578 -3.8302488788 -0.0361772394743 -5.16488349964 6.77263960115 -5.51991812405 -4.05828767123 -1.88410514243 
-20.8143744091 14.1875168821 -3.45698881681 -0.114651474293 0.577730082338 -0.868194963045 5.27354547816 -3.23503795388 1.1542982621 -1.91041799878 
-21.8345471696 -1.22952875329 4.09025880279 4.01183228682 5.88811103056 0.681103990744 7.43037374092 0.244794105392 -0.501837420513 -0.723040680809 
-17.7595421204 -3.90498720418 3.41201410242 2.17231102719 10.915370409 2.38056464368 7.57210774208 1.1644757951 -2.35112754595 0.379061113762 
-14.7875478581 -6.19865084692 4.87180380714 3.65554405598 8.20630826159 6.640780373 4.93434110608 -1.09047077967 0.265861723117 -2.56007502365 
-6.4134562517 -11.6130444163 1.24684018707 2.09506642625 8.76776648098 5.26205045455 6.53688909938 0.532788388643 -2.16234832068 0.0353738504019 
-4.74155545291 -12.1642769129 3.81087772252 -1.136737188 6.40623689398 3.8421348712 8.11419159637 -0.127282718147 0.165977203517 -1.11231340348 
-0.970606655723 -13.1001371777 6.37380855834 -6.45607596594 3.18858365286 -0.699658748866 5.7931056662 -5.59499564818 3.65885933449 -0.297598192927 
5.6172732318 -13.1505055547 7.01034791572 -8.98386328194 -5.91652049425 -1.51159003462 4.6871951883 -6.15283401917 -1.95048363987 0.390194426031 
9.58089380424 -9.91851969567 4.61122854624 -14.8051537493 -5.84228968718 -4.1979124131 2.98002686077 -7.02789527084 -4.87333765664 1.14387589179 
13.93615697 -9.63751158861 6.11654719292 -16.0134344525 -2.50160616998 -6.39636224548 2.07232668206 -2.98767703153 -5.75077941618 6.49350848505 
14.532202559 -3.95725556058 7.48944349452 -20.5089434213 2.3111947367 -4.55193658408 2.88864700282 3.33852418383 -6.10772325613 3.81744131592 
19.3313515549 6.41636346416 6.08877674204 -19.1894081743 4.95622559332 -2.78604239948 -0.612224222058 12.1633554994 -3.17223363163 -6.80995101809 
18.60768037 12.508591338 9.39560957651 -5.10981108307 1.78931708937 5.62450916654 0.477832900156 6.28968753165 -1.76554539076 -4.4285593896 
19.3260941712 15.8904174401 17.8072047543 9.78668453401 -3.14142532912 8.47336530553 -2.02048336603 1.22038443657 -10.4399723368 -2.09268684695 
23.5114924644 11.2453112026 9.14800220945 5.05797148886 2.25131797473 -4.8653127958 6.65126294723 4.57715380576 -4.12899790825 0.479521575881 
25.8399012306 5.3987006731 -3.9144720518 11.4730755158 7.71104266051 -9.26228037033 2.88306061373 1.20284449602 0.169549168051 0.80260770126 
18.6480221579 3.61057800638 -9.11495595843 10.8561452736 3.21045187395 -8.26481903929 6.75293673352 -4.64273978388 1.54653886462 1.35232736957 
15.4175373065 0.390085855354 -9.71464090183 9.37579185332 2.2259278016 -7.779391487 6.72493321145 -4.30136294612 1.64566483238 -0.997142133092 
14.0033172218 -0.812984292465 -13.0257976644 3.20317240617 -3.38938973987 -2.24134845334 5.84965461301 -1.85330064746 2.97753504049 -6.6435001256 
10.2174423473 -1.02903641526 -13.5132508125 0.967273932888 -5.43103625437 -2.50752801918 6.72126963246 -3.3008803648 -0.809897562277 -3.81696336242 
5.67796221461 -2.69535092485 -14.7952577217 -0.75585904026 -3.75385475749 1.53535487872 0.980813771679 2.58045775151 -3.51003791833 -2.30565692827 
3.17449978737 -9.88277646649 -11.553830435 0.715194396559 -7.14365218996 5.27723228396 -2.51520428572 5.80069955035 -3.84793792268 1.19245686257 
-2.97277181562 -14.5584186652 -8.23983974857 3.67095351883 -11.4922235183 4.52566697489 -0.488255691024 5.73771012433 -4.26290492702 3.38028302081 
-3.6520296786 -13.9799771146 -6.85358490445 4.61766237299 -8.53983331004 6.49071176622 4.39579921595 10.3538000233 -5.04055538668 0.0989582656405 
-12.0774198913 -5.00693995478 -8.0262040159 -0.171134090391 -5.90760418086 7.60045499172 7.34021683028 9.09070763191 -1.58233206884 0.943623420203 
-14.8536353003 2.4682550521 -2.7196079824 -0.75356297737 -1.60751972997 1.86588533779 8.468844519 6.34332205804 -1.1604263232 0.650821702845 
-19.4386164945 15.2421172668 4.32422074741 -2.08572183953 -4.61339039039 -4.15680162522 3.08941241281 3.77149092451 2.56579189289 0.734319135485 
-19.4372443312 19.2423419374 4.8032721146 -1.25717641646 -1.23223475966 -6.20397802269 1.60629941922 5.50832703339 -6.24136814811 -0.164252654367 
-18.4734387339 19.0569733732 8.46367210122 4.39043006148 -4.2134204199 -3.68030779006 2.97736636564 2.50165687318 -11.2773011574 -0.0226030233931 
-18.2316214258 13.6192580965 3.93300665945 0.510891378713 -0.784893992436 -7.85522048713 2.83775413447 1.30457775124 -8.57413281937 -3.02917940877 
-14.0656747971 9.41396372462 -0.677034390546 0.527314861068 5.1861580303 0.824910728047 -0.824451295635 3.62383812417 -8.41004941103 -12.5317630737 
-15.1223497435 -9.08226493845 8.33931303517 0.794392977361 10.1385503526 -2.23794932049 7.30401473761 5.08206706558 -7.91537238628 -2.0864837086 
-11.8751117984 -13.0491196122 10.5677397764 -0.315338342149 10.4865947833 -2.44793982389 5.75754690888 4.06677007235 -7.7872849716 -0.331269147832 
-12.5092897087 -12.3759164553 3.46543765765 2.25194625697 6.7136102683 3.05719246457 5.13522777194 0.964102737419 -2.635946468 -0.140534231049 
-10.8676707099 -14.3088355875 3.80133705376 4.20187096519 5.40078660834 3.94561038415 4.61882006235 -1.37224217798 4.68953711799 -5.20526231635 
-9.59968279148 -15.5083186212 9.55965939515 3.69863781208 1.20766676751 1.16861101091 2.66700015631 -1.38772719894 6.77745148423 -2.21908555682 
-8.1737644691 -12.298511384 12.1350409113 -0.279760708627 -0.480180567085 -0.272148401598 2.56187154179 -1.39406568523 8.9143304818 -4.26816986736 
-0.284026040986 -13.3097642491 13.4261793365 -3.87242454114 -5.5727116658 -5.91542372052 1.68770947122 -2.22593579054 2.90162196283 0.776433937392 
4.28069975926 -12.0875261274 10.0197154697 -9.46604492566 -6.35970012253 -6.42178894167 -1.5736579645 -4.15310103645 0.501485905475 -2.37047274161 
7.89900033708 -11.8834103819 10.7906444797 -13.3463070592 -8.35417103902 -8.55393168494 -1.25618911099 -2.02023912946 -2.80018561487 -0.67178717935 
11.6162206791 -5.52110187367 9.49349164907 -12.0399738896 -2.72558941214 -9.03713667384 6.54670236713 -0.174767343783 -3.0975646538 0.723348260764 
16.889515673 3.29086552762 5.33395155402 -12.0832803673 -1.05592404801 -3.49667230908 2.40426280786 6.78091413889 -0.298020253835 -5.76315349505 
16.5621405584 9.63215352987 11.5129078822 -4.41210751195 -0.362265128688 -0.0720883578892 -1.7082738707 9.20922641766 1.37466760056 -5.13386845391 
19.8597876164 11.6441134319 21.0968989814 15.9148744105 -7.68287415427 7.46697019743 3.11868143975 -2.60870276755 -6.6843826479 -1.31616977977 
16.2311414036 15.6960192744 6.2868985785 -0.83321224343 0.137683247251 0.17198152672 4.34226391672 -3.244019622 -0.564034778914 -3.06839483716 
20.1704068696 11.3802535935 -5.45230540691 -0.892310451018 7.20355241194 -0.190964006992 4.49278262152 -1.80417024764 -3.45813605199 -3.03889635455 
17.8001369902 9.1696156743 -15.0806177087 -3.19347917736 5.16231758324 3.40612432248 5.27727460065 -5.8315385495 3.63146109674 -4.88866358278 
17.7875817824 3.08727117198 -13.9428634608 -2.66717933519 3.57687512289 2.84482451765 5.19496629551 -5.38770828215 -2.97017265639 -4.26386653113 
14.9836509786 1.55811571882 -15.3307203381 -0.743605938507 -0.564239749093 4.26432473532 1.37174741984 -4.53537974195 -1.85558339167 -8.27036059985 
12.8107068406 0.484583643233 -15.164893154 -4.13698069054 -0.246333544598 4.12812949243 -2.50308830846 -2.10170624613 -2.22971712039 -11.874331976 
10.0736413641 -4.19143753175 -12.24978039 -1.432107551 -5.14366328645 2.12746089782 -1.28220901899 -3.6925469014 -5.34094392438 -6.15224950171 
5.36862535334 -9.81327934487 -9.13068517902 1.48227105755 -12.1870309849 1.72847413308 0.846706076465 -0.760786312223 -5.47439544436 -9.47822376155 
0.357082042433 -12.5430959761 -8.98105232779 1.62610121457 -13.5891699267 2.79791967702 3.24637543871 -1.04673689611 -5.40454713003 -8.78381916193 
1.16113030401 -7.45184289917 -12.7317236255 1.68903987613 -13.433090737 3.32416670947 3.45491213028 0.593305411853 -2.34169587037 -7.75065467698 
-6.4533094215 -5.26100302057 -10.1821272888 2.19066345923 -8.67908891139 1.08859896864 5.47079692855 7.35580459506 -5.53331523336 -4.92346990405 
-6.90188078985 7.6224153496 -7.95112977249 -1.14238506091 -8.28094251987 2.33538596997 7.56299419653 4.56894972381 0.400067042771 -7.35475645545 
-8.01665308683 15.9014310317 -6.08299528416 -3.15628701939 -6.06574890933 -2.91794888932 3.71905484395 3.36750043379 3.3088185089 -4.24004544466 
-13.1886628416 23.1532832814 -4.11490962883 -2.68230051326 -4.57664073501 -10.1918470291 -1.69321827049 1.22286492735 -0.661622530706 -5.75664730314 
-16.718755251 27.172011875 -3.55589863467 -2.63816056181 -3.94000926751 -4.55852764992 -5.09148819446 -5.56147290982 -7.64883110955 -2.82446483987 
-14.6581858916 23.4112971522 -4.88445006877 -4.97759470126 -1.83580816287 0.79840769756 -3.99930723354 -5.33593579017 0.591638569184 -10.9851495816 
-16.0323410891 13.1350195844 -5.34940466992 -0.883725450502 0.172129614487 4.91022564313 -10.3088316301 -3.81697866722 5.89702808175 -11.1852345725 
-12.0000119048 0.776381379474 -4.48849246099 3.33871413379 7.24846101253 -0.500835016365 -4.55501809457 2.02356621669 0.0800890356861 -11.1308513081 
-13.7574979983 -6.4592868804 -0.748522531812 1.03670728769 9.68585827181 2.63081881662 -4.46378657959 3.42082039151 -2.14598362272 -4.68412360479 
-15.2840029585 -11.6120827593 3.39120160103 4.7893042164 8.4521055669 4.71800656447 -1.62820555321 0.889876655599 0.74853249248 -1.15738113436 
-10.4295201022 -16.495079695 7.72071669856 1.88127469123 7.42464528206 -0.903262411704 -0.00384251870665 4.9433219375 -2.03710005244 1.58769303751 
-8.81647479832 -16.0600312435 8.15732862497 -0.482848152715 1.71757383571 -1.12413418289 -3.51236865715 -0.97906590861 3.47803352393 -2.33792517713 
-5.9401078276 -13.6552884012 5.83720308666 1.35942234287 -0.383087642455 -5.08310627641 -4.23799007983 -4.85595762488 11.4751147436 -0.0127622751247 
1.789934199 -15.9521105684 5.41560147757 0.51282292047 -8.55879953208 -7.38355948745 -6.03844304921 -3.01910394884 7.57402863495 -2.53588459904 
3.41119277186 -14.0271089233 3.6329669148 -3.02265256424 -9.8511828345 -7.29861448199 -4.7710367237 -4.7940938657 8.36641481311 -3.42175360375 
8.97594316835 -11.7713749684 5.09585886697 -6.70797632387 -4.13725080702 -8.39858529908 -2.2222913397 -3.08328507141 0.702427601557 -0.382877580995 
15.7226001429 -4.16657389959 2.6005831413 -8.70590724111 -3.8075966453 -6.02759552953 -2.96502166841 3.17394307122 -1.58389501871 -3.32489651653 
18.6239939742 5.91362948173 2.33745197205 -3.63085269869 0.668536448384 -3.93401233642 -6.83269955341 10.529724341 4.28487423211 -5.03969242325 
15.8761763521 12.5580252212 5.58410406508 4.07308681095 0.852470495039 3.53977902371 -8.65165102268 8.1352965411 6.91681774586 -6.2999059106 
14.093697715 17.4955018855 18.4410945675 20.0434622749 -7.8265231974 10.7361450557 -6.70759723952 -0.313667725645 -9.05381910748 -1.26802038784 
16.0916769266 12.1858044469 7.89209976439 11.2383296314 2.9989528022 1.28940831318 -1.43067388985 3.46649702157 1.30936751888 -1.77967467965 
24.210029654 7.27666920116 -4.21279159086 8.63501432836 8.89597464007 -6.42005229459 2.11672743709 3.82640736639 1.62146725197 -2.34106004372 
22.5863867232 1.76717517991 -10.7571533467 8.33015971265 6.53661995378 -8.31147462332 2.76540740126 2.29394436548 3.22080871203 -1.76130363901 
18.8378671561 -0.893857704932 -11.7255993913 8.03336438093 -2.86884028033 -3.53203670681 5.51626756608 -3.72236375384 5.20586087719 -4.39882300713 
13.1448234589 -7.82175718425 -4.31472530193 8.24129231736 -6.56420390904 -4.37259548979 1.63976477125 -3.1603939802 4.09101639775 0.05154626368 
11.5801588419 -6.10081638374 -13.3930331526 6.99421494693 -4.1085123212 -3.62426075004 -3.30068880839 1.98897120046 -0.195328477589 0.211296800748 
5.28067016228 -10.3444180323 -6.44482652858 7.4962437612 -8.22250885024 -2.48469551527 -5.82822909873 0.844964026218 1.63940581685 1.72883943387 
4.16055558377 -15.0493482104 -4.35875601755 10.4537788334 -14.361891215 0.281343750266 -9.41256029569 3.39052570801 0.00536700001523 -0.767122383236 
-0.583633833869 -12.9468580812 -10.1769633829 6.26643582034 -13.3748140755 3.46834083245 -14.1309883428 6.20373796973 2.05151473969 0.546789960045 
-4.89504416131 -12.8952637866 -9.55026030436 4.4338285409 -8.62699115997 1.16712713471 -4.67412563152 10.6332131873 2.52808301234 2.6631916835 
-11.2256936273 -2.47554885375 -9.38167759539 1.52637671639 -3.10170068658 4.1141963296 -2.1267324094 12.3126943143 4.02946663542 0.0137655803174 
-13.2833050472 7.78743869995 -5.66337901555 -1.15775404176 -0.136505802739 -0.306681027979 -6.10301972521 10.8169238912 8.9088626423 -4.4121274266 
-18.4021462131 17.3026279777 -2.40757551412 -1.51934660166 -4.59106225095 -8.31553858811 -12.0279776644 7.40866752882 11.4355118931 0.55985326383 
-16.87615386 23.8749094382 -6.09519939049 -3.6918512222 -2.92474741744 -3.50966565747 -15.1735425811 -4.72305313195 0.838192811589 -4.80991333778 
-19.8219821777 25.3121454598 -3.86270691189 -0.0548974156896 0.263066609016 0.119104538418 -16.055567444 -6.83852069954 -4.38756068916 -2.77041752896 
-17.6127436074 17.8700849386 -4.93125675288 -2.40151573551 0.229229594365 2.93959196272 -13.2704795236 -3.71169569717 -0.287011565792 -6.45648966965 
-12.7050177016 9.21420057972 -8.71480886928 -2.7370788186 5.0294780847 8.03319375556 -11.7986484622 0.911821028172 -1.95571427867 -14.801614842 
-12.3274847304 -2.95016156036 -4.13671737618 5.29002284228 4.04245370667 1.49647789873 -8.39783911332 -0.817804185823 2.53811699134 -8.39923457245 
-9.59208009939 -5.8795781631 -6.25940251447 5.08964264314 5.25755991031 5.26425996661 -8.24237637845 0.176636610509 5.40165076046 -10.2868300323 
-9.05712805883 -15.5375229041 4.9394283971 7.38141738854 4.01339897372 0.562624720572 -1.93552471693 3.50227229785 2.69355194227 -8.58336118279 
-7.70271504597 -19.0913289358 5.15428348321 3.83928668688 -1.54396823601 3.62539945591 -2.35878088961 -3.81874838659 5.49581986206 -6.41812565315 
-3.64887664329 -14.8840638834 2.69572965078 -5.44815443403 -4.42125410044 2.63348315523 -0.831232130483 -4.62667458138 3.55159364245 -6.85408617489 
3.17579088242 -17.2763414518 0.610273963665 -11.0998921192 -8.05697961039 -0.260139242922 -6.48344803277 -3.14501048047 0.000360510135644 -2.9535706386 
5.45037668497 -14.9279233068 1.33648260593 -13.9397960947 -10.7525663436 -1.51002797309 -7.02341502769 -6.35288413107 -1.54883528641 -4.06750905982 
4.75164596302 -8.86939982096 0.0476921750266 -14.4477486431 -4.62673916222 0.389287349929 -3.2255741475 -6.21802412308 -2.89951321459 -2.87436263001 
12.079488912 -3.86420734543 -2.16344409779 -12.0262700547 0.0156650710499 -4.2328556207 0.822106330211 -1.47422019046 -6.25564763184 0.128477795739 
19.3175446704 2.85050626266 2.44504823118 -10.6593017744 0.718963230222 -3.34442708401 -1.76813410153 8.79078543799 -1.87200829612 -3.00051933979 
18.3684065884 5.73339748863 13.7567384989 -2.57753729 -2.501830417 -1.31702541398 1.90642766 14.4756536921 1.39545983158 -8.3142370938 
18.4141466184 11.0461605275 20.6089029767 14.1904993301 -7.69495155888 4.25737329785 2.25046284428 3.40081857959 -3.95977654943 -5.03836735945 
17.7190128445 15.67969607 14.5358263981 9.68611101172 -3.95811651051 3.5595732097 4.1825491235 0.191523867294 -1.67156355081 -3.0868940358 
21.8835357108 16.0547253388 -1.99414612901 1.11705405328 7.31293540636 -2.84749453306 5.74783736288 0.465463400429 -1.14132324794 -6.69914073937 
24.0726629997 5.9487651527 -10.8816932386 1.68791120534 9.6066922417 -4.91497326481 8.65582174198 -1.16274266101 -2.25347867843 -4.47018131924 
21.1995626431 3.69778604443 -12.0242887229 1.42045353157 4.76979609739 -1.40800557151 8.39053070059 -6.39639032518 0.0248307380381 -6.8742920862 
17.8338837785 3.49076402832 -13.5478827136 -0.913292863513 0.331708880485 -1.17220385071 3.93583048021 -8.11429860752 -2.53679848452 -3.13205517776 
12.6390330595 0.7998020541 -14.944934693 3.08634911684 0.453895842176 0.497788515468 -1.82222267899 -4.63307723203 2.52791033022 -1.04029817296 
7.578132353 -4.66217729096 -13.0834465875 3.67492411127 -3.55674246054 0.742683974158 -3.7924501169 -0.299164104563 -1.42289187293 -2.40687179485 
5.16001963309 -4.21450916674 -11.8800805028 1.71726285723 -7.75487401377 -0.910467468482 -10.723062086 2.51423289286 -1.77452120339 1.8882145325 
1.45524554181 -15.4963205372 -10.2689454752 1.24368911591 -9.14483471921 2.32708955493 -5.4364713049 5.51193166116 -3.42751479683 1.78428242697 
-1.73978122165 -12.3309717499 -11.4546152944 -1.48634407657 -5.7658353362 4.62676412086 -7.41445110251 7.82403734288 0.260231987926 2.75706659624 
-2.48185232071 -8.0980192582 -6.95949409886 -2.52074957586 -1.99697161552 2.20042011445 0.327866193068 10.4104804383 -3.75611174919 2.337502804 
-10.4516037341 -2.47924343089 -1.9595046673 0.224809088286 -1.97573002731 1.56956425743 6.44076624345 10.317483955 -1.84125875023 3.43168011157 
-11.8812458809 8.01189255723 -1.89398507386 -1.17980965668 -3.41925558222 -3.94944981225 3.14743708753 8.86552228462 4.29130921435 1.81296046101 
-15.1877182506 16.3099883681 -3.66280573837 -0.240135059973 -3.02495397462 -8.9203059509 -1.35647200071 4.21140226731 2.80549093138 1.26274151742 
-19.3218001985 26.8788632168 -3.16467550029 2.27626808436 -6.38616914968 -3.70589218753 -3.47781136451 -4.08642688573 -4.1063638538 -6.73706947725 
-23.6630459096 22.1921389631 0.47411115415 3.74258200717 -2.36828485235 -3.74845771115 -5.31151302323 -3.98370826567 -6.70129872745 -4.17945999141 
-17.5852018848 13.8050422087 -1.87237290271 0.568240518831 7.46679195267 2.6487589818 -8.54719515886 -0.792566121904 -6.41963595502 -5.66867043684 
-19.2200658926 4.4887650147 -2.62395005529 -2.27974916302 9.24900073159 7.03245087394 -4.12207645884 0.92801837684 -7.60279535734 -3.30123900741 
-11.6269890211 -5.74655615203 -2.54099408182 0.929257373721 11.2511750476 4.98941618691 -1.2563205654 -1.34483212915 -0.285386027352 2.39547756605 
-13.7385148383 -9.49373560017 1.36470370079 3.50499215467 10.2140188712 5.35522366576 -4.2402642337 -1.5710160527 0.503247143365 4.93110936095 
-10.2396277138 -16.3093966521 3.43722663157 1.98281039324 10.4943712059 5.91143681893 -2.28190049857 -1.36017292782 -0.758577513 1.53024556041 
-10.2114031431 -19.045822809 7.00789314738 2.77222753385 5.87005289194 6.97207136345 -1.64770173013 -3.71841037797 2.2466836059 -0.127863234963 
-3.93963734598 -13.6181008608 1.82824759992 -0.696019885298 -1.65410529997 7.66440385069 -2.18330252586 -6.53565796079 4.42401708094 -4.7357607875 
4.23529297429 -13.4331751156 0.58357585489 -4.76881662644 -8.84382040937 1.47241847794 -1.76649426244 -4.22394761297 2.69119415681 -0.760471596278 
7.95890470774 -13.684855235 2.88991220599 -8.07529945402 -10.6891751418 -2.11642421532 -0.4240511588 -6.56473484878 0.735202293305 -3.44977344812 
5.93361311188 -11.9090173475 2.72676984318 -14.0804552778 -4.45902521039 1.48787770215 -1.1867034 -6.06898998199 -2.42537587311 0.220731098709 
7.56352230589 -4.13200979865 1.04259464518 -16.3972819572 -2.56546346484 5.05385295154 0.985007423778 -5.0356839376 -2.58547447372 0.394450307952 
13.2136248174 2.57480423876 3.46451748522 -14.0037518461 -2.06700379778 3.84831927529 2.33628261829 1.49780652693 -1.12837927553 0.118726094734 
14.3939933372 10.8316015815 7.42246323645 -14.9170315496 -0.074102996245 5.43315148755 2.19769450351 7.07151020691 0.397635618384 -4.87082398558 
21.1663173839 14.2952902638 13.2838204758 2.17825962158 -6.43261108674 12.5296863297 1.65696138805 -5.75080238304 -4.45244582551 -0.343875727893 
17.2256846283 17.9852539774 9.25671814978 4.37956121907 -7.30279126739 5.2517819213 3.47731930919 -3.94269513833 2.01769055264 -2.46232952641 
16.5481333764 12.3428766241 -2.52548202458 -1.86871764353 5.41849961396 0.448839294599 2.87584170453 -2.76111231 2.42412460354 5.42062555606 
14.7310590014 6.84973207423 -10.7108891212 -0.519860228249 6.54144657236 2.38009244805 5.28872009707 -4.62079378951 1.37881805328 5.74643555858 
12.1421763193 5.96953075085 -9.53127408999 -2.18712903912 4.13514732856 7.71075843902 5.33785780667 -6.39905569452 2.93022337528 3.03579287823 
8.35878157125 2.97508807803 -9.7013008562 -1.23631525702 -4.1174682935 6.47182689698 10.1931418146 -6.50492923342 2.96532357423 1.13781776692 
5.92272004235 1.47927741843 -10.8732542514 -1.71055865531 -7.92344954482 7.52453219509 7.03482354435 -8.27344741473 6.19088449879 -0.190843431124 
3.20761030465 -4.63254054131 -8.63106610151 -1.19322049083 -10.2904250659 6.17500592937 4.74925969749 -6.00876901425 2.91369789418 1.48072081781 
1.61296841688 -5.82079758737 -8.3987193461 -1.23355491733 -10.3149746623 6.60623810337 0.368143530777 -3.51927219309 0.722949866477 2.65622317842 
-0.504735089782 -5.47237578452 -9.39933066758 -0.517006602832 -9.10620453653 6.51994395892 1.70430814572 2.16591783609 -0.68870281307 4.6471684871 
-4.80645363088 -8.38297245243 -8.95418570049 2.31527755811 -3.90558329531 9.07338163937 7.21236926862 3.26290152556 -0.106284728916 3.06152886086 
-12.4325472785 -5.06659257533 -7.17750299438 2.03529835303 1.07542494019 11.0733181213 6.88715624336 6.95547714741 1.89249924484 4.82807153702 
-15.6030929412 4.50329140749 -6.05090272093 -1.14061927359 0.735084768565 9.67870450898 7.45937411634 4.7900878475 4.61117503151 0.431889925776 
-18.2541892256 12.346347156 -5.49370374092 -1.69609650076 -4.45932745929 2.38113320421 5.09294942278 6.59985144666 6.40510448673 7.35292672113 
-19.3495241397 23.4993876675 -5.98777027743 -2.12096150342 -5.56752896123 -3.87768153912 2.69569635194 0.469643389514 6.72929066212 4.86464415806 
-16.0842065871 26.2449651002 0.935961209913 -2.18807021301 -5.54626550191 -1.74456144155 1.61370773994 -0.652258262432 -4.66284341132 5.17008849641 
-22.0057960992 23.9827774545 -1.69883615815 -2.12184215363 -3.91333921289 2.22673090532 -1.14872614815 -3.95460568803 -2.61754757557 4.5593583548 
-17.4030641944 13.1348118255 -2.36371634685 -5.63806080259 3.97658846199 2.97829305195 4.5205945835 -0.296894902426 -3.88225233901 -0.883839241726 
-16.6111673818 6.9528390323 -4.24400261949 -5.310872142 8.89758063358 7.65021923594 0.339248537589 -2.1079022442 -6.05096969074 2.17737636908 
-12.5256197095 -4.58597589955 1.54820246747 -2.1971891461 9.20328510307 8.8764663433 5.84492256014 -5.26777663503 -1.82348406035 -2.79581180968 
-14.4587352672 -7.00129841391 4.5479713292 -2.37107192127 9.46079706767 6.63425042717 6.88858819176 -6.25088230309 0.304007134564 0.44871931926 
-14.3420843311 -16.9117350473 8.75657335277 2.32463573282 9.51104724993 9.0239832165 5.22902795095 -3.47108594725 -1.1419335033 1.66714187826 
-10.5095189046 -20.110082426 9.51577789024 2.19755459769 7.57447425254 2.41919747446 5.88186850474 -1.10995178417 -2.1183139656 4.34507980878 
-7.15761185864 -20.8918309872 9.20454484769 -2.94173834885 6.0186478302 2.76165184524 5.1052738081 0.058013961848 0.405748170838 1.87295695722 
-1.74644591449 -20.2327500362 7.60953636537 -2.27667098295 -0.929292653365 -2.4107738948 3.64477689095 0.957384152701 -0.107539605038 2.43102275697 
6.0248909297 -20.7557850511 10.1796864953 -5.52341815762 -5.63494075408 -4.43992640418 1.83767338124 -2.07706975179 -6.00079162662 -0.338463248626 
8.79545294794 -11.6923954103 6.59728369663 -12.731573061 -0.14204972428 -5.80394810058 2.02155609994 -4.59897649272 -3.56434386443 4.41593181428 
9.01450244101 -7.18148892414 6.01235853741 -18.4098262484 0.396701710302 -4.52626423459 6.40717016748 0.685113382031 -4.76582490484 0.847494248992 
16.1812491868 3.40793166007 7.0041969875 -15.3748111493 -0.188502209555 -6.90363939816 4.68657328317 4.37650512938 -0.550096841158 -1.54656832813 
15.9779784783 9.76552577334 8.55496890698 -11.2026733741 -1.30721689719 -3.09865867016 6.11449731223 6.66181933507 4.85905511005 -3.16753307849 
16.5630360515 11.9424933259 20.0663756807 15.6119168086 -5.79053327993 2.1840646887 4.12690368243 0.592886612503 -7.68957279969 2.09498833856 
18.8909754648 10.8914361963 17.8133918024 17.5915189922 -5.35619449418 -3.36318235147 4.45566231967 2.76410715704 -3.40445511443 2.3506205073 
21.6839943184 6.19077531449 9.73989174466 6.36123074771 5.35678246689 -13.7252578373 5.64899248185 8.90139967763 -4.2950617977 3.88003695239 
25.0103211843 5.1994238281 -9.25618652668 -1.37104894606 10.6416101269 -5.68803750783 4.0807276942 2.01772654708 -3.64933303638 -1.50461804571 
19.621308158 2.89864925067 -11.9642352122 -2.53771332211 3.23949996131 -1.47374177359 7.68290734045 0.195734432249 0.865731152118 -5.97075924738 
15.3299314775 -1.72535802307 -13.0645599192 -3.8093327051 0.206987607518 0.872432793959 11.1084875654 -1.57487202363 -0.722590634351 -10.8984518673 
11.6656441927 -4.89901166865 -7.99256799842 -1.28379225958 -2.43849392401 0.366261585492 11.1245924942 -0.0764409332028 -3.28373145451 -6.82837626908 
7.84023906931 -6.44358674809 -11.4744142095 -3.66494483447 -9.35631211798 0.937956725221 6.5896512298 0.485217540606 -5.2840235646 -7.67413892722 
3.34825605028 -14.9348574308 -7.00982795782 2.09425820165 -4.93641901261 0.890160747576 -1.11624874591 4.98148051063 -3.58599719385 1.85907846917 
-0.203928758798 -15.9900981543 -9.28331363415 -0.487022371786 -10.1317419811 2.84817817114 -4.93229086336 7.22779914689 -4.81529703947 1.61413367378 
-1.08150350711 -15.6122656249 -6.1464981332 -0.0744113107999 -8.88943437066 3.65426421201 0.478198528112 10.8380803448 -6.1869203031 0.765405276515 
-4.26033924504 -7.01407434364 -6.30928246186 0.58476633125 -2.21573077116 4.23056652367 2.97239637052 14.466328842 -4.61984337507 -0.352097407915 
-6.97112483908 4.06264220957 -4.52253890337 -3.09174544812 -1.35262905454 2.6022467168 2.71253472546 14.6352876094 -2.71500457208 -4.23973931777 
-12.018736247 13.2196679823 0.615600774415 -3.4613608895 -2.26711381341 -7.73466382596 2.29666145351 12.6778562119 2.09982813707 -3.2796088298 
-11.4181973023 19.3695671561 -0.590061540689 -3.28668010268 -3.5875989782 -6.54636281926 1.47904896323 3.79952349286 -4.88951008668 -6.21990558716 
-17.2299013542 20.1976432461 3.38527504847 0.35214555303 -9.9409841266 -5.44573241853 3.00384573718 -1.73806618921 -7.46458510275 -3.59034237368 
-17.5199395313 15.6583311697 3.05123573486 0.83236673689 -5.27861028109 -6.14110526554 2.63871148684 -0.764576998826 -8.05479511447 -1.21417720886 
-15.2932419138 9.41928922061 -1.34224866126 -2.68855262024 5.27181520556 -0.135114321624 -1.10038518636 5.39531107079 -13.4572462089 -5.99477755154 
-15.3086716195 1.70117883821 -1.72209825416 -1.19389230872 5.26095501823 4.83122821155 -1.98423843507 6.62603400896 -7.66563194518 -3.05457311509 
-13.7684634637 -6.24346313095 0.875244995982 -1.86733182256 5.36707188261 2.94140117328 2.79179462926 3.52448825065 -0.347164888732 -0.440772764611 
-12.7814702205 -6.60492745208 -0.301265254689 -1.261575954 6.22923406388 3.35810048936 4.85429288244 0.843043767323 -0.82799694138 -0.410761147613 
-14.5743942979 -13.1078137291 4.78799196464 3.23551315472 2.29796892333 7.59284522031 2.38963031967 0.684744699511 0.758426611679 0.469254224768 
-8.35621169791 -15.6712875664 7.31780200235 1.82281356184 0.216267815871 7.95552852868 6.44173207931 0.388490545693 2.13988022376 -3.85741031082 
-5.0934024879 -17.0236800448 6.04974863317 -2.78104348555 -7.03960117302 4.82028460162 2.68058750577 -0.643312707146 3.90404220762 -2.84266137077 
0.0509465370356 -19.1819965551 6.71746471198 -2.58717744787 -8.01551811116 -1.73294265335 1.65443808079 0.631832063172 -2.29662452104 2.24035444319 
3.6090888159 -16.926540405 6.26293441288 -7.3921683578 -11.2310242703 -4.45641576311 0.00188353117544 -6.3750414737 -1.61748889694 4.06346046535 
0.823518221802 -15.1689905046 8.78494048084 -8.44414139664 -8.25804122832 -5.65642426699 -0.129697454774 -6.87192328594 0.353770376909 3.99408625297 
3.89392052356 -8.32363929125 4.89632515762 -11.3017463343 -2.19163176146 -1.64678743915 -0.192303054017 -4.58056858991 -0.931238557456 4.36928061189 
12.5287710905 3.10614203511 2.94375094181 -11.9958460633 -1.15738358724 2.02943718722 3.83026465637 -2.37824640693 2.53477783985 0.0117391663442 
14.8108332331 11.7645329581 3.87453258816 -8.61258658378 -2.60406900527 2.5572316042 -4.80661512447 9.36548830487 7.26404119566 -3.35247195528 
12.2354806403 15.0458181935 16.0899267854 9.15992143605 -7.68250267401 11.326351833 -1.2910493864 0.917489646005 -3.02047338041 3.76991676611 
13.4313739253 22.4372600487 8.72195114466 4.22057019778 -8.95214703675 12.3513577278 -1.58697507262 -2.64292188082 2.95434160564 -0.263793106221 
17.3100768228 17.1921075106 -4.96811437879 -3.52057113533 2.5556426567 7.56272548727 -0.609961458764 -0.650973394581 6.42665460781 -1.6730118002 
20.0174230887 9.954845176 -11.4731569452 0.424924730989 7.10768686882 5.11413304168 -0.982201930847 -3.24993737249 1.24805463083 3.12513611508 
19.549260512 8.60653140588 -14.539397092 -0.396344664249 6.84380223291 6.54468677282 -0.446945238025 -8.03602385298 1.90953700989 -2.85941679871 
15.6708759424 4.78565804034 -13.2592680937 0.912515901698 1.84393059178 6.09897985048 3.51111729107 -7.3981683035 2.1373036539 -0.876402147739 
14.475602894 1.22291517133 -13.9910780385 -0.927232789466 -1.27113019057 4.02953063214 1.66001200725 -7.6012448317 -0.112934344221 -1.87035082948 
9.76301453377 -1.71804785121 -13.1130675335 -2.67670251709 -6.62854053255 4.06998081994 0.737112941407 -6.44252915762 3.11984862498 -4.00239787394 
4.77914195588 -4.24666349195 -14.1582989381 -2.75253138249 -9.35978502806 8.20989316748 0.509804086646 -5.06726093934 1.95552094259 -6.80172891301 
-0.983750442989 -12.673616464 -9.17341466114 0.19424860437 -8.29173478283 7.62873798522 -0.632334061512 -2.54471094667 -1.55659524463 0.322261369408 
-2.57158902022 -11.5536514634 -11.5351896551 0.854965177021 -10.569816164 5.49240474689 2.76087603287 -0.640875662393 -2.64968675468 -0.214509247984 
-6.82276285247 -7.26445320598 -10.467727066 -1.59007199444 -5.07662755247 5.48292694009 5.19632411242 3.50327754208 -3.93619564505 1.14284452675 
-9.95930983001 6.82938147818 -11.2522535375 -2.23748759181 -5.68898790482 3.92225397932 9.15681176451 -0.540532545463 3.14229210202 0.786558567099 
-10.4641467613 14.7285013089 -8.91345536397 -4.06555741175 -5.05602684105 -1.13438436737 5.3140716489 -0.575239381083 6.56419796712 1.91207648392 
-13.820262521 21.174655895 -4.62224727736 -7.31067420014 -4.99428448965 -4.74657274507 5.16996836283 -3.39259017789 6.9651368264 1.04974479962 
-18.9956039574 24.0127134776 0.0112183824562 -3.88523670311 -7.01596889628 -1.57048803362 -0.723044905719 -10.232926869 -2.95699340355 3.12100248176 
-23.0148457364 25.9216353578 -0.0429215672196 -2.30461477103 -5.89996587745 1.03186697134 -5.48759775647 -10.7916240846 -3.76579283092 1.37526419451 
-20.3735808877 14.9114977962 -5.23208473825 -7.19141701433 6.26554704372 4.42304044951 -7.47323403329 -4.64999940841 -6.30400256582 3.05851830563 
-19.637907097 4.70426424267 -6.04219932876 -5.02535011444 8.11033312361 4.04986164864 -4.57671495818 -1.98268463549 -5.87095631493 6.30497054613 
-15.4114870158 -9.59533479891 -3.41726628551 0.952965755447 9.48903449406 6.16225229106 -1.6305788404 0.0587793124477 -4.69379484425 0.643875266897 
-10.2669893637 -9.25632579976 -6.14962651528 1.77228857836 7.48817699504 7.23594449693 -1.20154140262 -0.680946217057 -1.54681307354 -5.19802671837 
-10.3993494327 -9.79638371453 -3.71343435403 2.15210892467 5.83692601889 7.8895828753 -0.24267492727 -3.00789151 0.575839200452 -3.4254106856 
-8.41581870343 -17.8921089444 1.34011953689 4.69657074234 1.56201117478 6.05549355576 -2.0942438442 -2.66190598405 0.220468305357 2.7405769658 
-4.5923069537 -14.377620819 5.18532414237 0.221421327899 -1.34064883042 1.82434980445 2.18576589723 -3.14162493528 3.05018790491 -3.0155747323 
-2.77202612712 -14.7530412888 5.08996017002 -3.68667545614 -3.34979786357 1.12968833664 0.984034138097 -0.518653603753 0.554489478854 0.369149503106 
1.425541958 -17.7463527158 6.4983176478 -5.37912724249 -3.20046926083 -4.04893772073 -1.70238860691 -5.3819331247 -1.39263468027 3.88752138956 
-1.25334737205 -15.4860698835 5.21681142452 -10.1345779277 -4.0735893333 -0.207106921758 -5.68753013371 -2.27403976824 -5.36991376602 6.01618366353 
6.62629882119 -9.47104731487 1.96932746559 -11.8625622566 0.475117835628 -1.52431957585 -5.41630160423 0.075383684953 -4.17388951499 2.67624404433 
15.1102559239 1.15733254647 -0.416238668042 -15.455276298 5.29663780501 -2.87297204533 -6.46907022018 4.43935375987 -2.74286306724 2.53221635662 
17.1242627816 7.7498494321 8.2448583089 -13.6029109255 4.98002142459 -1.7535130667 -5.76604931924 11.9799324749 3.25646613765 -5.33919663096 
13.8885593876 16.9197426343 13.7521146004 5.16489181458 -4.80824548927 7.57340592744 -3.41810827843 2.09764989447 1.30877160268 -3.12780784643 
15.1408628456 15.4294220528 21.9888687044 14.9762412715 -9.33080306481 9.34380273662 -1.75797865029 1.04491266221 -7.64709253019 0.993703583208 
19.1392374891 13.8263356308 4.92132928647 2.44752220718 4.5883791409 -9.63367292468 -0.430025522609 10.0687758788 3.40765609058 1.38586380232 
21.522661639 9.58544623692 -5.16707562365 5.08675139035 7.03308485629 -7.05518121413 -1.01376100315 2.37778298519 -0.902088518162 4.53116840412 
19.6585739873 2.51782472595 -11.5645868357 5.61737774055 8.35778914449 -5.54018401309 -0.343560594497 -1.65842115153 -0.883576113824 9.12598411348 
18.6999828149 -2.90801799403 -13.3496989134 3.0190462997 7.96448999971 -2.73250264531 -3.3673458813 -2.10997995926 -3.72320396519 3.77779695309 
15.4502409613 -2.9598350652 -12.2790642467 5.29608192775 2.17925705665 -3.93074473436 -4.915333387 0.0298072158613 -4.76511480451 4.45315881009 
12.4663104277 -5.54801902746 -12.6637899101 4.61217139143 0.846958146479 -5.8309855553 -0.999763706532 -0.955170552366 -5.2850505476 2.3332773101 
7.29898305409 -8.00215268796 -9.66011889522 7.83427436486 -0.688959591879 -6.92333395163 -5.21193210143 3.0240283352 -5.45502798318 2.29796918416 
3.43157556991 -14.0119674226 -6.42532178984 10.4302283215 -9.33435178775 -3.5646592017 -3.93888554763 6.97246021163 -5.17055155679 -4.31731793902 
2.36862160853 -13.9654925336 -9.44327919682 11.4646624609 -9.86976395465 -2.33528726386 -0.241790278552 6.81167974128 -7.21148514106 -1.22252894622 
-3.34086753726 -15.1477319755 -9.78454463591 10.284724078 -7.28158951066 -4.80282457122 1.51812867775 5.48149150367 -6.32366992681 -1.20063632941 
-9.12267796813 -7.63297599047 -6.80132522839 8.43431425337 -1.77840939634 -1.51409635986 3.31254240871 11.3245724139 -5.04375939445 1.57671194976 
-8.92470700655 2.92033635583 -5.44847075671 3.09730433979 -1.34361494857 -2.44274152552 -0.383556588305 9.88850716962 -0.587850555425 3.25595428052 
-12.3495243846 15.2528281473 -1.70213846578 -4.01667399014 -4.21483889808 -0.741848313687 -2.42992788434 1.87384635837 4.0911178897 4.73843615422 
-19.8807559842 24.5476762244 1.60228594433 3.80299144764 -9.85280599506 -2.79586058788 -6.05264187159 -4.15548732501 -0.749827368444 6.2325447902 
-17.9711967006 26.483942706 -1.05986653064 -1.51288850688 -5.22775516506 3.07498662398 -10.9937438514 -3.66041410425 -6.25282563466 1.77557549248 
-15.1068936891 19.338663505 -7.32710103473 -8.47198203793 1.7204343977 2.68255048905 -9.62489905146 -3.27491274027 -7.31752348529 0.395606132399 
-17.2812959723 11.1444327646 -5.85531451975 -5.92689107758 3.61111740571 7.91822341302 -9.74495071244 -2.34998728498 -2.21735099521 0.747255223031 
-13.0473853921 -0.149687204123 -5.73617515709 -0.421539939558 8.63172945158 5.44753559529 -5.36718168384 1.83771763344 -6.22277022511 3.64427667834 
-10.5394298498 -3.29741187132 -4.65095337574 3.35980218375 7.91137161677 5.19456011267 -7.51283326081 2.25230434812 -1.73103389225 2.08571608971 
-11.3214257317 -8.18078334133 -2.11146925098 1.82168490023 7.15251051444 7.25575119351 -3.1600822035 0.055814920581 0.117753126273 0.0392987433152 
-12.2766258785 -15.2667692759 1.41776594945 5.22554683761 4.00708013549 4.33897553008 -2.61334229977 0.335184661571 3.01522527447 4.92206589521 
-8.32690098657 -18.8930557505 9.18270893664 5.29144332823 1.52420280817 3.82358208111 -1.27229845642 -1.16256194052 1.58231207912 -0.312240169793 
-4.78461076623 -17.0574361667 6.64388845664 3.09227265943 -5.56668322375 1.67550054492 -4.34223125383 -3.02711527666 6.31905900891 2.61086315357 
1.51227585005 -14.0272440008 2.73083910603 -5.69934163042 -7.79233722621 -2.26729265232 -4.63953184805 -7.65127088491 3.00912572297 4.23610349758 
-0.197266754168 -11.7131583997 4.18625839321 -6.5016333389 -7.97371900219 -1.29444143707 -6.03397285348 -6.91650719325 2.87799815016 9.96452183605 
5.50040832738 -6.56841879053 1.88284890858 -11.3189593291 -0.240240084572 0.0710232840486 -7.04495190871 -2.12946987755 -0.218617787993 6.57792712301 
10.2887529752 3.9329549529 0.292139581946 -11.134051944 -5.06909952398 2.50898518006 -5.35835830866 3.16646148756 3.24244287609 1.62088100606 
15.376573363 8.41137796263 3.91725778938 -10.0761562022 -5.09524179666 5.1657664577 -7.25537715417 6.53137897878 3.58300145627 -2.61007711619 
13.5061683617 15.985925893 7.40689814505 -4.36750743069 1.36452396055 8.19011934361 -8.83761482989 9.62535672323 4.21940416873 -1.07691071163 
14.3432423458 17.8580786396 18.2996431804 15.2600883457 -10.0340782596 11.2625181545 -8.81081830099 -0.517863959866 -8.89707041056 6.49794771945 
21.7369913124 17.0366437636 5.49054979661 0.913325283936 1.36784859245 1.97520317906 3.6851849043 -0.28503431844 -1.05949954544 0.482060158183 
22.5952128036 10.2703071463 -2.08139025393 2.75020823427 9.44853863179 -7.00002770575 1.12107469005 -0.446472727739 -3.95123372616 5.07338354692 
24.4651103112 4.10943071172 -6.10879529767 3.7765859836 6.22874047414 -5.35316828446 7.30261793302 -4.15177750569 -2.92829673516 -2.79280436552 
18.1216673229 -1.49555827302 -5.06887693363 8.65266087376 2.0372630774 -6.54310487007 -0.58577664836 -5.15420734923 -0.719870883399 5.34458030974 
16.1877173474 -0.104059405676 -10.4890427105 7.00127563192 -3.43058003529 -3.81474925988 -3.79597513118 -4.01403212345 1.47753343855 0.182700303232 
12.5239456938 -0.924842840646 -12.5805022967 6.90649395893 -2.54708264671 -3.84624338364 -4.0633641032 -2.2844688968 0.0852701012601 1.64996118177 
8.54864706017 -6.46883271282 -12.4744355425 4.73603922153 -8.68848910877 -1.0355220911 -6.16532300823 -0.334064530023 0.321729829799 0.758405507803 
1.17615702014 -12.6676878357 -12.5017329325 4.34919593635 -9.3451960668 3.33622122912 -7.95792452456 1.01577583633 -1.9746198847 5.20407383456 
-2.0957163618 -20.3867843524 -8.34714547688 5.50987283739 -3.88127216043 -1.08775826817 -5.99507305029 6.26785631789 -8.17364128698 5.14185046711 
-4.92946603489 -14.1624101228 -9.11495077237 7.0184270656 -6.27691106078 3.05438974789 -6.12571723068 3.74794436132 0.302360394017 3.46767407754 
-5.33883042324 -6.86403949124 -9.15570153727 5.51314227119 -0.931737756576 0.832494198888 -6.00564217211 11.0253613077 0.202511352409 -3.81317119194 
-9.52059672982 -4.2478985507 -5.49151841463 7.71127220237 -0.0162682863748 -5.67032999997 3.3773814219 7.97793269525 3.93892736264 -2.3629987994 
-8.41306812483 7.71030722554 -7.38963837593 1.99661377801 -1.28192172517 -8.21750139796 5.16971485074 10.2527254102 2.18058204543 -6.90642081614 
-16.1954325914 8.98260603816 2.17146453084 7.00612509442 -1.33156797649 -18.1024057738 2.87298880263 3.36445643482 -4.90694463402 0.477669318083 
-18.103895276 18.1906527911 -0.706775990177 6.62513742895 -4.28032805925 -12.8018601388 -3.15620973833 -3.54025657824 -6.22804670574 0.746620761036 
-13.9228052045 18.7537735908 -3.94535906633 1.67062793499 0.186441863715 -4.9889781896 -6.69696394231 -3.81766743822 -4.26288437604 -5.30512932863 
-13.1722363751 12.0315985893 -3.40698959689 -0.0657258308427 9.54063471989 -6.28905547781 -6.41691960381 -2.50070914571 -11.858014905 -3.27786900746 
-12.1799706333 -4.66283784274 2.76058747528 4.95463765996 11.9575586327 -3.91738715833 -3.63932769026 2.01447541327 -9.9593370642 0.917449741743 
-11.1296123882 -10.4432304312 -0.407047220342 2.15627197049 10.1446345969 6.55591796709 -4.74657952177 -3.83022307291 -3.25480865463 -3.60460348897 
-9.03017225111 -17.4420647967 4.17456497755 4.38826360746 10.0535256324 3.08697427133 0.164678562414 -3.50797129773 -2.7211803671 -2.41481728513 
-9.78294349151 -17.7847221105 4.15050745887 5.38611662342 9.7725584552 4.19261643591 0.0538243627203 -3.17868996339 -3.40504831401 -1.2690147434 
-9.89797619065 -17.9886149152 2.03740782666 3.83716295472 6.27639622098 5.1650494145 -0.767679726046 -3.12726187837 -2.50884134852 -1.62167754697 
-5.02143377086 -16.2763045663 2.24449612161 -0.614793265465 2.22761764297 2.28335538569 -0.625041530128 -5.9043539106 -0.537471910087 -2.5100898427 
-3.73467734166 -18.2167937566 6.93354615953 -1.62831869823 -1.66366833513 -2.41021667326 -0.936376982743 -1.54322361414 5.27060996548 -1.77175988577 
1.04994014883 -18.3117465142 5.54374545371 -7.02232534437 -5.3806155256 -3.01912935398 -2.97263726401 -3.51892590349 -0.19561842912 1.70373656337 
1.84274000083 -13.1017317431 4.57629608278 -7.43328471884 -1.67084955246 -3.56999047526 -10.1944854054 -3.10966164777 1.72635460636 4.81860057926 
6.52676762207 -8.88405754665 3.25750270881 -11.379544219 6.57665955091 -0.535043592029 -8.34594905682 -2.2150621366 -0.859378699815 9.22220048442 
16.0307046521 2.09167188107 2.80569990542 -14.8218878622 12.2503454041 -5.81511600176 -10.0587506396 6.38483358912 -6.46330914881 5.76044185695 
16.9218688958 8.58024575099 4.96967736211 -7.52414280906 6.75402363975 -0.269593408347 -11.9067028787 11.2088981172 5.31026147686 4.78815524041 
14.2276855533 17.4708303892 9.38228339494 -2.43020592061 4.3819423223 5.97216767856 -9.64401473168 3.69775433541 3.43799572607 0.0234737951067 
14.3064162514 21.4718479053 15.9651429638 15.293687564 -6.77133907845 11.6992380887 -5.66485911866 -1.52021728174 -4.13663891599 6.23907268534 
16.0061213 15.5952200745 4.06427383672 4.60728912298 7.1901518991 2.821342084 -6.40418928325 4.07376389847 -1.05526356606 -0.324409502245 
18.3026955403 8.01235160158 -0.904986610521 8.25540434082 10.3221691289 -5.55765397208 -4.03312044483 -1.14991982809 -0.97959076981 6.14096657286 
19.9847041937 4.5132083198 -7.76411498696 8.08544007065 10.0763591255 -2.60640991768 0.843210740553 -7.11755305623 -0.967896726831 1.87045747695 
16.529522314 0.563865994115 -4.24570514219 10.7535089657 2.4953047259 -3.94812583323 2.47240546029 -5.97011427714 2.05142293896 1.28031978289 
14.4233137359 -0.849411594011 -8.69342265879 6.78811904547 2.65127265624 -0.262669223085 1.02086529838 -7.53374205872 0.601172915722 -2.01145961292 
13.0034321128 0.0455210956015 -9.97034915176 2.71430215212 -0.288160242739 1.99439878492 -2.08797379689 -7.42588304444 -0.878549358939 -3.41250318776 
7.55786555614 -4.21751085644 -13.4848631434 -3.73841972702 -3.66615968847 3.39289866192 -4.06851204702 -6.73875128987 -4.17938524949 -4.23650689743 
0.25622078534 -11.3903833363 -12.9236927682 -0.350461430505 -2.60463978951 5.41530613929 -4.19192266646 -4.36416222835 0.567710290356 0.239480658492 
-0.214755681255 -11.0289985511 -13.0175280499 2.14747849838 -0.619920823337 7.24361080499 -5.21212740611 -0.0462539868843 -1.36932044186 0.906974312161 
-2.5319019783 -7.76850114215 -11.568044959 -0.61385312601 -1.27722646119 5.48807935905 -3.79599763049 5.65925085527 -1.29399352541 3.82976783809 
-8.54802726079 -6.04967388143 -4.19786926173 1.71042386302 4.07073086672 5.83157737498 -0.571893294626 6.31658481068 3.6937315906 6.04534506278 
-11.5195223641 1.70279786086 -6.480970768 1.35685848992 1.75359097293 6.97445566824 -2.48674311486 6.83321784876 5.5997361191 4.34367509639 
-13.6142925164 14.8493924982 -6.60267783437 -0.603772271747 -0.659385453015 -2.98611477187 -6.21268298241 3.43417739053 6.01317732501 5.9327617728 
-16.0667197524 20.6417631895 -2.89857519557 -2.08723649984 2.72470439311 -8.78718555642 -6.43704146986 -0.883698749055 -1.72403007292 2.57449798083 
-17.3917902764 23.6000386431 1.2650840813 1.53123783656 -3.10130818351 -6.57929894294 -7.65114866586 -6.35729453983 -3.60392738463 5.1895989238 
-15.6986673905 16.5460035497 1.55239196295 0.00171264485058 1.10460103287 -7.23726354106 -5.01289846064 -5.09001690389 -4.41637372934 0.413838630277 
-13.0389597302 2.42799482303 5.43395151253 -0.411962390661 12.5911941683 -6.94238365544 -3.71965314821 -0.750454560438 -11.4004726217 -2.32716465313 
-14.3043330992 -4.70952773294 7.77364553479 2.88194325063 12.3236705259 -0.812150174663 -3.93936074051 -3.69302723032 -6.61186246367 -0.05315294068 
-15.1924733406 -14.0944396737 9.21677502427 6.06163003978 8.67055362892 -0.500890408142 -0.722755021553 -3.47048117207 -2.44153689007 -0.574399286214 
-14.7672972398 -17.8219517249 10.6897097962 8.37831337572 6.09223901348 1.33775932065 -1.63497366214 -4.6004103197 -1.73917779094 0.521108301096 
-15.3221960883 -21.2127994183 14.7303212695 5.40410823705 4.80445601111 1.75316112384 0.999676878347 -5.07890409923 1.0247524272 -0.545178440923 
-11.8470029172 -18.053235619 14.7837977433 6.86059187938 -0.840181512114 -0.0601859163182 1.95223935776 -3.44391031831 0.757298695287 0.503314500795 
-10.7014269586 -20.3046803674 17.1009436713 1.6558081399 -0.138806021338 -1.23890267073 2.74214944824 -5.06136004239 6.23588375523 -1.89683942379 
-3.86462758453 -15.344601176 10.6269001149 -3.33263837154 -0.841139486738 -1.31312436797 -0.875316203892 -6.63739318913 9.42018987362 -1.26771070915 
3.87602576626 -9.22863711463 2.4821150921 -12.2221325327 -1.73316480187 -0.164648645705 -7.35701246518 -7.33294605699 6.08226823794 -3.4426289667 
3.24474767516 -8.69773371008 4.99628630089 -12.5813255452 6.33295278853 -0.307240534557 -8.43056713732 -6.19463137952 5.79774500681 5.3618385746 
7.53659287496 -4.62799100786 -1.48495385477 -13.6473519251 2.45924166391 5.17918999084 -8.05582484335 -2.83881794516 4.82464775201 4.57968425056 
9.34071319295 4.89368438439 -2.52980983294 -16.5244235215 11.0654660876 8.01451650799 -5.47457377973 1.20097449418 7.25685318454 -0.176606241602 
13.5001278244 14.5617426815 5.09720139979 -14.1435874266 6.9105750226 7.46609451666 -7.07891425359 6.3118427299 10.6616396542 1.52780967203 
15.1056218109 18.2810441472 15.5400599807 2.31384203526 -0.837871267451 17.5690385604 -6.17617322363 -2.53736848685 6.8613371623 1.91547823093 
14.07684867 22.3411211358 10.2206288441 3.45376424616 0.197482817733 19.9773635873 -4.49313668435 -5.05432241624 11.0567052803 0.214840650942 
15.3268447148 16.1296886861 -4.42299576974 -0.964971318941 7.906889379 7.48604898824 -0.332432747911 -0.839563169555 8.94522241472 4.63559051418 
19.6229071787 9.1966849955 -7.41724588023 -0.11189154986 14.2719737055 0.784428433396 -0.389892514026 -4.99111913416 1.17839950562 7.1630313187 
16.3781170223 1.99835523255 -7.00384358995 -0.0973166771281 16.1141713833 1.8839921897 -0.373240182647 -5.83926866731 2.40887447619 5.89711607416 
13.6246699704 1.20981476782 -5.6103402528 -0.766576075817 7.6731617279 2.43712673333 1.8866646857 -7.67080488386 2.98662996328 -0.584645868452 
10.7929186179 -4.11520216738 -4.11584741834 2.56769346644 0.992828016977 2.56472815442 -4.98963972248 -0.979273606169 -2.09664074062 0.675244273986 
10.1552963685 -0.946266611903 -10.9253595998 -2.32469348398 -0.0366561149567 2.72573842121 -2.58087631633 -1.39374458778 0.156908340509 -6.9617957958 
4.27111137604 -5.27462428489 -9.9620709669 -2.03982855779 -0.121709468998 1.84343702214 -4.46195327444 1.86231791148 -2.31221304356 -1.39133658941 
-2.41348754853 -16.7194969831 -2.40494865872 8.27707119211 -5.77520980915 -0.373517134177 -3.25130351234 2.71887636863 -2.45059335202 -4.63062882461 
-2.57065522567 -16.7148634166 -8.11058247568 7.66864530679 -3.51328854189 -0.690598146772 -3.65654368641 5.78793566641 -2.50967066767 -1.45273155195 
-6.52463542276 -11.5254861138 -8.86905099629 2.50958062049 -3.83590977443 -0.998450796936 -3.82605255497 9.02092974597 -4.92468045808 -2.69252567465 
-13.9693569574 -3.76507520237 -6.51977727689 4.85084399085 1.42670922636 1.56253151413 1.90834123465 4.06339749277 0.854204282037 0.110305742165 
-13.1416775318 6.9595202879 -5.43999877547 1.38659533907 -0.228508012719 1.64162339483 -0.716028682395 4.82939710612 6.89480774002 -1.41098315985 
-13.8757795248 18.0530170476 -3.10856007787 -0.795426833038 -5.4187844639 -8.238073787 -2.77867380956 2.41508523094 9.17360430024 1.85738102011 
-19.854251958 23.4958546138 -1.24327511041 -1.7067553375 -6.72197647733 -6.48696867931 -3.08983165207 -6.37346238866 4.42677050031 5.05159336482 
-19.5202553265 29.2562548194 -2.85147631634 -2.7797580178 -2.9693970117 0.00502594383769 -5.46934475234 -12.5231566042 -1.9803997644 -0.474080331094 
-15.1852579111 21.0642339231 -7.52245105935 -8.08248279832 5.19836545586 -1.32825102628 -4.45785437486 -8.15275996106 -3.20006130955 -2.69971036588 
-11.1631554813 8.33101882045 -4.16913430852 -6.02968669144 12.1263176469 -5.68867157068 -4.42636098639 -8.01593898875 -6.44417130743 -0.997439276107 
-10.8437111657 0.0958745885495 -3.48548471138 -1.8860563461 10.3167615132 2.27728661049 -5.13030775133 -5.69976025248 -2.73559587774 -1.82347186729 
-13.576514148 -9.53466106721 3.34650305376 7.58236041281 7.3440666135 2.68912526349 -5.26476338496 -4.83373135442 0.648444970567 -1.01665817455 
-15.3948964917 -12.0604012658 4.88003061719 8.40161181474 6.5815170244 1.03152679621 -5.10116915143 -1.8913113819 5.01269746762 -1.86478712709 
-16.2086248493 -15.6966781533 5.76857632429 10.6696929659 6.02565278155 1.86995220965 -1.79099204734 -3.88564456787 6.17808493107 -3.24474339145 
-14.4023985505 -16.8188413584 9.22855532593 4.25536574353 5.54708464907 -0.919097730805 -0.995808597191 -4.16670914893 8.45079941746 0.392087881164 
-7.32366108441 -14.8039072458 8.98540388952 2.56290225637 0.797965510879 -3.6625606605 -1.15504889574 -5.92581937027 4.34651323395 -3.48547774094 
-2.51931499428 -13.8694295417 6.85921638772 -3.05945669142 -1.26970558219 -5.42644525227 0.60474426222 -5.30377416927 8.02799024988 -0.683246518483 
-1.22442601942 -15.5698231673 8.66531043068 -1.44133003092 -0.593380083148 -2.73915359592 -6.45919029029 -9.12082294052 4.19666037154 3.72464307507 
5.33859741878 -15.6956755648 9.74695531388 -5.79313769716 5.73714899248 -5.4240322499 -8.48905728054 -0.797009403597 -3.71621845832 4.06044544109 
6.60416506539 -10.1391755904 6.65897469734 -6.63661987189 7.76431430972 -6.94084069364 -10.6229357936 2.28251958711 -1.46038427877 9.63326683206 
17.3998984413 1.27077674652 5.9225777984 -5.0399221907 8.13703677212 -8.27791230603 -9.5283025619 8.16880225941 1.02633284415 -0.601997564416 
15.2978138046 10.5152588379 9.27732087376 3.12813242167 5.33002771801 -3.26749855317 -7.72213093785 8.7048370906 4.49250859713 1.19404257833 
16.159955153 15.8249748064 19.7131048044 16.8025200202 -3.64010523024 12.2952510573 -4.93333393163 0.617368109075 -3.77281431429 -0.504255076846 
16.0863919558 18.0615541038 7.63080469242 8.97226845944 -0.00638984543826 7.34010300718 -3.4119962493 -1.29106730065 -1.97248129755 -1.6396621858 
23.425554231 9.76497026325 3.70995551359 8.47873632383 9.68308238106 -7.58370846075 -2.84301172529 1.20485859652 -5.97903294341 3.34105319306 
19.218012792 6.04832294091 -5.86577018066 9.00952216754 12.3221022389 -1.55553046329 -6.74762200694 -3.20953007197 1.37797424642 5.58477891533 
15.5346217924 3.62790515461 -8.77175767607 5.88201782012 12.5806027753 -1.71803869857 -7.90667059208 -2.68671013924 3.37299141457 0.49498194867 
13.6649983364 -0.459530997049 -8.93624202287 8.19378024436 6.15798523524 -0.850472028166 -8.69055828738 -1.06678277304 2.19642193995 2.27845723023 
14.2087381437 -5.71470946822 -5.21258009973 7.9052207795 6.43870047178 -6.49511116258 -0.828655553184 -3.24070847421 -2.81558370436 4.02758295117 
7.88575806505 -8.96947098913 -7.89126224257 8.86103203636 -1.11495017065 -7.02619157781 -5.20021178432 -2.19453157075 -1.55543514544 7.23407465035 
5.03842543943 -11.3524585288 -5.04821321994 7.89221991259 -5.88550084611 -5.20410748276 -7.40066841447 -0.505443944604 -2.01599239743 1.9491008448 
0.371550121425 -17.6956984602 -2.60411893831 10.5025810915 -8.35694907713 -1.58452493345 -8.43527314958 1.22983280429 0.585162694611 0.194474699381 
-1.34922062869 -10.8453533118 -7.24488076771 5.54156232578 -4.73633521815 2.11606755528 -7.78242547309 3.7739614195 0.442597709763 -3.56852664924 
-9.36849058986 -8.10441619867 -4.62107556666 8.2940112335 -0.108547308266 2.51674141504 -2.33196119691 8.98037029824 2.9910725417 -1.77846555296 
-11.2932629233 -0.732881912167 -6.85193100858 4.22296297347 0.925552202426 -0.27184612726 -0.849021886254 11.0146107569 0.911447772221 3.43501587664 
-14.2376612384 16.042465254 -6.81086341647 4.97923341906 -4.60117173114 -1.1079799996 -6.65494302362 5.79264211464 13.7418108235 0.445269848939 
-18.2907618317 18.5109836453 -0.865424634767 3.82374124483 -7.70117344722 -4.97987445041 -3.04438562581 0.499918537096 10.2812327206 4.31740894605 
-19.5564459539 22.7227982271 1.24501386163 2.9429479208 -7.02436509056 -5.25672698095 -7.27475253058 -2.73350125224 3.59537430549 3.6560140513 
-20.706516936 16.1981518178 2.97624651597 6.41361384922 -0.49539188505 -6.09293270044 -6.15319602625 -4.48310049227 -0.298811596292 0.650799741202 
-16.5368182354 12.0869571636 -1.95339360219 1.16630901921 8.27130568263 -10.7974008835 -4.6078202901 1.6811058355 -7.13557841333 -2.2406543407 
-14.407954951 -5.8171654378 2.74229222639 7.97587326307 5.777236536 -5.94481975917 0.662240204614 -0.341867488324 -7.59744573954 -5.22102841026 
-14.4915745472 -13.3408264229 3.34068398117 10.5744020198 5.89166708567 -3.17284110113 -3.5407146526 2.03341316227 -1.76727641372 -7.83355793793 
-15.8226705428 -13.1192366261 9.90709641175 14.552842526 4.17808404299 -6.04250491382 -0.156602496258 0.777287941968 7.33069230724 -4.97210714154 
-13.8349831619 -19.3089737518 12.3897832795 13.5164093654 9.02209753302 -5.86533964873 0.434427246701 -1.1670614408 0.990159653086 -1.73229167149 
-12.6007999042 -20.596675191 11.1983687266 11.6414462872 4.06198982939 -3.28425746907 -0.705386172791 -5.23392509306 8.64570520549 -3.38052664888 
-5.32340290574 -17.5314499386 6.76113835619 4.7299669196 1.3735103985 -5.47993347128 2.01398787114 -4.442155262 10.0414803188 -5.28166371737 
-0.571212191884 -15.9376219057 3.93202907945 4.67313997362 -2.36280856487 -5.42893791083 -0.123682966128 -4.85405082186 7.74227431031 -1.55878364083 
6.32940515523 -15.0222474243 2.3511746393 0.922254235133 -10.1189233522 -7.537050046 -8.50977387533 -6.99542818712 8.0629081091 -0.75331064565 
6.92707782687 -13.0719020168 7.58802576057 -0.466870843219 -5.75287372539 -9.97471696113 -9.01418219235 -5.49014002527 4.58238777816 2.26697350445 
10.4246805897 -8.45296502518 5.41252016949 -5.20637740266 0.781572920347 -9.24390948626 -13.9237655073 2.0826862669 -3.01724780366 1.97317888935 
15.201769307 -3.50840835836 5.92500739578 -5.15951555332 2.91462101018 -8.32283499481 -8.80550297367 2.36440999762 0.843297253305 3.03596131807 
19.6446483099 5.64130843473 5.74822575514 -8.19745582962 8.81190292684 -2.71895547866 -10.1627772568 11.2682446568 5.05071623934 -0.607676678566 
18.4243960437 12.4115979101 10.746296634 4.34856857942 4.22327445704 3.61751394222 -5.28711162495 2.88807958291 4.67247567977 -3.0801283574 
16.5281903052 14.2594435077 24.5783693242 23.2843646943 -5.43391931016 11.0526766604 -7.35289237794 -1.14135962591 -5.65397015953 4.39087040067 
16.8637513594 12.1063628788 7.11100761498 11.8471263304 4.64915418821 -3.04963989366 0.806731121628 -1.63919619087 -0.162183846419 4.24083417426 
20.5540476507 5.42200154736 -0.796640207521 13.1476533213 12.3541054419 -7.52566971881 0.799532761806 -0.819368375037 -1.66148780215 7.88226822381 
18.3479456704 -0.590915368245 -7.27773762344 15.5870328454 9.08681767517 -10.4201052697 3.53244570451 -2.90537866632 0.466980987033 4.12608550127 
13.6521571524 -4.8278311816 -6.47969935442 14.7678487373 6.59866348533 -6.62070190159 -1.05133159932 -7.05434338661 0.675784340318 -2.5809064743 
14.1468050984 -4.31885416636 -8.23610682595 11.9231610643 2.636984576 -5.03172180708 0.909682125552 -3.55824722567 -0.435616911765 -3.35991413684 
8.97110667784 -6.04758726866 -4.9024218851 12.1136324594 -3.48147449845 -6.40632977576 -0.429313205516 -3.79481899738 3.74291122882 0.201323379068 
6.32117586273 -11.4225580305 -4.86630795849 9.24938306142 -4.54819499509 -2.05831564976 -4.93823057743 1.70985456507 -1.6825649732 0.367709740803 
2.75652608662 -15.1698228128 -3.06149839367 9.51606345836 -6.02693000856 1.92770772292 -7.45611002079 3.75537669418 -1.08879082748 0.876142403005 
-1.03596851905 -16.0508936373 -5.53046457013 11.1254037314 -5.97975266593 2.41426703129 -7.9673446705 4.75161247525 -1.75633737799 1.16635170751 
-6.66762384259 -12.6766440224 -5.32563410784 11.5265822971 -1.56574638863 -0.619522991102 -1.91317453788 9.6493803331 -1.81939198013 2.59643061756 
-8.66728162323 -5.93902621764 -4.30651151802 8.85605643529 2.33301179953 -1.26614155813 0.845835090679 7.62270122625 4.06528041214 0.608896146243 
-10.4508912754 1.52690358837 -6.17221895247 8.36350870686 0.361591117776 -2.8927241619 7.3610507782 4.44188459619 6.96110227507 -3.80963802635 
-15.758630575 10.4445049438 -1.18721596535 5.04666513205 -3.68400284525 -9.18938348806 6.50874293652 8.38718040297 12.4939738774 -7.98225896106 
-14.5567600753 15.3684987505 0.694628104438 1.71719218214 -1.46383928087 -11.6903288411 5.03653389925 1.87363768132 6.28384332515 -5.99814644527 
-17.3763037432 20.1857977651 1.38565535275 2.50018056842 -1.64749517794 -7.25210324683 0.190377174719 -5.70435613917 -2.81385880593 -3.04961460448 
-17.6851367418 16.7352453983 -0.966486872408 -3.733645551 4.00732803098 -6.48669744108 -0.642091506941 -5.94654744338 -4.58703301181 -3.90790375267 
-16.4210077982 11.6458922276 -1.77419270535 -5.41674634256 8.60879355995 -4.61007918397 -5.06338644771 -1.50717806337 -4.40311973279 -2.3412440218 
-15.2593624558 3.11943941857 -2.64138274837 -1.31161487944 9.41845612229 5.00576354349 -7.5241253073 -1.86745674405 -1.32913656582 -0.563781071745 
-15.1570355989 -6.68647507562 -2.06222578864 2.35704812841 8.39818283805 7.29960212636 -5.83931091028 0.156653636235 0.218235039774 -0.232807255598 
-13.3526376042 -7.80259961329 -6.40520773392 6.39756693108 2.07955515058 9.16412327148 -8.13571571512 -2.28919468141 5.62189636823 -4.77978251784 
-14.066363728 -11.714215175 -2.01934296368 2.80356264364 9.36762020629 1.65007935972 -4.12344781067 -3.89568339915 4.91547975641 0.479492401744 
-9.41133923459 -15.0958529313 4.37530304657 1.59333071563 6.99301417264 -0.965862004505 -5.07057371612 -1.66848277816 5.11566109902 -1.09323721639 
-2.59872474965 -9.76840894449 0.343498709867 -2.27520527825 2.85276943823 -3.51767949166 0.875900317194 -2.83111533128 5.70214121065 -6.41111804045 
-2.71469176981 -11.9903819475 2.56577984823 -1.96157663196 -1.48695601374 -8.86461899843 -1.30554662939 -2.94346553557 5.73611700858 -0.755080297192 
1.09940750058 -13.4538160771 4.88926099486 -1.99871896343 -4.41601171367 -11.7323244775 -1.29434220323 -5.15526932004 2.50459595499 1.77215048935 
5.550613546 -9.33168758666 5.96753289408 -4.79291546242 -2.3282320419 -9.72088510221 -4.20278012728 -3.62132250027 1.48939541203 1.61322273508 
8.10127192882 -9.53533846767 11.0167675386 -7.02908063849 3.65966296258 -14.01932514 -4.68700695389 1.7257622642 -0.590286136917 3.92023877965 
13.16976144 -1.6105726009 9.62726871287 -10.2303107464 4.54378429567 -10.2823090074 -3.47520644718 3.35760267748 -0.295869432868 -4.13428609957 
14.6555589042 5.07536639814 11.6588016006 -15.2760138392 14.5661292524 -6.88841516676 -9.94451356702 15.4292923224 4.27915074228 -3.45913891767 
19.6428313111 13.3348839412 11.4027934877 -3.68388676504 6.72140126856 3.79736396944 -7.68893672664 4.66364417359 7.49959379514 -5.88142046988 
18.1872776559 19.3459431003 11.7881358944 14.3572243396 -1.33762384433 13.0658339004 -4.05966205144 -4.76689676524 3.53023900741 -1.64364549566 
15.0495313533 19.4126058754 -0.6736530786 3.04480327458 5.6948478879 2.10203471195 0.20186780441 -3.98863221729 5.36245015677 3.72577732026 
18.4503358439 11.8143995559 -7.19446361705 3.1546591199 17.4156238579 1.04152023747 -3.16562666878 -5.6730010639 2.19200376464 3.47490391411 
19.1310291968 6.20925144598 -11.0084875235 4.91200836977 17.1534437503 -0.269958807872 -4.02239991146 -5.60029924584 2.88199025803 4.55190555008 
17.105190534 -2.36878688844 -5.53152424375 9.9390697849 11.7309575721 -10.4431448565 -1.35903149363 -1.98637879253 1.08449270122 -2.50533011125 
12.6458965831 -6.31088721818 -2.26374007592 15.1167768114 3.64218000884 -11.2826156389 1.3013290756 -7.48840508045 0.698896722171 -0.977118499822 
11.1908846859 -7.75178396882 -1.33070556117 13.9585011275 1.05138984303 -13.7991104831 0.120464858347 -3.44807813164 -0.356897403885 -1.29310257466 
8.96047639871 -10.3369748029 1.55177282438 11.4896258832 -3.42358049139 -10.3561949009 -0.788040429795 -1.02231308618 2.9832416791 -2.69206205117 
3.99631337196 -13.0071860996 5.17726764312 10.0208154161 -8.59495602306 -5.45507956368 -2.65719261581 -1.33666956967 -0.359456982827 -3.71540866397 
-0.285530020651 -15.9640082131 0.462520001587 12.7047473191 -10.114669581 -3.66943931229 -5.20019149004 0.113952770221 5.26018159948 0.270094274587 
-2.40097429541 -10.6003199751 -2.23277619455 11.6925905987 0.734340742463 -5.50798282012 -1.77916525962 6.26435912848 8.43685562913 0.948707673096 
-7.27887105168 -7.61679140115 -3.87927571454 7.56396663447 3.82559807726 -1.04663467219 3.14754111601 7.94092386644 6.41024340974 -0.0972422713648 
-11.7707285972 -4.43128986616 -3.95776386849 10.5915568012 2.86926955856 -3.97655577839 3.54551522154 2.1440886734 8.70310648069 -3.63585241037 
-15.017871845 5.21429499775 -1.24426407777 9.96604494157 0.996302083847 -8.60873673222 -2.17849991904 -0.429168599422 12.5970837699 -4.42088819786 
-12.318028144 13.679917468 -5.09939726148 3.03371865501 3.04648218505 -5.38125493451 -6.43692235723 0.664916450465 5.7794178078 -10.7175111871 
-18.5159921592 20.7250778578 -1.39255564446 3.42392548374 0.654707240701 -7.50096039367 -8.05695074218 -5.6112302831 -3.24062850441 -3.23567865164 
-16.6318653429 19.5953714808 -3.54092710367 0.423945293325 -3.33062574659 -6.45554046071 -3.21677311376 -8.47196901018 0.10879829781 -6.18391566793 
-16.4524562343 7.55606734224 -2.8469624409 2.3320902402 4.95431898901 -1.2371133405 -6.75951471971 -8.77366007229 0.497118392693 -2.08464595242 
