-14.1466017226 5.98763261574 -18.0035563328 -1.55719289071 -0.432732605968 1.01821262687 -5.79876576955 0.197900389749 -10.0491478892 -5.72010346248 
-10.3664215085 7.17234440543 -18.2967021797 -3.18967014532 -2.71936653136 1.46005751202 -4.60828821649 0.0419898068827 -7.56011551034 -2.96067364046 
-5.8867519593 8.69532542624 -19.765119996 -2.16114263443 -5.76101610205 -1.46338461435 -6.01441607679 -2.8181549153 -8.90392640719 -1.62358121842 
-3.04703908001 8.09353071334 -19.7817696058 -2.32556079293 -8.05095611941 -2.71565410054 -4.35246576718 -3.69927898637 -7.04705824447 0.393660196893 
-3.29881349618 5.84549520857 -21.6217526993 -1.48705065482 -4.13009790059 -7.53848547602 -7.08750713961 -2.11907829935 -8.88012362765 1.32925180256 
0.21234769064 7.35047054903 -21.4802777292 0.957156005089 -4.19236544747 -7.49439056755 -6.06211734791 -2.10246432532 -7.3485467468 2.23776843394 
2.03372141086 10.9231958405 -20.2802648549 2.20431799587 -3.9252457301 -6.1282125852 -3.93364331755 -4.0076906378 -8.95356265911 2.38887892572 
3.44583912674 15.128493696 -17.9451993416 -0.0810099900682 -1.92806540614 -6.00634740396 -1.77237360223 -2.24927281769 -7.11458178037 1.11235229091 
8.6007143716 22.2421399183 -16.5138431315 -1.26365106146 5.18785675934 -7.0540806508 0.467063169503 1.76810740427 -3.93721391878 2.87126077442 
11.3597485759 25.8445514939 -14.3068695305 -2.90895534521 10.8355698171 -8.59017001175 -1.49694996408 5.25953268442 -0.190972394864 4.84817363275 
12.1316648717 27.4980217727 -13.827814817 -2.17613088735 17.6532389476 -14.3789729252 -7.01738605543 8.70770515716 9.62751580667 13.6474349619 
13.7725478736 25.5238640518 -15.4931019847 -3.13343362349 11.3902530032 -11.5640871049 -2.1678592038 3.61447472757 5.98220711652 9.06197470243 
11.1600298511 17.826481151 -17.1414497252 -5.60627220656 5.2744958632 -4.72915523319 -0.6228869299 0.767650141144 5.05881611073 4.02410733106 
7.99820924227 8.21412689267 -18.4133058769 -4.06912166683 -3.19063324911 -2.19129168434 -0.117153060991 2.52327745086 3.60129624262 4.67793277609 
0.821443501942 5.77030514493 -18.1699657027 -6.25488363303 -5.97563872546 -4.0131642905 1.58291197262 2.2849216246 3.83166581498 1.57500512113 
-4.36313982278 1.80326819715 -17.6070551152 -4.75726457636 -4.94341343959 -3.89048609897 3.89529107263 1.04417181327 2.17311047557 -0.960040240085 
-7.86575270971 0.468748099805 -17.2085488586 -1.57362293921 -3.56494679828 -4.1444490027 3.76851738823 1.94055993093 1.64570235199 -1.63689624763 
-10.8491299992 -3.66206770522 -15.1492057893 -0.568274903897 -0.0810954516259 -5.60284023532 5.00392376137 2.71910476018 -3.08319987852 -2.91661963206 
-13.6936868515 -1.56919571219 -16.6249089169 -2.27762295597 -1.34692928537 -2.19920116567 3.42258966052 4.07683567967 -2.99675394211 -5.66632425194 
-18.4669380111 -0.76469486744 -13.0728418683 -4.86953285736 0.344540120323 0.0901456460469 4.84381639165 3.31981626436 -2.26508724624 -9.09106133582 
-20.984096245 -0.102475149358 -11.7876837938 -9.95339594546 2.63553108717 4.13158813755 4.3856518946 3.6665331952 -1.03457079246 -12.019205749 
-22.486861281 2.97425617342 -9.44272524875 -11.0917508457 1.62072054326 7.96021642567 5.80566024679 4.57960337445 -1.34619437138 -9.73051835169 
-23.4464832544 7.33309694588 -8.41648837899 -10.76944119 -1.76942019198 9.85321296425 4.61313471534 8.24554488693 -0.114637853381 -7.10474803729 
-23.5589043979 9.50752367028 -7.08367646502 -11.750199262 -1.10087250964 13.1796942148 2.51045373404 7.56040185189 2.86650368654 -5.82911580747 
-18.4972866993 14.7591830144 -8.18600495063 -9.84896710708 -1.17687023545 12.4296957764 -0.891954962663 8.74293701473 2.01578035784 -5.11996348193 
-18.7997180131 18.1771662139 -3.89063398418 -5.37176647763 -3.64861378694 12.3636134971 -0.310472306439 11.7697842567 2.01386037323 -0.569612611797 
-18.5873219667 19.2599548982 1.68069792685 0.0784600818848 -4.05448200824 13.3216458689 0.142417417512 11.7200658912 2.15037475703 5.32555817425 
-20.4883964621 16.8308107063 2.05139725979 2.07020355635 -4.24881120769 14.6590566847 3.84819039302 12.5266472623 -2.08620526182 6.36862501746 
-23.6676351393 11.5530364192 -0.952023161954 -3.10382905321 -5.64092579586 15.9858757576 5.75937340522 11.742077711 0.169426392866 4.07319054124 
-24.2665104874 6.4729301326 -5.05541111348 -6.39299532949 -4.86940283404 14.6960211055 4.53959430004 11.1989587946 0.994235772834 -1.73045971776 
-24.3213888219 3.48002109769 -7.75465983023 -7.25432308326 -4.10295259175 12.8088383051 4.36251099277 11.4028391685 -1.45463327512 -4.11220276648 
-26.3084532146 -0.528499704154 -7.95027656658 -9.41370342097 -0.37602857557 9.5698415859 3.30588690274 9.36812295026 -1.23605619125 -6.31175008723 
-25.1174846689 -0.682689840654 -8.05668063271 -1.70282978348 1.16106684567 5.98347975155 3.28643347954 11.0849961871 -1.60246417521 -5.91394593483 
-23.7458230714 -1.90542446494 -8.18452947274 3.23001446361 4.58552022354 0.827899550783 5.42421575525 8.67514092376 -2.47623594826 -4.43721825851 
-23.248133053 -5.91752289958 -9.48113691953 5.80811263283 6.68134750544 0.292620728695 4.45098313505 10.5562589449 -2.87353344661 -3.79353436405 
-20.8419667043 -2.87509299643 -9.0854356707 5.93283959082 6.93376656625 0.665440764562 5.58114127214 9.16743117665 -5.38365311373 -2.04116893891 
-18.0068060812 -2.0808059534 -11.0241485906 9.45170940299 6.19913344001 -0.874427850923 6.50309832977 10.0377302385 -6.66603237445 2.97877549672 
-13.2318740783 0.320035391394 -13.6756663216 8.54158054004 3.07359492245 -4.72947171703 3.84128313153 8.6826236669 -6.47541498728 5.27277846277 
-10.2783939598 5.34135506006 -15.5936093729 4.18784714119 -0.208766365868 -8.78122936296 1.73313768926 5.19288967003 -4.35060977082 3.34933226731 
-6.72804112137 7.10407250551 -14.579894275 6.29729425074 -4.65641599349 -10.1834861463 1.44294262929 3.59519905226 -2.24894777747 4.07480544339 
-4.48748581723 9.42574321564 -16.802234167 2.88258701221 -7.43552001737 -8.75121568195 4.43623251826 -0.633584263624 -3.95363866833 6.51305128931 
-1.87047012154 11.5854662326 -17.0195509931 2.84079505848 -3.49892271723 -12.9050386811 4.99644217256 1.38330478135 -4.32414208614 6.85962095979 
0.538217468664 18.3119500785 -13.1331269421 4.99594664067 -2.92679246237 -12.2487567045 7.5368363278 -0.253912940305 -2.26360945203 8.17515276288 
2.38295543566 22.8891610789 -10.2814578173 2.3051119953 4.60222152314 -10.3295177408 2.23766088383 2.60307424014 2.80556736533 8.75870116205 
3.00056043216 24.6232456795 -9.51942525844 4.10125846701 9.26743026867 -12.266709825 -1.55830008696 4.56970667028 7.77446821858 9.34975177713 
2.35529562388 21.8319607601 -12.506270915 -0.11410119347 3.0494637933 -8.61908926772 2.31672098532 0.286097978086 3.69580006037 3.94318656474 
0.522349727713 17.6085408283 -14.4307254953 -4.20088360034 -1.15211001168 -4.67094898246 5.3682188434 1.22707937897 4.32180204024 4.41979370688 
-2.45826635312 10.583011212 -16.256485214 -4.67898206636 -6.53233512874 -5.9584602475 5.58591643472 0.979859411878 2.37981294829 3.72563372344 
-5.79539515026 5.38436222677 -15.825763597 -6.05005146108 -4.73106251999 -6.99546986621 6.75775769208 2.27164765599 3.14357260058 1.62969297867 
-6.04035347726 1.85132492164 -18.001349075 -7.62533831273 -5.86073125947 -8.5954369914 3.28514866149 4.77419726711 4.94262818673 -0.74834133304 
-10.3110360331 -1.48330163222 -18.5705799711 -6.22058919799 -4.0869550096 -7.2391362685 4.57542753895 3.86284686032 3.38346663236 -3.98245864389 
-14.3112872134 -1.40731190777 -18.1789865856 -5.46733498302 -3.17135958086 -5.64833186484 4.91201109462 2.56203758594 0.258306942143 -7.29030192854 
-17.5788472666 -2.48137466734 -17.4764867054 -1.66816005958 -2.21534796388 -5.3041639568 4.92681462658 0.255979596626 -0.8222948902 -8.43180022609 
-19.5466764797 -0.92976189144 -14.9914194488 -2.29073159912 -0.419517414475 -1.65221465397 6.36401961251 -1.01824172751 -0.924369381742 -7.35389147551 
-23.6987399521 -0.448678672032 -10.4352023537 0.374790837587 -0.255228643079 3.89772017022 9.04411410197 -2.42258596765 0.74267742368 -7.42220307936 
-28.0259481709 -3.73391965969 -4.71858679989 3.99529146543 4.88858428548 4.84334361531 10.530042536 -2.46142630553 -0.251552580278 -5.83078660513 
-27.7878887482 -0.216612963599 -2.31140387918 3.85961300278 2.88657144107 7.88526209179 9.43272840207 -1.29797852994 1.19126162801 -3.48506804941 
-28.2111911071 1.65131754481 -2.52885733772 3.66129492759 3.14718040507 9.88277638824 9.79372047733 2.91017165877 3.08337451085 -1.89240210995 
-27.5470619594 7.35175255539 -0.700121989023 -0.2525940524 0.778248843504 11.1817489167 5.40627860486 0.933305025293 5.27740328869 -2.84621562003 
-25.0636691861 12.4361905628 1.59129041675 0.407672995772 -2.59634233454 12.8276294061 1.84572754299 1.10794811684 4.38415580054 0.760056023552 
-22.678439085 15.9312056188 1.72607927699 0.983235676016 -7.0689077667 11.3815091827 -2.31663375647 2.7274745735 2.54833494837 -0.0389541737149 
-22.6480254885 19.119107322 1.90468329906 -0.651479295943 -8.89856581842 9.87935806611 -6.45437144358 4.70955411862 2.21581845738 -1.54129607934 
-20.1687747546 21.1147006329 2.98802322512 4.14965324775 -11.5217673241 9.61484526666 -8.5640472431 4.01384778842 0.29888044585 -1.06070305733 
-21.4157230077 16.5506297322 3.18649933139 8.32976055199 -11.639839034 8.75101864414 -5.99758267628 5.434521834 -1.50999315615 -2.23047026866 
-19.8915655401 15.3658521467 4.3548082646 9.50256102335 -10.1965512476 6.74040832781 -5.87774899311 8.53058791631 -2.05938561344 -2.91167315837 
-18.226686272 12.2208310661 5.41810670257 13.2691735552 -8.16408896118 3.4547330301 -7.67003436642 8.13890978786 -3.76032658066 0.211562391749 
-19.9772266187 11.3237649106 4.25413420092 11.0607660758 -2.73201830355 3.48622750398 -7.39341228605 9.16232207479 -2.09915501294 -1.9156003362 
-21.3819469758 6.02226109733 1.71566056999 9.42632728848 -2.04739763991 3.34267810161 -4.78971547685 3.86624674185 0.491730370002 -6.04140192552 
-23.8676742632 -0.397939359007 4.00913435759 8.09203337932 4.68102218339 3.37451237283 -3.91210515418 2.74973700406 0.765833066815 -4.73172871029 
-23.0501390019 -0.389465439493 2.56060481019 9.84442025727 2.96865599441 3.64666109969 -3.29658055628 1.8240547014 1.15364264504 -4.34840068464 
-19.5981330253 -3.02579097043 -1.11705375347 4.19188276357 5.74219416057 3.59573058022 -4.30758267639 6.28982614503 -3.63865987518 -0.651681755499 
-19.8620975575 -11.1263762364 -3.62290780001 7.84190776852 11.2890088757 1.88298156729 -8.22908204331 8.18491820147 -3.56824209277 -0.391651029146 
-16.4896496501 -15.0027193543 -7.09659193764 12.2364664378 13.8501306191 -1.85926842327 -6.7667098864 6.72574398078 -5.47715782435 -0.37562261157 
-8.47246436365 -15.3021227999 -8.84143948888 12.655737589 12.2863034147 -3.06189975497 -7.43924034053 6.02117059245 -5.27354675085 0.170236595627 
-7.75878485948 -14.2121943314 -9.33335719518 11.4342066614 8.80497909457 0.650041981082 -5.34508597148 4.16165004718 -3.49820573028 1.33643525646 
-2.23163671377 -13.3935683209 -11.7363320509 10.6936319374 6.21510411927 -1.86620889998 -7.61082131878 3.48359311155 -3.34238289923 0.809074609095 
4.31971401717 -7.19666015882 -13.6780793239 8.9073356342 1.93299124562 -4.78681414267 -5.08283877245 -0.787685669827 -1.05615042222 0.777784749484 
8.56628769247 -1.90181785103 -11.9273322485 9.09142653936 1.22378652848 -4.64558441833 -4.29943267308 0.261258968862 -0.0838826191781 2.62088330611 
15.2529947534 4.3179997379 -10.6929478546 4.31830490292 2.52444248434 -3.87136580749 -2.85161982818 0.773121668364 2.68323179443 4.55700553665 
14.9395876128 12.3729750807 -9.86808787634 0.230810208298 5.14499701281 -1.80509216955 -2.35303372684 -3.02386739753 5.18375462252 0.972766997658 
11.2105560613 15.3457958215 -7.84759951549 0.430767456806 3.57778910061 -1.93755540433 -0.992410194092 -3.62076438186 5.21623236157 -2.02892015826 
13.0915742616 19.520822027 -4.76612282092 5.923527137 8.70567393439 -2.91995621011 -3.01094291561 -3.54334480464 6.24567546484 4.65102464611 
15.3506384999 16.085563764 -5.53787504701 2.15480068307 7.05638863945 -1.04098534816 -1.0705182864 -3.52499173517 4.27438551027 1.20980748583 
19.1322033537 9.21156356174 -8.64480837762 -0.616077294986 2.71528310085 3.07791298647 -0.37589067325 -4.39631948017 5.60617670776 -0.820835034726 
14.3224495709 4.00528915384 -9.07161068928 -0.485936536745 -2.30236907538 2.54416286461 2.11520297054 -2.81974176371 5.41562311515 2.28844582376 
10.1011427693 -2.60176284216 -10.5705117064 -3.1104516104 -5.05292610365 3.55786617507 0.871806437401 -2.65328594272 7.93423159215 2.32305628623 
6.84337350661 -6.4351380068 -11.8960725064 -4.99141380096 -4.23873060782 1.17311420059 -0.319182700741 -2.67649092406 8.30112183863 2.67702056787 
5.24656372424 -9.8955107869 -12.9682219371 -1.46310915522 -6.33770155758 0.274431188415 -0.67978799959 0.419203633734 8.87071830826 2.42650569839 
1.59499365585 -10.4274100443 -12.634356262 -0.54265205461 -2.41377937872 -2.2642016785 2.26794690681 1.27226253536 7.41035123873 1.7182933458 
-5.78308650941 -10.9182451132 -11.6647938035 0.886060825959 2.27268316692 -3.75712534488 2.66179199898 1.50065027122 4.66686953247 1.97461390528 
-12.6309881949 -9.73161640215 -9.35698367253 3.702512663 3.119167265 -2.09963131341 5.04597965663 -2.49779661237 3.59377579139 0.994380928835 
-17.5007647912 -8.44555910046 -7.46089530933 6.80169315648 6.90231498026 -1.73906435719 6.98079434678 -4.61183084879 2.11264555695 -0.248104831355 
-19.8805780809 -7.15281869544 -5.29154805037 5.83832562115 7.22825187574 -0.408023421791 3.83880072246 -6.12916856009 0.60460920548 -2.48362963252 
-19.2630003683 -0.595070500636 -5.56846961042 -2.01570022628 1.32996615686 2.45292162174 3.65394042741 -7.31595678589 0.389028327357 -1.48929339737 
-18.5785510781 2.05674331877 -3.18568534791 -1.02178659381 -1.93860032807 1.15380589212 6.28892277651 -5.80350661039 3.09359431009 -0.43240379146 
-19.1803579772 7.64935639837 0.122600443289 5.12726897742 -3.03751186803 2.33142041175 4.37594884433 -5.19305236919 2.02174167716 1.10044724236 
-19.8576866515 8.58468667967 3.21672885943 9.60326771854 -0.613003339672 4.75051965781 7.80547602569 -6.6539830319 0.798277108544 5.27897394513 
-20.0837647699 11.6704051583 7.03200499391 13.0758315367 -0.869249640047 5.54935988254 10.5582245103 -7.4602225543 1.33179481891 8.8361843366 
-20.310807907 14.2642566491 12.1256742944 19.2121825364 1.79437897749 5.33670307375 6.37680039026 -2.73977433402 3.13925000204 11.7922434162 
-20.6592822648 11.5249762803 9.1356766908 18.7727423736 2.38075096569 7.49735792191 6.18448223639 -1.63246209613 -0.858313153186 8.69394221438 
-21.8358100929 7.984881533 6.87615750447 17.7787301055 2.81386534876 7.30270325191 5.68777594836 -2.68224143831 -1.37614903196 5.35699771681 
-23.3575341639 3.90444904656 6.43262594339 17.1386765518 0.174697490019 8.23470627601 8.63430301606 -6.83282879325 2.2028061733 3.935222717 
-24.2547584098 -2.0963614934 5.98857019515 16.8879072667 3.35753373659 6.1822245888 7.87504520844 -8.75512161207 1.19864439105 2.87930087165 
-24.6660271307 -5.3654069226 4.48501276989 16.2744629852 5.90705338385 5.22897426296 9.12029956656 -5.79600249661 1.64283116721 2.96448074494 
-21.8233386848 -6.37655316956 1.95781388306 8.0592993781 5.71064503026 4.8474007188 4.13000196996 -6.31100231707 3.55432883336 2.02816135422 
-17.2047992726 -7.33090199521 -1.22553323914 7.05070788731 5.56965227401 2.40304760419 -1.12869005117 -5.37070294223 2.58460941387 -0.273946961859 
-16.3779789807 -11.4766724596 -3.77271831104 6.2799839784 7.85889779297 3.28124798969 -3.00602668194 -4.70096302524 0.915713104178 -0.265233865455 
-13.8301490562 -15.1096628779 -5.0416483338 6.52859418774 9.85465041421 3.33645318867 -3.63204283796 -4.39167988068 -0.977492363019 0.124855174698 
-8.32595000986 -13.5431934413 -3.23254007016 7.04111338064 6.06395344963 5.46566005914 -1.39861878011 -5.84382021463 0.235889058392 2.34538676294 
-1.68272827403 -17.184297899 -4.36804226967 12.8087651029 6.12899659928 3.47091854636 -0.647446659799 -3.2031553484 -1.61568999825 2.76762839188 
1.07000160309 -14.3448706731 -2.8003642729 18.0611835687 2.48623601158 3.18534863289 3.75894693019 -6.61205703565 -2.78615477979 4.47361476103 
9.11470169155 -10.4609874672 -4.0476132473 17.9268812242 0.204181141935 3.7895167663 2.88368715203 -7.79462272322 -0.557955388446 3.68833091003 
9.2392310922 -6.14333544715 -4.68549099668 19.4295485302 -2.76312994457 0.427723455157 6.24886733832 -6.92924834322 -1.11582416226 5.46628626189 
10.4265428026 1.83571838228 -0.92271875505 15.4674819674 -4.4684311784 0.0521895509164 9.02094990222 -8.8045346045 -0.657275842864 3.82758584561 
14.7984845567 9.44601228013 -1.97368889029 11.2080546526 -1.57609700315 -0.34519295084 8.46841194783 -9.1435375474 -1.55910682135 0.530577420773 
18.8208259377 12.7017587039 -1.59816567378 6.62141985459 6.37153902042 -0.128817691488 5.39321120539 -7.88364448066 1.45111703121 -1.97731948641 
25.0416640147 11.2640877594 -0.0409596264846 7.1736087662 15.854512885 -2.64476025027 -2.19159196302 -4.4437408297 6.56432025472 0.34231636392 
20.9142444588 15.1159217283 -0.897578850325 1.32934870173 9.47124525653 -1.01861352998 -3.73880953277 -5.14086820108 7.98643355011 0.0637033388142 
23.4861316587 11.7848272726 -3.16116800846 0.724859853428 6.54206075369 2.16380558476 -1.61163245186 -6.28313816563 4.14951992663 -1.36758093642 
22.7687043184 6.50604377071 -7.41565082629 -0.77723781097 -0.741399483335 3.41179794965 -0.641851529652 -5.72670184525 3.65471999029 1.37019889194 
19.0748204379 -3.84655047178 -7.8437491388 2.31032502967 -4.53869401847 2.04899546547 -2.42574760166 -5.06682324626 4.65483784357 6.08682191835 
12.1310252353 -5.66139062658 -8.68262246582 2.03734509379 -6.01454153621 1.39470164896 0.636339419653 -5.00081551199 7.0711629228 4.48979678991 
7.3265463657 -8.72162068327 -9.00881447759 2.73213425049 -4.80782657006 0.566359804745 -0.665046404901 -4.85904176663 7.20076066566 3.69366937027 
3.62818968909 -9.25894604239 -10.400810189 3.56302712102 -5.83786087399 -1.7433223345 -1.14859533919 -5.62779183944 7.68979020677 2.89338045143 
-1.82083754818 -11.4873741398 -8.35518828992 6.49067273306 -2.87975480784 -0.163405212428 0.194292527381 -6.44974697704 6.61573911531 2.7084144263 
-6.97139010751 -10.2377006372 -7.58514903083 9.0927388446 -2.57500838366 -2.56261830229 2.59883010337 -8.01721896223 7.15349615016 -0.509865873976 
-15.5273657866 -6.79810512303 -5.51512754448 11.3504477038 -3.34062566502 -1.95675444058 6.37130866989 -9.61237489499 6.44311186654 -2.03271408373 
-19.1357513907 -5.18126778934 -3.64251719353 4.84827434612 1.16747912958 1.30701177117 4.54098618576 -11.7331732729 6.50300264649 -2.79588294484 
-22.285573555 -5.2874259 -4.26185550483 -0.0826781073822 2.75433495671 2.10331125658 2.71886126954 -12.3950581772 4.22955115504 -4.15506207469 
-19.1926200914 -1.12313817866 -4.55251481763 -4.82109774849 0.121150820983 2.62433846377 -2.28637120253 -11.2075780556 5.11910093856 -6.18622932869 
-18.1798413969 2.1718012917 -2.56533204609 -8.42778537505 -1.11544320391 5.26587270181 -2.22745098525 -9.97636402131 5.51763921186 -2.52899249553 
-17.2003213444 7.33341751034 -1.36768939115 -10.103409493 -1.35292921143 6.80566249714 -5.53968593104 -10.6841945631 5.55756841473 -0.896373575107 
-14.3886731987 11.824023974 -1.27309716485 -7.47901801572 -0.104800341644 7.18494549165 -4.79637441235 -13.3899583932 2.833675828 4.24192331724 
-12.1258501688 16.6442647475 3.80768301113 -3.21520812528 2.03746709196 7.79089154594 -8.17410045111 -11.1361538896 0.908692323112 10.811270008 
-13.6547614147 14.8512867762 1.60882867121 -5.84734635178 -1.68196931289 9.00685865926 -10.6131974107 -11.8059911951 -2.33236946151 6.94441718109 
-13.0145913773 11.6697861847 -2.11165811142 -8.56309421671 -2.50545971005 9.32672375235 -12.8139170092 -11.5740864481 -7.64414245345 4.49352837295 
-14.0027992249 7.58689209771 -4.45553661649 -6.05074409257 -2.81494800242 6.30521438127 -10.9105931907 -15.4173874668 -11.0868715356 1.51178255215 
-15.3387509289 2.78034780822 -4.49696530506 -5.65824746203 0.369739056492 5.75065224551 -9.52417739518 -10.9380701672 -10.222494979 1.37981481101 
-13.7806041167 -1.67052562164 -5.53412623383 -3.20541008854 2.31710417639 4.51196023028 -11.7983694087 -6.8644445702 -13.8017093244 1.18499484791 
-14.1615503812 -3.62122570331 -7.45999970108 -4.05789446363 2.80591393295 4.78564624026 -12.3013218753 -7.22982061917 -13.1621445938 0.224072843798 
-14.9628482453 -6.80243061965 -5.27935600186 -1.61357923769 4.9340174705 1.60308571782 -11.2772200963 -9.50441924859 -12.0107107402 -1.14897409408 
-10.2646741744 -5.27612513337 -11.1364788701 -6.12758214392 2.92646205103 2.27937451551 -11.0034808667 -7.80177234322 -10.92486332 -1.59684992193 
-5.00651044452 -6.7068076215 -11.1982141776 -5.15076810918 1.39195731121 0.948748270639 -11.3466611974 -7.27782542695 -10.9669602417 -1.76481666207 
0.660185571847 -5.5855048648 -10.3404649841 -6.11818466647 -0.265775387237 -0.315568031958 -10.0753382051 -2.98714768351 -8.06072292699 0.500950247811 
7.21974492218 -7.19283991234 -11.0992667329 -7.92697198295 -5.083248327 -0.215827422003 -10.9029219216 -1.86627515537 -5.50872193709 0.372724408985 
12.4078079263 -6.00403021347 -9.10350145723 -4.11281603598 -9.12834373382 2.04779430318 -7.77395072517 -4.11470160454 -5.19683836419 2.46616971706 
16.2251918905 -7.58435036868 -6.00297652874 0.585334695003 -6.7115687485 3.70523025406 -5.91820404531 0.680578056742 -2.09503327665 2.07770099652 
17.2693004964 -6.55160602482 -0.116040687955 5.64381413897 -4.70044380285 2.97376945063 1.79130225516 2.82001437677 -1.15788379572 1.78367716871 
21.3226430305 -3.25880661242 6.21717750163 5.49474900562 -4.10709491673 4.4686895065 3.65463719878 4.08989123119 -3.40061958494 2.09167040081 
24.0482491553 1.93528244968 5.25463224809 6.10327941676 -1.6643972541 3.21925474517 2.53899431915 1.1944092255 -4.11576519116 0.337900583023 
22.3095905611 9.17956139605 6.43130834544 2.78085354832 1.48279268816 -0.602178986613 3.13852789834 3.40484716598 -3.16352541007 -2.16648725495 
27.1711466442 9.40874959953 7.23900210052 5.76360142623 6.23642460545 -3.18749247679 0.837156769234 5.95827298143 -4.62298912856 -3.23874932969 
31.3465884427 9.8526971991 9.01771629934 7.4406864832 13.1483388881 -4.68937584887 -4.10862178694 7.58466861113 -0.0662416400406 -0.400037595962 
30.3661951195 6.66501394807 8.08870323854 4.46147860245 5.49386825528 1.2648786701 1.54013930038 1.982313992 -6.02010559714 -5.51718178543 
29.6755856469 3.12814120394 7.11152089492 2.05471069329 0.36067994735 2.46822385527 3.29318169802 -0.721441409514 -8.15383682734 -1.51532558961 
25.4774964668 0.504889923273 6.75215998853 0.133732197738 -3.77643287985 1.2173405142 3.71385533679 0.983868938527 -6.40446306773 1.54236821422 
18.3881263934 -3.01567936723 5.25881402904 -2.68151055701 -10.1167187825 3.40724032079 5.28484670637 -1.46354973269 -3.12908987521 1.18890524424 
13.5451978807 -5.34879995484 2.0629799781 -3.79639066968 -9.78515402717 0.790716250706 2.00092726337 -2.32052814849 -2.12510608989 1.30085633839 
11.8290843143 -9.42973360317 1.74774654188 -0.53376966082 -7.96235183841 -0.507298906559 0.72009864069 -0.646319505156 -0.490759633854 1.74205243336 
11.897095895 -14.1528941434 2.979149359 1.00097636231 -6.52781033986 -1.11276372057 1.14544161355 -0.659209510445 0.151027100981 1.94787660501 
8.4430411162 -10.1757635361 1.35677335461 -5.53260129284 -6.82088018737 -1.23390023744 1.00747421108 -2.18264092156 2.84731691081 -0.959780395535 
5.99261352321 -6.99587465671 4.09137682674 -10.4958578183 -6.36983396133 -5.46321531944 0.96491997819 -5.08426328168 0.405915906815 -3.00276580869 
-2.61814668481 -8.9450863706 6.23901247049 -10.0312241484 -3.89989888645 -7.73110003246 1.85161562791 -4.33381818514 -0.976028781092 -2.72477360479 
-7.54890026165 -10.5221292596 5.49203967403 -11.73364416 1.22713606774 -5.15937866854 4.44553749952 -5.11807562086 -2.45884077342 -1.24703493029 
-10.6022345583 -8.82330566529 6.2253113561 -10.8779684726 3.50670002374 -5.98256057581 3.8990121325 -5.816656618 -2.50676882731 -0.53958269636 
-10.7795403894 -4.52979529954 12.0221011528 -9.90238623324 3.93640780511 -5.9144647287 2.35350896883 -3.58706900973 -4.52404399339 2.27398874414 
-12.3591774525 0.752420394003 14.8033622983 -10.6848436253 4.16622027605 -4.74777615528 1.65358788817 -3.02644320214 -2.61166765829 1.30069378513 
-11.3593878013 9.41827191294 15.7677471515 -16.1756544672 0.387624014802 -2.667875861 1.13753891648 -3.5105940741 -2.02203718525 2.52674144774 
-8.7668523061 13.0669189962 16.1219705078 -11.8708767278 -0.62564819461 -3.65988393579 -1.17458780137 -3.07382287329 -0.381409469444 3.91162473285 
-8.44214704959 15.1279074064 17.8690496194 -10.2276836243 1.56007251855 -4.74929791181 -2.70411083035 -1.74180162514 -0.396558087408 7.91260023552 
-8.44134158965 11.9357788314 16.0866110556 -8.70372225637 0.755943228515 -3.31644855697 -0.753376733383 -3.66784120494 -6.70050450652 5.55027868598 
-11.9864283125 6.81410082961 14.1921175901 -7.46220130691 1.28493153354 -2.14151319895 1.28138365607 -4.35605236277 -3.15526029814 2.51040521298 
-12.730036458 0.534510119003 10.5869497123 -8.89664095552 1.3697719292 -1.49581282678 0.0784546349145 -3.08737154502 -1.4007631174 -0.754585074194 
-11.3780361202 -5.266990559 10.1179732256 -8.50752238958 2.63237696553 -3.1879396279 -4.29863817295 -2.83950568952 -0.963795259324 -3.69994085388 
-11.9587666386 -8.3087170756 8.55469284166 -7.80565809431 4.78115394163 -2.71875921555 -4.40794368913 -1.88960768037 2.59916615386 -5.27762850782 
-8.51339961341 -9.68949975794 4.16488931751 -5.90650710101 2.88125927589 -1.46902176174 -4.62849768763 -3.66694528 4.5659015145 -5.01185454599 
-5.31899937772 -11.3793489864 2.08757925373 -6.25745120206 1.94861630773 -2.44587824027 -5.55399326146 -4.02107047751 6.05822528368 -5.68552539213 
-2.85486006345 -17.3125070431 3.00699029327 -2.54350328494 4.05662740157 -2.15629431371 -2.73520945355 -4.52394572053 3.39338716737 -4.60451086044 
0.632779861884 -15.5322532007 2.29076253142 -1.98919751739 -0.574577934802 -2.15080545594 -2.92243692054 -1.37347775479 1.90662748336 -3.51285287402 
6.76992015464 -14.4049064669 1.11908591933 -4.42470045044 -5.67609016206 -3.24705836751 -0.831911857816 0.964898452449 -0.430489523649 -0.532546880879 
12.6986327379 -11.1307100633 -0.271741816773 -3.19604465219 -9.12990547117 -0.151032847901 0.12767640222 -0.627577237292 -0.0658554620845 0.545994689997 
19.4737568286 -9.34947096812 0.856100237089 0.825914612199 -8.30869938817 2.37389975706 -0.047993068471 -0.846124468087 -2.06340180303 0.965897633704 
20.8434454154 -4.60660498794 4.2789731676 -1.82087327048 -8.39132510905 1.75361107733 2.81833873662 -1.09148434089 -1.57315555336 2.54052436294 
21.0622655439 1.57299567833 6.6499164427 -1.31116426834 -7.19765082095 1.53086767468 4.88760560675 -2.75682328714 -4.78841278556 1.09442709741 
27.0530180286 4.34883755656 4.88696434514 -0.705015794009 -4.61949563454 4.55880629146 7.66494451226 -2.54084482754 -4.44431432824 -1.36841164021 
27.2979748592 8.85068543259 5.15768690819 -3.69268534297 -1.19158750847 2.67270231902 5.5798695779 -0.538871104922 -3.91336045105 -2.7595238646 
26.4953046677 15.265658512 1.92187273368 -5.25877336014 3.44132299927 2.77433355807 5.65500329967 -0.0451284465908 -1.94911864026 -6.75332598479 
29.8119969989 15.0491868066 2.47561987227 -1.87063701587 13.6297848161 -1.10270050182 0.150542497711 3.88768707211 4.62672427822 -5.29714494871 
32.4336996323 11.6233593495 3.05884349138 -0.84497827171 8.81459833506 6.14916547674 -0.698884900592 0.467738051368 1.56570851599 -6.26594218842 
31.0294010067 9.56199997304 0.691061815065 -0.918863849871 8.09093791617 4.91506407239 -0.69261699711 2.43202518142 -0.383270821841 -4.68607453896 
27.5073355857 5.5809594815 0.267972427856 -2.77705484841 1.92970669824 4.09113157207 -1.05732897413 1.45150633709 -0.129003242772 -1.72267316592 
19.74136838 -1.14594035572 -0.318573133761 -3.2342992555 -4.13748696707 2.38444423067 -0.949675929609 1.53880704432 -0.76928145883 1.93039605398 
15.6923483323 -3.91935412628 0.0404421192255 -5.18371603318 -6.22113322716 0.447699143866 -1.9011444831 0.450535106816 2.91025892163 0.211292476781 
13.542939588 -7.75696276904 -0.528976888415 -7.38009409809 -7.6351147109 2.8915831712 -2.74034318655 2.32593636461 7.73774340237 -0.306505673521 
10.7374350024 -10.6262939691 0.0522051539875 -4.20473551302 -7.62734412351 1.48508392949 -2.79023582415 2.43492765657 7.99769848921 -0.759215848276 
2.96387147869 -12.8537786838 -0.0985515113234 -3.50349543767 -5.95165467568 -2.50714958946 -0.704824095725 -1.44879325932 8.07676822861 -2.57948076051 
-1.85877541267 -15.0063396662 -0.012782293585 -6.01582240011 -4.59355017808 -2.75835174786 -0.00730432559925 -0.852135368475 8.28325630581 -4.15674087813 
-3.29034659083 -11.7336042013 -1.57355004558 -4.80225127444 -3.26384186552 -5.42634978012 -0.364507417178 -2.81542569159 6.54328705064 -5.46601909519 
-5.21421301055 -10.6487364044 -0.879770910722 -11.3351300697 -1.37214168651 -3.08580987457 -1.8089996885 -4.34107230996 7.423951131 -5.23991797851 
-10.0358166188 -8.055101464 1.65337954528 -13.0315907125 0.81977587627 -2.14286027193 -0.112037971389 -5.21972971481 5.29860010028 -3.11346566734 
-11.0089862796 -5.5825210996 4.74079402607 -9.94643384236 2.02412522371 -1.17169234794 -0.413912988313 -4.71168034508 5.58344133162 -3.0661602702 
-9.84450796419 1.97344391182 8.49133814772 -12.9839510101 2.10599902519 0.100099857602 -2.51538228779 -1.64861352669 5.95984211655 -0.819600141846 
-9.24946050428 7.77281615504 12.1182544812 -15.6901308407 2.0960692636 -2.01291543006 -4.53099296828 -1.50965235118 4.13973136629 0.554278109041 
-8.08543097892 11.9542234044 11.1216722778 -14.1518025366 1.27713685204 -0.844519811401 -4.61914602418 -2.39404807832 5.04844278158 1.51220956304 
-7.46412962447 16.449040229 13.7673466713 -10.1631146283 4.16576847167 -0.0174854836734 -4.71504555749 -5.16581798986 7.88988828609 6.69519028256 
-8.32865209885 12.3609984794 12.5781364217 -12.6437923909 0.268014908017 1.48340503312 -3.28500569452 -3.42525517173 -0.988780314294 5.3634958208 
-9.9046466649 7.49856875529 13.7335402376 -7.63170966264 -0.324375721173 -2.69442565106 3.41691414265 -0.650207548557 -5.72514161767 6.43961382026 
-9.65621664025 0.765792665727 10.752943456 -7.70781941703 -0.0594894085591 -2.81399595993 5.10587469568 0.820520291109 -5.46540377327 6.17348246363 
-9.28450746347 -5.15515998912 9.33851862115 -2.61022200491 0.378619131716 -1.65508782466 4.10687641123 -0.825273185113 -2.95862574991 2.63510725108 
-7.50449160901 -5.99123243445 10.538973836 -5.62591371783 1.64865743864 -5.98235692922 4.19327423081 0.158381987474 -6.66634056792 3.48194555267 
-7.09029089219 -5.1399234577 8.44690182794 -4.96315720596 1.55186252808 -5.18407049996 4.82187001534 -1.03229098899 -4.76938496274 0.956715075803 
-5.56467589484 -9.60332228083 5.70339617027 -4.71456538653 3.57833766061 -6.98798948915 3.17498314418 -2.4505570727 -3.523861244 -1.66470835464 
0.91960529323 -10.4204186461 2.3041784709 -5.54864451537 -0.790290742251 -6.41345744372 0.887871722767 -2.6061977928 -6.37358174393 -3.25783109696 
6.72711524681 -10.4394388174 0.700135061505 -2.24609550219 -0.880096642025 -4.15220303539 2.82394099554 -0.591339536384 -6.87113756621 -1.47144907149 
9.27507768892 -11.9904010794 0.350123701568 1.2689916658 -2.78474187727 -1.98312178042 3.21903749606 0.514347104636 -3.98109545231 -0.812587792352 
19.6901434591 -10.171077402 3.81751171615 1.17218581312 -5.96480036937 -1.70116981644 2.80487898076 -0.731576330134 -5.32390408408 0.551325978004 
24.2921484317 -10.0662044574 4.82582970003 3.84760670061 -7.16620948243 -1.24862976739 2.30027218065 1.91117055709 -8.06005554476 4.13569887404 
19.7723002227 -8.15207314476 2.09191469869 4.53856672009 -9.37568918753 2.12780754211 5.24214116137 0.268613981884 -5.57532164238 3.22654144504 
17.9377065994 -7.50018386661 3.66270027514 3.30620303688 -9.85827220717 2.29753266912 7.96032638128 -3.44649437685 -3.99801419669 1.26588518263 
19.2399348316 -2.498184219 2.39271778014 1.22175458033 -9.6241428893 2.90644659544 6.47967273523 -1.63283401057 -3.69707656391 0.701438094505 
20.9941623053 0.586211107685 4.18229162688 -0.431747305003 -8.41027446076 0.875844772252 4.7148214835 1.90689668435 -5.77106516096 -1.48253283926 
25.3889710175 7.81531761599 6.04473061019 0.472669982824 -4.15827616598 -2.08584870919 5.05009720455 0.190618444759 -8.50488643481 -3.68859236608 
24.8161633294 14.6803521921 5.88197380438 0.213879915807 0.443250941987 -1.3311104136 7.08791816881 -2.24058405164 -5.59874337536 -5.47356044148 
25.2275382227 19.636034765 7.51085592685 -1.6923806321 5.64953718872 -4.61674929346 4.6257805559 -0.419819750606 -7.98167069646 -5.13909667686 
25.8965747596 19.8041008131 6.77446907088 -3.73172211605 8.35557655311 -5.34191137994 1.14639686307 1.4883645174 -4.05021388627 -3.12224014555 
29.8751008105 17.8444672373 7.33030865186 -3.81692269595 5.40302874676 -0.628628896541 9.43189216795 -4.73233478443 -7.96261081158 -6.1430414545 
33.178939477 11.9119379628 9.56488207573 -2.67250807783 3.91528262351 -1.18790497825 9.80626745305 -2.38906349928 -8.18285955009 -7.45205737424 
32.6730015208 4.67904233047 8.43483072051 -2.41463426178 -2.64230006918 -0.447353615077 4.56365574621 -0.240498056266 -8.02715934279 -3.43402388263 
25.2858468863 -0.671329975485 6.52801135421 -2.47878856692 -6.02078361984 -1.30527863197 4.73494991247 -0.566513709615 -7.21395002766 -0.605323374807 
18.0565467186 -7.20596757933 2.54998144366 -3.60641478902 -9.13559460276 1.97551718377 3.82444580734 -2.45686241583 -2.76713284183 2.37305841422 
16.023091158 -8.81011684796 2.77413268783 -5.92502300699 -10.9770381248 2.58260292973 2.25806641612 0.626142201539 -0.353465275824 3.20547151863 
15.3786227875 -8.90539450651 0.901740858268 -8.13217303868 -9.19823494369 4.08234796513 0.954017434327 0.130973245961 4.62904406779 1.34511409165 
10.8145396141 -12.044746663 1.36140289764 -7.8119855027 -7.10251416828 -0.714827535826 0.841629406938 -0.339283825718 5.34671396079 -1.19982720303 
6.35198018537 -6.45028798008 0.392931226727 -11.2931611226 -8.40925990508 -3.55412413052 3.71625261931 -1.62028538623 -0.641932780109 -1.65358284258 
1.49223171543 -10.5369063265 2.20191197795 -11.9930505398 -5.91078181992 -4.83489869304 5.53935604229 -2.06428668862 0.29794814343 -1.34504323999 
-4.49575104472 -12.3608385384 3.64131763925 -10.9950341474 -2.30921370345 -6.38047715486 5.80740090522 -2.01524756962 0.0364383861266 -3.06267442024 
-9.76216256874 -12.7820632289 5.95030421354 -8.26080634494 4.4913118485 -6.64429473637 9.1191307237 0.936673026936 -3.07267453779 0.318402378811 
-11.0687540952 -11.1446457775 9.77228510145 -6.49576131251 6.86699764516 -5.93574663105 9.98688845404 1.01511302399 -2.99020879682 2.86483425714 
-12.9468623517 -5.76068587299 12.778923597 -3.98858436898 5.69306486655 -2.92194796088 5.39163859804 1.96274408605 -0.0306342303319 3.46430094738 
-15.2344924792 -0.217157637351 16.2604175635 -4.92699944332 5.60066175509 0.0712252169566 3.3945282654 1.60472451513 1.48298791106 3.44993768701 
-15.6549268428 3.95296741714 18.2764327227 -3.43039529947 5.09129107316 2.81899302917 0.539436805287 2.56611287068 2.42855896186 4.26043808505 
-8.42939242503 9.86407947983 17.1699735416 1.23708471396 5.36381766777 0.128941142065 -4.71929749396 1.04838587117 7.64030450065 6.73181705838 
-13.5525189884 5.46990201996 18.197936808 2.46831304775 4.99540108668 2.63181538061 -1.08851295983 1.34353772198 3.66912395635 6.13189357836 
-13.1094070012 0.278780667157 15.8027837442 4.10392898063 6.07454519145 0.673781841279 0.336982116045 0.784475078857 -0.533543901032 5.75993988276 
-11.5981553363 -7.66440232319 14.0418741361 3.64110076314 9.64173817073 -1.29557405252 -1.97780909001 4.75142059028 -3.76796454844 4.91172005227 
-11.7659740106 -11.8300800944 10.2163817632 4.19627016913 11.346801301 -2.73665644372 -2.34188063327 5.21984299921 -3.60450350362 2.56442436676 
-14.1291523969 -14.0485788251 11.9986647262 0.126462829409 10.0649257453 -3.66357018988 -0.937470793009 5.72097118017 0.611531155411 1.12975490367 
-12.2697820752 -17.479018839 11.0904233248 2.98638571643 9.16831927786 -4.00530055675 -0.166819043585 5.5577865514 1.7489120175 1.6366840623 
-12.709277643 -16.3933935587 6.16516250113 4.68780496379 9.40495622147 -4.52709798319 1.52752629654 3.09676365228 1.89104740873 -0.300349641387 
-4.57787728308 -20.42159511 1.88532534283 4.69871010725 8.06976283834 -6.48351493372 -1.61472729587 5.27557691304 -0.642440363798 1.31732041328 
3.4212947651 -18.7636049865 -1.73941368187 0.611701101089 3.69715421617 -3.8503273289 -6.50918884348 4.4425860264 -0.430448039507 0.0855215717025 
11.6142554941 -18.8625227831 -2.25889483369 0.611014069735 -0.0261908385165 -2.50357034136 -8.05417935935 4.81105804258 1.58246959994 0.828510836602 
18.6918796695 -18.0517971962 -1.18925365648 1.55307156325 -2.1468537692 0.639404520466 -8.71350713482 6.91329441811 2.03783116987 1.59838507139 
21.4677851084 -14.7903404947 -1.53585848806 1.38982267262 -4.66326638015 3.63177882298 -4.83413387196 2.05742911553 -0.0495942695774 3.49084061517 
21.8256952906 -13.592797105 -0.147007382058 3.08705782896 -2.37690390244 4.54848773293 -4.51455777731 1.95706159366 -0.191813906722 2.74952496523 
22.573116876 -11.9318465233 2.60689447422 6.8859229573 -2.15439753073 4.56658245623 -2.00111137441 2.91426927368 -2.481111838 3.98397806639 
26.1808944854 -5.71696954124 2.17151005874 5.62281114002 -3.92752595589 7.78732808432 -1.25094265221 0.839888155987 -1.46198038378 0.467739557543 
25.1867006139 1.99813611842 2.6350181695 0.330598652934 -3.70852402408 8.39874534085 0.548456344618 -2.05727250081 -0.435523859613 -2.63052997702 
29.1203929144 7.30648841015 1.61520468414 -3.51701920619 2.10055945007 6.69755834708 0.118336562032 -3.38748745757 0.910192273875 -5.46539101016 
29.7884910694 10.2665187811 2.242652238 -1.73843916911 6.23609198263 6.88037895018 1.228099253 -2.565256711 2.52704777208 -7.4697736725 
34.9838455944 10.1702716309 6.21416642519 8.1720639682 13.3539607052 6.4999908785 -4.10056107035 1.49033935424 4.26372213767 -9.13725285033 
35.8653891194 12.9648941598 7.97994321505 9.48045079466 16.223787745 7.52219455851 -1.57702574387 1.86158150208 2.75992152544 -6.17217375664 
32.5559505165 6.19030112495 6.50167345371 9.27934413539 4.65874654062 7.94979391945 3.84767728775 -2.75010943011 -0.361682918562 -3.70950860508 
31.5057394442 3.18138767504 1.85232127193 2.03970176888 1.84237065522 6.7994203013 0.56540143286 -1.89780096767 0.551258216469 -0.402822387516 
28.5021751588 -5.52495487361 1.56712156507 5.52516067782 -4.7273888633 7.14731479877 -1.25974803627 3.14578839717 0.810330168022 4.10075525724 
22.0449196552 -9.3973994628 1.01361182503 5.04775686067 -5.34150648604 4.40911862335 -0.799240079361 2.15969987169 2.91702959443 4.01952500548 
16.9365041917 -14.0281259131 0.67002353489 3.41773973109 -7.161485366 2.80168884066 -1.72920268331 4.31440926634 4.95497958151 5.43872206858 
14.8602569912 -15.1348518996 1.50906206034 2.42709469631 -6.70493144924 1.86406686443 -2.25031237768 5.3297991603 6.74578983162 4.87990305199 
15.7850185287 -16.3180663162 0.920437702704 -0.36217339586 -7.15380480759 0.822762551619 -3.9759470144 3.9066271142 7.9185054579 0.760226824717 
10.3750749279 -18.3099020992 2.02326618762 -1.15395419284 -3.94395444048 -0.744876439111 -1.10313333598 3.39694745087 7.50510156807 0.023669768477 
3.70895280196 -14.8821576054 0.54509852436 -1.07841724662 -3.76148363395 -1.28390657975 1.4922081648 1.94153779429 7.01186428417 -0.962933248107 
-3.51987431236 -16.3752567411 2.1022661084 0.792916327461 1.35434008916 -2.85365324161 3.40341172573 -2.02974870618 4.62307169608 -0.645720756298 
-9.64299856968 -14.6469164771 3.14388568256 1.93543769963 6.31183356701 -4.85206486375 3.5626133144 -5.53956013795 5.08573920953 -3.27002070459 
-11.8024671363 -11.3171648727 4.9107740978 -0.298515595226 8.21235822434 -3.87514423169 4.32131030713 -4.71779109308 1.92277322504 -0.845741279964 
-13.3421068244 -8.70076825199 6.36931383542 -1.50348182804 7.21810660683 -2.40020889139 3.50059860481 -2.11008866014 3.39664149125 -0.0446770765682 
-14.7329269586 -4.15348985022 9.69628595783 -1.35314742404 5.22179860957 0.542070033954 0.153053932006 -2.42146131784 3.76798134126 1.17241768838 
-14.1550135043 5.20757252701 10.9683468085 -5.02855052369 1.5394826825 1.44610318155 -0.189057621824 -3.01672646159 3.97941878695 1.9394201181 
-9.21097653423 11.2350857118 9.19681686366 -7.49595695636 0.512749242385 0.708923649866 -3.66778838332 -1.29934295249 4.74108080372 1.09831526664 
-3.16420686577 16.0932186638 7.89529298898 -9.36097960934 2.52951867144 -1.53040025082 -12.1677635564 1.47448238625 5.84913488817 5.59778187295 
-4.67136847658 11.9126628355 9.51334870946 -9.96079633111 1.80832316315 1.77170057757 -10.6722690212 0.449174023613 2.20560441821 3.58594844896 
-4.61492478335 7.12886711775 9.48602319686 -9.65059329617 0.943234205288 3.82182673423 -7.9224732485 1.12901115326 -0.75779617599 3.74073567367 
-5.83496242338 1.02669992919 6.07099567837 -12.1342565803 0.242513586321 2.96585789398 -9.25588331029 1.58061785847 -0.0852209316838 1.27559827806 
-11.6570065143 -11.398270691 9.17793262365 -4.84454121094 7.74674488393 0.635985594783 -10.4017685039 2.68594579445 -2.91792611154 1.34971238005 
-12.110006922 -13.5497224344 8.59581582104 -2.36022619444 7.3115502157 -0.211626497454 -8.5792874748 2.84956368006 -3.99631428233 0.173930242025 
-12.2718714446 -18.0260546943 6.50326600096 -3.01071550085 9.85875737885 -0.973933649148 -7.99660582529 3.16198939222 -3.71054624279 -1.86324568136 
-11.7692786042 -21.9635127443 4.17512016771 -0.423619648496 14.0544120821 -2.05918710106 -7.03413354291 4.16461334383 -1.79937468678 -2.24404241037 
-3.31350957975 -26.1194676076 3.00998983287 4.35631662339 15.352151746 -1.63558175099 -4.78231676774 2.53540835141 -3.29071536726 -0.520117323507 
5.22462989013 -23.3218525862 1.50933104648 3.20463383059 10.2739959845 0.650743976537 -3.68198828416 1.87039644817 -4.10001822279 0.404650965219 
11.4470672371 -21.7700247726 -2.55917454581 1.75877841218 5.55229827449 2.56318669531 -4.33002719898 1.73906912172 -2.12106242364 0.677687620992 
14.8334212216 -20.9231074023 -1.88967889133 2.40389783958 0.859098849943 4.32352571253 -5.69154391092 0.381083276854 -1.13283216602 2.10121099583 
16.1150513517 -17.6765128882 0.527349630604 3.36467220912 -0.892000225259 5.96595179027 -5.291356669 2.94240218124 -1.24683680581 1.61000423117 
16.6087570129 -10.7614181732 1.96161447395 2.74040130774 -4.82620606205 6.76411612548 -1.28642955772 1.27112333512 -1.26776560249 2.88739800238 
19.3509748213 -10.350909283 2.23070989568 5.64193657354 -5.46219214587 6.63948263084 0.871480870518 1.00222547105 -3.47388791069 3.25633005914 
27.0093438729 -7.94852722536 2.09350992605 4.31262954517 -4.5625550206 6.59089138516 -0.472735098262 -0.104801862151 -3.63380815351 3.15783893963 
25.7635137382 -0.149250080257 2.77785154746 6.58348612658 -1.22813464897 3.19216401261 3.33832592718 1.27474494161 -6.09434451209 2.2231338729 
27.8689637857 9.05881550684 1.76318478189 2.05110669035 1.63055564918 1.66358651908 3.61831776678 2.46975719893 -2.72534464045 -3.15069947586 
29.2857604989 14.1666223191 0.489055060457 -1.14674506662 7.95159750862 2.66864732283 3.55338885532 0.466214590388 -1.80233701308 -10.0641657037 
35.6000794031 16.8560588669 0.286415091053 -0.641850453812 14.9221559661 1.17959418053 1.35777026131 2.70275924344 3.97324163679 -11.1748110054 
29.0008541663 15.5681281047 -1.91197237136 -4.513105798 12.0157118938 -0.549374960523 -3.96170520291 2.84270583673 9.71782747558 -9.43236523354 
33.9846472936 13.3422448713 0.647069012765 -3.13823155954 8.88068806477 3.77482814459 1.56771794858 -1.49410943633 1.73961840319 -9.63673249658 
35.3837000178 11.1224501487 0.00678781442902 -2.21136012248 7.33505016349 3.26573255533 1.65583888073 0.912945527024 1.09216476859 -6.29149917144 
32.2299885773 2.59137682007 -1.15113630153 -0.0876487023025 2.6860913106 2.63364288796 -1.2075343738 2.02409770463 -0.310037665977 -3.2130980889 
29.6664041197 -6.70136978991 -0.16671897202 -1.46957005014 -2.41972519013 6.79921981308 -4.58005108656 3.32024929021 2.72165578694 -0.377071301757 
26.6245739973 -12.2703779542 0.028784401884 -0.00924228350831 -2.55094126578 5.18998213988 -5.0166380698 7.54500124602 2.7853731796 4.18247045812 
20.8153443791 -15.0859276249 1.09365109864 -1.1536620724 -2.21911914774 5.21308554316 -2.07511093787 7.46591391718 3.53173570559 4.8192580111 
19.9242597092 -17.4135225683 0.0328352377008 0.0213277559788 -5.45038333634 3.57224918823 -5.11174693445 9.04170628086 5.75028428554 4.44214775034 
18.1843204107 -18.3058480208 1.31747105299 -1.12440812776 -4.92623064652 1.52524056464 -5.05013251108 9.06348176986 7.0172699944 2.40621637186 
12.9360250663 -18.5620042254 0.604439297193 -1.98420852119 -3.41207791229 -1.25152652169 -2.70846138234 8.10015168672 8.43451417624 1.13878841574 
5.00966520882 -17.6202904994 0.891149707188 -0.572642305194 -1.62943483205 -4.98335232178 0.24919223981 7.53491429472 7.23864625212 -0.878351850984 
-1.29640329048 -15.4189497308 2.67434896976 -3.10523381144 2.15547250595 -5.41641946702 1.09718931639 5.21390495728 4.24634135267 -0.411614892589 
-5.56228321975 -13.551523101 4.58507532421 -8.50518722772 2.78683124657 -6.12640889158 4.67324892227 2.79659086349 1.52296266811 -1.21712709933 
-10.8332555576 -13.0372642622 7.77436578829 -7.61932871259 5.27011165902 -6.25146351184 8.95310566258 2.40068052767 -3.44778025914 2.22155172908 
-9.47727446139 -8.8883305661 9.15774639632 -8.80190296737 3.38271662767 -7.04906720676 8.13235749675 1.70148594336 -5.14073967697 1.49966667329 
-11.8025270551 -4.21555233787 12.1697134408 -5.34119610113 0.945737409457 -6.73263012856 10.3669143074 3.79187311546 -5.27068690477 2.16138847755 
-14.2111356789 -0.934519866043 15.1784906644 -6.3043091854 -1.87869151871 -6.7293041373 10.8692581794 5.72070443241 -3.17572295487 3.96968297368 
-15.3002277022 2.14692920157 15.0825095269 -9.29001351744 -3.31717807642 -6.3828556763 8.68680993603 4.97101191452 -1.31939524919 3.50767135341 
-10.0357477824 7.90012721541 14.0287296831 -6.22925381532 -8.0857866088 -6.95454927723 5.32599486574 5.15681481566 -1.27129391527 3.04577789984 
-8.73939053596 11.2111881694 10.3164324058 -9.98186401028 -8.37998221903 -4.2522281667 -0.213714154789 5.69678841502 -0.129113170602 2.63363549018 
-10.3972365907 15.907671944 13.5206335513 -5.13222302949 -9.55743579334 -8.84000580919 -5.05321462465 7.37006374459 -0.592566532796 4.15916735441 
-14.0835701391 12.0529943106 16.0486135173 -1.06317748427 -12.2455752537 -9.94896439482 -2.70597902961 6.84077781253 -1.68018847631 2.50791976362 
-14.568046321 8.23171290973 16.374318812 12.5638406879 -15.2857472344 -9.92348319657 -5.85577711698 8.4929984414 2.94500299798 -2.83120563768 
-14.1381795664 9.96764196633 18.1552458742 14.6087924301 -13.0881233293 -11.6384772342 -4.79350717661 6.90298490549 1.3814759077 -4.07710033968 
-12.2159529476 12.2941716314 16.0810460854 16.0498139951 -12.2684734786 -13.3189964991 -7.35986780498 6.46231990622 0.140897299259 -5.55236569451 
-10.4047030942 15.531026984 15.9392122613 17.2436471396 -7.22383955099 -16.3411140385 -10.4979819567 5.35314614449 -0.2849951033 -7.82633548421 
-12.3022550003 15.2111468019 14.9544370739 12.1730888352 -11.0486129236 -11.4066084877 -12.9773744188 0.245018550838 0.684228124704 -10.1620053728 
-12.6193910482 14.208226464 15.0437760822 22.1318808433 -12.2908745682 -12.7763706318 -8.9370609741 -5.71089548872 2.72684032709 -12.9617903531 
-14.2819376171 10.2584779821 14.3524387537 27.556654803 -13.0763290272 -14.8371895041 -5.7430631011 -6.71176323437 2.63174227747 -12.0878614632 
-15.8911440192 10.1319331586 11.9736173375 20.905474521 -14.5885641399 -9.63539847068 -5.00108147797 -6.68835778897 5.17073594921 -14.4211622746 
-17.2257927161 10.1809848441 11.4840758288 16.7287664201 -15.3723099732 -9.93914467007 -6.1856562786 -6.3130425905 5.59088743547 -14.1296191012 
