-1.67774941379 -17.008399337 -7.18668622388 -22.9366143669 -0.622549439531 -2.99364288939 1.2929823213 -1.24394737409 -0.541023942033 -1.52332152053 
-1.31092413426 -10.2629416988 -4.00007705051 -17.3558353883 -3.60803099007 -3.10370971969 0.108355339609 4.38936398868 -1.66763693242 0.184229167119 
-4.6857066181 -9.7808172022 -2.77586684331 -16.3801315066 -5.40203615957 -0.841665047022 0.502271168046 5.4216246947 -1.99492879842 -1.67656906646 
-8.7068713702 5.18753516633 0.426495898255 -12.3377757171 -11.3714659302 -4.90049647699 -1.17877630011 3.79166318915 -0.316150964633 -1.97614466893 
-10.5933524317 10.1621674636 -0.797996378744 -12.4133435045 -8.35992040055 -7.39608576796 -0.569042748147 3.73622970326 -0.164152436067 0.607141883685 
-12.7401927717 8.09428011108 -3.16905010248 -8.84503068467 -10.0989830053 -6.79459213799 -2.26551341224 1.72837852969 -2.11557413277 2.59878653956 
-18.0068626266 3.06488864439 -8.4443424338 -8.00287348406 -5.96263994387 -5.59840644666 -4.73605434751 -1.14687013776 -2.01492542807 1.86577021656 
-20.9297514527 -0.817445079521 -10.5334486437 -7.48329413204 -3.50298430978 -3.79604029217 -5.41033723723 -1.00971094531 -1.61234739305 1.85702714034 
-22.6124772419 -3.3016970182 -13.4872110967 -8.06384962468 -5.09161447921 -2.34567203866 -5.89988160608 -0.0752707394962 -5.51698637633 -0.92850274138 
-24.6775989681 -9.27086216218 -17.4024848452 -6.39877000746 -6.92338083872 1.30299684987 -6.75029788809 -0.809551778914 -7.55678311685 -1.36695215444 
-23.6616814095 -12.435929484 -20.5182652141 -8.04851007992 -7.92353710205 1.96746734517 -6.42884993174 -2.30357855911 -10.1430517734 -0.245251365303 
-22.015820984 -16.6731783994 -20.9464302252 -9.51119799763 -10.5039473648 -1.39209639884 -4.14258549276 -4.9458791968 -11.6121766748 2.5637515991 
-22.0318010592 -12.3937995718 -19.2637389193 -6.55730723831 -6.76308708309 -3.05114130929 -3.82108106334 -4.38237963332 -12.4300171541 2.58956956731 
-21.5600376133 -4.55495127723 -15.1424118572 -7.00290655542 -3.24625813547 -7.06745508273 -2.94182047411 -1.64073947459 -11.7605960729 5.23730557802 
-20.4481251336 8.52955454976 -9.88219361136 -5.46787649445 0.229806138623 -10.4004581037 -2.92615311794 1.58528853587 -9.13106426923 5.79410773146 
-20.2650822241 4.5256981738 -8.61947330134 -6.49163997446 2.13738728613 -8.56278753309 1.68980843229 1.27964624359 -7.40319549833 5.3590258347 
-18.7676285806 8.75031763377 -6.19441893975 -5.15413355147 -0.194652587208 -5.36844571104 -0.008072280435 -1.39326451336 -5.928833241 1.09870865847 
-16.7277969603 15.7512442103 -0.6182015672 -4.30236347118 -3.30757912831 -3.97594621322 -0.531882752297 -2.13055267044 -3.15992654117 -2.23281177847 
-11.2562025334 17.8377327237 4.89491239511 -2.36793188336 -10.2508793666 -1.91326336164 0.697113815634 -1.17286549699 -4.42804790361 -2.83002557973 
-6.25192893905 12.3288838161 3.58300626252 -4.3095358414 -11.5453217422 2.32206594009 -0.10196338285 -1.80614096785 -3.2572097838 -2.21075049917 
-2.07080209086 11.0395578959 5.37935758134 -5.43820093084 -12.3221135814 3.29124753493 -1.06237539073 -1.89399016866 -4.39633978015 -1.82846474697 
3.96498579661 8.64960896436 3.6544349233 -5.54044609574 -13.8260227894 5.92287143448 -3.76285622319 -3.22175894875 -2.72486456409 -4.14848883357 
10.41773602 7.38631194638 1.22195182304 -5.61544624481 -10.9717514193 9.45905606798 -5.27858202618 -5.73752809912 -2.03721394713 -6.25694161902 
9.37247900051 2.51636260592 1.02631933541 -4.67516255165 -13.0589748565 11.1255185078 -5.35026672085 -1.07182774253 -3.12268667483 -6.86665230963 
10.0229077923 1.94022321323 1.19677206652 -4.7471319551 -10.7472533915 9.92736795878 -4.24646060605 0.415238934008 -0.427452819362 -6.96529860889 
14.5493039965 7.21201686541 0.433809067573 -0.40295806204 -6.21002779559 8.62549647541 -6.30240730211 2.39614680925 0.86165192606 -3.80099826643 
19.4312132164 8.26305237942 1.75639999061 3.38607169977 -5.52030344869 5.05737602972 -8.34657239136 6.26881661887 1.41674114522 -2.23232218521 
22.5449364106 8.09697350959 1.60970752874 6.70736222097 -6.9132656857 1.88509200391 -7.19631341111 8.19574848502 1.54042497037 -1.78385407798 
27.8109837839 7.77989611554 0.721416094651 8.58892879286 -6.2629851142 -0.435780658698 -7.92497357931 6.28432537567 3.92257189065 -1.5954615977 
33.0604499137 1.66980549558 -5.25285288934 10.8872532437 -7.43302881462 -4.51172775451 -2.7891944075 4.59085227827 2.13020599724 -3.98265735209 
24.7899596492 -11.0424591481 -8.25492180613 6.65008756238 -6.50380117874 -5.93127003282 9.73850793304 -0.17141330155 2.24708421347 -6.03982493367 
6.88448169592 -24.2074816388 -9.05388270689 2.63300394756 -11.9754021781 -7.08326957187 14.014390133 -6.38645449116 1.8988130956 -7.40807407436 
11.7940380196 -24.0899183918 -10.2467186628 2.46875266114 -12.9279167566 -9.68137551339 19.3860129815 -7.05275098987 3.56409024986 -9.29403738204 
20.4107497264 -19.4427630652 -10.5092743226 6.47163188933 -8.23217022484 -5.85997774662 17.1983187465 -3.71864776921 1.81734738203 -13.7060185992 
29.4677204321 -8.83437527033 -10.4422695177 9.06888920979 -8.45451138628 -2.91046841469 8.01490040472 1.31207970103 0.0474286393833 -7.90702615736 
32.0401187829 -4.6330948568 -5.66988390845 11.3468661444 -7.51930290765 -2.85563155382 3.30184760438 1.81085268707 0.333210574885 -11.2101901564 
32.8183123669 2.24984051859 -3.79064132961 9.15057685515 -3.77390208649 -1.99763293225 0.457629742665 3.74197298204 -0.971323981294 -8.30030115303 
35.2728834794 8.08188283339 -0.966344704472 7.44502329835 -1.95418638478 0.190876683891 -2.60650623082 4.83014186998 -1.14909648502 -10.8978785987 
31.7222400756 6.33469847985 0.267333253708 1.21122710611 0.302011196557 -0.439691792791 0.795992551669 7.52274230215 -4.50312227273 -8.22443207007 
30.6275439434 7.7817018179 -0.351044588512 0.573272469079 -0.465597029554 1.20000953342 -0.445236268288 8.53666225862 -4.28721336136 -7.17072243031 
25.8949490399 8.76665860509 -2.7337771777 -5.34104682246 2.09819752877 -0.107817420331 3.79576860332 9.6965886872 -7.65038635881 -7.14910516767 
18.1527836642 4.60779215102 -1.08904599907 -11.8008552633 2.3184258957 0.420927917223 6.28594882108 7.34347745555 -7.47066148421 -10.9147506705 
19.2560168036 7.34708879807 -1.16888601136 -13.1574767708 3.34255207961 1.71643757762 6.21457040577 4.749995681 -6.81357136164 -10.6733221197 
14.1370524456 7.94925409072 -1.40874035522 -14.0096009484 5.20560250233 1.39256317107 4.77948589221 -0.61146360032 -5.12330786065 -5.62734894693 
11.5788092678 5.86905774786 -0.883718596194 -13.5263333152 2.00866998998 1.90140834977 4.84156895 -0.715282815139 -5.62903033508 -5.365040971 
8.67729093948 5.64383136427 0.204043209195 -16.4946286179 -0.89548509912 0.829930487129 4.43507044708 -1.31620329397 -4.4408716902 -4.01256503106 
5.90956040379 6.43063128619 1.12740910159 -16.8107877927 -0.0383622085441 -0.249483578149 5.32272001894 -3.7811751767 -2.63828415085 -2.22595987906 
-2.80056441929 8.89084545874 7.26614447923 -15.6562322307 -1.21479230906 -1.77118661485 8.67764298278 -5.40257086578 -2.62093890375 -3.74099256215 
-6.41164134214 9.96721381979 7.48468091049 -15.0248098076 -4.63973060684 -5.12426874268 5.42736361401 -3.36259596223 -2.95190410779 -0.949843051675 
-8.77226587279 15.4626947101 8.35353475102 -14.6908247594 -6.10071571979 -5.52918362271 7.7088445351 -4.32773280925 -1.65505065166 -2.27524923677 
-9.90154852163 17.6062748277 8.3415577754 -8.81874816603 -4.4614315062 -3.58800675959 7.00258032035 -4.01455321745 -0.137125527777 -3.85149713539 
-13.8825744427 17.1368856365 7.22369266039 -4.74864111948 -4.03303774407 -5.01854617491 4.66266067903 -0.842213739482 -0.286015499193 -4.74402945382 
-18.4308628139 15.6366314039 4.99946569418 -2.27860341182 -4.2395318076 -6.207180306 4.4068776789 3.32490639696 -1.12377924323 -4.23211511709 
-19.0681229791 21.0132950123 4.08935247815 1.84594064172 -6.64335075162 -6.31828611066 4.48230899901 2.19935898295 -0.364410928511 -5.58807630901 
-19.5443751487 16.8031914413 -0.997138228447 1.55529700001 -2.43402937685 -4.01413512669 4.00027192901 1.69719850296 1.55283752743 -4.12762794072 
-20.8772160263 14.9894657734 -4.25497681068 1.59455050959 -2.19613704822 -3.74038062418 1.18783099914 0.660753383116 0.680491158903 -4.41267896533 
-23.7251890685 8.91653251351 -9.31905598972 3.15352160916 -1.60729025893 -0.400648755819 -0.768183032988 -0.832082809725 -1.36505230716 -5.51467703268 
-24.5144978477 0.47243920484 -16.1378540085 0.477893155228 -2.01122228728 1.49767188506 -0.72679954055 -1.49193352193 -5.17747182319 -5.02944694606 
-26.641183031 -1.38047753846 -19.0215503635 -3.10323663198 -0.323772811595 -1.34674255871 2.19352323801 -2.143489836 -10.4246108854 -3.84593404682 
-28.0342892357 0.809179192795 -21.1348931786 -2.76486930298 6.2671388156 -0.411669966358 0.582743189198 -8.21240952822 -14.489860028 -4.97636859471 
-28.7757063426 -3.04205040577 -20.5256163188 -4.13686248376 4.31587025039 1.54469581495 0.182581673746 -7.67427288638 -10.862174537 -5.09237143282 
-28.2993819262 7.01017539898 -17.330905118 -0.425016063508 3.97378308003 -0.7666804566 -1.07392972349 -7.64669678134 -9.03796306936 -6.92168953266 
-23.4255371538 11.8133077128 -14.5088679688 0.570454239187 3.83036618573 -2.76399139565 -2.04326972814 -2.9805103615 -7.37078692823 -4.39546207882 
-23.2631057773 13.937124483 -8.80817916224 2.85946835032 0.766645288031 -3.04153065356 0.259952929566 -0.45452661173 -4.46477642229 -4.61602508425 
-21.9527351702 16.2619194644 -6.20832004855 4.21288567295 2.85180197617 -3.25274122155 1.07237575421 -0.498380602794 -2.1733607356 -3.6334766658 
-19.4396565361 13.5918640287 -4.50004107032 1.39029857987 1.2613855619 -3.30102107134 2.1825226903 1.55217914451 -2.15970887282 -1.81580038494 
-15.9141147083 19.0410738475 -2.85121895509 2.06339681492 0.582248305405 -3.41097867366 -0.0932552185234 -0.0712628395249 -1.81161704333 -0.493513449556 
-13.9634206073 22.1270098112 1.22214283998 0.0787315695149 -5.10607062319 -3.94076341804 -0.114597121525 0.297286110938 -1.65239365566 -1.47561701725 
-10.7573769145 20.1716995123 5.06576232664 -0.953579017369 -11.4646583154 -3.52101303994 -0.271421481005 1.41708102301 -4.27341754084 -4.94740747941 
-8.14929772183 17.9068604655 8.07539845399 -3.41658597875 -12.8067281799 0.173908791672 0.317971512886 -0.598883223991 -4.90787554372 -6.05834712132 
-3.35865641359 17.7817328045 6.98831907476 -6.25198520719 -12.8589722016 1.54946883421 -0.0645979257859 -1.6572516385 -6.04673748081 -4.89466638468 
0.85328959213 11.2793614931 4.80241467416 -7.63834960718 -12.3746452663 3.83870693152 -1.4082655062 -1.11697045907 -7.62203713701 -6.24346098101 
4.59944890573 8.98033608488 5.3712202328 -7.33598815054 -11.0585471956 6.69576980656 0.163235462448 -0.607503214341 -6.08029082418 -4.88480310661 
6.30125724269 8.69422932712 5.77908331385 -6.58387284492 -7.57276382326 7.76717614442 -0.297501442353 -1.13306487608 -3.18691403865 -6.70268209288 
12.0576985756 10.8070740686 8.2856578096 -3.33827535075 -3.13998874735 8.0950941799 -2.73905469108 -0.36310240914 -0.000646090858954 -4.3065691371 
17.5355246873 9.37845045657 6.75022886183 -2.78786445324 -1.72395511853 4.69298799676 0.330228489133 4.4815007074 -2.2448120245 -0.843193993587 
15.5244383961 11.8097022558 8.10829991351 1.40227849592 -1.31825174653 3.2185729333 1.39259720708 4.94761353294 0.577522094113 -0.0956454080851 
20.4624095674 13.1793297059 7.38147488161 6.47692435063 -2.39081844221 2.10837776012 -0.19343490648 0.849880284117 3.12176738992 -0.999396937402 
29.2777915006 18.2216995092 4.48855287241 9.61993826456 -1.69303265827 -0.956403964175 -0.838574168633 -1.12666218634 4.51859381975 4.61375041209 
29.6288543441 10.7247951304 2.57877289856 12.3152249306 -0.757873755809 -1.09095600939 1.76024099475 -2.51485207412 4.82396769293 4.25620514684 
31.0612174445 2.35752776639 -4.79255938398 16.7397390264 -7.31425469108 -2.135584554 4.39953342865 -0.801738112847 1.4637774239 0.827200467372 
14.9180335808 -13.0433528874 -7.13970672388 10.3838245848 -11.0953316386 -2.99125154296 10.1697910197 -5.02587100426 -1.91137147895 -0.808559642527 
13.1798714486 -18.8861543643 -10.6630082698 6.33943557141 -9.8268308142 -1.66389678587 14.678477552 -7.51153136274 -2.73625356019 -2.29534521037 
38.9609496248 -4.80278742284 -12.8125737103 15.9612691946 -7.13177651258 -3.20679919745 -0.176905577364 3.7420715502 -3.75675752267 -0.370313116491 
31.2396170152 -4.76001574395 -4.42815364924 14.8225721243 -3.09593931235 -2.63559721492 3.62194490155 4.64199097603 -2.46381340455 -4.04055548844 
28.2334309122 1.43453555668 1.4637138428 12.4929047472 1.9946207162 -4.4199558056 5.29797482175 2.00860379648 -2.11997856056 -4.13136289996 
32.539871989 9.38736641966 3.82261209794 13.2438206531 2.54335627892 -2.91830427026 1.67987366319 4.24432917601 -1.91008743895 -2.26881943863 
30.3326748814 10.7858505704 6.60895012803 10.9248803748 3.3205096004 -1.11261108763 2.37145351591 4.61187710914 -2.19271006265 -1.64750343487 
27.2003543391 10.0146345499 4.04867949023 3.6815021646 6.21587588371 0.000785819270965 2.51407045183 4.50779990301 -2.57270093334 -1.3211508147 
23.7464349203 8.58989565041 1.35790074308 -3.02932823869 7.42795487611 0.153424870346 3.37081800584 6.68634156249 -7.4195393337 -2.50339153219 
14.9934524375 5.07011671673 1.72385253568 -6.81325025868 8.32619147636 1.22371690713 7.34766980997 3.72057544747 -7.27246902029 -3.90890625344 
17.706992832 4.84182260768 0.821458620309 -10.7927367937 6.5229462374 1.83513593467 9.38221892207 5.26875583717 -10.3640896187 -7.46471936601 
17.8080018381 6.25612816025 -0.279488013519 -12.869541906 7.67444148999 1.59647989351 8.20052332735 3.21978002149 -11.2814528611 -3.94655010798 
13.9885621673 8.05945529627 1.84421591513 -11.9644347421 2.54481575228 -0.377203222339 9.78043826693 3.97560041098 -11.1870734811 -1.82098536899 
8.78710747126 7.95643124895 3.13606175732 -13.4418104718 2.63251327048 -0.506799798852 8.84668592701 1.67163051176 -7.34606227405 -2.91385321641 
7.39039079969 9.80853399942 6.67501356815 -14.8113577604 1.8232837137 -2.39168375074 6.86853861128 -0.964013983945 -5.32610112487 -0.840133078378 
4.14727776354 14.4869894473 10.7559898636 -11.0977931662 -0.940369505826 -4.61293922744 5.24481638814 -0.285238021697 -3.62675919324 0.135996727979 
-0.635543868842 17.4905810801 11.068606586 -8.75798107971 -4.2842640771 -5.3347191339 4.00416868199 -0.371203516754 -3.19415390223 -1.96222940632 
-3.11253260818 19.6857999771 9.61190448414 -5.52948147825 -4.69736744649 -5.35304764512 2.21552731027 -3.07384516865 -1.3073756003 2.91579974899 
-7.40377018978 20.7757061981 9.03796828452 -5.25204698065 -5.36724648161 -6.32150217367 2.74859777613 -1.607522626 1.24804333193 0.54807106384 
-12.6981641239 23.8523595458 8.40524476682 -2.41455514915 -5.50126329485 -8.52164515404 1.95022502027 -0.748057603916 0.896125679017 -1.205219472 
-15.3994153088 19.9054427615 5.99468397195 -1.85078820967 -4.97661923008 -7.34725547327 0.512006387404 2.98495856212 2.82312198355 -2.7054469164 
-17.9154272432 25.0881502942 4.41265050655 0.677449256444 -4.97128207872 -10.3395378201 0.582100334113 3.15180676085 2.21628769202 -3.2755673955 
-21.9467586534 21.0658245215 -1.30560726989 2.00609000379 -3.79959531973 -6.74453474631 -0.349287056538 3.37239871508 1.48226818677 -4.23516414364 
-24.1782650774 13.1233698061 -7.89399615414 1.15012881025 -5.00275590576 -4.5277969256 -1.0565216535 2.31278373812 -3.00892493415 -4.42604164236 
-25.2445492931 8.93029328236 -9.31722165036 -1.51440196824 -3.5461751664 -6.08514523131 0.15084513002 1.60611158493 -6.49227363295 -3.20447644319 
-24.7319095653 6.98710421569 -12.4728622111 -0.550737807125 -5.63582895414 -2.57959928217 -1.23222926981 -1.69956972347 -9.53256737292 -4.19289611943 
-26.9522284894 6.01455014183 -12.8937429043 -1.83148328458 -3.56464181534 -1.57406149883 -1.1598692346 -5.27824284274 -13.6945722028 -9.01641778391 
-28.1085778335 1.89440554533 -14.3128499886 -2.95899429889 -1.90028802811 1.88698678609 -0.877481173302 -6.04202267769 -12.3546118184 -9.12786499529 
-26.4120621861 13.4510305163 -9.85429703867 0.117790584767 -0.47161930665 -0.752121243517 -1.55654279512 -4.23196070634 -7.34283255602 -6.37177748414 
-27.1515506801 14.5490162424 -11.0122913189 0.294126169736 -2.01278036003 -1.81040271433 -3.70453756345 -2.42842030104 -8.07257447289 -4.37983580764 
-23.75723846 21.4453608971 -8.03792423592 0.843445409511 -3.0775674699 -5.72132314113 -4.95840907968 1.08358459356 -6.70716910551 -2.53359182888 
-20.4527321343 19.2773298794 -4.26862726377 -1.92326248273 -6.09746705072 -6.22719664325 -3.02630290299 7.20939999597 -6.47257014415 1.04718994081 
-19.0149688772 24.2751370931 0.256357195563 -1.52212668605 -6.17708809389 -6.00259747239 -1.61018803408 4.71010387301 -3.81836985386 -0.159950931991 
-14.365223502 26.6193511171 4.73553293596 -1.80660343799 -6.26352699861 -5.62304303869 -2.10672604176 3.6811612426 -2.52376085876 -2.16918819179 
-11.4015615928 22.7477509878 7.78684714027 -5.14549969077 -7.7148340367 -3.92088597653 -0.077339902566 4.40119244929 -2.35583971888 -3.54029123353 
-7.26283051256 18.3051050018 6.72134626671 -4.65823939001 -10.9823428572 0.592098056599 -0.827303113027 1.44812466658 -2.18048376197 -4.09328079101 
-4.34978067852 13.7079915576 6.2672324283 -4.50073540533 -13.0537800117 3.6831599055 -1.74531540614 0.860674027448 -2.03941371313 -5.40881846716 
0.495617274981 9.53520782618 4.73559987053 -3.62629972771 -13.1508811124 6.38217410649 -5.35397171049 0.113403777892 -0.835489604799 -4.5957449217 
7.44770373677 8.14481433791 7.18471280452 -4.97479600568 -9.16137219492 8.48424710561 -4.64843832302 -2.91016716087 1.86661245212 -5.53346853408 
9.96113428481 5.83078208315 6.04778968077 -6.10713796203 -10.3824581153 8.99459800755 -1.54243896149 -1.5035107918 1.54193868222 -5.78910569891 
15.9867089657 4.42955067963 5.25223690874 -4.51466567556 -5.98122487168 8.24119671881 -3.27004060509 -3.35807161311 1.61892431729 -6.02961745574 
22.0736956988 4.19296952521 2.20095275122 2.75804308279 -4.90528032331 6.12212021544 -7.42816227003 1.22090936346 1.94885824165 -2.79363603922 
31.0220057957 2.84158177843 -2.25107754885 5.90763419322 -1.25930962612 3.07006833796 -4.99035614546 5.50742800361 1.03647535166 0.780776620436 
37.5460844594 0.493575502164 -6.05314870099 7.61998962213 0.0205592560801 0.921846428825 -4.08291527661 4.30484416706 0.913514272039 5.0873064701 
39.0319088018 -4.35007483742 -8.55551485003 12.8346258967 0.199413523953 -1.53450160924 -2.18934838449 4.19963553239 1.35749198301 8.56665722653 
33.0538985407 -4.5496306324 -10.0116595356 14.6726090435 -4.43904843478 -0.50054180358 8.60016096505 0.0730476584151 1.19622466961 8.24829173413 
17.0500785427 -16.2196496859 -7.91322485667 8.97764492098 -8.47867599014 -6.57049909624 13.4248096369 -6.22215850593 3.03965118705 -1.6085797261 
41.8447217085 -5.04357697325 -11.0979963369 15.0654384368 -2.74962456564 -3.55292619303 4.53963334932 6.49482674507 -3.4894955266 6.22490560402 
44.5748222895 4.09860322395 -8.34892991443 13.6173500281 1.05577790631 -2.23575118199 0.946383477071 10.0135114029 -4.28998560614 7.74580755458 
44.9630206223 10.1763455842 -5.7939061907 8.95062502163 6.56223913062 -1.59302850321 -1.37379035429 11.6622176675 -3.23679448686 7.96392130834 
38.7479215158 10.6501167966 -2.51962319075 5.83313386485 5.31860250738 -0.130139394735 -2.20155826508 11.302048778 -3.66061788125 7.28282705409 
26.3162343839 6.9911591532 0.865916318527 1.45183608239 0.535509425227 3.01272606121 -1.3198562189 7.39752449771 -2.30846750311 1.62983832415 
22.6112718163 6.11118416875 -0.0223797139853 -5.02162115506 1.31822091613 4.13298487904 -0.802081937685 4.57236529566 -3.05280782687 0.414029798472 
20.9944088869 2.97305126429 -2.10388418451 -12.2721994209 5.13140979023 3.4217774302 5.77940051391 4.27361658741 -6.8893164362 -0.132422665228 
18.4441361088 6.63973825605 0.23835130434 -13.8696599566 6.5709333108 3.48975238048 4.89048145904 -0.68088733972 -3.10998192585 -0.108037275804 
15.042832721 10.0975954519 4.53566451506 -11.9584207063 5.93425533545 4.71685130521 2.61404417765 -5.7966909711 -0.376582927763 4.26951852534 
9.19872444796 14.3143039399 11.4411639638 -7.03385835232 4.10543306532 1.54873802499 2.47720945996 -1.74766987972 -1.55887800552 4.83871581584 
3.76912432825 16.5707322424 12.3982576823 -6.23118319523 3.09500124891 1.45146894337 3.1904162591 -1.92988177468 1.60281552494 3.43007890342 
-3.15411899971 17.5395866218 12.0055300448 -6.33285913157 1.05248658406 -1.29600447755 6.60516702269 -0.246243192981 2.49347991417 3.53824031304 
-10.0733055846 22.4362039192 13.4133175966 -4.65410045783 -3.42796155928 -6.53035373608 9.24754466799 3.25498326432 1.98295170074 4.3120893495 
-13.4354280343 23.4120323195 10.6110448013 0.7202656766 -3.15578942761 -6.45572599522 5.83299499749 2.45289846081 3.94830872369 3.78366883413 
-15.4313849664 23.7729438042 7.98831486391 2.9553275714 -3.10701365756 -8.0064505495 5.35346917904 0.903427050291 6.17775397997 2.239060529 
-18.0264753642 20.9990715467 5.35031673245 5.29175512204 -1.98606511422 -6.94018901198 4.37716017151 1.79045263781 6.95711099802 -0.383216345896 
-19.167558911 24.942675028 2.74581457527 7.99541335319 -0.890313671545 -8.92214201418 2.92007986871 4.93178070487 5.28778073148 -0.381579465074 
-19.8571655167 20.6570525831 -5.21844294393 5.83679137112 -2.43187396948 -7.79598402701 0.392866365059 2.50061203736 0.921644836407 -0.966734416186 
-19.8528278653 19.2723346135 -8.10793955697 5.18393310103 -2.66803013614 -8.13298308426 -0.89029136654 2.45642087675 -1.08783140396 0.694859659811 
-21.8420160284 8.81151410287 -14.7435738975 3.90342146865 -1.71670202404 -5.27463024933 -1.37319987807 0.576291097167 -4.16265358434 -1.46463744493 
-22.781307167 5.41691380565 -17.3224170329 4.97211577079 -3.39148433447 -1.75992032367 -1.79351435927 -1.76031448949 -7.66403438894 -3.23021383541 
-26.8150760524 -10.9163883048 -20.4543915477 -2.99195742985 -0.129880935276 1.76021924017 1.80030268123 -3.92494821718 -12.0519332673 -2.53484286231 
-27.8750024369 -6.54269758883 -21.9502447984 -2.660697426 3.32137013585 3.69164557946 1.18690175572 -4.60430484276 -10.2327864662 -3.09871445569 
-22.9211595823 8.18207968754 -17.4308573955 3.08545397585 1.8737637482 -0.992875256398 -3.69461290393 -2.05765015564 -5.35394124851 -2.20413818523 
-22.4920815492 14.9214794765 -14.8977860916 1.40647578694 6.44796064581 -5.32897299058 -3.05055157844 0.454696978597 -4.04506735053 0.358775277945 
-19.1730432617 13.4082575691 -10.7115838569 0.703539919233 4.71974465937 -7.81153197444 -0.633280503816 4.13067310881 -2.48091348965 0.132424930465 
-16.9296181428 17.9910989518 -6.27846866243 1.10655348113 4.66817104243 -8.10141087788 -1.6327153949 5.43633009961 0.00442828609438 2.79317720884 
-15.1118049055 19.6524092759 -2.64268240069 -0.23557979463 2.27034327335 -7.16053040493 0.499119333591 7.16412594906 0.659909806949 -0.456015139952 
-16.824070965 23.3507721361 1.27874966973 1.21844405571 -0.87869173841 -7.22022814426 -0.629007774893 3.4709744768 0.818051847162 -0.0933037013865 
-14.6926785168 26.0954740527 4.84182807998 -0.564583546705 -6.88147521073 -7.72045065915 -0.311960641344 2.41260359679 0.013250270894 -0.241421375656 
-11.5544841542 23.6235800751 6.59934039194 -1.31923670115 -10.1343373689 -1.71154369714 -0.707014202928 2.36185554192 2.36814639579 -1.48810907615 
-9.70191823161 16.2646009816 9.83993938385 -1.84789748724 -11.4584462713 2.81419778001 0.513724625217 1.56708984131 1.79936340712 -1.39868962892 
-3.71442876738 14.5287434565 9.98578842666 -2.83651935014 -12.4777121006 4.6215027832 -0.434877091429 0.567726547821 1.00852490042 -2.5339196732 
1.14191342747 11.9449270051 7.65438642076 -4.59871630045 -10.6204842091 7.12736389006 -3.46227459056 -0.0807417361352 0.700085280764 -1.45767693891 
8.17609299779 11.0447319164 5.7634709857 -1.93670014247 -11.4111180884 8.9917322124 -5.64764258965 -2.77974487386 0.724325062542 -3.04909374495 
13.2447878801 10.5166446424 6.3633702105 -3.33726008762 -9.64437754648 9.06942543532 -3.73596204251 -5.19114666898 -0.534538874828 -6.46556350627 
19.1666365545 9.1533560555 5.03581783056 -4.94075599954 -4.80886677085 10.191714475 -2.79459165781 -4.24568869304 2.11046053818 -5.62872604459 
25.7370659477 9.31013289375 2.10870081959 -3.97300101072 -1.05910183017 11.1327419964 -7.16499086753 -3.13717422762 2.38073283316 -4.36279432147 
30.6094657885 8.95412271515 0.686686978192 0.758557661903 -1.007121225 9.93025403997 -11.1410397918 -1.83739197488 4.88408164475 -3.19186169683 
36.0710488777 10.1064097749 -0.170186873443 4.41169140161 -3.2515401583 7.89564097115 -8.90126506763 0.866623706453 4.61739730377 0.755281391825 
43.863995734 11.2368492062 -4.47218840638 10.8667649109 -5.15479656487 2.48856471949 -7.76072597765 2.87914152381 7.75291060112 5.2508603377 
33.3538135091 -1.37915441831 -8.23900009879 9.03131615122 -7.76974819629 -2.7686017489 5.45607256475 -0.552775509413 5.62273078212 3.18019114186 
15.1735892586 -19.3120024048 -9.63643706853 6.41336186111 -13.6578828114 -4.70858620664 11.4175445757 -8.45918521924 7.50110154699 5.38468282615 
14.0577606167 -27.3713200257 -9.85597611126 5.23022156076 -15.3252211662 -9.39918972688 14.6018851221 -4.53175699171 2.85072151865 3.94638834837 
23.8424229981 -22.2109948568 -12.9157316744 9.598458005 -10.0035820526 -4.79383719857 10.3941282217 -3.69888561168 1.08567395579 0.155651007513 
38.4193947808 -1.48020711764 -9.77015891972 13.4967428911 -4.02571075928 -1.60232422054 -0.581831640267 2.51305721187 1.8335541245 2.91773615888 
40.2043267354 6.76532285174 -6.52175087645 9.04797988297 2.1322903526 0.0896104872462 -6.84009693518 2.4217279282 2.09489699999 4.24782164604 
41.6174629969 13.493009471 -1.48897348743 7.25847435523 5.94234660261 2.0022387921 -7.97848554302 3.46255181768 2.74634668066 6.65112901676 
35.0578245773 13.1158011511 1.45458029927 2.07273565599 5.50216757365 1.82458733378 -7.55754225841 2.53226473747 1.8663284129 2.60083971274 
28.4355052689 12.1929245113 4.57836378168 -2.5701578359 5.04702329745 3.19840337728 -4.30649120536 -0.584917671355 3.05880248381 -1.87847360223 
25.6417565868 8.53690057404 1.80621789728 -6.98706187317 5.40398772211 4.9311034996 1.13789170406 -1.48981968987 1.32376886142 -1.07612879155 
24.432069723 9.7488467145 3.01115481634 -8.17976720942 5.16860714697 5.0959170429 0.774559301457 -5.51840742452 2.00592087517 0.547588022873 
21.6792759807 11.7788834729 4.16590762929 -9.79535238194 3.55444352563 2.62295969767 1.46239366819 -6.72751781652 1.64814375237 1.13853266462 
21.0198219479 10.8833409954 2.15731042967 -9.55173047338 4.2978298244 2.97296600623 -0.0249257672007 -8.39384017376 1.11885065768 4.71202111919 
16.7072124571 15.0169610463 4.51719458565 -8.14828281986 0.297679318512 1.31484986484 0.151329994286 -5.74709162537 0.999195500968 5.06812069694 
12.861904079 18.861978065 9.05919470532 -3.01790527913 -0.590340113948 2.14413158819 -1.10267441972 -7.41701297594 4.71550210667 5.37073638838 
4.01963807119 19.3678144536 10.9558200365 -4.75597844964 -2.41289296186 -1.59204014254 2.15658661568 -3.6330358857 4.15566001203 4.90785536139 
-2.15010583681 23.7862520626 14.3462619391 -2.26639526502 -2.06986192061 -4.76088908684 3.60754921114 1.00746021623 5.48956759299 4.26540789843 
-9.48625771338 20.6370225196 10.3887796752 -0.510154492009 -4.38712892151 -3.73506443494 4.47198054816 4.57596139284 5.50840321642 4.4841597017 
-14.1956572888 20.2578753467 7.01708885936 5.00688817129 -3.09199339364 -4.75243610331 4.63064807154 3.17900673014 8.4044049498 2.14931750381 
-14.966057174 19.1591844575 0.239398059039 6.01866439649 -3.1679956825 -3.81333012515 0.254037514556 2.3273797992 9.26656799842 -0.445432483517 
-17.8005306112 20.2401856685 -4.43745169175 6.73735263862 -2.68757696895 -4.94020441979 -1.46005082746 2.96889677466 6.6484864895 -0.522251697209 
-20.988654658 17.9355294064 -8.67889725976 5.70813678501 -1.44740526928 -4.95503388228 -1.50191292774 2.81788857108 4.79618435164 -2.2879363499 
-22.2025470255 14.3275438949 -11.7957640628 6.43138504395 3.70627343093 -4.55479993977 -2.33528053076 0.884646510156 3.95906542548 -1.92136278329 
-21.3246914171 10.6348464565 -15.6071140994 6.1402288901 4.24878532879 -1.94544171415 -4.18515598494 -1.65017327775 2.03103491424 -3.43999672017 
-18.8986523124 17.3622028087 -14.0958045663 7.83844722997 8.20373566207 -5.13608429757 -6.33943290881 -0.883337010474 0.248706045476 0.42066010205 
-14.6641840378 14.371667608 -18.1835808502 8.5643353848 5.42349015507 -2.68964731404 -7.66764671489 -1.405974079 -3.64455267113 -0.00247670180284 
-17.4337622374 11.1124748053 -21.3981718336 3.57786080528 7.13198917821 -3.55087443809 -6.70536637528 -2.6935233801 -4.20751085265 1.86907592671 
-17.0016162686 12.9028101171 -21.2498038171 2.91359235915 6.96218911775 -5.04036996893 -8.03795748368 -3.86261617617 -4.56404334074 1.27678655648 
-22.4687110583 11.2145909716 -16.9046533912 1.31421936266 9.31536572745 -4.50652811046 -4.13371683106 -5.10119674612 -1.75080395282 -1.40798861936 
-23.305262326 20.3690435421 -12.4378109065 3.25129220886 9.89901392396 -6.39307848663 -4.60078482725 -3.52688760177 1.01499841298 -1.53111275127 
-22.613464604 16.2141614222 -11.8178506535 5.18875568828 10.8557010458 -4.0059674994 -2.10199765838 -4.97959857473 3.72305676782 -2.05868424893 
-20.6976783319 16.6167049255 -6.95252118932 5.37610014693 8.03642602122 -4.80935660033 -0.283527005034 -2.12478372887 3.09994581 -1.2176385507 
-19.4523603106 16.553104031 -5.675958933 3.94147639614 6.0250148565 -4.97815048473 0.105626545703 0.148135932963 3.3079894261 1.4980988252 
-10.6055792091 18.9082583675 -2.01832015572 -0.172960125301 1.57192239511 -7.58639415008 1.2746071361 5.21289911641 0.738276319212 5.61707931706 
-12.4325436332 19.6605173196 2.0019789954 -2.10237732428 -5.99740631325 -4.54737070442 0.437489264235 4.85925151118 2.10891187736 1.85483867607 
-10.1345191368 21.6341566209 5.52154453826 -0.665378352534 -10.7932007179 -2.33993914387 -0.243969331093 1.51905715585 2.75579285664 -1.27711250871 
-1.81192552056 22.75350878 5.04204813637 -1.41220271456 -11.3329838879 1.15208555507 -2.31132116887 -2.27344748929 2.07936856351 3.36239402531 
3.23636429948 17.3438005812 5.38443942922 -4.71122359407 -11.4396632373 4.90325162182 -4.30685437703 -3.32846625151 1.30177478755 4.08648859199 
10.3041742031 12.2738396291 2.80357384185 -8.10384652815 -7.9243391521 7.35514854823 -5.48607326941 -8.0127550325 -0.146403044593 4.53181369421 
13.7828559996 10.3089363939 1.84226533248 -7.61766469242 -8.08166688652 8.12543390734 -3.704807947 -7.84303625404 -3.25109954935 0.85875087376 
20.0272407042 15.8190948619 2.79750489566 -4.68590230638 -4.58120882268 9.03272279671 -5.83541549401 -9.23115721836 -3.89603811552 0.515707606131 
23.8088226165 17.3970975141 2.06862420073 -3.19955500561 -4.39567701622 8.8089851898 -8.73826831535 -9.85717839953 -2.06850737843 -0.283550847453 
29.7918528038 11.0752900336 -1.25315002089 -0.553179192413 -3.99897206542 8.65133628463 -5.80891292906 -5.47227155949 -2.71116523366 -1.50570435617 
30.5223554993 5.00168402742 -0.913101150275 2.11023582167 -0.507518552849 7.11700637693 -9.18602648633 -4.5389867255 1.05901641711 -1.8083566712 
41.3064813508 -0.56380089106 -8.56002746846 4.30634685885 0.440701998327 6.42537304187 -6.13021979318 6.55966621292 -1.84529380114 -1.13811240996 
43.0987766104 -0.882725017152 -10.7322645573 9.90399035975 -2.498611127 4.22865780898 -4.62074417713 8.71800759121 1.33384331879 0.859885958085 
41.7970945763 -6.32521750907 -14.9115374506 13.1261258561 -6.03240347045 2.67076038913 3.65287150198 4.16649567076 1.8527164583 5.31535537542 
39.3364475617 -7.74818093745 -16.7104158005 13.3287861385 -6.36298532655 -1.38395017076 10.4211978976 -0.726678117247 2.51794065456 7.40260321535 
18.0593575122 -16.4565864775 -11.3261199299 7.43771965231 -12.0296210519 -3.13517203451 17.7008827315 -8.25178461067 8.34180144719 0.634665788693 
24.3802778037 -18.0808805353 -12.6608092577 10.7472319624 -10.6687608864 -3.28195262063 12.9948783092 -5.90676418634 6.77134524694 -1.07167205966 
37.0707664315 -3.75154231672 -12.4027189549 13.8045287382 -3.60084257049 -1.59687262929 9.70917043444 1.7809823606 1.48447986536 3.55589004004 
44.3950147757 2.03133996677 -13.6029613364 11.7105788319 1.52012267389 1.40311419446 1.04257383436 7.31878037009 -0.560667626822 2.45210552385 
43.1315451111 5.24527681559 -10.4682442782 5.92227402614 3.95815675262 2.46888808374 1.76943521975 8.00571298897 -3.46831607034 -0.900497225262 
41.8782099631 4.84385979591 -9.27076069494 1.72795637627 5.11716890141 5.06119191704 0.999114317913 10.9921268958 -4.71984867206 -3.40798818508 
37.6001332285 6.08690720137 -6.29490968051 -2.32739256934 7.05212581324 5.32162561867 0.0985560493545 6.0059354801 -3.01967676596 -5.70102036146 
31.4476049816 6.86835264261 -2.6888561125 -7.72730761997 9.94501344016 2.80868681176 4.27456744261 6.38827069942 -6.37171369726 -5.00704805139 
33.1880943635 6.83071834853 -5.49430041314 -10.4390318893 11.7637599461 5.80262148656 4.76153736311 2.41184731026 -5.17660224177 -2.81770954001 
28.1751062576 8.55492463312 -2.61161919635 -11.5442848736 10.6565813737 5.61083479939 7.72995864628 0.0126678791893 -3.78823729012 -3.5403435034 
24.2858970735 9.79744734125 -0.520244194664 -16.7901986828 12.0165887223 3.47031961613 11.1246347618 -2.11816497896 -3.90935085324 1.03429957683 
21.4130822596 11.9064428799 2.86816863197 -19.9567713399 12.0580087016 3.00073807551 10.8139708592 -10.4737061663 0.696491670393 2.43813383706 
17.2969106597 14.6957353277 5.87656774436 -13.9697952896 8.5642198116 2.56144146913 5.5195752082 -12.2262673586 3.1354121798 3.47773123874 
15.0566215645 20.1820181343 8.42494960499 -6.94056072939 -2.19384357556 -0.0725515493222 1.13106931375 -8.82872239688 1.37455416452 4.4378020205 
11.1397746267 21.3258820206 7.92167603331 -6.87945308804 -2.14782784121 -0.753709543674 1.02240035068 -3.2125950083 2.82036244109 4.18052468661 
1.94707766882 24.9623030493 10.4794238278 -5.25331575735 -2.4759365607 -4.82248538536 4.11312585093 0.569662846149 5.1349373971 3.57196346165 
-6.92007801027 23.0484489625 9.97015378168 -2.83136636788 -2.00784759224 -4.92259865 3.17772269097 0.926647040258 5.76884319426 0.906020786212 
-13.8520504522 18.7684056635 6.10160990561 1.93319217902 -2.21471093903 -4.91566873514 4.28950698237 0.978043776061 6.96440867255 0.242304462122 
-16.8630471828 19.8478833084 2.70840160644 3.99686508197 -4.29924842133 -5.87655124877 2.36488506813 1.63722537761 3.91459470347 -0.4150087394 
-19.4791163905 20.4790090715 -0.379979498141 6.52145772543 0.381819458437 -4.35089391611 0.17891941304 -0.32813442372 4.95888210906 -3.55325456151 
-22.615611453 17.0211864674 -5.67442081216 7.56372647968 3.65412108724 -1.6541965705 -0.511110412577 -4.63576205796 7.97571972362 -7.05615648075 
-23.4973846706 14.6385357824 -10.1034024494 8.77980138438 4.13140868684 0.800284540125 -1.23825967298 -6.11657101932 7.08356354443 -7.57895827018 
-24.4163154455 13.5573618765 -16.3949685378 8.78130473924 5.80762075127 1.29636242854 -1.50399445396 -5.82269539175 3.83150460003 -7.86655092395 
-24.7541813404 8.4055617166 -17.8819502655 8.66285307457 7.46571897903 3.38985671929 -0.284635770031 -7.9627354769 3.4255010818 -7.01545418222 
-24.5429358968 10.2764871568 -17.644688598 8.730353697 9.91359492302 2.05123150632 -2.119065491 -9.00854559483 -0.720382578636 -4.36113537375 
-21.8388651449 15.7913978656 -19.4067211745 13.5311941534 8.47763936239 -0.302993155134 -3.08862072099 -12.5550035896 0.0364888073451 -5.95526803721 
-23.1659377721 17.678504628 -17.5417457415 10.4006165693 11.4205671972 -1.5874399256 -2.32075064166 -8.75930732104 1.06205130454 -2.03396994307 
-23.0564973387 11.5867797369 -14.2383801565 8.00962937207 10.8186276478 0.240300129571 -1.011969296 -5.7533166647 5.88671114727 -2.48815900187 
-19.1381133355 17.1877170044 -12.6337870667 7.48449161864 10.5470832722 -2.15833545456 -4.40403606083 -5.28661015578 6.93660516063 -1.19385832684 
-18.9205988052 20.9546567556 -9.8263484702 8.8902130304 11.0800923916 -2.67732203042 -3.55343645264 -6.23763873503 8.84145858661 -0.522367441489 
-17.9612861436 20.2929254637 -5.33404397323 6.40122382178 6.94083688566 -2.87572639221 -2.15613799101 -2.04340052585 7.28451990243 -0.122471171335 
-15.9764893689 17.3749023638 -0.671441510732 4.87984211655 2.72466367089 -2.32953325504 0.336595044653 0.545559447967 7.99861619338 -0.612580155847 
-12.0821912982 15.7872036026 0.554061567864 0.550334437928 -2.51949036598 1.0208959651 1.13771113446 1.60617917655 3.40258571969 -1.60105557703 
-9.38708434574 15.2638257026 3.34385934022 -0.527777663162 -5.06263161698 3.63676014326 1.07416051742 -1.89467429795 5.3673104045 -1.12502135269 
-3.68448937354 11.8987381894 4.68999539627 -5.7060473414 -10.8267122374 4.57294228678 -0.548102932084 0.630815412355 0.28462613697 1.13318660426 
2.35433384605 8.26066662559 3.95417216458 -6.77450077236 -11.6962482171 7.75408536766 -2.15600989749 -0.740975535548 -0.879103790485 2.81439911165 
4.28775884555 6.61712123723 2.67730354819 -9.87742712214 -13.5347684576 8.32958616536 -4.81053397731 -5.0887166925 0.0420812510022 3.24654639593 
10.7224621976 7.01115405143 2.75889911773 -9.01558798157 -11.9059704368 8.31920558486 -2.59515625803 -5.00080878006 -2.61013834114 -0.719697638544 
13.0324618543 7.42084377183 3.71900455903 -6.09713931586 -9.25742608511 10.2831028695 -3.21508750355 -6.18665571954 -0.658602184954 -4.02422815278 
21.7967160104 2.28354687109 -2.11262925611 -6.56264109676 -7.27174585521 13.7919770453 -2.32493875892 -4.50009148845 -1.66318328506 -5.07974347826 
27.2907396097 1.7885922892 -0.962631845408 -2.30099921575 -2.9440599034 12.8239519573 -7.40303977592 -2.17359679538 1.27080734852 -4.54781117736 
33.1823049183 2.33843704792 -0.497030379735 3.00177395778 -1.69640017345 10.708770431 -10.833189121 -0.341861772487 5.06543904228 -5.00729966392 
38.3175191783 4.22526638392 -3.80579274602 6.45347705878 -0.958784039467 8.73976621347 -10.3973491038 3.71767802549 3.67209808442 -0.34512299313 
40.8821016506 2.74498514137 -7.20549343436 12.8233670905 -1.53307408306 4.2873912327 -9.34215140826 8.07299321517 3.3293149015 2.73194728591 
42.2065034678 -5.27079308334 -14.0120838867 11.2113449412 -1.69612540298 1.04960618272 -0.610540638856 2.37196110624 -0.381788972936 4.84471028203 
39.2477588586 -9.29927660722 -16.2590402898 11.3563953338 -4.49296026143 -2.22368646447 7.26398444187 0.733033762635 -1.88415121401 3.62840807082 
25.9799072224 -14.9411579599 -12.0257488355 9.6222577298 -11.8008490301 -4.38090642753 17.2128462534 -2.81785265265 3.90946673584 0.578886137771 
29.0025130032 -15.3564784332 -14.3765936348 10.5712219916 -10.3624653229 -3.37707612818 15.99209126 -1.61912867485 3.34110427267 -1.48520201313 
39.8204773103 -8.03790146589 -15.1254830263 15.6327600939 -3.81717458913 -2.4664542219 8.01975794807 5.10110008921 -1.37139856618 1.30349790746 
39.153809703 -0.584403290354 -8.24433787568 13.9623312697 0.262847232182 -3.77471594652 2.54566342533 5.22220386894 1.64555963543 -0.959189466108 
41.0411119214 3.67957090334 -6.62574088345 9.06768516134 3.66708203571 -0.0929319439578 0.945834877225 8.38628101297 -1.8123624898 -1.32041173371 
39.7846358369 7.24448926983 -4.1722850118 2.54048339406 7.15413610035 1.83426874303 1.05366610984 8.56914550697 -3.52952716036 -2.67481334995 
41.3407145704 7.03078829483 -2.84682419627 -1.60644378004 8.37368635706 2.3782153578 0.0232174468856 11.532756154 -6.20602378793 -1.55788877392 
35.6400015031 5.51571502343 -2.9226999455 -6.26155380393 10.1863845055 3.09192446515 2.23583807979 10.8206721735 -6.2441936075 -4.05650777076 
34.4083863199 7.12406120293 -3.05068831941 -8.54746381101 10.0650238399 4.78558287174 3.19933119992 6.90011959346 -5.57337732496 -4.6173757308 
30.0256532912 8.02227057411 -1.52525964071 -11.308045221 10.8348848703 4.01749577295 2.5357641445 2.63398012838 -4.04669289035 -3.62682106812 
28.1671509618 8.95031987349 -0.992954384136 -13.4620089239 12.7336847722 4.3553497018 5.00599109763 -4.05884631763 -1.46080020251 0.128612089427 
24.305502634 13.0520679738 2.3521762572 -15.6806940963 10.1418636161 3.5818423486 4.89343364897 -10.2397372394 1.29957127004 3.37215778919 
20.2689751105 14.9971277264 5.32991063542 -14.302170425 6.03659663376 2.7379044368 3.48900067893 -10.1931576937 2.58372455776 5.23832679779 
16.7536336629 17.9799986781 9.2513955228 -12.3612352621 4.79390424377 0.118387799461 3.21188922359 -7.03166779905 2.52386009938 6.00126642877 
12.5312251273 15.2580388729 5.11523104881 -11.2504026631 8.82207314713 0.0993359984804 2.06956814677 -7.50188112213 4.59434508897 7.92562079861 
6.78947201281 17.5614880968 6.99334934539 -10.5270492497 1.75628061475 -3.14564150376 3.30761862274 -2.2254603364 4.03159961695 6.76231612895 
-1.30894516307 19.3695011968 7.51841044884 -6.7869664813 2.61116629219 -5.85118179997 1.29727471868 -0.200060080305 5.68359137276 6.14264960381 
-5.51938899177 17.2209049413 5.0498903641 -3.68207446612 1.6139557638 -7.44145998655 1.66508338654 5.74429078261 3.15474015554 5.41378845667 
-11.4166225719 17.4229952559 1.9200767785 0.672602106424 1.40600823973 -7.24652531212 -0.66695347443 2.27055535957 4.56446084497 3.58018123604 
-14.1225802238 19.74787333 -2.74870328482 6.24545904075 0.396213385592 -4.78730753393 -4.95328555341 0.568726461207 6.07858368497 -0.0614324069521 
-18.0195398617 15.4858795143 -5.55530737702 4.44970908916 -0.181055431754 -4.00446662483 -4.27100476137 2.16188025804 5.11817641089 -0.959042796625 
-19.4448503894 15.7352556049 -10.5878496343 5.29392512565 3.35899738552 -3.11781926912 -5.51920397678 0.0875655960335 3.7324784326 0.136679914418 
-17.2899084214 16.6340054344 -12.5443594883 6.0335507161 1.42641166253 -4.76318497088 -6.62591672974 4.22511158962 0.262841411939 4.11535403474 
-20.7337940111 10.2252294706 -15.2170939394 6.06472623839 0.476390990724 -2.09637894292 -3.71523922523 2.28411919885 -1.55928224061 2.03493381329 
-20.260424303 6.7537385352 -17.7983215505 4.5213692925 2.74783270799 0.690273380404 -5.09166420132 -0.746564052731 -2.61703979271 0.806564001748 
-21.7769823815 1.71134594908 -21.1799791205 0.792220764479 3.2866769946 -1.17888073528 -3.28402192371 -1.68743209177 -4.54556192854 -0.418270036395 
-18.7722887775 12.8341898383 -19.3614013662 1.05575421618 4.41805080274 -4.86794967953 -4.85509962963 1.06697939916 -2.3878462866 6.5654741278 
-19.7873386474 17.1196526193 -17.0820128075 3.86063468835 6.36314696556 -5.17762554295 -4.3459498769 1.17921451654 -1.97272202925 3.38923388784 
-23.0654904091 13.0137074204 -16.6544838484 1.18373329398 13.2601242897 -4.04617854258 -1.97766833605 -1.06741557939 3.5366802769 5.07701823691 
-22.5866027676 18.7540163833 -11.542255017 3.38516583449 10.6716452764 -5.43172962566 -1.72741019014 -2.2761939512 5.47595947261 1.84855021898 
-20.3364171695 19.5013933859 -6.4959685186 2.47751628598 9.87718791921 -6.39258996921 1.1332158729 -0.0585580415889 5.82909231556 2.08311316013 
-13.4510951963 21.1221110684 -3.3534413145 -0.450639247035 7.06848857619 -6.68216586786 0.976930032796 1.43983518373 3.70634301228 3.95446725095 
-12.1399990288 21.7887372506 -0.261852734869 0.693315862505 -0.225682959833 -1.9224568701 -1.10172017487 -2.56665228419 5.30745295234 0.0516326038401 
-8.55671543045 21.7107872311 2.27856585724 -0.361966372563 -6.7130750201 -2.28742647771 -3.86598874883 -0.965912237809 3.67998122979 -0.40506008197 
-2.53048783652 20.2873556082 7.06336672597 -1.4812053129 -8.7208492049 -0.118890544066 -5.83040436419 -5.45097224115 4.45442557797 0.758546307004 
1.42096226312 15.8835236111 3.52976275938 -3.86006108538 -11.7529124409 3.36793948652 -5.85551659156 -6.08173922664 3.26812825718 1.89896805746 
11.038491193 14.3882086306 0.223741584328 -6.00935074232 -9.50795590239 6.40701665749 -9.14998833446 -8.60687402846 3.70465704472 6.87926110525 
19.4444942385 19.0786016774 2.01367260195 -4.0225647683 -7.62114258338 9.48823820539 -9.14504444377 -12.2905675411 4.44089800599 7.45252407238 
21.9796088192 16.2161399411 1.05335471151 -4.42343761616 -4.3152574541 10.8904796339 -7.6188678691 -15.461261382 3.4118852069 4.79015081436 
27.1791847625 14.9646107485 -3.1732693789 -2.20312945279 -6.47355791867 12.336691479 -7.41751321909 -12.4511969858 -0.00534349312179 3.1418138327 
31.5544329448 17.6048604161 -0.188299526443 1.86315839035 -5.1394871125 8.39367923423 -8.84523658941 -7.62528975456 1.94158622405 2.34462012361 
36.5934527624 12.3464619498 -1.82695181801 5.07265505658 -3.3762953793 6.68118018236 -10.1387219576 -2.35730135841 1.94100856936 1.16351979795 
39.7600985818 8.58342900274 -4.26995118969 10.3691154564 -4.23072687641 5.54771248614 -12.9259824057 -0.0740046691784 4.61142618324 0.897384049782 
45.12890198 5.63899622995 -8.53837453216 12.264690046 -1.5375265687 1.90630611487 -8.55262644358 4.68824306453 2.40646206986 1.97672774154 
45.2299089154 -0.500577334633 -12.1376651421 15.2103387277 -2.39321732399 -1.87734807682 -2.82554052753 1.98168219384 0.420616118576 7.87890312862 
31.9211111061 -9.91017437658 -14.5186131845 11.7548128012 -6.10123929134 -4.56688299372 10.6777676985 -1.84946960104 -0.305181145633 3.68982356754 
22.3298171696 -15.6701581122 -11.0276596982 9.94846469331 -10.617840066 -8.8327935213 11.629982298 -6.44879763619 1.91100696979 3.30959432526 
22.3315452574 -16.0323763705 -9.21805470294 12.0559266841 -12.4886974497 -6.1084498375 14.3557141006 -4.51469987952 2.28157675719 -4.90944081555 
41.9521786477 -8.6410305496 -15.3880611114 17.4499968005 -6.01037059537 -5.13758816845 5.83387215776 6.15548244529 -2.53936980997 -1.29743274137 
36.9969670953 -6.05835678035 -12.8020038431 9.55334291648 0.258348713013 -1.89236531934 8.15815723947 9.96587578342 -8.63387141226 -0.418921258567 
39.6825977984 1.41553154261 -7.29533702965 6.38696255515 1.4061471499 -0.181972423089 1.18900340206 8.26555246098 -5.78609349515 -0.261901745098 
37.8516271399 4.19076339207 -8.26832153066 1.54253752509 3.22614925547 2.63120610415 -0.617260003342 7.79360641656 -4.00352473809 -1.2343731228 
34.5887932863 8.48123601426 -3.14256947797 -0.179185754204 3.68864779424 4.18753469011 -2.29905903257 3.15823002926 -2.28685205175 -0.94696562307 
30.046621727 7.83600695071 -0.0557110864308 -2.47839053681 2.75679090498 4.71548565829 -1.68361538193 0.501200738625 -2.62974879174 -1.063474123 
32.59286156 12.5621536204 -0.806039577338 -4.01264702131 5.07516474375 6.14663086948 -2.89917762143 -6.07343584664 0.188785049724 -1.99125087293 
29.0095627665 10.4980856821 1.1821016131 -9.90241654606 6.06725420127 6.32848059276 2.55897941787 -9.70009726309 -0.0274416795576 0.24931918242 
27.3518000019 13.9171098529 2.45133427296 -11.1444981367 7.04528111899 3.88706081035 2.30113903178 -13.3367321688 -1.27233715673 3.42442829192 
24.4385216059 16.4825832577 5.50423711521 -11.8076531129 4.0013102324 2.08956515868 0.705810803904 -12.9935128376 2.24063276116 3.76309525187 
21.2630815735 17.1522141516 5.86781447385 -11.2738691095 1.54537852704 -0.353859737264 -0.665875938761 -13.0883672625 3.76290748415 5.9569596925 
16.2945215263 16.8286851766 4.57080179645 -11.7167428453 0.561159482997 0.463579031192 -2.3477782593 -8.8818423621 2.9769942038 5.2081020365 
8.4635712623 13.9983829938 3.49801368249 -10.6988064 -4.61258212329 0.40080954715 0.250114457264 -6.11245276216 0.85137204407 4.1543038013 
2.22925995621 19.5298438727 5.16645464684 -8.88606246333 -3.34334820429 -1.15049420937 1.74107441909 -6.63420399993 2.87762130934 2.3873907011 
-1.77210616776 20.9376654396 4.93403112451 -6.20839743997 -2.96690378722 -3.63801463766 0.205161378206 -3.950045176 3.01326925827 4.40791119617 
-7.88519198574 18.8094244793 3.90417015095 -3.16107447075 -2.1536705162 -2.96289158957 1.56632235105 -4.29943883905 7.05395883402 2.24083312906 
-14.1420019499 16.835239628 1.7097484661 1.51528922005 -2.40590984637 -3.64821526079 1.16817738421 -0.393996003391 4.41592918692 -1.04409944444 
-14.8920115805 16.9270709458 -1.38931123949 4.21200471464 -0.915477178332 -4.82399731118 0.167873629663 2.42095956705 6.13186280452 -1.60557021138 
-19.2480946018 14.6306558891 -4.93515506744 4.29916612308 -1.68743917936 -4.73048230816 -1.82497762545 0.23908954262 5.95597425826 -2.47795894992 
-19.8169560568 13.52542079 -6.83942646469 5.45658920155 -0.0979706831359 -4.19636990278 -2.35321072362 1.16178387349 6.55761210344 -4.03177212173 
-21.9050373077 9.59222724341 -12.5508855206 5.60239061612 3.70893445669 -2.36527577469 -3.26987845629 -1.45206029643 4.45583801598 -1.62244279346 
-25.4508000147 3.23289157332 -17.0790590731 2.63050435184 3.53021551663 -0.0626044929099 -2.32081516016 -1.73466654202 -2.45516885295 -3.0879911578 
-25.5562408903 5.23601382685 -16.9249721404 4.53083042705 5.9215292681 1.42317797025 -3.18021245397 -4.83696251296 -2.34125661959 -4.86316302116 
-24.2133879525 3.35198936001 -20.0971406224 4.68343741068 8.29321508662 1.50590669632 -1.84561990704 -4.28646321478 -3.11458339749 -2.2017803428 
-20.6828491853 7.74473286123 -22.283135345 6.22585373305 4.26336696859 -1.97839579832 -2.45765846299 -3.32673119623 -4.49791361055 0.155289896349 
-23.2109982523 8.51291227759 -15.7245919404 8.39424182638 6.36683856048 -1.0717324701 0.298395026143 -3.46954511273 -1.26952408882 -0.552015496615 
-21.8154016441 16.5809364285 -14.3748778458 6.02548533901 8.79548189295 -4.02024389824 -3.69357731286 -1.99129839232 1.52490386843 0.45064268808 
-20.2432481763 17.671874721 -9.39713607455 5.12687665656 10.1801373301 -6.99981138279 -0.848866367227 -0.652373588284 1.69702671258 2.95334815307 
-18.3252367522 20.6137420916 -4.87437100938 5.21555231141 11.4390285816 -7.41015850153 -1.35918905421 -2.82514103989 6.30814655856 2.36982954842 
-14.6312532059 18.5519537001 -3.94438130321 1.43695792851 7.45841401473 -6.78422435959 0.541309940137 0.000241136094685 4.06844722433 4.88229106672 
-12.4309308289 16.7390140514 -2.5094618036 0.188768324962 6.0681701473 -5.33635464809 1.74082387237 -0.771669718178 3.97737708763 5.14024204806 
-9.72793062719 16.7555352531 0.771745032024 -2.21723091949 1.9474473177 -4.6875519094 3.44624147948 0.664940096912 1.71346885181 6.89318040313 
-7.43800109244 18.7175683412 1.98346971295 -3.43476883974 -5.35054941049 -1.04704822524 0.651332364029 2.09284244469 -0.0769065036935 5.18069561673 
-1.84556694589 17.6760345693 3.40613057686 -2.87856665561 -8.6929038291 3.21697070193 -2.30811618244 -0.244585405779 2.36539072355 4.8692038062 
5.03260721038 13.3811447482 0.882096278812 -8.00282049203 -9.42128225279 4.90607986988 -1.74975187216 -1.15797014336 -1.23189791959 7.07177964627 
8.50640011028 13.9404320976 0.319681766849 -8.76628001052 -4.9412695202 6.69998154659 -5.80285274789 -6.05589429409 0.763211200546 6.23209749969 
13.8946759949 12.7402308063 -1.8475093045 -8.05374892375 -6.10168340818 9.67725280141 -6.40199321772 -10.8780853321 1.95279609627 6.37358261942 
18.5377990381 12.1462154193 -2.84100605394 -7.59476354614 -6.06849838072 10.8106195776 -5.65103059927 -11.7279420142 1.39473944955 4.25007691085 
27.5919847884 12.1433150462 -4.66361575999 -6.81298981519 -4.02176341779 11.1638098922 -6.16274117941 -9.9251345082 2.29354330959 2.76006268322 
34.0760692316 14.8231462848 -2.08492599762 -0.973577971803 0.677209242818 10.9725302625 -10.706335186 -9.68072310121 5.76617110545 2.86584779873 
40.4917624016 14.6321355906 -4.86352867258 3.72465347632 3.82987407418 6.99757512114 -9.98846958374 -0.0510896919152 3.11578593042 6.48586489641 
37.5128869679 7.9648056529 -7.10427565905 6.57416854968 -0.724001764668 3.93480477844 -6.88208944693 5.10418271075 1.71619449267 5.86814225702 
41.8001457224 3.14883381021 -9.81462905358 9.99556941727 -0.78641345832 1.54855901427 -3.20231929241 9.03199756387 1.25317069698 6.05407921529 
43.3615886383 1.31155620632 -11.7300817997 10.5568934186 -1.72522499374 -1.99846652597 1.64583083944 3.13266760114 1.62412057964 10.4415819923 
26.347344437 -5.41982208503 -11.3775291468 5.394980596 -5.11738462091 -3.3013032052 14.1040566751 -3.70141404607 4.88099199012 6.35532379943 
20.0521011428 -16.5969497639 -13.3959646819 4.84893846172 -5.70893710701 -6.83186195421 16.5461391647 -6.41618986164 5.29104983923 0.921982543422 
22.6862241868 -18.7215285332 -12.4720242362 5.55132733409 -6.25142052968 -6.29998499012 17.4768090233 -5.20458180915 6.76436827743 -3.76426585833 
44.0445296736 -5.93830839572 -15.2629476651 14.0320545243 0.69873954747 -4.81466561958 8.21383380062 5.06498838045 4.32052387134 -0.152672809725 
46.9571428701 -2.50868024954 -15.3549601164 9.89596038104 7.23227107216 -2.09853528644 6.63847851012 9.30437577984 -0.11843037088 0.107025663992 
47.6227928584 4.08029181795 -10.6371222537 4.42526453688 11.5773731484 0.764894079888 1.3168404968 9.0342797077 -0.761772600916 -0.0703126933761 
41.987286767 5.18392088532 -7.83366597691 -0.733308562661 11.7479431113 2.93296719128 2.38969231502 9.64089547968 -2.17667013606 -0.608942715026 
32.2429677848 8.14259262533 -2.72966166269 -2.87167352543 13.0914675497 3.70852479529 1.34805869952 2.69475008484 0.717565630429 -1.24694739022 
30.9843826169 10.2787226715 -2.3387353399 -5.65136335882 15.8168933182 4.98827370719 4.60255489552 2.68293950044 -1.22001022901 -0.569502709338 
31.2684619677 9.64726947433 -2.89849950625 -11.7731953168 17.6161540601 2.89520181929 6.94289620296 -0.188420240258 -1.42342172643 -1.7949963231 
30.5618161297 8.4312676041 -2.33968448862 -15.8144919415 18.7382155461 2.19543302847 13.1177094755 -0.580645680508 -5.10882680777 -1.12426198621 
28.374450912 8.40001238317 -1.84141944043 -17.8756666648 18.5716364762 1.59104096141 12.9830593225 -4.85563302237 -3.75515795812 3.56014220514 
25.6033812813 9.80218927977 -0.65586930684 -20.1080285027 19.4214016895 -0.476611359307 12.2447669933 -6.61352326953 -1.00102738119 8.91000543686 
20.0362967493 10.7385795284 2.64715515733 -19.2779221382 17.0623729661 -0.349946025146 11.007856945 -9.76033981619 2.14411699264 8.13397899524 
17.812112958 12.4869529404 4.21396874535 -16.6169453551 11.1899390733 0.433008356887 6.91669881984 -9.46770656601 3.20046752104 7.34495715725 
12.4141361704 12.1994510299 4.28428813319 -14.5674313348 6.46196620214 0.549795558035 3.42119250331 -5.50249603223 3.2827928364 6.76632825508 
4.83807735367 11.209885268 4.22027421673 -12.648959705 4.90927475871 -2.34458704839 6.09766812155 -1.38637683831 2.90628127901 6.07493519618 
-1.30702983194 11.7103046964 7.25484453483 -9.07992182855 2.75155470094 -3.32907240481 5.26589493845 -0.82040693512 6.2354090211 6.41083874337 
-6.48471585575 13.6610778265 5.22555622405 -4.70672536338 1.31219803323 -4.892072338 3.31870339489 1.87856193756 5.51506018331 6.54688347884 
-10.4986637056 19.3687639842 4.0180612292 -0.562460623979 2.62405320953 -8.06520226994 4.37832964348 4.73696304037 5.56020557474 6.97513588843 
-10.8590714114 15.0811034955 0.497865573321 2.29874324108 0.412642099391 -6.16306743749 1.11569711992 6.39840590301 3.27130474028 5.50516161351 
-16.4067051638 19.8572945903 3.64312175137 4.58187250741 2.3358060611 -7.88787408792 -0.0995120511585 4.51541895605 6.33567034743 1.6734218129 
-20.3117983423 15.8871256033 -2.53822965602 7.83864455101 2.39858457332 -0.621997961635 -1.34975165751 -1.14826867002 4.58296983349 -4.1857204917 
-23.4931851395 11.0399859457 -8.51928786902 6.64894901005 3.07483451336 2.43343703619 -2.91341484324 -2.48717279581 1.46304066449 -5.53925657169 
-25.1045907318 10.4841434353 -15.2533060855 5.55157481457 8.2495440926 2.24754330751 -3.73446421585 -5.06274714162 -0.769193124098 -4.34874986385 
-22.7658447832 8.91784843098 -15.2780473268 5.67583870852 3.94636489048 -0.152609946848 -5.35927672421 -2.17231661353 -3.17419986377 -4.19345258679 
-23.112261356 7.06176989241 -16.4444261491 4.81076570006 1.82266627384 0.186020855235 -4.38999253972 -3.44177855163 -5.67485273835 -5.11743327831 
-23.3560663213 7.23755306603 -17.1865325438 3.36030886771 1.28857502904 -0.20864544307 -5.16591296613 -2.37630224221 -8.2749518086 -4.18807493872 
-20.5405819284 5.33372143829 -16.3290059259 3.26283902472 0.110192700331 -2.82964787346 -5.25543029369 2.3886028784 -7.68601258084 -0.806117935533 
-19.3827112989 9.12602193921 -14.4622813503 4.55059880266 0.456444625592 -3.12569705098 -7.12084509576 1.25837536023 -3.42666806252 -2.26417198957 
-18.4699423748 12.6777089266 -11.0067893769 1.3009011856 -0.150589657291 -6.13561625033 -5.32048758413 4.72730611525 -2.84822882092 0.764030652127 
-15.242486636 13.7452412761 -11.1912443319 -0.612619520706 -0.49066897993 -5.92090521884 -4.48689530465 6.24497825828 -0.913094831107 2.56159227572 
-11.3215406712 12.4359106972 -6.58266967216 -3.61929502478 -0.207119027184 -6.03543247742 -2.77342280345 7.87541212433 1.15746866914 4.71704464811 
-12.1088545957 12.375146386 -1.48907076621 -5.54430792254 -2.54155059458 -6.25798825239 -1.59258215689 8.02651704749 0.886744986972 2.99055981985 
-11.9900679705 15.8545245905 2.48633366317 -6.36780773798 -3.96839641129 -6.06612674059 -0.563501726422 7.96145800565 0.637891675958 0.978699328587 
-6.88209430362 13.0942678198 4.65677613919 -7.83888369568 -4.61939668147 -3.32772387418 -0.0329485863194 7.41081390417 -1.68843676526 1.87652982506 
-2.98401536635 14.7756603061 5.81758304203 -7.86892542649 -6.81652281206 -0.970045571818 -2.22985540474 5.54719732181 -2.1285823527 0.552478384588 
0.868063082512 12.7126498446 5.12495753704 -4.94549515472 -8.58236155494 2.09664509859 -4.50643999269 3.76163221472 -3.3197627286 0.0771355640269 
6.16310231506 8.54564973235 3.2310045071 -7.04326179839 -9.55825826497 3.23165368977 -6.16788264524 3.37805971838 -2.37658723373 1.71016661871 
9.30599019007 1.27513560638 0.815754382526 -10.6162461203 -7.27213920804 3.42211081912 -7.86695920934 -0.159498907831 -0.694225658864 0.631678502094 
12.4903145632 -3.54025163701 -2.82318870035 -11.6708351897 -6.37098615998 4.50878283792 -6.23459438356 0.129127107264 0.401247545047 -1.78600659945 
12.7981790889 -6.86946984595 -1.81348261138 -12.603103827 -4.98944934073 3.61213015101 -0.922055758767 -0.977419343852 1.87064010611 -5.93027966259 
13.709174739 -12.4497110322 -2.16075017705 -12.8471744716 -5.32201961291 2.58546675986 0.659787350088 0.188928892967 4.14389486177 -6.42720223182 
18.3943878852 -14.6589798716 -6.25466619856 -13.7890117325 -5.01530785007 1.69415900154 0.540910433674 2.22947310532 2.61925611032 -7.16603347739 
9.53217240638 -20.3047148807 -6.98708907397 -11.5043292966 -9.03738867847 1.46810124655 2.31875621164 0.954552953934 1.66343323339 -4.3028974797 
6.73421060118 -27.7921080879 -10.0103684197 -16.5501671331 -9.47807526897 -1.67200473385 5.04763384372 -7.67856546301 4.19194516572 -2.45203952896 
-0.38120488519 -32.9066552183 -12.8174380003 -15.2428015998 -12.5271665384 -3.38095073576 7.79614534579 -7.9064233498 4.4818486245 -2.58787027805 
-7.96189255362 -35.2566069256 -14.0362506068 -14.5012619002 -12.1178879432 -4.04619622743 9.81911311942 -7.27768711994 1.14032117094 -0.247219657637 
2.44683436622 -26.4582522382 -14.9764189082 -10.7563611118 -8.19306522532 -7.11255803427 6.07059711843 -4.77716394479 1.79217047795 0.755683980997 
12.1107829693 -22.1809552657 -13.3613038446 -11.581035107 1.30033142192 -8.80552231385 5.57290189108 0.132752159357 2.33968276229 -1.34634646952 
9.48661514055 -20.8624281932 -9.74144831063 -11.303614188 5.31680930226 -8.87453987069 3.45578465986 3.11205085328 4.18560134043 -3.49764274444 
11.0628126957 -20.8774496694 -8.64639608103 -11.5542838128 5.67474819258 -8.93908144318 2.10970524996 4.18609583778 4.39995795528 -3.1780498017 
15.378449672 -16.5504207047 -5.57403425258 -12.5047355372 7.39565932158 -5.24302566275 -1.0027807546 6.33203912328 7.73930498921 -7.43879959618 
16.1696195739 -16.5365692575 -5.58410316045 -13.1378466239 6.87659074523 -3.45284638464 2.12731356879 8.10671544391 5.15009744991 -9.358421837 
17.7121874772 -12.2920800042 -3.14451433887 -14.9458840214 8.46163511117 -2.49058022979 -0.234104708333 4.72233777544 5.23524790089 -6.85558572073 
15.2880616608 -18.8546536839 -3.08470929169 -15.478597566 5.62515069062 -3.62829368521 -0.659603639005 6.52365073774 4.15347076027 -6.74269777386 
8.41563326981 -22.6123281137 -0.653815079157 -18.2502153227 6.09707475405 -4.50780255901 1.62741680541 0.695138930723 5.54184276647 -6.63724446773 
12.0973607084 -16.786751144 -0.0939803671817 -16.9925130066 8.7092121858 -3.25652236301 0.0757090174453 2.59203171623 4.3853903638 -2.33456714956 
7.43367455895 -14.6757256509 0.998121169951 -16.8104479755 8.35786213194 -3.60270553906 -0.269125524455 1.23464364227 3.00463906457 -1.04618211785 
2.78855640054 -17.1486454882 0.372397765003 -18.1779849025 6.72989951419 -4.65504901101 -1.83621834223 3.02455473415 3.04255480861 2.21233593522 
-1.88630307492 -16.9305097755 2.00149772915 -16.9285922584 9.47593472817 -5.17622710587 -2.45429446409 2.85996469311 2.06792479332 7.73799376464 
-5.0432184625 -15.4654794691 2.39593851777 -15.2021676956 5.40276567172 -2.90496301215 -3.50322867816 3.3308840781 3.60212700807 6.58242628364 
-9.52388859186 -12.9733996921 0.806317491519 -13.3859401755 5.56223096278 -2.50237532997 -3.00770076253 3.83790628578 3.56197838757 7.7337300418 
-12.1499745357 -9.03548829438 -0.819102938052 -11.3239999785 2.96257117053 -1.93258816748 -2.74388263661 8.34559954825 1.72268615816 7.43180707107 
-17.9480817693 -8.69245191166 -2.16306005196 -9.37237278891 0.48372616582 1.59115075231 -2.64328800366 7.83482029236 1.23482709217 5.66790967955 
-20.9134706891 -7.00489557496 -2.3737564458 -6.51474293076 -0.971575700207 -0.191669047011 -1.87436824951 7.78751052881 -1.28165234892 5.26377569784 
-20.7022601135 -3.91838004835 -4.28118066072 -3.94201119377 0.422278480653 -0.340274000789 -2.70417902236 7.86963123911 -0.962771563 6.46096495256 
-21.4515830755 -7.68071882109 -5.67861221005 -3.55248513041 2.33652388454 -0.820088635228 -2.53460974876 7.66277282285 -0.307834424211 8.00814730856 
-24.1131653234 -9.16471703123 -11.1540230414 -6.02233175847 2.62313104078 0.466236050223 -1.80945227149 6.87951317543 -1.35449596319 9.33903031513 
-26.9647716935 -15.4977752223 -13.3796411891 -8.66053972626 -0.706725796327 4.84300722641 0.707924062649 9.07891472564 -2.67982277469 10.7666639667 
-23.6722291809 -23.9402389207 -19.0897175584 -9.41462013559 -0.717173067025 4.17950034615 -1.93883255056 6.48027716112 -1.59437443025 11.6586423649 
-23.4422587716 -24.9923801304 -18.5002961772 -11.1837373455 -3.12247314547 3.48949692472 -0.847897700995 7.52031676952 -1.36036071343 10.388568366 
-22.299375852 -15.821598272 -14.6782888763 -8.84182599044 -3.18562454843 1.3466790478 -2.44361290787 9.46923746345 0.693707271036 8.74758577476 
-22.7898817509 -6.42025596586 -12.6989754213 -6.95613123267 1.74499671173 1.5924139618 -2.07150142395 9.26216482212 1.70830332564 8.21021281748 
-23.2321089391 -1.78046120038 -8.67901976517 -4.03203849812 2.9290802412 1.71212933809 -2.60510715716 8.15000922347 4.11888321224 5.22663600301 
-23.1351576843 0.626563682351 -4.21532216217 -3.3305147211 0.692710479792 -0.743745228766 -1.74342186123 9.41840852047 5.79797057348 6.24934141902 
-19.8671831877 1.69493659488 -1.11715618887 -3.76543300686 -0.0907642479282 0.764676616387 -4.09669408535 8.3036607179 4.68813529543 6.13959103862 
-15.9309675121 -1.80902384139 1.99877551355 -1.56227027312 -2.01441801024 2.4397218129 -4.71723585664 6.67283944183 4.6274180431 1.04471470129 
-16.2461603662 -2.45577486009 4.68521630151 -2.73493188915 0.327486528297 0.923415907269 -3.85564342659 6.05291393611 4.77433049958 4.34724115534 
-13.0747423732 -4.18220841739 4.47652468886 -4.22004774307 -3.03533612429 2.57218168054 -6.29184785948 5.1274121265 2.46569411161 3.73637006208 
-11.6675475029 -7.89349095708 6.72650520244 -6.32379447383 -5.68828524282 1.30206345161 -7.37669932831 6.58091173854 -0.854079149861 5.93109234312 
-10.0508138918 -13.8063790451 6.81395034434 -6.95855366278 -6.42284617307 1.04608162619 -7.01364062471 6.68457786371 -2.31648499185 7.17985978925 
-3.92327926322 -15.707129636 5.98993140495 -8.91158684776 -3.6505063758 0.855190940797 -9.57350223408 5.13577494232 -0.86008105285 4.11673102074 
0.640051869949 -20.8337406587 3.77371600867 -9.67738645944 -5.46466983212 -0.411813930402 -11.0042621706 4.18856087174 0.440666046729 4.40852904858 
-0.388283923405 -24.4263253028 3.17952596727 -8.61295392827 -5.28750349197 -1.34820462486 -11.0828632524 1.59313112101 1.62102200712 1.45128420821 
1.9240709691 -28.7285330235 0.895260920543 -10.0984311959 -3.18965042256 -2.5936210092 -8.18291647648 0.669623686265 1.87774481904 -2.54948488836 
3.58588851312 -30.7472231337 0.23834362193 -13.1164225486 -2.08022002117 -4.39229266616 -5.8710137306 -2.603203968 6.22684075407 -6.43054776732 
1.68349373098 -33.9427418202 -0.045643888276 -11.2596227104 -3.25593973478 -8.72024475477 -4.26808764856 -1.58025628564 7.1769697151 -8.2994114535 
-2.04936231952 -38.7899614364 -3.56103845958 -10.9287768507 -7.43914641445 -11.2150539702 -1.05368822828 -5.13832453098 6.69248574114 -7.28419334631 
-2.22002453545 -40.2445578597 -5.8777724744 -11.0682289849 -8.26413532964 -13.2552850286 1.08786236148 -6.48240273205 8.83442430466 -6.00928496112 
-4.18030323518 -40.7404419525 -7.17094549232 -10.1964663142 -6.72943049318 -10.0386639673 1.33028801532 -6.25811015027 6.40914394281 -4.39012042829 
-1.24613843593 -40.3471898696 -7.21349848579 -11.6986396044 -5.32444596714 -15.2794520378 -0.846701153878 -4.72890396958 11.6330661534 -0.362430074126 
6.34151019531 -34.4338286121 -4.74293215551 -7.58564126634 0.752751858807 -14.1397574806 -8.16070544318 -3.99529538182 15.3118720022 -4.0825402114 
10.0757244438 -27.2066069356 1.59888318999 -8.48773439105 5.86592527645 -12.7631606138 -8.04445868754 -1.05865351905 15.0631902905 -11.5917489511 
10.1494674156 -25.2024971033 4.21432298665 -9.80597327836 7.27945306113 -9.33345725352 -6.17248969792 0.86838989939 12.8677950521 -13.8157346949 
10.4730958538 -20.9429499018 4.02941653877 -9.6159653595 7.91738662763 -7.67387901133 -5.50525477491 4.48927101303 12.3716498826 -13.5379367749 
11.2566864962 -20.3029271861 5.10387831718 -13.0430806329 8.08472060343 -7.53789526968 -2.97894971024 7.11387967645 8.67277033093 -14.3084263682 
7.03930632603 -22.6089708276 4.20917028146 -15.0900353412 5.04233633459 -7.80516841667 -0.724852890339 7.16690442424 5.79926003458 -13.9088920697 
0.434197151784 -24.8098939467 5.54541538276 -15.0958754904 4.77242360305 -8.66310791782 -2.98063348844 1.94161304305 10.804865519 -9.31558655204 
-0.923233658012 -26.4075041607 4.53078466023 -14.8052590337 4.48417944151 -9.61083145345 -4.15683099343 3.13021486604 10.5080958352 -5.9674539601 
-7.12970174879 -30.9285880922 2.43867582997 -13.6729253084 -0.72460234889 -4.98082683248 -4.61170446408 4.81717689072 6.894724795 -3.90807461257 
-11.465470757 -29.2106757486 4.46180110654 -13.1944357431 1.05739653483 -4.3514396873 -1.55412524773 6.17479078061 6.56757564392 -3.48413319143 
-13.1089066518 -29.5083263452 1.88417917288 -13.1386576417 -1.10569975319 -1.77853742424 -1.9280603956 8.08096376002 5.31864844048 -2.64309779452 
-15.0926875199 -24.0217292917 2.63679005843 -10.9029576132 1.86247571912 -1.47690029346 -1.28221340297 8.58812168931 7.04431908308 -2.55274312932 
-17.3183901376 -18.6162332944 3.85043064592 -8.67245954596 1.48528245665 -2.157164837 0.705374561205 11.1947938837 8.74152540443 -0.308219710858 
-18.0803400767 -15.4183294943 4.29938572993 -7.02094267078 2.60123280013 0.522822404737 0.317398307882 10.6739424917 8.47239361721 -0.183195557725 
-20.1660749982 -12.2237355243 1.97790039596 -5.72170498657 1.6685980373 0.329628405356 0.346579307205 10.7810186601 7.71176536634 1.20994819877 
-24.9572719875 -11.925693513 -0.444135033021 -5.91457769601 1.778183189 2.46625752984 2.25794169459 9.15803367359 6.56042315504 3.65121598964 
-27.0408992129 -12.8611796378 -3.97965530673 -5.5128237094 4.60616482493 5.42534463896 1.44566000306 9.10217173433 7.05725011119 5.0495450508 
-27.0650871306 -14.6121678507 -7.36286451198 -6.91980158571 7.12342111362 7.88524081164 1.8564644573 5.57612390389 5.91983347419 3.99562936614 
-26.7249319428 -22.8240286435 -11.4932944925 -8.40639838166 4.82205179122 9.06182446452 2.0954542135 6.40815227335 4.77121498101 5.23142476903 
-27.2205575844 -25.9785397323 -11.5823432234 -6.44482284728 2.65874028589 11.3027794544 2.00033290057 4.94067019553 0.48012583854 6.62274935042 
-26.3208370495 -32.0306646409 -10.5617497369 -6.06095078494 0.0950880066157 12.3653952022 1.94302480642 6.15009842442 -2.52373614631 8.51759511701 
-25.3991582147 -32.5859988915 -11.2737436405 -5.78124973528 -3.04737538305 11.4954062235 1.29770919299 6.3890201413 -3.84698915991 8.66798266764 
-24.5315293131 -32.5510231096 -10.0845263819 -4.86108885656 -7.00000386957 10.1296690021 -0.712379076315 8.97837784023 -3.22237265805 7.98436581386 
-24.6615219304 -30.4400653297 -10.4966691382 -5.68332430263 -5.76783264627 10.4124815398 -0.644016292806 9.16699451139 0.567590840948 8.41025455996 
-26.2185654393 -18.9394016929 -5.89335915149 -3.80364378629 -2.95657030783 7.35495476146 1.53971006035 9.1991059701 2.29262882497 7.9194003551 
-26.9615666923 -8.5231754187 0.459132798697 -1.08621389492 -5.86467983516 3.69965407272 3.16222068136 12.8935664541 0.883221919037 5.78816165815 
-25.5882159286 -13.1920337995 1.06011983665 -2.80607141059 -5.47893434434 6.58716121095 4.35741136481 13.9466239181 1.65707076243 4.60211302646 
-22.8294789681 -10.4893233824 3.41266560481 -2.44783371182 -5.50007646674 5.65580319224 6.16239531402 14.0534848529 0.494002370463 0.314340620015 
-20.7958407986 -4.88752956716 4.91420090904 -0.855600773192 -8.48068837992 3.20462290029 3.68296273816 12.4896024486 1.9215935762 -2.32728361938 
-16.3712882391 -13.7346247479 2.57094187521 -4.4448858122 -5.74578327016 4.54368927417 1.91202184915 13.7376152476 -1.66270564382 -0.549949630161 
-13.7303744622 -15.4396208421 4.35020824435 -6.77572833353 -6.47419134172 2.94343160252 1.30142642922 12.6901582772 -3.36425923523 0.465521862771 
-11.2489858657 -21.4556915523 4.43933696308 -6.48486985789 -6.71908587596 5.77381361335 -2.00911574919 10.6344031292 -3.71558426476 2.26567151088 
-9.85134577854 -20.381787051 6.99201675085 -3.53924857233 -8.60132876387 4.24653403972 -3.84467745279 10.2539432836 -2.18635493698 4.33283644028 
-7.41930370773 -22.5518611964 5.90755612409 -4.88712044829 -7.33498567975 3.78820425121 -5.08735481149 8.63659197884 -3.08631222874 4.81215998469 
-5.66919196196 -23.8497882703 9.48726885277 -0.738259598451 -6.68564980575 3.37968332777 -6.97702944138 5.26053461912 -0.60637335276 2.1713279103 
0.762221619814 -28.5547872345 8.68118779391 1.49893389558 -5.54132814258 2.5587254099 -12.6660216374 5.85677875085 2.03742312911 -2.73909475031 
3.03116179073 -27.0488023264 9.1837094598 3.78645605357 -2.03953831575 0.741637105763 -11.2089290605 4.82315902992 4.30059947655 -8.85060044794 
4.09592222214 -26.4922957367 8.72043066304 3.87931397255 -0.238690768413 -3.8384199877 -11.9327443851 0.62532011421 3.99835592888 -6.37956173252 
5.14365533471 -26.8522534342 5.60444918014 4.43807147966 0.313913332938 -8.43107319454 -12.3271166371 -2.04232134655 1.95332391174 -0.352406555922 
7.90818879357 -25.4244925538 2.75938495901 5.31641563298 0.863618548579 -11.2919249266 -11.1106225816 -3.68548982236 0.943410796038 2.83905205634 
4.30804781213 -28.9881394846 3.4935715198 2.93243620588 -2.39585459578 -10.5628089119 -8.46523796829 -5.76608594625 -0.413070613706 4.30099144809 
-1.64069234287 -39.8462054594 1.17186537251 -0.298675534462 -5.68695106124 -13.014104053 -5.9962306323 -7.52464299639 0.0282423552579 5.70589649396 
-2.67447735813 -32.9662978771 3.17159607438 -0.981062576608 -6.47877194093 -11.2225556857 -6.57980752945 -7.31894966942 2.02763350383 3.47308767924 
10.8025378734 -24.3259524084 1.9055725743 4.0301912969 -1.11604923347 -9.39986563591 -14.2678272356 -2.50671784193 2.63650812107 1.10966376083 
14.7905463373 -18.0958945483 5.58378875166 6.88948768598 3.47194167082 -6.04349375195 -19.1342159965 -1.26260428446 5.46702303807 -1.34068259 
8.12504226841 -22.5838125123 6.28258331815 2.10526203954 4.7330320566 -4.76004942118 -13.1063340067 1.18529241319 2.61824250545 -2.28416716308 
10.5657777186 -20.2061234594 10.5045728118 1.57647949431 8.078940493 -2.93760604487 -11.5276854147 1.45142985434 2.58603126133 -4.13643325214 
6.70340110017 -19.1262236625 15.2415462401 2.32694259996 7.64340466775 -4.98930428722 -9.55299108931 -0.435253529009 3.77200486695 -4.371120845 
-0.29157127908 -21.3737109712 16.1490769897 1.71525107985 4.54945356915 -5.7175183258 -5.92767308501 0.117770071366 1.22043523733 -1.6481812421 
-4.95687783389 -19.4565520882 15.48923282 1.2547728942 2.85154014291 -6.33199905727 -3.78626104099 -2.68211030679 1.40710460016 -0.290728962983 
-8.10573333846 -20.5451138328 11.8252730711 0.939455226211 2.69695548563 -5.68353069512 -2.89674322861 -3.82902736769 1.32783432375 0.777520353569 
-9.03051973945 -19.7140467718 13.0039499712 0.741422543639 3.77577108485 -8.46406661052 -2.31761212949 -3.86303727359 -2.75544989066 4.33036147831 
-12.8147438122 -19.1600793551 13.3686357143 1.72995418669 0.581515236473 -5.30293597082 0.151959075228 -1.14439444865 -1.30533113912 5.11888644396 
-13.2125764592 -14.492551348 15.6918909909 4.11832088113 1.52934154841 -2.6438246641 2.30381091429 0.814268884396 -1.92276731045 -0.746910720435 
-16.2987449198 -8.77633623881 17.6408204553 5.00200085089 3.82597816289 -1.51357083884 4.98129795541 2.93578422639 -1.53931879818 0.302739200337 
-17.4126406948 -6.64229015952 15.2559145988 3.7311080177 6.96991491053 1.61100048906 4.18515905492 1.35045732614 -1.25588682637 1.26382961029 
-15.4435580941 -7.89711517075 14.4177916429 3.31661029875 8.49500881436 2.17638011269 4.0328250881 3.53095326612 1.53975724336 1.94141258769 
-17.9454543871 -4.5499306302 13.1989641618 7.36419220023 6.95874460665 5.51239311179 6.26349061891 3.35347510776 1.92616137214 2.28587318418 
-17.675532833 -3.91666554346 12.2057682789 7.40935478855 6.18745827666 7.933949861 4.92701423328 3.31087937372 4.09704765088 1.4241301684 
-19.7858900101 -10.083291395 6.86558588579 7.41635900879 5.15696855634 11.1797752483 4.44325309308 0.0176080255285 5.70573807124 -1.37163254152 
-22.1748364777 -11.7028049138 3.12027934981 8.28446447105 8.28922298718 12.6111332879 5.01927422626 -3.74880795698 7.49139366654 -3.49391787907 
-22.6780794375 -16.1696963013 0.0779901479218 7.28353717256 9.93187838139 14.4917691896 3.73158897044 -2.76230093019 9.68367176849 -4.23849509667 
-23.3830016727 -13.8963561675 0.0412520057766 7.60645006492 5.99410016914 12.5368536622 3.34306235937 -3.74682084217 3.57395610049 -3.0997156157 
-24.1017918999 -18.3397025847 -3.95462528773 3.15511351262 11.0777565622 14.0270612675 5.29705332685 -3.68345159698 5.03615912932 -0.836061552914 
-24.6958951953 -25.6928357407 -5.34270291075 2.68713499475 5.78342965143 16.5055898284 6.0345955357 0.6180005615 -2.09855270117 1.96294292827 
-26.0074719411 -28.8668156633 -7.53297063603 -0.357453681214 4.93112974217 16.4270437519 6.02057797421 0.833872183832 -2.71086691849 2.25792891371 
-24.5299886814 -31.6349308664 -7.65495788255 -1.97937516067 2.54591625602 16.0785519894 4.64854984259 2.41393634697 -1.92866805711 4.90851098809 
-24.1959370539 -31.5286151226 -7.87082529304 -3.79067939941 2.83414808545 15.0720949121 4.00766276856 3.1373387188 2.46609586148 3.54093785512 
-24.1289198028 -23.4728658323 -6.03785722899 -0.372387432354 5.63393938041 16.1144900641 3.28815505232 0.581800740564 5.64757012156 1.7156667652 
-23.1275327676 -20.5286717405 -1.83547677023 2.5035082085 6.67394799817 15.7595101986 5.129487469 0.174633881471 6.2726361732 -0.515954606006 
-22.9227027851 -20.8200567277 -1.10014131831 1.98077333876 5.04776316379 15.1493003273 4.15883700754 1.17021301869 4.81151618334 0.944780728331 
-23.1605942265 -8.7071539947 2.7531045943 7.02005581716 5.18403821352 15.5083314334 4.60283218485 -3.56509003657 5.77605328137 -2.72931549231 
-20.1557238579 1.30830843131 9.43511325128 9.94438881194 -0.863440703275 8.94375407115 1.75203371426 -2.54737810748 3.61507702543 -5.05928575404 
-17.3692283271 -0.47693711329 13.1627209274 10.24846583 -3.80089307061 4.91287906028 -2.42509444327 -0.37218686889 1.23786254864 -6.08618606422 
-15.079970992 -3.52747884345 13.2842156218 7.56015162349 -4.90026690617 4.37245072137 -4.07038529048 0.182454757441 -1.79337948399 -7.00637238248 
-13.7826519477 -10.1015672195 11.7021583781 6.58801568221 -5.20431723356 6.36168247796 -4.04343644817 0.825211734158 -4.63874157491 -5.32556269372 
-12.2773553877 -13.2440448849 14.0202558228 6.19913753941 -4.1733016677 4.34430689548 -2.1142207885 -0.0395230649125 -8.1283404451 -2.3957500477 
-9.4681607327 -19.5180706877 13.3655267361 5.79409528863 -4.28197727737 5.11025165563 -1.38832984264 -0.994381711421 -8.64179557588 0.661364378535 
-2.75952467739 -21.5006710962 12.8976863644 6.38498316737 0.181353405577 5.44739363383 -1.33440477591 -1.06755376349 -7.00389656957 4.5710886643 
-0.141020173818 -18.5418245282 12.1252483312 5.78530102244 0.409300813908 4.24883537179 -1.67203294374 1.56970850091 -4.87014078957 2.44454978004 
5.86103082227 -17.5471966779 11.0151889044 7.24698232433 1.7523684821 4.25890972701 -3.69262516308 2.27739042914 -5.45300199012 -0.830428521291 
7.21525620778 -15.9162581691 11.1758133295 7.75254670662 -0.307508254408 0.831417519066 -7.44155263516 2.35467287137 -4.11207828 0.135363703336 
9.5716143448 -15.471802584 10.8028938376 7.88047502178 1.87309286272 -2.48495348357 -9.00969680093 0.270820676244 -4.49930495442 -2.64536797466 
10.346405504 -19.5131870592 7.33565156159 8.25187904737 0.189865223569 -5.72372410234 -10.0068560292 -1.74334242974 -5.41716206718 2.57927486727 
10.1099338037 -19.9992888608 3.23250813188 8.1949024699 -0.469640996422 -6.14332226102 -9.0824038039 -5.38878444859 -5.50850386538 5.74837829564 
6.72069243086 -26.9091822226 1.77879319253 4.61618451599 -4.0512268654 -9.9222876718 -5.22756940968 -8.01950682934 -2.64541710723 6.76410527081 
3.7896027256 -36.7083336071 0.705045611409 6.35906271764 -4.6732102817 -5.29677609808 -3.08688981283 -9.16929002125 -1.4504179646 0.515486139333 
13.3897560183 -31.2208981982 0.748948440031 10.4558671241 -1.17529745273 -4.03642734049 -10.5160223374 -7.93636587743 -1.16826626283 -3.55506497628 
12.4632007457 -25.2820615041 3.05465316518 9.31743515002 3.38577323499 -5.41907133441 -7.04979067028 -6.79064172136 -0.447594371439 -2.77487088518 
11.8993510528 -22.9608655825 6.40202894604 9.82881155446 9.23812836286 -3.94161014223 -7.96656430189 -4.33012073886 -2.92889875549 -2.75231051872 
14.7371838038 -13.4635902084 11.1149673907 9.30112004393 12.919809302 -3.34014138654 -10.6783511119 -2.6361139414 -3.95353646072 -3.36444322503 
14.6328154849 -13.3834725628 14.6663575745 9.06094986945 13.0648701839 -2.74405840435 -13.0991180909 -2.26470850556 -0.698020832528 -6.11564972389 
11.0508698159 -12.3036597536 14.276040058 6.06728880067 10.1352939521 -3.48573950232 -8.21683249191 0.0744409971178 -3.25515000588 -7.3069012764 
7.83222769035 -14.0964274123 15.1111189642 3.44465655198 11.9935226966 -5.46459468475 -6.3756662029 1.36860338145 -2.4277191427 -6.8648028377 
8.38578385629 -8.4239168138 15.7108526308 5.45321244578 12.4472325713 -3.13831852497 -7.74877578058 0.123166392638 -3.07807473466 -3.59723955249 
3.97882003018 -9.29760667936 16.4613860847 5.5903053054 11.4968796355 -6.26483808694 -6.80880445603 -1.1403908038 -5.33688752084 -0.72415797099 
-2.49893118702 -8.24410043089 17.3962056083 6.53010384058 13.5755285096 -7.86577454185 -4.01153157499 -3.40927449573 -2.67264724508 1.24826521305 
-8.75616610631 -8.33690343623 17.9741039432 4.01125149019 9.92303885337 -7.89366392612 -0.283210520314 -4.33157403326 -4.26977672353 2.2743099117 
-9.65958809592 -3.60636517295 18.7008624361 8.01863790427 6.95489171759 -1.77604275504 -1.6050036542 -6.08233613649 -3.79099460316 0.552483215242 
-13.2687078744 0.284040332679 19.1088120894 7.96325679832 4.99043793092 -3.6589686311 1.15281155154 -3.50165079888 -2.92503802481 -1.50801735114 
-16.3346744247 2.07082610445 21.1906615931 10.188222206 2.41112295582 -5.41599194489 3.90035110073 0.407723800152 -1.94701525861 -1.79382957319 
-14.7504205447 -1.08877771364 20.3005833502 9.55513404016 2.00854332398 -1.36493297096 3.96331697983 0.987140893016 -1.0852889625 -3.8238728117 
-14.9084249501 1.37273842462 20.5726562235 10.7044233145 1.43312215351 -1.02006777117 5.55352176658 2.09955424123 2.70233782686 -3.55868435835 
-14.1505297725 3.92376131694 19.0133467112 12.825799828 1.60614545158 1.23083368186 3.9716627936 1.12732183788 7.04976738239 -5.00360349646 
-13.384727636 7.27014764756 16.0132196426 14.3687441777 -0.202597890424 4.9787214098 2.88021860218 0.800796723388 7.41781614314 -3.98532135874 
-14.0536075901 6.45275471183 12.2779066273 15.780582147 0.418408636387 9.05770009847 0.876893958941 -1.81039016231 9.2358742422 -3.25203145607 
-18.794129138 1.08714064157 7.33122283347 13.6848418303 4.61005455337 13.3093499014 2.48635061639 -6.83825365843 9.46751157847 -3.62980766678 
-21.0549931761 -8.97129494038 1.08886392369 8.96714661161 9.90907070578 15.8450309501 3.14845978922 -7.31318910364 9.51265896403 -0.88247886183 
-23.3463113119 -9.77794042414 -2.07678733363 7.99301304392 10.6471325155 17.0812214049 4.21018439101 -7.21479954605 9.73393121149 -0.306728341906 
-22.6385804591 -17.4603856546 -4.95985008365 6.99370756224 6.51364479601 16.3796435106 4.18248787759 -4.19428190055 6.62286999087 -1.05388090566 
-24.2887842859 -18.5972845551 -5.42622795484 6.18253887142 8.42935982591 17.0883329459 5.43699318655 -6.75427450487 5.03179411168 -2.68346012165 
-23.7841526677 -15.1276827166 -6.00898655198 8.47555623246 5.17014422101 16.1132022267 4.63217328651 -5.58475083153 1.82489377518 -1.38416647754 
-23.2287800487 -15.0464232505 -5.0771013813 7.11114574889 4.38155912558 16.1037609578 2.93817562365 -6.55954419326 -0.483395775977 -1.54403628631 
-23.3474411584 -19.0697961607 -6.13689679689 4.20256353124 3.45007500459 15.6206926056 1.57368814691 -3.82162287786 -0.96570857165 -1.65159782308 
-22.3276849463 -20.8418402003 -6.57365392262 2.74617045042 1.45308592103 13.6692817801 0.0749017024762 -1.81633753171 -1.47102587728 0.521736538477 
-24.1498756584 -12.4488331926 -4.49883586055 3.4699012297 4.08594812724 13.8632087613 1.1002259902 -0.915411719198 2.81100492468 1.32418994783 
-24.0101252941 -5.49962568136 -1.06115845891 6.75718042058 3.74943126494 12.9169920704 0.950452387466 -2.75205124532 4.3279050383 -0.550963126657 
-24.6533808194 -4.34128063109 1.12696187644 8.94790728082 4.39424918783 11.9095951157 4.27744705402 -3.8467415971 5.61367347071 -1.21751696682 
-23.5646818566 -5.61435830501 3.97369175152 9.45165594948 -0.629918596703 12.9691009998 5.93727075945 0.524076638876 4.76466802735 -2.21206711369 
-23.6325981789 -2.43163515212 8.2009982959 10.073687759 -3.35683813776 11.1015150961 7.10685550443 2.04204005973 4.11093877205 -1.52869610763 
-22.0241784418 -4.9361437293 5.526587836 8.25132461855 -3.82103336341 9.90848102203 4.39535853706 3.28113228372 1.50248758767 -2.01768861541 
-19.71562483 -7.20083991548 8.97534226543 6.3371687408 -3.80112307539 8.7021930763 4.5341769229 4.06100683243 -0.051360107597 -1.04145442192 
-17.7809954563 -2.35720387857 13.0257083986 7.39436577506 -4.29239065274 5.49515496776 4.41223653697 5.54414241988 0.78539106219 -2.61095460093 
-17.8331577183 -4.946561965 14.5165233667 7.09488344067 -2.42539124725 3.77364564656 4.55768905972 1.63937972628 -1.83929969391 -1.13742686048 
-15.6381778999 -8.5944236807 14.6323982722 4.37158773042 -1.11819567801 5.65217363672 3.70608144165 3.25367135818 -4.67547545023 -1.41612232744 
-12.568022681 -3.41828136048 22.3670161888 5.9314422933 -0.356110285702 0.886701230937 2.13709492501 3.75707113947 -3.31933297849 0.409443795192 
-10.8617664321 -9.03784237604 20.7202035947 2.92979426331 1.30467206066 0.859092386516 0.25785909833 2.50506893887 -5.82730812961 3.54953198943 
-6.4312463497 -15.1158091946 17.9053982001 1.53166803692 0.0741658996558 2.13498673316 0.253046603167 3.0737075839 -6.84891388514 1.1391805586 
0.0636310044453 -14.3434431009 18.3500418274 2.75715008926 0.149219785982 0.619039536589 0.0273715231775 4.67781910237 -7.48267348438 -2.15907898503 
2.18580334915 -16.2741838371 17.328136149 4.25912563968 1.41624264463 -0.126570062419 -2.70074311671 3.54439129968 -7.34686395208 -2.53531982259 
8.4944510245 -15.2985360993 16.8937286109 8.56640476822 2.20674940719 0.0233926552051 -6.03676189061 1.58758425612 -4.77049917773 -2.65565453842 
10.1059070923 -17.5539572026 13.8944003506 9.77845199707 2.19253023904 -2.64287186734 -8.65696743134 -1.62768862055 -3.41433129735 0.422097166035 
7.19551653269 -26.945616237 7.74126200444 6.38870101061 -0.804020667071 -8.03257884667 -6.15436560916 -5.11488334681 -5.98035691761 7.12645125525 
5.32048241523 -28.2623616843 3.99337325979 3.67496674299 -6.05284587163 -13.2043853512 -3.49493923343 -11.1362737761 -5.24845947694 9.73410951925 
2.83713259825 -26.9626465384 1.9175194624 2.71862099609 -9.66847136179 -13.3018116982 -3.14429445376 -16.587603791 -1.61118430338 12.161834511 
0.362152322716 -32.4108382224 0.456240298828 1.15333438002 -10.8599970515 -10.9635143298 -0.0218833787262 -15.9555419148 -4.1887337907 7.44136653575 
9.77037558232 -24.2104444569 2.39404814448 7.4815593837 -3.01706773399 -8.66902744946 -6.68736093955 -9.87265395643 -3.8680289101 7.56061687623 
14.0282547436 -22.0000754131 6.24108690508 7.5413981833 3.43508967488 -11.3827716762 -7.19327759628 -7.76581519196 -3.41636036291 5.221810222 
15.445107113 -20.7172754751 9.98114798839 4.12868181704 5.07234885468 -9.87670984274 -4.88630709412 -5.22280525705 -4.79899336341 4.90097562749 
19.2269762004 -16.366073403 10.2919063196 3.48841415222 11.665728027 -8.39941207841 -4.22449528355 -3.08330217718 -5.15683045237 4.42380982715 
17.3334094893 -14.4241305092 11.762323863 1.2486123532 13.8948980336 -7.6612521737 0.134562008997 1.04125062792 -7.52218255764 2.7651121082 
14.9108775725 -14.895637376 14.1043610787 2.47257831324 14.5501513633 -6.73678842175 -1.06959695847 1.94811963298 -7.00262196133 2.17086742638 
9.64206367852 -13.1353954382 13.644239669 5.79786478243 10.5471631346 -3.10617055374 -1.00312361284 -1.92245911003 -5.70714152447 -0.784659699791 
4.30079210364 -11.9637037719 14.3685547258 4.20324982737 9.57459262553 -2.81726383149 -0.796487798995 -3.37655720757 -7.79916254968 0.381124510676 
-0.824962647235 -6.8733859582 18.1816699497 6.17298645257 9.16641145866 -2.19219132658 0.714356252253 -4.98145724405 -5.53442973316 -0.049859569709 
-6.44847101509 -4.03782422231 17.1265124099 7.64505456714 2.62607959831 -2.63459223529 0.666004944664 -4.90956967238 -6.02115997645 1.24429137121 
-8.58219786489 0.426904039063 18.0617927999 8.01471400806 1.18604938232 -1.35558631681 2.28185326177 -3.4231153264 -5.3763876961 1.81820390735 
-10.7082427998 5.91972740989 22.5972838713 7.18209063153 0.536645453614 -3.39168618422 4.47048410827 -0.176773110956 -7.24361015638 1.88672019476 
-12.3503977123 6.89042580329 22.4493588643 7.76508879837 -1.03297910946 -2.87735225064 5.07970081832 0.447601684628 -5.39974972827 0.630746770989 
-14.0386105552 13.3078584688 25.7308606122 8.55759167754 1.93926780559 -7.48789639488 8.59151985001 4.14954665821 -3.88705819135 3.11230473127 
-14.7957094499 11.2298715535 23.437016684 8.13124189965 0.940264838715 -6.71800427167 6.63228698535 5.28656124639 -3.92162108692 3.82164384132 
-15.8560648262 13.123855146 23.7681751441 12.3949824818 -1.35788277363 -4.91993940414 5.75552311083 3.03572571386 -2.85941921653 2.51079480966 
-17.0761069877 7.45054907408 16.6119671957 10.9837833563 -2.82718797274 0.584757660199 4.23477468659 0.935827748607 -1.40412215308 -2.74487477378 
-18.538883693 7.22585319323 18.1598510512 11.4399121136 -0.0365079294888 1.64982222162 6.98099612736 2.36637441648 0.472234519301 1.0511378168 
-17.1098405328 7.09367209775 17.7381893505 15.4634877442 -1.52531175914 3.76640818718 3.51528722525 1.25088303289 3.45881438637 -2.76195753556 
-18.6043778086 2.03204608376 11.8640550609 13.1394333162 -2.6722872993 4.44704205699 3.37783096768 1.95562511842 3.30049286615 -1.18129900966 
-20.3777064766 1.99045941388 9.85612333741 10.9481380442 0.13651104509 6.05661631119 3.0051908422 1.08443862084 3.5266289139 -0.827789337335 
-23.3459292663 -7.60401441277 3.40845761929 6.4888400579 0.651091578178 10.1176162401 3.9602210773 2.63611565886 2.7103401061 1.12612442093 
-22.2735440766 -8.0388565812 0.204091215051 7.55768733734 2.85764722811 12.7319763615 2.37858772498 -1.30943693734 4.21920550013 2.60144154005 
-22.3141268921 -18.450550375 -4.81404763164 4.7414512565 1.66185929887 15.2769900315 2.48760844972 -0.887997112585 0.828776372478 4.16076694926 
-23.1979550659 -18.4192559802 -4.00394418353 5.11043948599 1.88577097399 16.0732972857 2.85425437885 -0.637486657949 -1.28636369781 4.0461230964 
-23.9403342528 -14.6352345063 -5.05792711416 4.90454491349 3.69144891883 13.6720660263 1.80748934666 -4.04667397459 -2.18927929124 2.00467115554 
-23.1721039539 -14.7338080897 -6.00054367504 4.84981090068 3.20531265503 13.6577815822 1.18145030086 -3.43112559216 -2.86217001063 2.70566526728 
-24.7260367219 -15.5552529639 -3.20669742287 5.89450320347 0.407246424026 12.7895753421 2.91049169527 -2.288333866 -2.64935540157 2.11829727944 
-22.9383526571 -5.48048847814 -0.469620313764 10.3791634652 0.149543659443 12.1466041334 0.424566190296 -5.01941697876 1.40766394595 -2.02865496434 
-22.8425044481 0.480862760138 5.93830205662 9.35924513059 -0.306385516691 5.5479826508 6.02580743524 0.214540225495 0.980605616802 -1.50567909805 
-19.0357221692 1.1831070017 9.85356477714 9.13082850108 0.13855370224 5.02098759065 9.01893502936 4.42116742219 2.37812117001 1.35670147329 
-18.802113091 5.73300661342 14.483762547 10.237713673 -3.12696985827 2.89278031548 12.9402070158 5.84809384445 1.63340693894 0.575161497311 
-17.3483848237 5.4766413397 12.9565308565 9.00538623853 -3.57128833896 3.73146649594 8.0746224005 3.86419085021 1.47256882539 0.109532074189 
-14.6797774386 13.1230476879 15.2884438637 10.718428675 -6.34809505748 1.57354064072 7.7177512462 3.36706266983 -0.588862180994 -0.449787585348 
-17.2487831328 5.84605266854 14.7700541951 8.42211957874 -7.05596972638 2.95424312406 8.27481712788 2.76397793072 -4.7808045658 -0.019332806074 
-17.6592288718 0.831166316306 13.6953097185 5.39764588915 -5.12191897937 3.73144701351 5.40097300072 0.892556169165 -7.05419061974 1.04192975015 
-17.3559826363 -9.05109153374 12.6687315617 2.919555428 -6.61655618978 3.63333479237 6.78795433506 2.74438686779 -6.68490004201 4.05390258248 
-15.5264959555 -11.7947946912 13.8631270957 2.82400375673 -4.94077183121 1.50145334334 6.90526797572 1.58229071194 -7.7850460743 5.41148534157 
-12.7278958214 -12.8384504296 15.3257315354 4.1630383606 -4.17477718137 1.35724741774 4.37329714315 1.09725745237 -7.02680145963 3.59867992606 
-10.6263387404 -17.4004202548 16.7516757653 4.11821183911 -0.879707926349 1.81043225871 4.57862045986 -1.29582119429 -6.89202492691 5.20902642783 
-6.4325225749 -20.100095293 13.1245883213 2.43689765452 2.87186373762 2.2069938384 4.29277938877 -1.79298710661 -5.6439918936 2.74152640651 
-0.371153537498 -15.6837410901 13.6225666369 6.41516320631 7.72023493006 0.904029236172 3.37773728725 -2.1239573775 -4.50711417308 0.306026771423 
1.37922714994 -16.1462159554 9.47794554623 6.70616002237 9.11531008268 -0.253626442054 2.56679323958 -3.21124019862 -2.88766252631 3.98307569309 
1.34402425232 -23.9436853324 4.93232367434 5.472638965 5.80555147763 -4.12252758019 2.72559865653 -5.99613889774 -5.18276131612 9.57162980546 
4.04708466642 -22.7625329057 2.24114900618 8.40666071972 -1.27359370465 -6.49910823682 0.789829436507 -10.9311176188 -1.442002578 10.8606130077 
1.14111711475 -22.9127091569 -0.975259564831 6.39238708379 -3.79186603004 -7.91484369814 3.56352127273 -13.0308911997 -3.82907778893 8.37929080782 
-1.80699615754 -25.2317317442 2.11143256482 6.64639516919 -5.46127714112 -5.51323637715 1.47146461744 -12.883474618 -7.53287941352 4.72837604374 
9.42494831121 -22.1201902165 2.14463774448 9.29643881469 -0.570369661461 -2.05335087384 -6.00888476235 -7.61252205634 -3.25471805344 3.60883976903 
4.11979032363 -26.3769439568 8.07059961097 7.65594738764 4.13646344764 -4.98347655744 -1.96210051271 -8.7484387205 -3.68120112275 0.322758200199 
0.616526421098 -16.7634281864 14.2080964999 5.87926471787 7.909041295 -4.25812679903 3.42849715722 -8.74131969486 -5.19970515759 -2.99048335616 
0.204598474652 -16.2220016851 14.3932093891 2.59714729154 7.91730486691 -5.54619512055 1.68836421121 -6.20657037095 -5.87647116938 -3.89159909457 
2.54251651205 -13.9214511154 16.1573352754 2.71487408961 11.5833692778 -4.27192576036 2.4378466284 -3.25655033421 -7.58945782364 -2.41923759033 
2.1987453358 -15.1578795173 15.5894996864 -0.0455523136487 10.4576466259 -2.65992461135 0.835886312729 -3.95875301306 -7.05970107904 -3.03294675788 
1.52886938933 -12.5984794911 17.0911479488 3.27234062107 7.7462548936 -4.95784155418 0.91978998104 -3.76976203554 -6.52429092699 -3.04081055309 
-2.02038373807 -9.51062463926 19.2950740017 6.44020544745 8.27923487228 -5.79417763395 1.25180617406 -5.10011715358 -6.04666905036 -0.986011273494 
-5.2786065122 -3.87498714469 18.7461759655 11.6532387376 4.21009321145 -2.8255991304 0.47301992083 -9.0322747771 -4.23179441055 -2.31051125439 
-10.2046385785 -6.1910134221 16.9652136284 6.16622241489 1.21731691236 -5.10688725051 0.874998109275 -5.11077712965 -6.30982645817 1.73614313769 
-11.7057044922 0.532514016887 12.8120496253 5.44330939061 -0.105985598327 -5.44206205614 1.97394243991 -3.9503823056 -4.65756943421 0.354516053977 
-13.974847292 2.06669983571 12.7072288557 5.27869669773 0.306373769787 -3.76867903818 0.689787617403 -0.381104341384 -2.57584056622 -1.45413810704 
-14.1904472535 0.361016501993 13.052479755 3.33227206441 -0.369844872178 -4.8760413637 1.54246243593 2.12737100419 -2.92339853621 0.45034922465 
-14.0410985918 -10.0491029019 9.30934863848 0.623359407281 -0.542252890261 -3.6165679532 -0.383472046439 3.96356655377 -4.35882990942 3.70083128315 
