8.77478154127 21.9566864521 23.2416936598 4.66317180805 4.15965900683 5.43444933441 19.7442573499 -2.11936381751 -10.2766917772 0.652216941727 
7.93662118818 21.5513640047 19.239065258 2.70780988204 1.5694605843 3.40565694268 21.2844077008 2.06474713628 -8.37724636187 2.67596241984 
9.10887866908 22.84120776 16.9744983378 0.920451654031 -0.360873585653 0.823434939033 22.6927726603 5.05908593497 -10.7732774077 2.71404866103 
7.20607711273 21.822356714 14.0202680887 -1.91880052428 -1.15369786844 -1.64382337031 21.6313437282 7.67710796687 -15.2075998297 4.41547097271 
10.4718467264 19.6290953937 16.0444451007 -0.304306553444 -2.39900524907 1.39407808574 18.3716363487 8.60998807025 -15.3582158516 3.85114081768 
16.331720052 16.6812732255 17.7770727339 1.26219851488 -0.684957525179 5.67988209417 15.0601770714 6.05217468564 -13.2996760955 5.01251017847 
14.9165168324 12.2219200017 20.2853547035 2.72884870841 2.22753080542 7.16457024738 13.4367121373 3.10558945684 -9.33533506701 8.62663492933 
12.9881163982 6.28280039509 20.9961761164 1.58184684638 0.255221162331 9.98650681942 14.0255572398 2.1320735347 -7.84966372669 8.77507033861 
12.4291910532 1.69882752829 23.7757576371 2.57930769267 3.12826482092 10.2409590965 10.8876298481 0.221935309588 -8.85754309723 6.26551488989 
8.14384471986 -0.00478979214707 24.1412572834 0.632041821361 1.37016460384 4.88879953064 9.06201388127 -2.97169439421 -9.49875367767 7.15750511187 
3.63491056165 -5.81114639595 22.7493116648 -3.50708037899 2.16423458328 0.00427343641914 7.71945175331 -4.09574018244 -9.07937688778 5.08811976494 
-2.25047418254 -6.59612652045 21.5111290885 -2.93365230748 0.788939303431 -6.02265474209 6.76653754946 -3.71025451808 -9.52423623541 5.87477793148 
-9.24572790076 -6.99426493918 16.9755026017 -3.02753839989 -2.1045332293 -13.8015432555 4.33346643014 -1.72634969004 -8.74990010934 5.75677264065 
-15.5463308987 -9.74293619216 14.067426728 -1.77985029842 -7.62044353568 -16.5781181956 2.4974546763 4.78354008205 -6.42447227948 7.37526579477 
-19.7273546061 -7.69222188621 13.5234565509 0.530979766723 -10.2752672274 -15.776958711 1.28769818883 4.01005019906 -5.83460259527 8.21199841791 
-25.2889380491 -0.0121664662825 14.0779637798 -0.170170454008 -8.56609550569 -15.0181825383 -1.30653324806 1.33321885907 -6.26551881966 10.6831766177 
-23.9090011976 3.48938255513 15.4270487231 -2.17485551575 -7.48274046003 -15.545903576 -4.03008463226 -2.76093294575 -7.5733687982 11.1145267306 
-26.6500050278 3.74730999893 15.5150809322 -4.08495095353 -8.94771023985 -12.1357190608 -3.60742628727 0.158369142992 -5.96101771054 10.9313041453 
-27.7069929538 6.02776522528 14.8101005282 -4.16180425433 -7.90876764516 -10.9608398659 -2.98263920493 -0.0522315557037 -2.42397778595 9.93959875846 
-28.0180885208 7.32722779609 11.9944083082 -4.8125480304 -7.93436652304 -11.2722873882 -2.00913833977 1.40160250408 -1.63903609529 8.41740409103 
-27.4076540993 14.5622677101 11.7447108019 -8.2253406261 -2.51590533298 -9.7588359631 -3.48990565904 4.43974149148 -1.20294213158 6.57753001803 
-27.8961016879 23.5440040983 10.1677860323 -11.29464798 -0.759477129575 -8.53104448225 -4.54978069598 8.20716650084 1.3361640229 4.42028867496 
-22.0127853079 23.3340239559 11.0336405553 -10.1421327202 1.71322812134 -5.45547795552 -6.04675678746 9.91425421872 0.911833006275 3.34184148618 
-21.0917918989 21.9920934848 10.6134641801 -8.24401310487 3.1868286331 -2.82859333463 -5.98411530793 6.7848167943 -0.299969980219 1.47307759885 
-21.8336150143 11.6435171684 12.9807294056 -7.12047760788 -3.13615084202 -1.17233983259 -5.79580353598 8.44491976082 2.29318872749 -1.66586178075 
-23.7297752724 0.246020878121 13.0212836424 -4.86569261968 -9.35747788877 -1.33921320444 -3.92093198586 5.28575169529 4.27314321577 -3.39207725392 
-25.3219077162 -10.2485361002 13.0006368759 -1.20312431812 -19.8765942667 -3.95650475111 -5.18323256844 3.02477713732 3.19015833195 -1.85367625095 
-21.5869302007 -17.1946761199 11.6910534765 0.275044179949 -25.021714232 -1.6632667506 -4.84828487079 4.09900460658 4.68690071325 -0.623552975081 
-20.6839263526 -21.2151194741 15.3059209636 0.110940152952 -24.0908901586 -0.770107687312 -4.84481818576 4.05329207073 3.65110611347 -0.799995098927 
-13.7358030388 -21.5539513963 17.3562138138 -4.09322644188 -17.1738137384 -0.515557116669 -7.56378113291 5.6023050328 -0.603383805581 1.13051897655 
-7.610534343 -21.2046808241 17.9378003716 -8.98984468127 -9.90041944364 1.96324403555 -4.10549618417 6.30818490073 -0.932445002517 2.36112526761 
-0.368606081519 -22.3570669341 14.4816383829 -13.3492063172 -2.43606222966 2.98953898814 -4.61743258556 6.73185364209 -0.683640807649 3.02333431411 
6.40586327951 -19.5716452055 9.31078333161 -11.6311301562 0.243169533397 4.21700500192 -2.6172881937 7.66145409403 0.13713880484 6.14370439962 
14.6369642758 -21.0167827744 10.0907635995 -12.430788409 3.52631326653 8.28380745468 -1.74353460043 11.8742336873 2.35836459459 6.01754228369 
21.4185172956 -14.7001827081 10.8253491261 -11.0728133647 4.12256954857 10.1821937313 -1.23949313998 9.79705775375 3.62585931303 8.57537661637 
28.4607322196 -9.13414198816 6.61200592161 -7.43986547735 1.2910452281 10.964813362 0.928670199735 5.83879360127 5.41805474303 11.5260990994 
29.6948778489 -7.33469519222 3.77341148007 -5.52952884355 -2.10552390814 12.5964722075 1.94152885663 8.04314386091 7.05879013004 11.6529378159 
33.2261608293 -7.51009503936 2.44692587289 -0.930369309658 -4.63078352136 12.8546589949 3.50978789214 5.94456132239 6.72058075653 12.0789264458 
34.1347818495 -8.65144915063 0.477537965198 1.17633252918 -8.25103038235 14.2817703606 2.51342328487 7.29635724588 6.62428687561 10.5852269947 
33.5139835788 -7.1724398598 -0.190389671163 1.48865033901 -10.0956594325 14.385740832 3.69549476236 7.93921066168 3.21229410473 8.88382848184 
35.6495773287 -2.63716148591 -1.70252922378 1.39694438435 -11.3791743788 14.0720285607 4.69499811653 8.5670921487 0.162948076439 7.29015074271 
34.1557624812 4.4965881472 -6.04228310565 -0.359703357783 -17.9150331071 10.0587845826 6.93009418033 12.7195685902 -1.28339462255 2.26510417535 
28.7151942123 9.00787577178 -3.46854664937 -0.614987551837 -20.3838225815 9.72701853369 9.58136853505 13.5547597222 -5.49323576927 -2.47201205784 
23.9984569244 17.1321682934 -1.19048929424 -4.87085101925 -15.3882332257 7.72791031616 3.50000964653 0.818548974402 -15.3701041651 1.78129776023 
29.5008477326 13.923676945 0.671748972805 -4.14951353172 -13.0557026691 8.67267327699 8.89887650313 1.70690344705 -11.1573717731 5.47456418602 
26.559156568 7.1469475526 8.29444785526 -5.89021378679 -4.63185659923 11.9440971629 11.3496147871 1.53142753925 -8.25020004868 7.18133970706 
27.2556659672 3.09135288959 9.41336822834 -4.66380755801 -4.1010328217 12.2874150115 11.4017493213 -0.417694609619 -6.1512760385 7.65265706145 
21.6951856559 -1.89736835288 7.80000986655 -7.53302926029 -0.96618017197 9.29000840341 11.8719105336 -2.8817540096 -4.01401366392 8.59240272053 
18.1328133886 -5.91261709824 5.7134480637 -8.56480166624 -1.02249815487 5.03276440383 13.3322306897 -4.91713712569 -3.51241653139 5.50314565624 
9.50135773576 -10.3206754911 4.34266032163 -9.62963685623 -2.01078494684 0.49297836516 13.1914603356 -4.39890661919 -3.67877977263 3.31414861852 
0.220363640057 -11.8436116588 4.031273041 -12.0486652921 -3.76873312216 2.71299106474 10.5395327377 -4.04702215114 -1.65265711371 1.07645316565 
-2.81605415158 -14.9646982083 4.44190026517 -13.9692825889 -4.59059863154 3.71436401027 11.2850645712 -5.42157985092 0.921969737959 -0.169458538387 
-7.27778816839 -13.8085713838 3.86285986863 -12.8798409312 -5.05030176785 -2.19968678738 9.08363699814 -2.96048318594 1.14048232793 -0.21861240117 
-12.7927030185 -14.9395215305 4.79180027374 -13.2546522874 -3.09388540418 -7.15054122087 10.898639827 1.86250343946 -0.986178565721 -3.7723595655 
-14.1578658027 -14.2718488371 4.62359411474 -11.4733190715 -4.09320459165 -8.90724670816 8.00651789705 -0.539851509218 -0.31728116493 -4.58150991594 
-18.2286125622 -7.28363912237 8.1361686958 -12.1457452604 -9.64947989027 -8.50674786188 5.25435004079 -6.70364084375 0.627709534551 -1.5937090802 
-23.7270820262 1.32143984598 7.21173909932 -10.7037241774 -11.6562606404 -10.280303227 2.66711563259 -6.3666708812 1.5428802303 -0.0567105678787 
-26.803697451 3.03885701233 3.515477677 -10.987318325 -14.1638651892 -10.0927393791 5.30789963304 -5.69014273764 3.84600618517 1.66785451381 
-31.26341369 4.78854566399 1.61883706706 -11.2449377919 -15.1589850964 -12.3114499423 5.07071088808 -4.57486730302 6.66446840626 -0.706567222415 
-31.0401514486 13.4603163832 0.861369733318 -12.3485124621 -6.1020513482 -9.02478190333 2.68985668515 -3.24053801263 3.7091769563 0.832548214464 
-30.0232246798 19.2938021396 0.918927186696 -14.0685120817 0.872964172062 -5.83480997512 -0.531109589056 -2.1275074712 1.99071381806 0.893811681032 
-28.3567054896 19.6916382555 -0.330718653061 -14.6761337102 2.72003268163 -5.01320775665 -3.08093828052 -0.0397514966866 4.32141904407 2.0459890164 
-25.9817232505 18.5286917613 -0.364977386362 -15.6542520046 3.97778791755 -4.17933632419 -3.89288711807 2.42109882826 7.65633637351 3.09886290144 
-27.784787991 18.8899719955 0.197678912006 -12.7875822886 1.92456805252 -4.75750998241 -5.97497018796 3.21157197873 7.69497551904 5.89470801042 
-32.8185638648 9.66568035827 -3.25479130495 -13.6529169568 -8.1507602909 -7.7541826078 -3.33706186963 3.7056147053 13.5284014842 0.794015884658 
-32.5341524472 -0.633573801842 -3.66422453598 -12.9174659401 -16.8850165248 -7.20434953831 -0.02689243483 0.478730284295 14.0557109329 -5.21056593802 
-31.4549759025 -3.02710750194 -2.25966149563 -13.1366942716 -20.7355121854 -5.59190834312 0.40517068109 -0.793918428389 14.7905507505 -4.55008033451 
-28.6041030094 -6.37065082453 0.334370737233 -14.5802057629 -20.5435416963 -4.53181090541 -1.30434101864 -3.34056248442 11.7444689232 -4.13202777871 
-25.3093395528 -8.54554804959 4.70124481877 -16.2268109821 -18.4598934786 -1.42923746927 -3.98326113912 -2.61102263447 8.47464119183 -5.82274290891 
-19.805721782 -19.3652191152 4.81575008486 -10.9245109539 -15.0331751365 0.560693998554 -4.20443067033 1.96116607705 6.57494720326 -4.99327229023 
-13.9121614127 -23.0577923341 11.3183394261 -16.4811818692 -7.09554582213 0.192400018118 -8.24858108095 4.18627393788 4.0119612751 -7.80265001703 
-10.1724037989 -18.1810996035 12.7904894911 -17.4168879317 -4.17669331419 -0.174744016036 -4.77531314939 3.32260797231 4.1401258056 -5.00625793668 
-2.16365280069 -15.7769628034 10.820743616 -20.7697542973 1.05087216555 2.02411691028 -5.87409641825 2.70406862464 2.51399988098 -2.17807377903 
3.64798074528 -15.7346756498 7.73928334592 -21.2715577291 5.74016441225 4.29485466512 -6.14375754458 3.95008105112 0.801038389129 0.464528447614 
13.0015901918 -16.0617585221 10.1393141975 -22.2099980237 6.31524691911 12.5381437808 -1.55176232022 9.36206642676 2.56022135943 -1.11775582353 
15.9575302545 -13.7174644615 8.54958120858 -22.5458160146 5.04164738289 14.4602390499 0.248017810438 9.54509091428 4.27579613547 -1.92282288803 
16.3784829425 -9.17150180409 6.94413361701 -20.6402783696 3.85985879244 14.6575752647 1.78918261892 8.9214514033 4.30844279198 -1.64046047663 
20.5812756363 -5.91462864472 3.54221648086 -17.832281472 1.77698635573 12.7567537549 2.3227394773 7.90865650111 6.75073671451 -0.953401248048 
22.5918336303 -4.96823569363 0.708134215287 -19.5080533357 0.792739792542 13.6859490032 4.18955527307 10.6882237445 5.1480683363 -3.19193963108 
24.3080656271 0.0466624041713 -0.376908974832 -19.1495636528 -0.840600530998 11.3635171493 5.34531712848 9.3884145225 4.37120785974 -4.7842388723 
24.3703719694 6.9039768303 -6.33946027383 -19.4830188235 -5.15836270342 7.39657821783 7.78407973183 12.1500750807 0.827160451063 -10.0872675642 
19.9028470895 19.930579523 -9.0167567375 -15.8962507583 -11.6685833263 6.66986917449 7.1598638858 9.96344655027 -6.45815837255 -16.3580589989 
19.3242595476 26.0359343488 -6.52045304041 -8.55779786455 -12.0712221479 9.68062374591 1.03764434403 1.34301047436 -12.9559630469 -17.4336833399 
21.0099223507 24.0101921886 -7.26631118393 -6.8127606482 -12.5483642905 10.5300129727 -0.0109669914328 -0.326050581688 -10.3557967237 -20.9024396296 
22.5386800737 19.9186593233 -6.15913749425 -9.2946116435 -5.12821995841 5.86675835703 -1.16106974498 -5.86631204588 -6.67184267435 -16.1836121662 
24.0683001933 6.8023988912 -2.69907444311 -11.242358874 5.5442803592 4.87579767599 1.18424363547 -9.18040499635 -2.55351024243 -10.443996286 
20.4815669231 0.372984750974 -0.58779550574 -11.5273375033 9.28293996653 0.0966142898081 3.96388116329 -7.13241400406 0.533525421564 -8.3399484331 
13.9191494757 -0.4838683518 1.29664794583 -10.2029455288 6.27897727247 -2.59453131243 5.4325641557 -9.4653625787 1.78687337318 -7.5916423419 
13.0333989002 -5.6990761454 -0.278393547902 -13.9342155884 8.53102375867 -2.26033668542 3.59821164983 -6.40024013318 2.0093591543 -9.20780291297 
6.24372591332 -7.71518303333 -3.16555651405 -13.227117159 7.19432879374 -3.40607422354 5.77973154675 -8.43406268516 1.90390883626 -10.1322781903 
-2.36487365184 -16.4147284026 -7.57433202951 -12.43202947 2.51654465002 -4.00767686111 8.80821444582 -5.06582230213 3.70709644154 -12.2941656174 
-5.23444098639 -22.6356851525 -5.13544646663 -11.150062003 3.47758865358 -4.41104313372 7.10703694141 -3.66120789484 1.27537617319 -14.7144422964 
-12.261312024 -25.4929409728 -4.03053871338 -7.19511362965 3.17648229956 -1.35955054896 5.24939834481 -3.68662845149 1.17812774497 -14.7283267028 
-19.7969386685 -22.1723021747 -4.16397260462 -3.74517702718 -2.59219730677 0.0974312969528 7.00278373223 -1.32773945424 6.92312206438 -11.7882420776 
-22.0575052286 -14.7576943328 -3.77393330056 -2.8553825554 -3.02937619476 5.54248475638 7.57590781558 -1.91855846534 5.13191209358 -10.7320173697 
-25.9694985872 -9.56588870683 -3.05652322123 -2.3194636547 -5.67508870852 -0.181178789275 8.26578365696 -3.96208572768 5.62541512369 -8.7980532878 
-25.4064387426 -4.57660716949 -4.40238627968 -4.2186070391 -5.04753022462 4.285176379 8.55263920486 -3.92583950061 6.57969430129 -8.17739602834 
-26.6538622574 -4.67970024298 -4.03320200975 -4.87248415326 -3.72982144176 3.93570383494 7.8381707549 -2.70987386394 6.45519866178 -7.56855181213 
-25.7605003414 1.24888089606 -5.70748614118 -4.80933237678 0.515609023614 4.42365959798 5.99839894503 -1.36772748106 4.35792961928 -6.79760623488 
-25.4978363135 19.1925941285 -4.31349473585 -10.9796087263 7.84155147637 -0.94647810252 3.95740733891 -0.44474694504 1.25773694099 -0.934758189079 
-25.9890614818 21.1404255029 -5.37277821504 -11.0177976426 9.3576437237 1.06065247836 1.15421083982 2.36311034792 2.63162043238 1.71947674319 
-25.5712929491 24.3232163792 -4.2248815825 -13.5218329146 6.81762480466 0.563199409008 1.28150873849 -3.88764051711 1.78361801271 4.92846788505 
-25.3848567325 25.2328003639 -0.353690249091 -16.6630057426 8.98645168982 0.558822090214 0.261351275899 -5.4415975789 0.602415249602 3.18775764433 
-27.6973847955 16.9201442683 -3.22486732432 -10.7522443206 1.18020497742 1.32723107665 3.58063067275 -8.50060676753 3.09792498572 2.76896000395 
-31.676624336 9.23821179597 -7.36181114867 -6.13746928386 -9.94844694084 -0.485712629132 5.07363788989 -9.44949531376 5.72596046123 4.66368979762 
-33.2127138641 4.72951874008 -5.8898757606 -2.97798670675 -12.7010930405 -3.52678261243 2.62479091073 -7.62716736676 4.11588511828 5.70163029237 
-31.7399997464 0.759120181591 -7.63800830769 0.798096598928 -11.8004029232 -3.52477492313 2.56971166754 -10.1587311558 0.705637130842 6.73502447482 
-26.6596069532 -10.9885391438 -4.48698326966 8.79193910348 -11.6111767822 0.774072064128 0.725615538512 -7.3314107167 -4.14230213764 4.93444958261 
-23.0392075299 -20.7622103035 -2.84614934333 8.32552603078 -12.7730738259 4.82246081571 0.0401786468702 -5.87948301496 -2.79172044456 1.60019144462 
-14.9603118526 -21.7748239143 -4.61260680372 3.64597450984 -0.0183475456617 2.95089480782 -1.89042058875 -3.16417697752 -8.20073736872 3.33691731552 
-6.86694756418 -20.8335134985 -6.64106796568 -3.24549209789 5.23346227558 6.28654943628 -1.86516994271 -4.10452629123 -8.68159753405 4.1895924551 
-0.130542713073 -18.5258560776 -5.5474006204 -6.7258398174 8.06711447852 7.44267804486 -2.21951238556 -4.89518625976 -7.24665545501 4.08477203436 
6.24908672519 -15.2769875181 -5.26445242878 -10.1276114387 10.4575838857 5.28472931099 -5.2855309699 -2.95364246084 -8.12887015871 6.3826325738 
11.727337539 -11.9919637722 -1.51162544128 -12.1182593713 11.8575775344 5.18327404853 -9.10721910198 -1.34339073544 -9.95800537742 6.80793949578 
15.455808758 -10.3727387654 -2.47178534908 -9.43396031842 8.33447529732 5.25443957841 -7.79273025873 2.42617743561 -5.45002287471 6.97318859951 
21.0256364172 -6.87209451505 -4.28767398753 -6.68207153337 4.97298286573 7.97598945146 -8.7680701889 1.80680406223 -2.40929821494 9.03128585945 
29.2110240537 -2.43768969463 -6.34445540735 -3.92610526612 2.97163885022 5.62584456228 -10.3434155415 0.349404664248 -1.6690259934 11.1994912445 
35.3552267237 0.480149308437 -7.30269619313 -1.14977441074 -0.0738797280524 5.56627438504 -8.91302542156 -1.32050292389 -2.20612673695 8.31365256884 
36.8306825736 3.84669858432 -9.81520349719 -1.67898953441 -2.84333174746 2.24744745458 -6.87328122787 1.44568019165 -3.90886695374 5.58239418039 
37.0702108377 13.4239507955 -14.81639771 1.98059459388 -15.7906875138 0.181822163554 -7.80545112099 2.56409604726 -6.69325643711 1.52838119087 
35.975643719 18.671476589 -16.3430769878 0.963016846842 -19.4146741137 -1.03938569046 -8.88690006265 3.16974615775 -12.7439419276 2.06937822539 
35.4831635734 21.084407372 -10.6895283222 -1.77937241869 -13.9951038929 -5.29900818406 -10.8516637889 2.09248665707 -10.9267726088 1.96715515304 
34.6092212553 17.5286430371 -5.29986222016 -2.4153255975 -7.2451451081 -3.32368426914 -6.03686085263 -3.43294902213 -2.95303793968 5.43886348533 
34.7654118615 5.39476469826 -2.83167761197 -1.15668127804 -3.15237994984 3.02658048934 -4.14171961762 -5.87535958966 2.3490356574 11.2889336001 
31.6173483368 -2.60846153452 -1.20960810343 -8.70340694667 1.36006437204 1.09964332543 -0.742571116982 -7.18132555831 -1.88418728023 11.5030635175 
19.2080341255 -4.90414872942 0.103381309049 -11.7216917123 3.65181518647 -4.63232796396 2.00590477333 -10.4741344793 -7.39555705757 6.86165858592 
10.2807010957 -10.6297085178 -1.49574354381 -10.5438951515 3.26648265205 -7.83148345362 6.32103951469 -9.23116696161 -8.0020546124 3.76654189236 
5.9798881147 -10.4718393614 -2.65135464329 -9.28422770526 3.00386672762 -8.48776903657 9.09483715 -7.32262975082 -4.67998879355 1.79416823664 
-0.520640759186 -15.8757826384 -3.34716649817 -7.44893969903 3.50169382844 -5.97214100071 9.40460919579 -2.87735147549 -4.72816758146 -1.43242316457 
-6.24602601496 -16.0183870422 -8.65290099783 -2.19704349777 3.41597457333 -4.59228212299 10.5233366505 -6.00944787093 -3.09712215737 -1.88545339335 
-15.6543299434 -8.69862995067 -11.2560576878 7.40945045838 -0.0661043308879 -2.45939684786 12.8383119991 -6.54510383832 -1.04602741517 0.301967537569 
-21.9771570168 -0.318137747333 -14.5314931927 12.968494933 -1.15302586221 -1.70634220561 11.5059511077 -4.22179611825 -1.46121407839 3.49999017363 
-25.6107992833 3.16370948543 -14.3486873799 11.6987699818 -4.63023519397 -0.660699158275 7.95911422011 -3.72651710091 0.0991955767976 7.98285932348 
-27.5383044648 5.46368602011 -12.9589388107 7.15612008816 -0.92755401546 0.546458961504 5.81800424596 -7.92588529561 -0.27249948543 7.28315943827 
-31.2879800558 6.17296024208 -11.1353430518 5.24154544436 0.473694736895 1.40243109907 6.79572721457 -9.23257345796 1.82026295022 4.00093602818 
-30.6746369224 7.75662333343 -6.31409557737 2.56201642043 4.91388092793 6.07337345856 -0.323933615257 -6.88986220733 -1.59366906546 3.0009378701 
-30.262799458 15.2482968518 -4.51946054431 -0.836038228957 11.292322043 5.76911320099 -2.44615173426 -2.83810804622 -6.059151588 1.72267509164 
-31.5477035234 21.6871641885 -5.11223109831 -4.61199854806 11.4781534379 4.62828038331 -1.03569521675 -1.14765500355 -1.5538141985 5.64096286053 
-28.0277385019 28.0443476849 -3.8929485684 -7.78295313817 13.8151169551 4.56583863635 -2.81893070278 -2.26277252763 -0.967151673062 9.33415222988 
-28.1955349957 27.601512199 -5.46243718357 -5.69779594389 12.9602372783 4.32047673696 -2.8664715769 -3.10380170623 1.77434416378 9.16719067706 
-30.9128914021 20.0473187817 -7.74083926213 -3.05688263039 7.32912082793 3.45470421772 -0.0989524793398 -3.41365241502 3.53408763544 7.1893110719 
-29.9883295956 12.1070922001 -8.55532044565 2.19163222689 -0.501313078837 4.77195461139 0.0645203190138 -7.56924422093 2.81004474239 7.79133067269 
-29.5062952651 6.06574807375 -11.629487889 4.64667396681 -7.04813054789 4.33142475466 1.6490696449 -9.23349884349 4.28765302002 6.64491994587 
-28.5860069796 -0.266173446065 -12.6224139418 6.07949065324 -12.4348832918 4.02680686533 2.21117721801 -9.62807190397 4.68203072055 7.60201490201 
-29.4420100513 -2.14862361419 -10.5601518597 9.5533717309 -11.6449373114 5.25954753562 1.69246027065 -12.5629170129 1.31670979386 7.46647973454 
-24.9723859444 -7.86746674711 -9.1643952186 13.1303930763 -8.96332488508 6.84889940578 1.34455808505 -12.2213910205 -2.83302860804 6.79174047042 
-20.6715898931 -17.1214995508 -9.97286970665 12.8746928729 -8.57028225793 8.20126510664 1.6578866781 -9.00323563406 0.179251673677 5.60192778319 
-13.3802238806 -19.6856111491 -9.06725671633 3.95584680044 -2.15631469274 3.60185072224 0.390822419179 -7.84408325331 -3.04261842734 3.00275236782 
-4.99423468354 -23.0039591285 -9.09347822198 -1.75988340876 4.45165300475 3.75564676959 -2.54363255297 -4.86392965222 -2.31930818483 5.59670196561 
3.12780521526 -22.8769279064 -10.5204498153 -4.87335886943 6.83290756781 0.0741486191195 -3.05803924625 -2.20879915896 -4.24781436547 7.26914367716 
10.8506347028 -24.9490525632 -11.0989011867 -11.5725675781 8.44384629666 -4.0797634213 -7.22392924677 4.00765704047 -3.86429317625 5.33099786922 
19.8433811466 -18.3307754203 -9.02656818547 -9.69279426612 7.50756842175 -1.1383570607 -8.82676129157 2.55568501396 -1.56534117765 6.48337827677 
23.6479185154 -14.8150574556 -10.9043613569 -6.33735532135 5.16489937652 0.587184554098 -6.61182039524 3.8892620817 2.96151437658 7.86430182135 
28.2137472314 -10.9874099272 -8.58606140465 -4.63992553575 1.28077288588 4.93362715248 -6.65740345806 3.67603803915 8.04182242581 8.03610847813 
29.0653447135 -8.92286442802 -5.8891404685 -9.20954654104 -1.40504876084 5.48877026305 -6.54895575651 2.33429210164 5.47936137553 3.18921757857 
35.2525499837 -2.25380535026 -10.1650306022 -5.13516975638 -2.16444371807 -0.895359630704 -6.09307228392 0.197295955654 2.52852089287 4.64641435904 
35.1631071336 8.24027541742 -13.7110735245 -3.87635443569 -10.8496084299 -3.59991254893 -7.41409459199 2.58764930256 -0.525223094413 -2.37578265706 
29.580024412 17.135094695 -13.0489335831 -3.9891719819 -14.6475095561 -2.063131107 -10.2764814397 1.87137096334 -11.6636981005 -11.6603360853 
27.4799077877 26.8121322864 -9.41747507649 -3.73052964699 -13.1674053399 -3.78914854513 -9.1184880965 -2.13358362872 -15.9330884267 -12.6287288926 
35.3635898837 26.5776202783 -14.4784384268 -2.0887841159 -16.0861317333 -2.72280631499 -13.2878274957 -3.03361430016 -14.312148745 -14.325705499 
34.3925614153 15.790961547 -14.1822720405 0.283670305559 -7.27375967834 -2.03052522851 -14.9468230104 -4.45484280133 -5.37949578928 -6.22563223696 
32.5949344391 5.46662469366 -11.2800828762 -4.93331627276 0.893615130932 -2.02791635953 -13.6957134219 -9.31936211779 -2.07799585264 -3.89071939636 
31.0586401975 5.10899347469 -8.55692664894 -9.803180868 8.8344126389 -7.00613544095 -10.9580880322 -16.3191590978 -4.71196067397 -1.02075985195 
28.3891112496 0.444892450802 -7.60207882995 -10.5324351231 12.1673377437 -8.86058957614 -7.77765534822 -22.0585524841 -3.32469829122 -1.56862459733 
25.222639691 -3.77891751804 -4.67783187033 -10.2548975316 15.1964167839 -10.542548628 -3.85977267891 -24.8974156459 -4.27561805955 -3.41848239622 
15.0558856626 -8.35431742869 -1.97718858456 -9.2925358435 11.8087475455 -4.42184000234 0.943405445837 -20.0683168469 -4.33765437151 -3.00913601914 
-0.206945569825 -13.5409862048 -4.28063216171 -9.63325954681 7.22557728791 0.285991573013 1.06880705375 -13.0494393316 -4.4434874554 -7.13615821302 
-7.12443210501 -20.7155008983 -7.7261824081 -1.88478601009 3.49747565207 3.81067437032 6.04099606585 -6.69489872391 -1.10217003946 -10.5534726777 
-12.310039621 -21.4738491554 -11.1032242993 2.08179541786 3.71713218156 7.09299624237 7.15524100817 -4.94188644731 -1.40863558377 -11.9609218059 
-17.2644831154 -17.4828064571 -10.2225713145 1.46212221564 3.00009559955 8.81867406137 5.17162901482 -3.09027094943 1.1505910053 -7.68333116603 
-16.4914833364 -9.66412383521 -10.1365739227 1.56888120005 7.4638481472 13.3783234383 0.473995158008 -4.51817971056 -1.59336974857 -6.73749291378 
-16.3918227312 -7.33850705795 -8.73987633788 2.74028790023 7.65989527032 15.5265263407 0.0396141357969 -4.49819437352 0.226694195385 -8.37352491068 
-20.1127918539 -5.78392107329 -8.16128447502 -3.73607383669 4.97222272289 13.1631756603 0.887048436635 -3.92528557762 6.27991158723 -7.70970981435 
-24.9091905203 1.71960537807 -14.5017154756 -4.97846664059 -1.60344807348 8.14972269891 8.7805334092 1.83754815241 12.6203550683 -8.43844707536 
-28.3511219869 14.0524476735 -16.1973822508 -9.59522292103 2.30776338306 0.541592637583 6.31400832785 2.76714347446 10.821477819 -6.15420674592 
-28.1820402839 21.9422144617 -14.1298220655 -10.4488253229 7.253718916 -0.292798407435 2.50801234061 1.04989743238 8.30187904681 -5.13766588665 
-28.8615482245 27.4326795185 -15.9855038425 -9.79426424153 10.2585162606 3.15022346535 2.60351871543 0.865085588442 6.03792213059 -3.22353875224 
-26.477649033 29.8233611028 -13.8234082564 -8.42768541904 11.0550435361 5.13862951043 2.17812352753 -1.90430358594 4.65946827205 -2.06496469053 
-26.1018389315 28.4755972787 -12.5446952048 -6.00963904515 11.0738881603 6.48941097846 1.42438548838 -3.10451737711 5.27516540812 1.46790088709 
-28.1150272609 20.4531257076 -11.2978546208 -1.12256038192 6.05770957629 9.93951679397 -0.491822028431 -4.27744707694 4.37702272853 5.76505698989 
-26.2514802777 11.0009652074 -11.7535745833 3.83141364842 -4.9812530787 10.336260615 -2.09550850907 -8.74864976732 4.11926562566 7.70932230698 
-27.0247719304 3.55902675832 -12.3574075324 9.32211663772 -9.90466406941 14.462343615 -2.47784863865 -10.3693463198 5.97189556462 6.41674201511 
-27.1030691499 -1.24696581623 -16.4876931405 14.5198650203 -14.1207905423 15.5158351278 -3.07389968961 -10.7932740518 6.90604916328 7.46149757376 
-26.3389257338 -6.49158313592 -16.1860567556 15.8928892077 -15.965363847 11.1494155238 -3.69503118716 -11.8324983586 4.21203001026 6.69308056286 
-22.0284944369 -10.316290806 -13.1627256771 14.8997594903 -9.53130114383 6.7379749086 -3.72282763808 -10.4653714904 -3.05132540962 1.6902158403 
-16.4272249453 -11.6462021026 -11.3379076326 12.7940599007 -2.22173738736 5.72674188747 -4.11801869112 -9.48852035989 -8.25774644185 1.07873532102 
-8.82460247735 -18.6261143665 -10.7898022862 3.31771870537 0.150458251786 2.51498270216 -1.75621848532 -7.8513975392 -5.59229295812 -2.28718539684 
-2.88632619898 -20.8394196094 -9.81666588099 1.66523497887 0.368079210164 0.484823232427 1.69142612724 -2.22481124871 -1.96309675583 -2.28445717206 
1.57154980101 -19.9172504146 -11.4010842248 -2.17355759342 1.64787267246 -1.23439293154 2.84833547615 1.28124083681 -2.49095910259 -3.15386503325 
7.11833935018 -20.6754362113 -10.9919255432 -7.50632599311 3.67972782844 -0.134161800226 0.226410625709 1.67710535837 -2.31739058025 -2.78119343957 
16.4986929375 -14.957930321 -9.95516632633 -5.64610165997 6.3076238809 3.07732605788 -2.33977157809 0.922312872935 -0.929711857536 -0.0855263091174 
24.0397829427 -2.9530639825 -8.01360336436 -7.61815935441 6.92058972567 4.49560621664 -7.85287983604 -5.37621286825 -1.75951183729 0.655033093647 
32.3080104084 3.84072001145 -11.5956287374 -0.537544958257 4.2936588421 -1.58021093467 -10.1900220952 -10.9314561785 0.860516988665 0.249815140791 
39.0863470042 8.0590018257 -14.3388033986 3.27709763006 -0.975178371228 -3.35972811336 -10.5011809004 -8.68074435035 1.09030097701 -4.15020687897 
39.1970103169 15.3640738188 -14.388286212 3.07885020296 -4.72891144988 -3.13406519049 -11.1937222522 -9.32822437343 -5.15427588423 -7.52450468374 
37.0981693731 17.4513507535 -13.7654315869 -1.78643666184 -3.53859226728 -1.55578766139 -12.326906474 -13.2295776921 -12.4779307659 -8.90340723321 
39.5322570134 17.0560096029 -15.160706005 2.43648651297 -5.02737789502 -2.95643885666 -10.5397498002 -11.3843584902 -11.9823168911 -3.54866985864 
32.9595271815 15.1356386475 -12.3325070344 -0.330004640785 -4.93572394052 -2.77443935701 -6.7189471236 -0.810247713402 -7.71226994498 -4.10928764388 
36.707492032 6.70056806587 -18.1732733462 -2.48781835908 -6.26610431219 -3.71351307123 -5.1604719477 3.20727708533 0.41778584129 0.000542328671404 
40.6918797012 3.19770938063 -15.0286555981 0.382145657067 -0.647320874613 -7.28032945526 -5.01480338387 1.52311202952 6.97131601524 4.01574067054 
36.9657365037 -4.13757622106 -11.8296923245 -2.37117363417 1.51652229121 -8.92879603883 -2.76161045748 3.13326440495 10.6891959269 5.3242082381 
37.2213578658 -12.4203015145 -11.1158535684 -1.08729823113 2.93851349305 -10.2443178004 0.275067956197 3.83295871217 14.452138847 6.76849862222 
32.452086564 -10.102898814 -9.07872525109 -1.96225774174 6.59917672758 -15.1608038933 0.999872049272 -2.63366112362 8.03351072054 8.07754034561 
22.2791519697 -13.4868034155 -7.36599229425 -3.03659946531 8.1548446295 -17.0526758821 2.27726589362 -0.041142854723 -0.148167576963 3.526309603 
13.3025389056 -21.8432702829 -8.72058577107 0.449089752297 8.49073765402 -16.7520010275 4.14220933842 7.74969990861 -4.27896268979 1.56289536343 
2.44911536496 -20.7282848033 -7.82373791694 2.48496336748 5.61430978269 -12.7397624284 4.25566456952 5.01659145373 -8.93424877668 0.87749205417 
-1.54959048418 -23.022768197 -8.93565299679 8.08395636086 7.34416441917 -9.83785098133 5.8558639163 6.01209587942 -8.24545968199 -3.46945351031 
-9.13523541242 -19.1500816023 -12.2321795453 11.8995815087 6.16646814722 -4.29844800131 4.12154159343 3.76441613756 -6.72359757853 -2.89477239377 
-13.708068695 -18.5529062682 -16.7628066035 16.3779285581 3.90262552907 -2.1314928585 6.71714648537 8.8610298944 -2.615252348 -3.02630015574 
-15.8253496534 -11.6743197593 -12.5124614579 19.4122185072 1.55140190291 -2.58980872289 5.97615635149 8.16956403061 -3.6307754086 -3.74006932098 
-20.1180508926 -4.93286499146 -16.9851924028 15.2395063045 -0.529121119803 -8.30715336421 8.44906211628 9.72520476459 -0.588861814303 -2.39856436596 
-21.3464578499 -0.175832164367 -17.3829129284 11.0089719592 3.37631804084 -5.1837746126 6.66110685497 9.31697319285 0.542715997202 -1.95414497272 
-26.1135797497 7.35670848505 -16.5375078262 8.25026489687 4.86261791886 -3.19545481697 5.45221429157 5.57631388556 2.29806388513 -0.593768453624 
-28.3393170177 9.47831989342 -13.7554061218 4.87719279513 7.58237215805 -0.387197798408 2.37480469394 8.00731553268 0.421582953057 -1.99156893921 
-30.2710648995 16.4928024513 -13.5205643841 2.8474899412 11.6128487505 3.62162259917 -1.17706082728 5.93222381021 -2.16235873848 0.0443200348921 
-31.2805390793 23.2921467518 -12.0732479555 1.4043383793 13.8313473733 3.91078206267 -2.20074769933 5.23421386552 -1.20703905188 3.33645666593 
-27.3768644406 25.7471886361 -9.3321829735 1.15236508115 16.0380703704 7.35157403138 -4.43982491517 7.84597017891 -0.0690870650076 3.14166708901 
-26.7616709277 28.2882660722 -9.37073693634 0.422454263604 16.7801400087 10.4480944673 -4.87245042078 4.65450654265 -0.411571285603 4.11723635903 
-28.1174229132 22.659780638 -9.43928948207 3.37931021598 11.5879216956 11.8768890523 -3.8204995458 2.92563717092 2.51902265628 3.89636981798 
-28.556582115 7.84093210707 -9.72075913591 7.67095121085 3.28954983484 11.0339436592 -2.87961555438 1.73990608559 6.95365760749 4.17437537009 
-26.7877305378 1.8527037406 -8.45544408599 15.3299274815 -2.06737848383 14.9234108643 -4.93991594578 -3.69732283845 4.46828362552 4.94320093681 
-26.6079212536 -5.17813811856 -9.69742962409 20.9187365314 -5.56889826387 12.10895264 -6.25039000283 -4.89051329103 -0.361933815209 5.36945780364 
-22.4676661662 -8.98088383527 -7.89278296112 23.4696234079 -5.05148051711 7.09083803398 -6.82498156771 -5.01752527089 -3.45515726365 3.6506452532 
-17.8979792414 -13.0009841807 -8.63522960608 22.6143515171 -3.77923528045 6.59648645525 -3.43997851226 -2.47995561884 -3.84490232496 2.43775870709 
-14.4209518292 -17.2537907082 -5.83007761968 18.2261732428 -2.08688652394 7.86424836415 -2.76581603386 -0.923726381844 -2.70550167097 0.520139620873 
-11.5884137998 -16.285299251 -6.59751474184 9.93525393761 4.87260310595 2.40860628251 -1.14504913888 -1.54843315412 -7.95366325199 -2.69545513011 
-5.19201548603 -16.1138085937 -6.56089175387 9.93208590547 6.41427826157 0.166746935743 -0.707469421068 -0.563477936032 -6.69970372401 -4.19349156585 
-2.7182868289 -19.1029107122 -5.29584889799 5.21599319636 10.3208014475 -2.84451933232 -2.85028789685 2.6487077508 -8.35094206843 -3.42468289649 
3.05775709525 -19.6198505603 -4.87027699168 3.18778283606 8.97945129827 -6.19030675963 -2.70373767225 3.54568373427 -5.76855396019 -3.33394877132 
12.649126982 -17.9436064643 -2.96539754668 -3.80009742151 10.9726075172 -5.516921451 -4.33642009504 7.69672513627 -2.50134311266 0.724165946968 
21.4830193337 -17.68198594 -5.72963346055 -2.98868924257 7.05971015886 -2.14715456631 -6.4173696031 9.23918579312 3.70218087213 3.57258662108 
24.3255791018 -21.0190970162 -9.38513674494 -2.71900762499 6.86765534013 -1.99042968879 -5.10067610638 16.5550357585 5.22426100766 2.805610665 
31.5786620549 -16.2550295035 -11.5705722693 1.08020561424 6.33946013048 -3.59969903234 -6.76817305476 11.2829247978 6.45926145323 2.89744196583 
34.6368583025 -13.9552909257 -10.9830494231 5.23321462462 4.72300110976 -4.05098961643 -6.59281270401 10.5935679601 9.63153707405 3.35145493091 
37.9369791154 -10.7251007691 -10.767407919 6.6946250297 3.74665589287 -2.16689613569 -6.52327889173 10.0493160423 12.2920734631 6.10863888951 
40.7011096217 -4.09358902965 -10.0101724101 9.86971439575 -2.41167681943 -0.774338790874 -4.1636231492 12.0518240296 14.9961984129 4.86291528609 
39.4884531988 7.52100107984 -9.59822712759 11.3517347738 -4.93184166711 -4.40346312885 -6.05964324308 8.88243774482 8.60695806629 2.98462602435 
36.7107469434 17.2968030574 -13.6914219479 15.5643678991 -14.4394761935 -10.91680983 -0.000752988258432 12.7643584453 4.72254717289 -0.265181261636 
30.7425197153 21.4912965488 -12.9658608865 8.33292206491 -14.0148717433 -11.1961943709 1.43478073234 12.4777133254 -7.62584421434 -6.75630197748 
30.4955679458 21.8256326282 -15.4558369632 8.46794558108 -12.7872746992 -12.8235421945 1.58673275419 15.0865070792 -3.39418680462 -5.72277830707 
32.6386165129 19.8805492737 -11.7493519841 11.6953795352 -8.65696733755 -13.2919132886 -1.71006737754 8.01290654486 3.89311005629 -3.72895776639 
34.9321598046 12.4409960562 -9.05524882494 11.6028667186 -4.64806601895 -13.020662724 -1.67557181098 5.9831474549 11.0539326388 2.62134629084 
32.2602481976 2.5986651913 -3.9394098482 10.3442140023 2.53195963383 -8.37904569229 -0.941493619011 -1.59439738951 9.92997099737 4.82058298594 
27.9509517275 -3.999670463 -1.2826828443 7.20641752232 5.67858513314 -7.59981272166 -1.16965409933 -2.10164118979 7.39902797058 5.61646681096 
22.838280264 -3.07475228375 1.44837464363 2.01117252965 8.82310563526 -10.5195617813 0.89207736414 -7.18936838487 2.64577089166 4.17876446775 
14.7237489387 -5.98357545107 0.23324899082 -2.30320209414 12.3860052643 -13.7911634523 2.24568140707 -3.24618524115 -2.26407352052 1.18135248618 
6.37830503841 -14.4575859318 -3.44111198264 -2.3515511856 7.10225044914 -12.7521558483 5.83174921828 1.35195286441 -2.34970325304 0.0983165104558 
3.69291005445 -17.7707787964 -5.86201010578 3.23322274019 6.49035268654 -16.2076820874 7.88257382836 1.54032660682 -3.83653034248 -3.23756437214 
-2.69209642243 -17.76569375 -6.40863603102 9.60237061997 6.26807049898 -8.91913551753 8.55173499548 4.91241928753 -4.31545616379 -4.18024038573 
-8.03941205753 -18.4736941947 -8.4110758117 13.1192323778 5.68118388023 -2.15463256748 8.63084171898 9.45749971033 -2.27007459874 -4.05244705261 
-9.5687598352 -21.8334760697 -10.177654467 17.1456745082 5.25186031466 -1.26713033414 11.1665422531 16.7309927682 0.0975184359071 -7.38891425099 
-15.4551378235 -20.8254552296 -9.74346090229 16.3492175995 3.68465497873 -1.35243464894 11.3458677867 16.4602276305 2.31291878173 -6.92329743074 
-20.4062418075 -9.71696591779 -10.3923558579 14.8464436913 6.48575731867 -0.438902409578 9.47172184207 17.5752062239 2.19735041923 -8.27417340342 
-23.6581944578 -3.45817371308 -8.87567232963 13.2809739797 6.72514545801 0.202404003896 4.24796074008 18.541097114 1.61724337298 -7.23208530456 
-25.8602899867 2.71445118568 -7.2160799115 8.92600051399 6.55600366041 -1.31516391075 0.78145457194 19.4519926675 0.46217911204 -6.85149163284 
-24.9013124421 11.5318765045 -6.16959250903 3.717304556 11.1724847366 -0.178545532616 -3.81061720174 16.7160220233 -3.02523499554 -6.10911060397 
-24.3007787695 18.5032387017 -1.56601390022 1.81416241979 15.1799815498 0.0660317405548 -6.76852616327 14.0811793125 -4.85046129199 -4.21871494973 
-24.2258386497 19.6470171406 -0.606785915447 1.8348125501 13.0166887702 2.43028153311 -6.72330731657 13.3571121283 -4.14857639656 -0.186777409894 
-23.0084039654 23.8149618002 0.763321499649 0.41510332637 14.417338889 4.29071604071 -7.54416193968 11.9955950788 -7.55278252805 -0.814732383957 
-23.6753827163 22.0460800236 -0.0105147884452 0.644496090385 11.0963660196 4.12527234916 -6.57285350241 10.3886480232 -8.31577012268 -1.08010748211 
-23.3305054301 12.871034381 0.433615642304 7.19289467961 7.00073264876 5.54565459572 -7.10614379375 7.02233020866 -9.57997841138 1.53200474255 
-25.4377997879 3.9025775526 1.37595531522 12.5093111864 2.28783104319 5.07748074871 -8.35540021138 6.1088404565 -12.4263637652 2.0404733939 
-26.6660383726 -5.28428970629 1.70817149211 19.5813092227 -2.85352784985 3.78525728414 -7.80003146467 3.33973101755 -13.2740262152 0.938349022291 
-25.543051313 -11.759556163 2.77149140656 20.5019382111 -4.61316794997 5.95078621262 -8.6348285659 3.75930731091 -13.1981724408 -1.69659887481 
-23.7100776196 -11.7192122548 4.01316635042 17.5174386024 -4.21316219177 2.57047066809 -7.75207125634 5.50533721603 -13.4572745673 -2.7604656213 
-16.7798636023 -11.4103146633 7.53847551087 18.0075567421 -2.49648795241 1.53617055948 -4.15184869876 4.69150829961 -13.300618673 -2.68446139031 
-9.94826658765 -10.1014544356 8.4244578614 17.0586405702 2.23783827199 1.90418250907 -2.57072623421 8.18084878994 -9.92700992746 -4.31909501607 
-2.68341944112 -7.11374971129 6.92805173129 15.4763421019 3.69391430386 -1.2483808317 2.14316301789 4.44974111134 -4.60919895289 -2.48076867478 
3.0784137944 -5.54246577877 6.44664639456 12.4674920838 5.25821286526 -4.70098254615 3.53672729481 1.71091484145 -0.0514964022114 -0.226391930087 
8.65845005009 -2.30377675728 6.33108038642 11.9574766717 4.42024669592 -8.05925330271 3.7278806285 2.07301968561 6.10788993532 2.25377605965 
14.7058803857 -2.13220915891 3.11902556229 13.4772944489 1.67214621161 -7.81498105822 3.43590604391 2.2136949176 13.2026982306 3.56385803471 
21.540470372 -1.33168382691 0.595985724339 12.9143345547 1.68166523787 -7.11822111557 0.141325576337 0.620555006994 14.1635425551 2.32596427178 
29.1943991697 3.83597975325 -1.72026531148 14.6705272472 -0.109988622403 -7.86368986142 0.912321992312 -2.4789988465 19.2022658421 3.57535819312 
32.0571150205 5.85493411286 1.13481826867 15.1659929488 1.52516626887 -4.15436825117 1.4571316938 -3.46985376894 18.0775330215 0.937631346888 
35.0359177943 7.80818312662 2.7227290194 16.0490458487 1.95377362379 -5.92922669268 3.36967799292 -6.65736967083 18.3149343186 -0.334963168857 
36.2816383084 11.2340542947 8.60039034923 16.1753348403 1.34679460171 -4.07938744288 3.17511935289 -11.1150553165 14.4813109304 -1.03729813421 
32.3369636093 14.9934062637 9.54892428679 14.7243880925 1.33433704836 -3.12858424081 5.45134974958 -8.39685037732 9.87927153534 -2.19959361506 
30.9723197128 18.1150176717 7.58856897964 13.5555635503 -0.0614340878937 -5.83316531188 10.5040278319 -6.10006318441 8.99752903577 -2.14278260754 
28.7428151129 21.129170563 4.83080991024 12.7019840651 -4.75253234519 -8.39487896281 15.7438635813 -1.39948614003 10.6033736303 -3.70091416202 
25.8586923503 22.8016124883 6.49772072898 10.2759006859 -3.27073160953 -10.5177607722 19.5481522964 -2.35553289055 5.54081796316 -3.50907645836 
27.2220704881 21.636164923 6.58138086374 11.4846554876 -5.11539317162 -7.30870473958 21.065241979 1.29591514867 5.12278474597 -3.91367216709 
28.6702145536 18.1252608125 12.2499580117 11.1638711606 -0.426524119576 -1.94331750126 14.9530513095 -0.694108350333 5.94213717354 -0.932989677316 
26.3976306929 18.6883886612 16.8171418838 9.33255667708 4.97658018846 -2.59171605924 10.4445443597 -6.09317981241 3.16881780962 2.0737039255 
27.2893801295 13.5442172281 15.0979616241 11.5666129702 6.05040948764 -2.50185461421 6.85187405386 -9.84204787017 6.83828060062 2.92138837193 
24.8174117349 8.35982354866 16.3681288353 7.9482258926 9.83998277232 -6.66845765672 7.25279237138 -9.46821444132 4.5380402555 0.498853251529 
22.8688012478 7.51823156051 15.2549950001 6.86707149206 11.4164277644 -12.5929001845 6.28188072743 -12.0920948471 0.971190946945 -0.122110665115 
17.9626214881 0.649359296574 15.2190318934 8.06643060167 12.0213629532 -13.7717572615 3.27287432312 -10.637787572 -0.436731590166 -3.11647716583 
12.6152150028 -4.12565453995 15.8598136226 8.32412569355 13.3652721241 -12.2257315397 -2.66834556732 -8.09832591666 -1.47984609959 -5.44314704247 
6.85288035912 -5.39906966795 15.9593355789 9.61699505096 11.9166800624 -14.5425498455 -4.09691312419 -6.94585478476 -3.03231729286 -3.51816101799 
2.89446615992 -10.8073115102 17.8082791628 11.5519790868 13.2188939229 -10.7061478341 -6.00945518432 -5.71302038466 -6.50909778637 -2.87113352894 
-7.05461929127 -7.12990912628 17.8024391712 8.84709286881 10.2330771268 -8.4522628581 -5.84961779472 -3.2146119663 -6.36852367277 -1.33530499861 
-12.5996955209 -4.38148259335 17.4711813975 7.1906094767 2.28887367615 -7.30623193649 -3.49359394744 -3.42862778453 -0.866443039422 -0.264046410747 
-17.1606092944 -2.80841859041 17.4473805569 5.42314229734 -1.51438264147 -8.12546700498 -4.14439100458 0.0125952998117 -1.50852651442 -2.44623701632 
-23.9336863008 1.23378378155 16.0844707768 4.6211663251 -2.47879497955 -10.022946348 -4.76242459466 3.14201649374 0.27045684594 -4.03102820951 
-26.1165824855 8.03617588551 15.2819199793 2.17840994996 -0.0582110862182 -11.4609628145 -6.65369017455 4.38287588059 2.1841604275 -4.85987790304 
-26.3514567823 13.7039684153 14.7211896997 0.421778503734 3.42542833325 -12.2228532375 -9.45340907926 5.61370883461 3.23484076653 -5.67373743445 
-23.5728696704 19.9006160467 12.9748627404 -3.04908816757 7.02509116699 -9.72182234127 -10.2065717368 9.07528851664 5.15173391234 -3.8504648551 
-22.8095791443 19.622016357 12.2224503422 1.2771347374 5.65701663305 -7.95105376327 -11.0193289054 7.23820626348 7.92683876152 -0.155748309849 
-18.8703724716 18.8592391388 13.9756216141 3.24839429482 5.25080636344 -6.28834099882 -11.2501126095 7.79861360718 7.58399233628 0.0439088230167 
-13.8675888353 13.6572248649 16.6587268837 2.28280586728 8.48449662625 -5.81080944578 -8.47768114582 3.27608217026 5.66558975952 -1.87804972755 
-15.0707936576 9.92153209161 18.9461692655 2.7219884502 4.51292927291 -4.48587942367 -13.9926145391 0.314170768122 0.370564865014 -3.31608770668 
-14.1183003559 5.58544895305 19.9077214964 5.66940593678 -0.814760748735 -6.15945020445 -14.9816626636 -2.73182386898 -1.48179880706 -2.38010311379 
-14.1404223084 -0.525844763293 18.480176129 5.55479878087 -5.30402755773 -7.6397678392 -13.3725415298 -4.29947771157 -1.83794281824 -3.03659136064 
-15.2467026068 -6.31538521718 19.164298173 5.14712058914 -10.5297086812 -6.82184210646 -13.4990743199 -1.92655464306 -2.21234647919 -3.59489312096 
-12.8019615048 -12.0345447348 23.4484649163 6.90811717991 -11.060418908 -0.139423417327 -12.7429577708 -2.64752847085 -0.471721066753 -4.64594568258 
-8.6483865962 -11.258229625 26.1457734355 5.59821356776 -7.49337378015 2.04497716632 -15.4366848637 -1.08589380022 0.36300135509 -2.73195686365 
-7.42838687941 -7.84529546797 30.1303114462 3.53550938529 -1.53026795038 5.19255399219 -16.5861752818 -0.0473374681717 -2.50962080218 -4.01635625752 
-2.71425777338 -5.89828599214 29.3927553624 1.44572188927 3.05218528512 4.20503181945 -13.9752720673 -0.155379793681 -2.30340181451 -4.82653161543 
3.3581286735 -10.3035281835 29.3199181787 4.29941810541 1.8991863098 5.37770062601 -11.9849300435 0.0551091680365 2.73104295538 -6.27807447283 
11.2488976365 -10.1868319812 29.2206957703 8.68185725563 4.2838133724 7.76169863659 -11.4051965515 1.72699588747 5.72874280623 -5.04591185082 
17.4915824908 -5.27081997297 29.5028962334 12.14460135 5.26263212083 12.457994208 -8.34779194065 -2.86357099208 9.27893214147 -5.54938137995 
20.9296084589 -1.7813969348 28.3016751847 14.5749522666 4.21866612018 15.8938864447 -5.72035331847 -5.7916230055 12.7132058796 -6.76115645336 
24.4726543028 1.2503516627 27.6214489565 15.5953300717 2.37934070692 21.5691460611 -2.64140250862 -7.31417690359 13.6512507716 -9.55271172164 
22.030508422 4.24575033901 25.8928678973 13.7644514235 3.12917599396 22.5715923558 -1.44286308006 -7.25272777281 10.953339487 -9.92433580194 
21.1739645654 8.556060274 28.1543669081 15.8934300186 4.44400134202 21.8175691358 -0.840516413499 -7.68286655289 7.08772504239 -10.7297344582 
19.3339797434 15.3729565595 24.155037513 14.6878212516 4.08942520163 16.0402017603 -1.94999899059 -7.08504211978 5.46607828289 -10.2311868555 
16.8261209332 15.4342682952 23.6695906745 11.1051545037 5.40727852767 17.4277274508 -3.4778198689 -5.76998482369 2.50125026976 -10.722129761 
