-9.60558509455 17.5867227819 -2.40618771433 -6.86544672184 4.92806056957 -2.43061695343 0.927281364019 -2.5297939839 -3.00454646256 6.5130509263 
-9.59107945808 19.0579988905 -3.75058852636 -11.419719351 6.56423313886 -0.343529669088 2.35898415964 -5.65115959587 -5.48741989865 7.08527052405 
-7.72358559178 21.8528622758 -4.57476334698 -11.9611941319 6.9978336092 0.770241917015 3.25517119255 -6.04719825008 -7.10201355634 6.89674901222 
-13.2126200527 10.8357554042 -2.70460653545 -6.33107222817 8.13165791232 1.92010380089 -2.98729082775 -3.35884820056 -1.5634428356 5.12173125874 
-12.7523750024 7.41473844389 -3.97498248991 -3.3899585977 5.28619498977 6.61431870798 -6.82910298281 -1.67009470404 -2.75590972329 3.69761934049 
-18.1085939964 3.35441921925 -7.62417405169 1.86277185248 9.18949364236 6.79354187632 -6.79240326778 6.07117803783 -0.244732634939 3.63186125036 
-20.9312373325 -5.38951196397 -8.0503929445 7.68294416348 12.9298234711 9.78379795376 -6.08613339821 10.0925175968 3.29600445172 5.52252839434 
-20.7130739555 -21.5324895459 -1.78373183689 3.1801549258 18.2114589504 9.16885870986 -3.09712803779 -3.47298521268 11.5787533232 5.91852691227 
-25.2936047778 -13.8551066232 -6.81804675258 1.9491313312 13.977868932 13.0391608161 -3.16840198369 -0.955522467429 7.32440117056 5.06299105955 
-19.3169336572 1.92293597063 -2.3925748139 -6.02712382781 2.75391128595 5.79280472854 0.864294977501 -5.10260716725 0.648515266433 1.39927183449 
-12.0759626761 5.50856184572 -0.331959914306 -7.78876490756 -1.42474553827 1.12450785911 -0.712286742637 -1.93302018997 3.66820674731 4.38610753714 
-7.03242429358 6.40185571181 2.93753961539 -7.96094753073 -1.17357742522 -1.17336568674 -3.38337871227 -1.28526109932 4.41443788411 4.52119852815 
-2.19699246132 1.82397078309 6.85054115609 -9.46932567649 -0.596379201296 -0.216576351884 -2.72935894657 -0.947253839168 3.7475724431 4.04356043173 
1.24672285268 -1.53009206311 6.83393948515 -6.38602708867 -0.154085782371 -1.15591504385 -2.44614837653 0.611214922246 4.51531951596 4.22301310666 
2.52367145411 -3.81730858906 9.12671716603 -3.94344026605 0.201307721105 0.621239985873 -3.73384302227 -1.97643166097 5.08563895706 3.03439687961 
5.58474617755 -3.52606271485 8.34668274372 -3.19281319435 1.74519190104 0.079604561843 -5.25427262137 0.123683599352 4.1064352926 1.21469255033 
6.20746697972 -1.87574680357 6.13974480186 -4.18084793328 0.680748457197 1.2656065249 -5.38130284838 0.944229898339 1.6628670114 -3.08834547835 
7.53133616098 -3.64897021714 3.42433555798 -4.40365258714 4.12756427302 -2.17009792621 -5.01703994358 1.77312356163 1.20765816097 -4.18504053874 
9.16169944742 -6.73952200419 4.75814306021 -4.35071569566 4.45767475069 -3.36791065457 -4.80885179852 1.66567674294 1.77240619141 -2.15528634533 
7.42895640252 -6.69250003669 2.4683336523 -6.09349714461 3.55236663478 -2.30899819741 -4.51933356947 4.23015927936 0.00683800059589 0.081705328643 
7.54992501565 -6.80861709648 2.66115480135 -8.91641768004 4.40466704735 -0.711231001872 -1.35381054473 2.08725397594 -2.74838840156 -1.82622860259 
9.11587422975 -6.46758856775 1.87384159398 -7.9443477119 5.38804813803 -2.20005621571 -2.33806302023 1.96228990072 -4.16836766796 -0.816432982463 
15.2637683452 -1.6969869971 -1.80120151974 -7.01651428636 8.43944770335 -3.17929802342 -7.19390953623 -1.1464238095 -6.16026871604 -1.91897042754 
14.6617364513 -0.345910608612 -3.38637590995 -6.48326249357 5.92775291582 -0.814516606655 -5.67509061388 -0.759953950142 -7.59310220699 -2.42833647393 
18.9480023324 -3.73501466298 -5.25455134512 -7.08535697784 7.03482760729 0.286711058461 -7.43995769562 -0.562732851257 -4.24677666961 -2.80945209216 
14.1792380364 -7.03683787238 -6.15053622727 -6.6119219309 5.26221975398 -1.39731576434 -6.43583208217 0.187108772314 -0.606266503694 -2.28656568616 
14.4831148975 -7.39905512707 -5.94136078167 -5.47557171219 6.07937885522 -0.714062974953 -5.44518117211 4.24688546845 0.243470090445 -3.75739606887 
12.906883154 -5.81465117854 -9.43469958107 -7.6068975954 3.46113489161 0.229359733056 -6.05281819868 2.82362303052 1.61148504216 -0.985115604489 
3.57066365215 -11.4012602612 -8.45348106007 -9.95931633643 -0.612267504376 2.66366993192 -2.39819386994 -1.02194865876 1.41115368827 -1.00919680518 
0.0560088991451 -7.5498582613 -11.4295158907 -11.6780489868 -5.36122127491 4.48172858473 1.90064153364 -4.42961001583 1.06243612234 1.4078852533 
-2.42537919975 -5.4542192881 -16.2869534936 -10.0434870798 -10.828532574 8.09534003512 3.72040887071 -8.38912078787 0.257967913884 -0.518761123139 
-4.57991492749 -6.71836757207 -15.7021124035 -7.15388943338 -8.48981822257 6.774597553 5.54886135934 -8.70008826109 3.42704473082 -2.39111535103 
1.130815944 -8.72346735931 -16.5986418821 -6.64935310109 -4.7911309576 7.01318993574 4.6639679786 -6.52979980035 3.18285925998 3.13684551833 
6.78008663338 -11.4124537854 -15.8820539136 -4.67892063657 -3.56451614546 6.6029521898 2.22564579295 -5.88519861971 2.84640814952 1.50478260997 
8.46418567989 -7.0985277689 -16.0748891996 -3.07982372105 -1.50238639633 3.14052346223 4.94386541963 -4.77206419577 6.26929133109 -1.0298820013 
16.7052641064 1.9854542594 -14.6075055297 -2.76662714184 4.52021679064 -0.735492544223 3.58187832245 -5.47955510195 4.03828462398 -2.01641059838 
15.6540422493 6.14493070279 -14.4605729524 -2.55355721167 4.49318712438 -3.40073448773 -0.246355402097 -4.3939012428 1.8853739609 -3.12643472866 
18.8611793386 9.93908011241 -12.8650069141 1.02827544608 6.84636329216 -5.18827894832 -0.692184868045 -2.00767919719 2.75941789529 -2.22484232844 
17.6212738377 5.98516670129 -9.27252315442 1.56520390205 7.13892956688 -5.45354391368 2.1785225167 -2.03811505209 4.07166108261 -0.673838411308 
13.1277354967 7.34633911159 -7.00416442271 2.85470912874 5.49525227196 -5.38659029341 0.826899521291 -1.13993001247 3.51986268152 0.513703459954 
10.6651993229 2.17232032812 -3.76022980457 2.5179260336 3.37998739556 -6.24223966117 2.61591149128 -2.31655196898 7.37278416548 2.43215106996 
11.4241366207 6.39896844225 -3.37125614081 4.81140831284 4.45856229964 -3.15670707407 0.139664725296 1.43110189267 5.33504445444 2.16824775572 
8.91796998794 9.07934722846 -0.897074941718 5.18549457105 2.82065598467 -2.16588818387 -0.877360770185 2.91278790811 2.72060790025 0.756503236037 
11.1818817975 8.93941585708 0.238800568501 2.55628556344 1.94860431055 -1.76225522256 -1.61385396049 1.70332299079 2.46701364957 -0.493738223551 
7.51225028067 4.99330494367 3.42946797677 2.12406624684 1.85158620531 -1.39938663207 -3.10255813843 1.02487815354 3.30738879339 -1.36685532566 
6.71202390811 8.19888183287 4.25289480998 3.7124928451 -2.77952268895 1.83622169804 -4.85026510555 0.671011019718 -1.34327904003 -3.33076523893 
4.09081834674 13.0207493596 -0.0573100034202 0.0566629003311 -4.58187897308 1.35606415643 -3.24786607328 0.766909114378 0.304898773383 -3.16168003942 
3.27922776798 11.1129193341 -0.592837149968 0.119073500664 -3.43478815381 6.5198464995 -3.11824521204 0.945650843958 3.58848676173 -6.21589215346 
0.997373997505 11.7654570077 -0.595882762762 1.76236590388 -4.36621193412 5.29554937152 -2.96255233507 1.05865831339 3.7764427497 -7.09591485689 
1.31916349705 17.4589407104 -2.25795710925 0.572015231951 -3.60242661096 6.13841547512 -2.33003531257 4.08079322767 4.61900388583 -7.51131144849 
-1.88143602411 15.7383744483 -1.27329274209 -1.3825484809 -2.36510582538 4.73485269397 -2.89508504029 2.8249684872 6.39026525741 -8.7911291182 
-8.1744470025 14.1956995647 -4.1498564732 -3.59924035223 -7.89657639534 5.78582875514 -2.77311279447 5.40452880619 4.78667967469 -10.0035473782 
-3.80792598187 15.4358939879 -4.17825834106 -0.79400443778 -2.51924528033 -3.96006683487 -2.7679894867 6.44011484587 4.5570896451 -7.59798532656 
-1.69900546157 15.6173142513 -2.18235283811 -1.57733417114 -2.61020231734 -3.53818288545 -4.26912067379 3.77509200236 4.36621662693 -4.57289688933 
-3.27914051382 18.6017679442 -3.51775492605 -2.56381422218 -2.31635100714 -6.94396235614 -4.8355826612 4.44843197931 4.63205275011 -3.6605397989 
-12.3498757704 18.1690878776 -8.82458565033 -3.89583638895 -4.88650852628 -6.43517794081 -0.220555290987 6.90300636781 4.361520092 -4.96093866175 
-7.79434952344 20.6286536676 -5.58487875275 -4.31811121307 -3.09416074298 -5.13755868248 1.47263307329 4.61412266502 4.7806782245 -3.4622027763 
-13.2090971203 12.1848004598 -4.41205082762 -5.44569421412 -3.15984905304 -6.65850967235 2.14689540456 3.23262527895 5.0947087689 -4.09043756908 
-18.1997484676 6.27633865359 -5.45924559742 -3.65976614764 -2.09243376325 -4.34774276628 -1.43180195205 6.82395677556 1.7947613819 -3.25105840936 
-20.3309473493 -0.0706555639306 -6.43757826136 -3.72975004335 4.17866954382 5.45862322389 3.9451211303 8.63210729114 1.8176560734 -5.38700789165 
-20.4389736847 -7.08276484294 -4.67772736674 -3.34339131581 12.5627622981 8.59990317973 6.05951648173 8.71051248228 -0.221962494843 -4.80793803305 
-16.2096312533 -0.613263956078 -6.95710767586 -9.3476961063 10.9180621229 7.30940235614 6.36637179452 9.31653997197 1.92900241202 -0.533071317917 
-14.6149480373 -0.130105722749 -3.43381777997 -10.267149915 8.07408518741 -0.0788717768925 1.71797059176 7.57173227329 3.41508203372 5.25511807127 
-14.0718612528 2.1764600782 -4.161070467 -9.68678631628 3.34595077041 -2.54583851778 3.77238030436 6.64050057717 9.48813009822 3.3416203546 
-10.3775632174 2.36675728215 -1.59874943513 -9.0817923974 1.97219763924 -1.29256689522 0.458332581428 4.5620450077 8.24349971546 1.48727384752 
-6.96196695996 1.03178943919 1.50967248575 -9.03848191443 -1.07643179954 0.597268409819 -0.701052390501 3.5715115102 9.37890006072 0.399761049984 
-3.50470945591 1.17218936222 1.9909414943 -5.99543838123 -2.47083311406 0.537733987685 -2.79402486136 3.13196165589 7.09335948162 -1.76395996388 
-0.852019246889 -2.41505839131 4.84534640302 -3.60761058353 -3.42943225252 3.56150726147 -4.03262052497 3.74145383153 6.56629852851 -1.16405968123 
2.3981984372 -4.06753195342 4.75112662634 -2.63926160192 -4.32627164393 7.47001424916 -4.36633693896 2.41289467672 5.17002374944 -1.57479375146 
6.10321945696 -6.28649988537 5.32383516386 -4.65936379927 -0.374615012919 4.32339797765 -4.44972267917 3.67520171426 3.79070225489 -1.61621086426 
9.08337431942 -3.42750996422 4.10093175049 -5.14057533484 1.27021570422 4.79939353009 -5.43645347056 2.37255086011 1.19837252167 -1.96599373223 
9.4318778601 -5.23483549848 4.01427989947 -6.34117078542 2.2541330673 4.91379838769 -2.25666659017 1.65177617336 1.0176149754 -2.20102689573 
10.7072491105 -5.72999203572 4.24198891104 -5.84226341817 2.7166530879 3.57356057005 -2.04859427667 2.88602229651 -0.351050066778 -4.29125369608 
12.8067706986 -4.9347107398 1.72521701346 -5.2788515165 2.55581627907 2.75329154455 -3.27622647419 3.41722682918 -1.98043846451 -2.55430701926 
10.9119179626 -4.57479759912 -1.28766660607 -6.65068201341 2.68440265967 1.03492685728 -6.22221563003 0.919252880393 -4.44667248731 -1.90940341847 
11.1243150599 -3.46060437046 -3.9723725614 -8.4285999494 1.67000289099 -1.44021364758 -5.80269793002 -0.882010403644 -4.50267712246 -2.12872946215 
13.6703509146 -2.14958260771 -5.06257699674 -8.58527193264 1.58825298738 0.323187324593 -6.03738101956 -0.694243328257 -5.25840558202 -4.19077049576 
15.4039026414 0.258552199802 -8.65519666497 -10.8122050091 2.39907145944 0.39875929772 -6.21672657887 -2.87115319487 -5.97114550417 -3.07522128245 
10.405866812 -4.49359884992 -7.48282161133 -8.7497553435 1.02157610818 2.28963878289 -3.27945754906 -1.68769331508 -1.67365936722 -1.66342473522 
7.50321284919 -7.56516945745 -8.49742500742 -7.96531993542 -0.700488826179 2.80688490354 -2.84519005399 -1.20073397603 -0.899785520059 0.499359788691 
7.62282939992 -8.84142215995 -9.14732637282 -6.74468846543 -0.368184477847 0.995498763628 -6.52554832148 -0.0131404547874 -0.246450217843 -0.232906690682 
4.67844823473 -10.5952321654 -8.35054011506 -6.78912623383 1.37654610485 0.950816883347 -9.30418211411 -2.22254834865 -2.80143242688 0.0795952493938 
-2.47768353281 -12.6336306719 -11.9067336704 -3.11705278313 -3.25226935923 4.23177177756 -6.36507398286 -5.02155129462 0.621177193678 1.80205720447 
-4.22937069958 -10.3006787395 -14.7836795923 -1.17035767669 -2.5803995052 4.53251496938 -5.60544477468 -4.04697843617 1.23335438462 -2.32709325974 
-7.55805636881 -12.0626690442 -15.2730228042 -1.05493511594 -2.26266904097 4.0166391346 -1.61905333217 -1.11648857154 2.73101878726 -1.51896563509 
-0.135336603706 -8.92092454603 -15.4515430931 -0.802218699106 -1.72454295184 3.51940134302 -4.70943773916 -0.615000793254 1.83096000741 -0.318685983356 
10.3883556696 -3.39266169219 -14.7438968696 0.435116363294 -1.19394220934 4.63775656992 -2.23281373303 -0.822323790036 2.27575174801 -2.54401819064 
16.7133148522 4.43653265222 -13.7703133187 3.86825122638 3.23874200883 0.22514021784 -2.16806513961 -0.449790783453 -0.193856013619 -3.64575117982 
12.9840104722 0.56779729427 -8.27160349154 2.32569856443 4.78822354563 -2.89388219948 -4.5330761211 0.166159486568 2.23323617788 -4.04403346516 
10.598941525 -1.68057454327 -3.87183107354 3.84830663272 5.75769718118 -5.18234588461 -4.31895381954 -0.532921109506 2.94217391471 -2.85304159204 
11.8467504076 1.90526582845 -4.17317723691 2.64699023586 4.50423228118 -4.41240171047 -5.76013149627 -0.213936200761 2.02229674405 -1.14477677197 
8.20517161022 2.70678775484 -3.97647700021 2.1079063613 4.99918773596 -5.35162119586 -3.05895803874 -1.8192142052 4.89901472361 1.57378606065 
11.2921708852 3.69657686253 -2.83519722074 3.29169900455 6.27205847025 -4.18877879935 -5.29957781883 1.50076554126 2.95667167888 0.923639339686 
13.9956710529 3.11408638097 -0.859093005851 3.86867309771 5.93749086246 -1.4182447427 -4.60739543381 3.61289715324 1.47265474773 1.68141773966 
11.6401492222 -1.23236399974 2.65242051868 2.44950967042 4.67651100356 0.640411364542 -3.81237251091 5.42327791965 2.65490135417 -1.32940149011 
9.11311608792 3.49453002184 2.39041315709 2.34451868947 0.611102333965 3.46107564588 -2.84290187516 5.2706440188 2.8656999357 -2.21420313395 
7.79386378177 9.79100692067 -0.833089501883 0.00101702379727 0.987085301518 0.663020814982 -1.13951657071 7.54089075195 2.65936008794 -4.39017834363 
7.11078571124 17.0227840507 -3.67497254625 0.316790854145 0.651488115046 2.89665784607 -0.215674917416 7.77320078249 0.424611438297 -2.51288202131 
5.82822124109 20.6035017847 -4.94276650201 -1.19693042074 0.253905819227 4.20615098105 -0.804396769573 5.54565868526 1.31598632631 -0.616831758326 
4.98650330816 23.044633419 -5.30504316049 0.928683196245 -0.549592599244 5.51457387338 -2.07128252128 4.47575915731 0.552130169202 -1.50358859444 
-3.05951628438 12.3233037735 -7.67469955783 -1.33096781182 -5.03128136248 5.96946016534 -4.16642078961 4.48273053435 2.24309422303 -0.225019495322 
-1.56502643135 12.9964949568 -3.01210649189 0.516390490792 -2.47386930274 6.84596297759 -4.29811788122 2.58869581773 5.46147884707 -0.250425455713 
1.77371357307 26.079877016 -4.38006225389 -3.37525340305 2.53653322653 6.98802736574 -2.50532804664 4.22666540455 2.6182487819 -3.30179302073 
-3.60547158473 21.4742497467 -3.3167113545 -5.58790293273 1.68684185079 6.37818824299 0.144971344441 1.16368023195 6.88356733043 -4.38060730887 
-6.81428219807 15.20668856 -3.98212210467 -2.54816608016 -0.790306307093 7.8462825956 -1.2447834838 3.99788279109 6.51071546127 -4.01374356725 
3.44062467301 30.610641536 -0.268642421433 -1.04172863399 5.14546832915 7.50570608476 -1.94689537156 0.166234465489 2.47046229826 2.01860063982 
-1.20618410747 26.3411284873 1.57936560159 -3.41114738668 2.37907915152 6.56140146255 -5.02906512299 0.109291726032 3.69221130993 1.20264035294 
-3.58846451276 23.6950036949 -1.62268732026 -1.27022902962 0.410526558659 4.92653628893 -4.96165652185 3.2171048305 2.67828094981 0.47482575865 
-4.28042411123 19.562434499 0.383862848666 -2.37466406007 -0.788806404221 2.92434951413 -8.39123388664 1.06226422609 2.41758788914 0.98957969101 
-5.90351153452 17.7083276998 -1.80199099009 -3.27598688159 -0.0107480397474 0.498993573217 -8.26499543698 -0.222876828934 0.346147702148 0.187886990933 
-5.97303963657 15.01797406 1.5328144643 -3.01039728627 -3.45671733388 -0.970870511605 -3.81200295125 -1.31390437112 -0.155833462254 -2.36249017194 
-7.00766364305 13.9050082676 1.3934111084 -3.05393284318 -3.31859090293 -2.68302641067 -4.07133459253 -0.769270862035 -0.373424200516 0.938410847078 
-11.6253873219 9.33997417912 0.767874175232 -7.00165484461 0.629633941612 -6.64245607284 -1.85662225738 -4.25445881367 -2.30382632392 3.09067827471 
-12.983454386 9.88693121314 4.12927107714 -8.42043260373 1.4562756646 -5.79927789743 1.41873386588 -4.68603136643 -0.799655305766 2.15968397182 
-12.2457550255 17.7052357069 -0.578336790483 -11.5174837386 7.58246043904 -1.39719738907 3.39054319423 -5.59960425747 -0.280697584527 3.06829213678 
-15.9765204251 13.8165215206 -0.0411743870773 -9.60765818074 7.52995659762 0.00275034129235 7.67769861048 -0.131051334066 -0.265589953485 -0.811565712842 
-19.5222252355 8.4769191318 -0.575440946102 -5.1658987684 5.6574261221 0.836608037025 3.86855720479 -2.05833142457 1.62962039694 0.160323794163 
-21.9388990061 -5.77028603488 -1.55303343893 -5.47938185275 8.37304414151 3.26108367379 1.76202453638 -3.49189416643 4.72775551941 -2.24196623596 
-21.440587728 -9.34268683751 -2.04064249112 -0.237919626387 5.98106352335 5.83647758062 0.620608239334 -1.8824513565 3.66796348687 -4.70297635882 
-20.5211031207 -11.3433597664 2.36758438897 2.37112533366 7.99539159463 7.17804802533 -2.85156452105 -2.04910341528 -1.20272041517 -0.83381481401 
-17.7817343729 -8.41471525096 4.19658316247 0.0613096983084 6.67485470421 3.06732325537 -2.41456476426 0.912758942887 0.116729482241 4.31328838925 
-13.4927981713 -1.39906027802 1.92303007129 -2.66107891343 2.41042537236 0.195297391586 -3.81807822428 5.91718081743 -1.17281375661 6.22420768702 
-8.52204725485 0.994645413007 3.80227337015 -10.2762368169 -1.00775731459 -1.21069925125 1.4199654593 7.4170206629 2.7129976965 4.24751326275 
-6.60564310726 1.1303078027 4.11632015394 -12.5530945377 -0.395096362344 -2.75229104942 1.86940453689 6.2360917446 4.05121255021 5.37138163852 
-4.13217094118 -0.579167449121 6.69225955998 -11.4237805656 -0.278599215396 -3.82374226739 1.78706713011 1.94502939548 1.8326650065 3.4353896592 
-0.35639952356 -0.51974465527 6.01368201896 -10.5900012196 2.00430511248 -3.29217789173 -2.42332164681 -1.17454557439 1.76061768794 1.41833938623 
2.06610715219 0.816535484973 6.08122357262 -7.69587210294 1.66607560626 -1.92937331041 -2.4916274009 -0.0635212103294 2.79036398244 0.597747581747 
-1.36483563401 1.19765816724 5.71382345576 -6.45709642759 -1.46260023583 -3.11488097049 -5.04307060993 0.274185850251 3.69194641652 1.63939290348 
-1.03693826217 4.38403634646 3.82890111032 -6.5143463479 -1.87714296988 -3.03804074728 -1.38765382453 0.837626735849 3.79307179594 -1.27310998981 
0.782599225569 1.71105772236 5.42114024506 -7.17053338976 -3.64238614329 0.516461723405 -0.0740825371986 0.890434136187 2.62462903045 -2.84891792138 
1.5307538537 -1.59277818336 6.02758886132 -7.86617144854 -4.51704870173 0.419648442727 -0.990649408074 2.48812876789 2.66768921945 -2.10834633501 
4.91238907971 3.18839190999 5.3814161225 -9.32418230782 -0.466273247958 3.59669445805 -4.01683071829 3.68479450438 -1.80540606186 -4.66065736669 
5.29960264629 -10.2623795016 5.47073297164 -11.2889925882 -0.104255920704 5.60686717675 -0.537215756282 -0.712053098221 -1.53374833409 -5.34527391593 
3.61563944843 -11.6866003411 5.4021655279 -8.26698477655 0.213169659192 5.24469834953 -1.53410353467 0.615326483454 -4.4456289229 -3.0941733853 
6.60114336657 -13.35049781 4.1390138121 -6.29922209973 1.60436261276 2.42715853333 -1.33854507842 0.787537807254 -2.58256106173 -1.73732975157 
7.95527997725 -13.7793882302 3.26254918853 -7.54370326665 3.87018985255 0.0359666926399 -2.50493623843 -2.07195708257 -4.07148960297 -1.46006912977 
9.4087444906 -12.1261065045 1.4321928452 -8.39312349621 6.1519893774 -1.94166104486 -5.02531091644 -0.877438698133 -4.48545383302 -0.441765705798 
17.8129562537 -4.28174856322 -5.88578160819 -8.66266208192 7.25298433176 -1.78617441256 -10.9939960119 -2.56019070271 -3.74712405374 -1.02123497782 
19.9308452186 -5.68208566252 -7.25700611381 -6.87947430642 7.60998128094 -0.922115113537 -10.1211218464 -3.77941402881 -3.18545357512 -1.69614697837 
15.8309956192 -6.45613313427 -9.43271033366 -4.36067977255 3.88268278577 0.895537416031 -8.94803314661 -2.414611954 -2.50700445727 -1.44178208493 
12.4831106614 -6.3889487385 -9.37483972838 -5.16597733082 1.24906860233 2.86050344156 -3.89096921424 -1.51552603228 -1.70460249661 -0.0446308219245 
13.3710725288 -10.0074641172 -7.48571912435 0.606932432213 0.564945702191 3.52686213712 -4.32930796814 -0.347524148591 -1.79175286896 1.46538937095 
6.22064228546 -12.0791069394 -10.2179106894 -1.7091827624 -5.49682823782 6.52475523584 -4.20760824457 -3.23520972435 -3.11921455334 3.56235270806 
-2.68257831073 -13.376868251 -11.612874905 0.281399619291 -7.59446531671 10.6413069347 -0.552804955153 -3.25946011028 -2.21496135898 2.77104007038 
-4.6339132468 -16.3658113538 -14.3741162446 -1.59098396566 -7.37748112395 12.5703362869 4.91017662525 -2.57759191176 2.82333111924 -3.7064737817 
-5.74962171251 -11.6760562917 -14.4370937937 2.50679523326 -6.95088807381 3.26246510583 5.42323215679 0.492327546739 3.65361448403 -0.633700884912 
-13.8643842235 -2.18026131742 -19.0766561394 6.2466228997 -5.38858675669 -5.12731229074 4.31321021931 2.30839017969 0.534263247774 -0.768872980033 
-0.695107590044 6.08015702016 -17.6970907506 2.20578393986 -6.47243171551 -5.44831431638 0.193821269621 -2.1894409354 -2.09734800227 0.788749807885 
7.17881855739 0.90532122189 -15.7690662166 1.6099868853 -1.63429394884 -4.80311228572 3.66278952814 -1.88953556281 -1.30038792861 -1.64221198484 
7.62770566607 -1.79811573979 -14.3297108429 1.43363769548 -1.6152192662 -1.67872351693 -0.884894362146 -4.17001534002 -3.14976185259 -1.32689226155 
9.71560415601 -0.658103320049 -13.3815676743 3.21858832156 -0.322332246565 -1.09273355404 -1.25710075467 -1.19036015367 -3.37037014059 0.0984849928733 
13.2903098319 7.73620940289 -12.4553104129 2.275648931 2.61481337709 -4.04683841454 1.16042168964 -5.89099297451 -2.77833112108 -2.22480416782 
14.5109230478 3.25126636651 -8.7634628072 4.26454149467 3.40467734937 -4.39247534295 3.68118880471 -7.68719102592 -0.0279262489534 0.0923569567996 
13.2413489973 1.36484910175 -4.93773127116 7.07051025661 1.3472981169 -2.89323093348 -2.45932447581 -7.0737917525 1.80609945812 2.86223430612 
15.3249445044 4.03156940086 -4.80590763444 7.05990050365 2.1804449159 -3.09045089938 -3.85080219839 -4.65417471341 1.17037867888 2.3357395349 
15.5505035901 5.11065977675 -2.64141885347 9.76394928996 1.88295926078 -0.65577161719 -7.179070636 -2.84577987339 0.089924415602 3.35396585641 
16.0747976256 3.08650292535 -2.15046899439 8.31160292946 1.98789581221 -1.41662275017 -6.03324976165 -3.17150896497 1.99593522644 2.45268212712 
16.6803312256 4.18472253795 0.544360322503 8.97726749337 3.95308309716 0.768795638441 -4.72979928126 0.792618088199 2.81098331916 3.78467765553 
15.574840299 8.15827481316 2.37241879478 10.1427521268 3.16953003407 3.30349711235 -4.82262435035 -1.05410990472 1.16848992151 3.00000442834 
12.0477320402 3.6856567591 4.90951849699 9.94707084086 1.77876771235 5.47985818084 -4.52666163215 -0.461591054702 1.44409888715 3.28419845958 
10.7374749247 2.88420874612 6.21966473317 9.17209502881 -0.0862525285219 6.28776569869 -4.80823749641 0.292372495859 -0.230398811517 1.90670245593 
8.40195311075 4.37794620408 9.42159711953 8.03587189044 -2.88609863324 7.09284811599 -3.76782115004 -2.25381753393 -2.55887417596 0.681947188212 
5.04231947531 2.28112632378 9.70685341146 7.45722574331 -5.09872526121 5.51016026067 -2.88110688568 -3.51098733552 0.845153789269 0.471921602975 
3.21907005238 1.75237817482 6.24435860002 8.17567837535 -5.76356079154 5.48606678933 -4.34845272602 -4.59232603392 3.05207112623 -1.12158686403 
0.489950497226 1.17259706405 5.1722611952 6.29241453485 -7.61938871364 5.90504590233 -4.88432034116 -4.59673308081 4.01675815326 1.72353462596 
-2.57046984451 3.8411278649 4.74738867308 5.40778221518 -6.66957668801 6.41310186139 -4.21721530288 -3.52835250708 4.05824577806 -0.0177526373831 
-4.94536897988 4.98877348258 1.05345534019 4.53877823818 -8.08873203758 7.801380209 -3.94853623024 -1.84274782586 2.07156465553 -0.649649194567 
-4.76689474247 4.36376632193 9.55492990022 5.89135438769 -7.13039325759 10.9378111505 -2.06685015367 -6.76268000962 2.0553031079 -3.62166791604 
-2.60111778589 15.0157030924 5.93310877575 5.91793708124 -6.45528953814 14.4013441631 -0.849033212445 -3.20882464582 -2.90360195087 -3.14528460707 
-5.59452915853 8.83547055267 3.1978879341 5.1129074869 -6.20409137634 8.85215889565 -1.10897595091 -3.48068394647 -2.51801068512 -2.90974635087 
-6.25075895477 12.8375000902 2.97801708819 5.45084535355 -8.6652030759 8.43561829493 -1.07357060036 0.591485946847 -4.72706053908 -1.7918924011 
-2.00528994761 13.9357579746 1.9859376266 5.45488955438 -6.18929307481 5.87902406828 -0.772011944026 -0.210844616137 -3.16991496917 -1.60860935107 
-6.9980944875 10.4306547627 -2.2566867871 3.34749602028 -3.45069679632 -0.384954605706 4.07389572935 5.3681910303 -3.76368979187 1.007137359 
-3.84087307376 20.3646890085 -2.66520295147 2.67877909367 -0.768640214882 -1.06287112655 1.01887729332 7.21739414078 -4.60695713444 1.97370296278 
-4.38353732962 17.5276562672 -2.08366324965 0.0871068724473 -1.56878139512 -1.15362577178 2.84916491567 4.88396724155 -5.10992874012 3.61169229502 
-10.6451566233 14.8888478622 -4.42168064406 0.120057193324 0.499902207748 -1.01167278038 4.8781494742 3.16492580182 -5.48228721291 0.452731234597 
-17.7857197511 4.02477530652 -3.61520021463 2.35753321027 -0.309317871996 -3.35370815804 -0.0327618757494 1.94232208955 -1.73689300963 -0.545131047452 
-18.4733027203 2.03173811443 -1.12411532276 5.99330655642 2.2596713861 -1.74904363737 -2.05475353293 -1.78374440519 -3.57329304744 -0.550575917012 
-19.4601676588 -6.41599324673 -1.09377071883 7.55859161007 6.95161884013 1.7418060162 -4.00136712519 -1.97752955256 -1.98992849494 -1.86612097659 
-23.1424775581 -18.2534590808 -0.775824309751 7.46732128633 12.4024135644 1.93473059032 -1.5136856736 -6.68601661865 4.65544819484 -5.03383402804 
-20.1139372216 -19.8564635398 0.666099750488 4.89348482815 16.7747247091 -3.58834834574 -3.33644147205 -6.58161092807 2.58302956726 -0.268721441086 
-23.390587365 -12.0131490841 1.43494869015 4.10984676809 9.28926307684 2.24118207563 -0.691601932281 -2.16330274406 -1.83573786492 -0.633180331668 
-15.5793065375 -4.06231340354 0.365829139053 -2.20532822453 -4.40545978651 -3.76829770307 0.862875425852 3.19976320407 -0.806197912761 -1.3675758713 
-14.2288135661 -6.66046209771 4.17749132083 -2.44087025161 -6.29530185035 -2.43654167068 2.49818009933 1.27722070156 -2.08222964539 -2.54563682991 
-10.1185361917 -4.14397427752 5.45043784224 -4.12260821418 -6.17756478117 -1.60247003776 -0.190186027885 0.864791299895 -1.11973105355 -1.82475434164 
-3.95675361391 -2.30628215166 9.35332696836 -3.98986578931 -5.62545533068 -1.58139525346 0.976374827246 -0.619813098042 0.238380607565 -0.646597873791 
-1.78480229843 -7.19863908408 10.1663374166 -0.824144646497 -3.78286904918 -2.45838501357 0.391036462051 -1.99187089971 2.58081445655 0.0291514603673 
1.99353608237 -7.28684177414 14.7321190617 0.701806382743 -4.97741648444 -2.42929116522 -1.37410811547 -5.00511811079 4.35338808674 -0.696354917382 
1.82870169844 -12.4704877968 14.0354025127 -0.27651184301 -7.11261543034 1.15663972143 -0.792828105783 -6.81449889796 4.29568644759 -1.58235635735 
0.753438981945 -11.6188507133 14.2051989607 -1.93624359034 -7.3553863315 4.81599332679 2.3066542096 -4.49781404234 3.44220242313 -2.6456558331 
5.75659282822 -9.65788397409 13.4295486647 -3.02943449435 -3.96828661349 3.59199328225 5.47384296964 -1.85831131603 0.869129352094 -5.79819847951 
9.04095831563 -11.7572961448 11.5414412865 0.147475346584 -0.937818476928 2.12954451663 1.73933559992 -1.14607636242 -0.535928232386 -2.40591480829 
8.90568793739 -11.1289409764 11.112021721 1.55690385658 -0.706362364418 2.77379978715 -1.08204913871 1.07804386954 -2.88269883147 -1.59984149088 
11.4487304383 -10.5239275696 8.71697117772 1.33679549422 1.44533994548 1.7144206638 -4.3869919331 2.14206385553 -4.71264496035 -1.62467403907 
10.8772155445 -11.6311699629 9.82748968602 -0.70156138408 0.549028682959 1.56542413417 -3.30606613532 -2.04515642449 -5.76910228341 -1.62771807394 
2.03769389019 -14.6872466978 5.93168184324 -0.861547683724 -2.6412513919 1.82537120105 -3.16416573544 -4.12087934782 -5.27258712476 0.435202549517 
6.90687273764 -9.80739357667 3.71679788609 -1.94551107401 -0.661693205096 0.281862627264 -2.31071141079 -4.51083171972 -6.93223089085 -0.0280481068311 
10.7501750941 -8.4555792933 -1.31487504602 -4.41573311956 0.303913427996 -0.965215452336 -0.257269869924 -5.35062085321 -6.12701705051 1.51105249144 
8.88864791301 -11.1958429948 -2.48888592385 -4.04286443326 -0.198302290493 -2.07251979324 3.39746675788 -4.81886287717 -1.745298041 3.41118019867 
7.06311301393 -12.8084683383 -6.72679917152 -3.15211207284 -2.65982238805 -0.398599180534 1.94952843752 -0.680808324109 -0.767593181105 5.55894581254 
12.5646288521 -10.7121429796 -5.40072712341 -3.22712571775 -0.104615232937 0.657518378405 2.50109933659 -0.00874068825915 -1.25252418096 5.57569737129 
11.8587420436 -11.0428147079 -8.072566964 -3.10574260494 -2.98098358499 3.58526882828 0.889934820455 -1.82507807017 -0.296505452133 6.34820672441 
5.39676794214 -8.81948541786 -10.6152096457 -2.03014126874 -7.67540925262 5.96571564024 -0.0943251039968 -2.18555684519 -2.17012947771 7.14335340598 
1.47840496294 -10.1145090241 -10.2385732982 0.407982889037 -8.83633548335 6.3012072437 3.66920408042 1.59324739475 -0.00121369937107 4.14185448312 
-1.01938950038 -8.59104898992 -11.2889842307 4.66053307222 -9.86487283142 5.22070755743 -3.10330166646 1.25353553566 -1.06862805998 3.02238282199 
-5.75412563352 -8.79945266749 -14.4068102608 5.17762381513 -9.97570927278 6.55250767968 2.26550095924 3.2685604023 -1.85710705383 0.677974623497 
-2.33734144253 -4.82195515811 -13.3804691458 5.07139093081 -6.19508609045 -0.592933445223 3.33009672283 4.20127424875 -0.95546876237 3.93577292593 
3.11133051526 1.16037016379 -17.3585462697 3.26343622244 -3.77254695542 -5.88302979192 4.08597436568 3.82616385202 0.785473204172 1.05302794404 
4.25988374862 0.554357880134 -12.3280796571 3.71767673782 -3.34383523337 -7.62038082881 5.44286172002 0.35777186473 1.57477420554 -1.63335582646 
5.91625456506 -1.04841618402 -8.25377052916 4.72601567156 -0.212767870928 -9.91210094644 4.85077327791 -2.29006372375 3.34234878075 -1.88989017918 
9.57538118668 2.35991709949 -9.04295660329 4.4531258145 -0.470355834992 -8.8747132859 5.74644806993 -0.0143548599923 2.97846808463 -3.20777293753 
12.1096823937 4.23508204848 -8.14699895145 3.37596335596 -0.337369055092 -9.4706199756 4.09587259812 0.462939414557 3.1172255529 -3.98459192272 
10.6776348566 0.518917443149 -2.73032342309 5.69130369675 2.3406487879 -9.22359657769 1.05348317151 1.10376123746 4.4165787125 -0.532962383192 
11.3329401239 2.74730996957 -0.700845564599 7.72718564501 3.03533226734 -6.84290400705 0.780473728547 0.112667911279 2.7729838553 -1.45858173071 
12.8042030466 10.2699723351 -0.0874267487153 7.67301295361 4.50188241555 -1.79092224898 -0.676908823847 0.0716316316481 -0.853143572128 -0.840830503868 
12.4244270128 10.9557053404 2.26522208945 7.95919632429 5.19097718228 0.174409964341 3.00464267172 1.24581110149 -1.84677824402 -0.485982746301 
12.1152553504 11.4589798487 3.84794019853 7.14055252119 2.90117149772 3.71018569756 2.18235128763 0.712273129672 -3.89663332144 0.481588036091 
9.48223417705 9.13249644908 2.94054363101 6.65532079247 0.692222372106 4.55784704274 5.57833738744 0.0921897451473 -3.5740638918 1.27068378008 
7.85953363128 7.39320674035 3.82349658664 7.60948020795 0.458709660143 3.83754940169 3.23598732915 -0.0957578510104 -1.70399953174 1.21755447184 
8.21638478703 4.59554454983 7.23297020486 8.99288375215 1.5036654055 3.5774373781 2.02736871453 -2.97528277939 -0.92635540619 0.860074056575 
5.97952022109 2.24159777898 6.89422755452 7.3244046303 -0.300180573786 0.964360831279 1.85816036697 -2.99836743442 0.201146722087 -0.656778002951 
2.36937921156 1.90700655005 6.45429066758 7.3746801806 -2.56418130102 0.388307739664 0.517431182607 -2.71321211057 0.741620114586 -0.001686729244 
-0.348819108225 0.992403682014 6.27001347331 6.48212037346 -4.91721556383 0.233255615419 -1.28425098229 -2.76253464141 -0.440930531683 -0.616908063663 
-1.84942395153 1.29476346544 5.57995152669 5.81296592038 -5.20392193453 0.795426709945 -1.01725743302 -1.98227679463 0.938671461795 -0.005953067928 
-3.70372566267 4.50389022568 8.04030885815 4.68987551484 -5.81685312237 2.55185781349 -3.04212992285 -1.06817076503 0.534228550058 2.12419493189 
-3.89036762544 9.60771608684 5.92241221082 3.98749401391 -3.27608176635 1.99744577987 -5.15989115533 4.1090797209 0.544829272581 5.68021602337 
0.0111625629806 17.6020052052 6.85726799523 3.73014318853 3.49187436962 4.18872267696 -3.68793288716 -2.11055530213 -3.11083191147 6.59036049661 
1.24110327082 18.7563244792 6.47804107838 2.5800421636 4.5675015496 3.97584271018 -5.49460607998 -5.53649253289 -3.34007451349 6.19490129988 
0.45012369031 21.3560453991 4.2812866552 3.32782755084 3.62615261747 3.28659868573 -4.1678907907 -4.45291131487 -5.43998816423 5.97626146882 
-3.57577605951 18.264329975 3.89091979461 5.92572047791 2.41605579855 -0.961316185505 -7.41964766177 -3.66198009799 -3.1590803543 7.11452579216 
-1.3043884677 14.6665990139 6.98284565899 3.34744981891 2.32866564795 -2.46237518203 -6.86291559093 -4.23081045233 -3.34952192524 6.1606653967 
-2.62913776341 17.7200672818 4.310496751 1.76488439093 3.26021808632 -3.92571001226 -3.74711683805 -3.36012453348 -3.64353457752 5.50878383555 
-4.18275971219 9.85270811151 3.76041938258 -4.67328762592 4.91754019947 -3.81228153443 2.23405170466 -1.98815923701 -4.50226497248 6.16743935112 
-8.20781697038 4.744243078 5.671812019 -4.32929514471 2.75508946598 -3.58295730057 3.05175513194 1.61940335851 -2.3046574422 7.11403142651 
-10.6787912747 1.43954136236 3.69653506556 -3.77622915058 3.67953301632 -1.83303334497 4.70123573289 3.18911595319 -1.44027579126 5.91037770213 
-11.0422949122 -0.244500642094 1.55626293152 -5.68887632614 4.54757793745 2.15469767127 5.942991097 2.01655612035 -1.10284253834 3.15341848278 
-13.3376675856 -0.157748572435 0.9213516439 -3.77152977824 8.33688415666 6.90705862345 6.64156842895 5.44099594108 -3.3505269948 2.67772435106 
-21.0401217018 -21.8657403634 1.87977422844 3.24952122707 19.4054855886 10.3464347366 4.36895156106 -5.22882527843 4.17403106276 -2.1590861141 
-20.5211726212 -19.910762749 -3.20975513573 4.02466997663 15.1902738844 6.36530525866 0.367766415452 -5.85806318728 4.22575536435 4.55489770319 
-19.8879274349 -7.48784946659 0.690571573361 2.01186775851 4.77246427568 2.60484836225 -2.97947558036 -3.12725445924 -1.8147139311 1.56683002494 
-17.2375496033 -1.88821578312 -0.837179889165 -3.47530195737 -3.79815758855 -8.10033163998 -2.9425763414 1.24801377333 -2.31307766165 3.03731675251 
-12.7300156542 -0.879340484158 3.00038826212 -3.95522993518 -6.64293013473 -3.14130344014 -2.24161899275 2.50619849081 -0.427027485729 2.53824101826 
-8.73251440352 -6.41119450217 5.66565394068 -3.65942969664 -4.24807491447 -4.8348313923 -1.28022197632 -3.30220658282 1.03564497562 0.452351877664 
-11.4433571415 -1.72409958283 1.71593462046 -2.57277813771 -5.12011125557 -6.5085182706 -2.10686623467 0.583100011093 -2.80967092384 0.351777159499 
-6.02524177313 2.91741039924 6.31306910156 -4.68090105353 -5.83667589258 -4.37923041645 1.42591066948 -4.09681232035 -0.429337637316 -0.981964006151 
-5.1552111122 -2.68082981047 6.19413026173 -2.185339809 -4.32153417845 -4.79253563624 -0.190662610736 -1.79617909809 -2.65477429549 0.622449105781 
-2.39603906063 -4.70393997565 5.75374810461 -2.53918536451 -4.37592201086 -5.92071635824 -0.357036436184 0.706781620357 -0.0778104445857 -0.502416478992 
-3.60070825647 -7.54085085525 4.45442396831 0.0218663928546 -5.03643016418 -6.18144976255 -2.72148458276 3.32758736077 1.62243657693 0.268419461308 
3.59872541825 -7.00298315435 10.8930114249 -0.104233398387 -2.92899393745 -4.88451302426 -0.625518239989 -1.20747252043 4.99230380554 0.197651471101 
3.03583782179 -8.231891822 12.5213234635 -0.71654067973 -3.77705616913 -3.13878748802 -0.318207781786 -0.650328008371 4.3894969967 -3.27997008529 
5.07468019767 -9.98764603207 14.5924488543 -1.09958333477 -3.24334372939 -1.11375738952 1.35025605917 0.616896562556 2.36642002728 -4.38951864879 
6.5720554015 -13.4268702899 13.6721496635 -1.08613038291 -1.33821891752 0.471330773339 1.10104513186 0.735578201714 0.686143695393 -3.69056643047 
6.7444780612 -13.6243820557 12.4940129442 -1.66290516609 -1.96045768463 1.39371221193 -0.288644115188 -0.224384483913 -2.01284201591 -4.05360686801 
10.2649390456 -11.0388166366 9.86447827522 0.720490078893 -2.19019474867 2.9237892086 -3.61772269912 0.728471855629 -3.81826752204 -2.22766695888 
10.7431362499 -8.48007016502 5.83781923158 -0.777123458216 0.033247112527 1.73723332447 -2.65978460471 3.42350372143 -5.64990100716 -1.41348911899 
12.1175278284 -8.151752179 4.28272571517 -2.42312044344 4.23002386651 0.298320826984 -3.49474414819 5.55128279623 -5.53730816872 -1.59430943054 
13.6169536159 -6.17044971092 1.84369748907 -0.0662130670951 5.99854146539 -1.59227455693 -3.05587923308 6.38451662349 -4.86056950366 -0.856666991633 
11.7266755005 -7.75601771473 1.10717617693 -2.54515540948 6.1135025931 -3.37943429196 -1.59833629302 1.80955626433 -3.17682450835 1.50139624037 
9.00563368439 -6.50791929528 -1.52290183272 -2.00538401396 2.45153505303 -2.04515855445 -0.688082092235 1.49108301874 -4.38409843487 4.04334910724 
8.81278516911 -8.63908058701 -2.26997874191 -0.469852456049 0.930922898674 -3.6331227782 0.106026480089 2.77578358065 -1.20682606046 6.88656046979 
6.73769724103 -8.34076311956 -3.4270870042 -0.569307202498 -0.605176770135 -1.73453433117 -0.470110312467 4.02745577928 -2.02982555184 8.19507166291 
5.44112104937 -9.49789662097 -7.76214215919 -1.55730916406 -5.68335986079 -0.154212628732 1.16919109792 3.75532023827 1.99774481272 6.8874224805 
1.89184180876 -9.20889269542 -10.579061669 -3.681959354 -9.73728701877 2.40356786645 3.19435948596 4.94072263591 2.09064392346 5.91429496762 
5.42761293479 -10.8254749611 -10.2904425757 -2.44040003865 -10.9564845046 8.10215666391 -0.449538319051 3.26604848596 -0.652209448721 5.30572380783 
-3.25760188722 -11.0865896594 -8.81452808994 3.49110128594 -11.9219892673 3.02585771183 0.586549103693 1.32933063214 -3.48517038883 1.08267146215 
-6.3530013245 -11.605930343 -6.02819986416 3.52357185443 -10.3429280705 -0.0373322186529 5.67659229184 0.00174171020882 -1.33163963531 -3.82907933666 
-0.0619326478195 -12.8588306702 -8.41712692381 5.02315876214 -6.3480821349 -5.61672489952 6.51983736566 1.76178888169 4.45047300155 -0.717894457565 
3.3836131559 -9.28267475801 -8.10724652272 5.37249895308 -5.07844372693 -8.16954785434 3.95352414542 2.31610233604 3.93134355324 -0.0715327391594 
7.75878268771 -5.02757480076 -6.88439049057 5.3109849339 -2.00906407843 -9.69875843671 5.11275371364 3.60358899451 3.67153654745 0.884912572354 
9.9084128717 -3.87520600659 -2.36424348685 7.50435764887 1.05618939846 -8.49401775597 2.32589419971 5.16457950377 2.95513041809 0.947416352958 
9.76803011337 -3.0306877343 -0.639403204903 7.87770413012 1.29810270102 -8.16937949378 1.48104156047 5.4655440847 1.77628244657 1.86221640267 
11.0678432531 -0.235649404592 1.58464397431 7.86102633288 2.51731198758 -7.32300879228 1.12137199713 4.80971362732 1.17265689295 -0.115315456934 
15.5667845773 4.83210335131 1.87324757054 7.90056259418 3.80496802647 -2.50260840118 -2.0376001353 4.64586816415 -1.372826321 -0.852287926039 
14.8843755954 5.98007483184 2.82799115799 9.78373868783 3.17175125982 -0.406221175921 -4.14394306579 7.14632436663 -1.16515012481 -0.267298973964 
10.6395581725 2.92570609875 7.15840392724 9.42477807566 -0.103681272096 2.83410262847 -2.77008887159 4.77878672845 -3.50876402722 -0.453679184155 
8.57981739763 -2.05246738186 8.2859724442 8.50151053873 -0.955858816341 1.73429709226 -0.357015205163 2.95262592791 -0.681214092158 -1.73566060891 
6.20683863543 -3.66746464841 11.2128884224 8.9719021036 -1.87486625401 2.88729877874 -1.68509750924 1.69395435266 -0.733726923743 -1.79363349284 
3.22106521577 -3.64055634655 12.3204854654 9.32226071929 -4.05405991386 3.21711223762 0.93363339729 0.39182325925 0.836144493509 -1.93657020332 
2.71092876222 -4.32034698584 11.4074545204 6.82300805641 -3.64152726338 2.11726217219 4.50281563216 -0.391759210639 3.09411268962 -1.60448782928 
0.864969968413 -5.49319224582 12.1687626581 7.65157032355 -4.66014242407 1.44456163493 1.63703821183 -0.514608762009 5.07646924821 -1.1850278474 
0.709064988483 -3.17802330805 12.6635199671 5.51714840571 -4.61603885633 0.509136563089 -0.260995467634 0.282693979267 4.3521308801 -0.30243008943 
-2.02193242542 -7.03466074553 11.2550631721 4.07938860022 -5.78354457563 -0.821319142149 -1.56185379081 2.75719324718 4.62739888832 1.81122970522 
-1.86834514169 -1.84430848852 10.1216852705 3.47216538543 -5.42858557266 -2.67812782827 -2.80862699044 0.274083049745 4.08171720837 2.5320771462 
-3.78260234195 2.14151782269 9.98705949428 3.80876535649 -4.76625774781 -1.87585258555 -3.77874874202 5.1966251146 2.53792438222 5.38106645438 
-7.06885099048 -1.23977416574 10.3350690424 2.21663563302 -5.12291338431 -1.79454055819 -3.26687715506 7.68510714852 1.85050264388 7.63519856536 
-8.1013303693 -0.0403003620419 7.59215027723 1.74886317879 -5.22159463664 0.0355726307706 -0.103145580325 7.78075394994 1.99858300562 7.19686999216 
-7.97602371549 3.23560535786 6.42543931326 -0.507315961981 -2.86003575139 3.01143092182 2.00204222675 4.85135556972 0.243468918588 7.99255931796 
-6.61089233395 15.0254571223 1.95930119801 -1.02145972812 -3.01805066209 4.72576538799 7.82261604682 3.03651250591 -1.59731190512 0.367700107755 
-8.71082694278 12.2657190378 4.79024805043 -1.85928351873 -3.44518226101 5.80231097981 6.44338712189 0.289682029255 -2.52688675786 0.272269015465 
-10.4859213996 15.3611954881 3.7233889933 1.65445661489 -0.621412769647 7.00084645483 5.76309083721 -1.00197442448 -4.11504206715 1.22562543953 
-15.5990992499 12.8288627146 -0.946046909935 2.20252920555 -0.636966230811 4.87417605459 4.18186670202 0.434859650524 -4.09487533046 -1.2859895557 
-17.7538106219 8.46783235703 -0.0135878408967 2.41230571752 0.238449771628 4.70796750898 4.80963672485 -0.170622029271 -5.20711530112 -1.14809128139 
-20.705377506 -1.24631282155 -1.98012008107 7.20947177646 10.354632618 -3.18598775392 -0.176757729193 1.61191709376 -0.383819284775 1.74026338987 
-22.9881087828 -1.56091906696 -4.36778713083 8.73539239839 7.40266517314 -5.55406159393 -1.91381033113 4.36130056528 -1.53655224153 -0.492558939721 
-28.2235915944 -11.2601767769 -6.39153215864 12.251055192 6.01352193303 -4.32701091567 0.265966186952 3.15524641668 -1.31007983248 -4.48870241571 
-29.6680424305 -14.7969629406 -4.5725461625 12.2856673257 9.33819212989 -2.95036716702 -1.5272791903 4.03750994352 1.11567769252 -6.95715471182 
-24.5629483725 -19.4737003504 -0.132695999152 11.3076182108 10.3166297257 -2.83548464691 -2.98987071742 -2.53512719788 0.784628961001 -6.21677951751 
-21.3155939771 -8.61005768823 -1.65756367058 7.51088137841 2.25904421038 -7.30232986638 -5.98470608024 2.46754791817 -4.24050630756 -0.238464263156 
-16.39395686 -4.55353062458 0.0865464034496 5.16483831002 -2.37546851352 -6.85465302346 -6.43379489718 3.13391900359 -6.03111643149 2.54078354128 
-12.1716728988 -3.86667268058 4.37655461689 -0.0151036931553 -3.48643355055 -9.757121604 -4.81160734631 1.28011852878 -4.71122363775 2.88800531911 
-7.71986642316 -1.29653716737 9.45392628043 -6.30802893441 -1.93843842917 -7.03251841118 0.112244912797 0.703621252362 -2.33420038607 2.79705439805 
-6.84492538015 -2.11613053207 12.9400910065 -6.81224223356 -1.94218136429 -5.28872727255 4.32223768412 0.367979094945 -1.10502255252 3.07889534062 
-4.11397033635 -3.28153774062 13.491776571 -6.56990211555 -1.7895483166 -5.10231147524 3.82380172265 0.285076506757 0.325999381048 2.43162375343 
-3.10454602276 -0.863832672105 10.4811768659 -5.73097352775 -2.78143110023 -7.44920572039 2.09852563443 1.03043927529 0.759265525396 1.94387487176 
-0.729220317895 -4.18679305405 10.604844221 -4.24946903915 -2.92671092897 -6.66240364675 2.05465991446 1.66129304839 1.38255588627 0.228197866359 
1.34160343216 -8.47635334594 13.5591858977 -1.60029325506 -2.89375009182 -5.34656765465 1.90574652325 1.95186056437 2.14792416492 0.708087022912 
0.381467222383 -10.2523295664 12.142716109 0.307401376493 -4.48845405534 -3.91764611994 0.521468013623 2.25289054139 3.57643465789 -0.134471633782 
-0.710754241718 -12.3135695942 13.4574440358 1.95381861394 -6.82063669065 -1.92245378392 -0.00853517848056 1.38473436939 2.25860648635 -1.26114138993 
-0.188712217061 -11.2676851136 13.5814310591 1.5835597036 -6.37535863727 0.73119065497 0.616367311364 0.388839023612 0.897163673691 -2.49936850588 
2.54366762186 -9.2716908564 15.1201399931 0.287400274227 -3.53361185994 1.55612355961 1.57581128079 0.244194260598 -1.93395955097 -2.62930958612 
5.93410052945 -7.40209938966 14.1203932776 1.00805847639 -1.34065214478 1.72861709108 0.48686018072 1.59502512527 -4.37465979207 -4.18942803232 
8.2296258177 -5.94327152392 12.9702829884 0.792476843476 -0.77677167038 2.13677987018 -1.49004885488 3.25142024139 -4.73626667027 -3.52283876093 
8.51723844049 -7.16601259301 10.1505133661 -2.05953428047 -0.525330555123 2.30225822942 -0.358650325766 5.9927834637 -6.75668510165 -2.04541028677 
10.0800281532 -7.85477157124 9.83017243726 -1.96863442246 2.5366808171 3.11196353335 3.04415111369 5.75420231456 -6.04066103974 -1.65748397886 
10.5742963457 -4.89156765225 6.42138772082 -2.40468872184 4.00052669921 0.730033017868 2.9897310133 6.72173911543 -6.75648884297 -1.48368107659 
8.38639283531 -4.99498690883 3.97262567504 -3.44736038452 2.64740014363 -0.612719418586 5.25804408034 7.14026784873 -6.85120116434 -0.310734117262 
8.43172000954 -10.629995949 4.02629629709 -1.63463303119 2.60540138048 0.457585787899 6.44686555764 5.66524996593 -2.63467162064 1.33302238313 
5.87076881817 -13.2346394351 3.36189873541 -2.46609501891 -0.154386903965 0.787345944196 5.51867510296 2.56310705882 -2.64605521871 2.6398211281 
5.015381648 -13.5443710212 3.02431537187 -2.82296720597 -2.67670487151 0.0209125699948 4.10420765705 1.64520109889 -1.11262152839 5.07579975668 
2.45687896299 -15.2203841375 1.34907696308 -0.545358890059 -3.10641285571 -2.78033656642 2.6557081732 2.37184631885 0.513307325616 8.26226314148 
1.74438774696 -14.7541048166 -1.13298677243 0.839856290055 -5.41087893409 -1.59607559599 1.80856346131 -0.641257092675 1.48350577955 8.04369657005 
0.105731686853 -7.98642103783 -4.51527784425 2.88409794183 -7.91871316141 -0.319139406568 1.12092735977 2.69656123385 -0.417914101495 6.06514502613 
-4.23307048099 -4.54468853101 -9.73351208055 5.31526974313 -9.81673656032 -0.808933327933 -1.56610327668 8.58222564796 -3.78951729343 2.54343204991 
-4.04204175586 -6.92173584143 -8.85305507873 5.26051663906 -11.2357108457 7.01749210599 2.6187767383 0.353606215531 -5.45172452345 -5.49886471585 
-5.73597260636 -3.79728705855 -11.2166352257 4.74796313519 -9.70739605846 9.39184992344 1.70325743598 2.974572951 -4.43728486058 -1.20355057712 
-0.223739902409 1.78493464048 -12.604225122 -1.56759463923 -8.98825304676 8.70156236657 15.5619878969 0.458069003827 -4.73376210896 -3.76902803337 
4.89256188237 2.67297803402 -10.3230818278 2.10944806051 -4.57569141763 5.35378679296 12.7825556578 -0.845885353867 0.344788646321 -1.35999982315 
10.5737533368 0.996529652838 -8.39005050251 2.94480554036 0.995860692458 3.03190950103 13.3836679816 0.221110397718 1.27992972198 0.985409187938 
12.7176131887 -0.269682213798 -5.12175005604 4.73843192632 5.63275546086 -0.91959424773 10.6003168715 3.51176084542 2.74734376659 -0.331561657452 
10.9519938837 -5.01695672488 -0.890562202508 6.63507377874 4.69032923108 0.442926916887 9.29569516599 1.27533498251 2.2862965976 -0.0714488966423 
12.1326678968 -1.80356918329 1.44788141556 8.72457004332 3.10862967518 0.526662973685 8.39761325757 -1.16428394948 3.63972001225 0.779034494272 
10.1087703338 0.255377438142 2.03782124705 7.99171672478 3.26286206269 -1.83799975078 9.12886141052 0.140284448889 3.79515504074 2.13261769673 
11.9913299605 -2.67033259785 7.18891027777 7.70778505324 5.15596595697 3.9440495335 8.02491098463 2.19934892483 1.0222353005 3.4144561131 
8.84349453478 -3.9575318718 9.30796201233 7.12778946109 3.18537589746 5.75101497036 8.64361921193 1.59096528018 1.42138369769 3.16146607683 
6.63478543634 -5.99060587158 8.68949143293 5.29855601637 3.2100741508 4.63957600934 9.30904574788 0.117730954164 3.13152005304 2.13518201091 
4.89633718887 -4.53220829561 7.40231928915 0.265194952843 0.886011622489 6.62138971888 10.8238285533 0.0343461278834 1.55604486455 0.864093855685 
3.66218340247 -1.4360851622 7.12522808944 -0.27095788761 -1.02149569911 7.35229497603 8.7060799699 -1.24703138134 0.281123254206 0.0996705005071 
-4.77190531773 -2.7490852262 2.37674784035 -0.832000512121 -1.05884966814 0.465129757248 3.90652971041 3.79055672818 1.32500902143 3.62124927779 
-3.25438148579 0.198555270662 2.70266588513 -2.73946453426 -1.1384467234 2.16042589308 3.38866201096 -0.186830070029 0.903346860865 2.78161144715 
-0.219968863024 4.07355367036 2.47365045961 0.547595530565 -1.95730100137 0.524315977882 1.58093174477 -1.87617272032 0.210799872839 0.988175376878 
0.956668914252 7.76117321487 2.58057044143 -0.403474109233 -1.89833745955 2.91712689129 4.54760561645 -3.96322298765 -0.584483301714 -0.776312310554 
-4.78569701392 6.01340308065 -0.714298811556 0.361376054428 -2.34281290007 2.93372708253 1.85293883399 1.38183085932 -0.147255915128 0.0387584205531 
1.27861764665 6.59957938357 3.63054554564 0.76931045026 -1.33297834703 4.28574857856 1.76868157357 -3.15390066782 3.30583267832 3.38399707081 
0.320567511183 11.9757596004 2.96346937275 -2.24921605705 -1.02961624029 6.38529009779 2.45697623588 -8.22198877917 0.51120461183 3.08549048632 
2.68612531786 26.6715022035 1.40961852569 3.36417307048 1.63754857049 8.75170291363 -0.322508450461 -4.65620540202 -3.82203975338 2.87971401135 
-6.10262502361 22.0336664292 -1.41919885768 4.35034472976 -2.82428598835 1.38900216512 -0.948524171564 -6.77063887567 -2.96838295463 2.10572938247 
-6.28704804982 11.433248082 -0.459511470796 6.1052675126 -2.16937772052 0.154056464398 -3.78210194004 -5.45720532694 -1.70706811865 -0.602588242459 
-5.61409077306 9.95619750028 1.50819412628 3.49952505341 -2.20792778755 -3.40454396469 -2.70374291169 -5.20705524174 -0.190016260433 -2.92338315676 
-11.1938742751 9.71449687296 -2.50593204636 1.7332614085 -2.94660703391 -7.04286693384 -0.533217336995 -3.52296348531 -1.68634177656 -6.20804119195 
-8.88712154042 9.60833340885 -2.1983412337 -0.640557384756 -2.04131967111 -8.84523914987 2.34369924839 -3.31686710248 -0.526713904101 -5.96858289 
-7.51568795982 9.78033512253 -0.400615634221 0.137037165352 -1.66794954887 -8.54375017187 0.327145477261 -3.78036878974 -0.888440289459 -4.87495739526 
-11.2341123972 10.7443888112 -1.60364459434 -2.28842496507 -3.04490525616 -9.35862497368 0.922853532615 -2.73972955758 -2.46806995143 -5.49453877847 
-17.1199519417 -0.619013170971 -4.90956212531 0.660988382415 -3.36011984879 -13.2668629088 -0.428476944879 1.75283857536 -1.32113973434 -5.15311692007 
-13.874718145 -1.141735647 -4.83386833392 2.32445240782 -4.62109296392 -13.4120442166 -1.58947096593 -1.03241670599 -0.945426188748 -4.60700712039 
-15.7801982411 -4.04036220427 -7.0065013218 5.23998911071 -4.21508992273 -10.7878974296 -3.29034291626 -1.15489119452 -4.05919782806 -5.04524278785 
-16.8308694629 -11.1065790172 -3.2663634042 6.37787398265 -1.31836830227 -7.14656826026 -2.42739884986 -1.69264410924 -3.61944248478 -7.69608948695 
-23.6226309192 -18.0137071714 -1.12660330303 9.47881036353 7.53010891591 -0.902413887075 -1.94046596661 -8.13753518695 0.50538925069 -8.12130192045 
-18.8994477704 -13.1079973303 2.92911338865 2.18029422934 4.05503997066 -2.89473552662 2.52859956354 -7.4617129222 -1.16044492216 -3.41963021408 
-17.9309267171 -5.16208544106 1.83517211696 -2.35226708139 0.854679745023 -8.45401846066 0.39536183251 -3.98738084479 -0.582034192614 -0.522889968943 
-13.5520729303 -3.11809791181 0.285357817409 -3.4138763568 -2.97347030753 -8.6665820134 -0.983009554045 -3.69127950506 0.0706418268189 0.839166451597 
-9.2682212214 -6.91471250725 3.66703859719 -5.91767475987 -3.6531292999 -9.46371179694 -0.638310557231 -4.45407078826 1.25195365579 -0.410737294924 
-7.19553714536 -4.95629280155 4.49477659711 -4.73296077102 -5.09261686947 -8.53105844156 -0.933190994392 -4.2213224976 5.21360988596 0.210664335311 
-3.6224788154 -0.585466676292 4.99118992573 -5.1270483475 -4.35612264047 -8.44217826811 -2.1707611609 -7.80200713045 6.96886715917 -0.997156822364 
-2.46511563414 1.31490182031 6.59148911966 -5.23502137816 -4.67372815102 -7.22689168659 -0.961247897253 -7.38939674088 6.14390182714 -2.37331552056 
-0.94059798799 1.39686326068 7.76630593739 -4.53242949363 -5.12866226252 -5.62597407656 -1.97474012815 -5.50258578742 2.54802495299 -0.812513340264 
-0.133708820777 0.420062965078 8.28981162725 -3.27158518704 -5.34035005413 -2.55210057701 -0.382810911424 -3.79419756924 2.05063581955 -1.79901065898 
4.63067892456 -2.76926041427 10.1263186246 -3.47326087003 -2.33109001896 0.494685676734 1.62990223376 -4.30467111967 -0.0998164954357 -1.14065746165 
6.98092234869 0.283975066431 8.46176519318 -4.89142517513 -1.77813671048 1.65052432253 3.34318933476 -1.07290651671 -1.74111103775 -3.41560709662 
4.94590675452 1.19191910212 3.91853590985 -5.71556641758 -0.333430563296 0.381767934821 5.7037167797 -0.917212566997 -2.69750728012 -4.08332985383 
8.13664622394 2.23572265066 3.76407004585 -6.52584350477 -0.064662801934 2.50639785 8.95751540036 -0.155181797486 -4.99147535531 -5.47949589439 
5.78647877479 -2.20140200945 3.89915762576 -8.29623649025 0.756120220521 2.06816724925 9.38878168685 0.435990199581 -4.94539827175 -5.94505018711 
9.44355010109 -2.66850683953 2.25375564095 -5.52857194059 2.34610314713 1.52990159142 7.53330103879 1.6458193715 -4.31717791732 -6.35541652275 
10.1742466604 -4.99936232097 3.29317165482 -4.00600628029 4.6185597886 -0.085515910604 7.8910787475 2.52792400953 -3.61541504011 -4.74208197704 
13.9614689234 -5.28526401291 2.74406762896 -4.17264418159 7.15014161238 -1.57194597937 7.11684094232 2.90643646959 -3.35392036633 -2.31260317174 
10.8076294901 -6.37026714094 1.61434975785 -3.10170525306 4.85360795779 -1.8669840649 9.42506417364 0.771004732138 -1.75391771594 0.534714536297 
12.6604563571 -5.60687357557 1.79426044731 -3.52906316844 5.61319759475 -2.53188414136 10.6105311572 1.42215000368 -0.786246435174 2.58294556666 
10.3375227055 -8.67279953939 -1.38265353115 -3.870544999 4.00608881112 -3.86212776474 8.54526955228 1.61608678922 1.47922780588 3.6408624932 
7.03891835514 -8.02171453526 -0.791323556197 -2.40913339412 0.470741210685 -4.61592993987 5.78337922656 -1.57297415682 3.46909067403 5.42084307902 
6.21523123847 -6.13480782055 -5.24241262185 -1.84825818847 -4.95398180366 -2.74360372415 4.03920931507 -0.796924026399 1.26661185121 4.66983079863 
3.63933838499 -4.73177298613 -6.36164138648 2.35431477056 -11.381606936 1.50264232419 -1.70924642228 -1.16778544569 -3.47548544109 4.64879306271 
0.737079586705 -6.17163696029 -8.79055141568 4.63585421363 -15.0829557761 1.20374846465 -3.02890986836 -3.01490202586 -2.2798773356 4.0586206718 
-4.11223588866 -7.58045068853 -10.81809407 5.378676664 -14.0469080428 -0.302660109104 -3.59050092437 -1.96768881288 -3.35658788599 2.01923137299 
-3.25048520576 -7.2918905796 -7.85114349546 8.96902388703 -6.70876131521 -2.99259083902 -6.4976880357 -0.266945822488 -4.85510572386 3.03007150895 
-1.90000669316 -9.52184693167 -9.02034331461 6.63324586166 -7.53339245151 -5.0559179299 -5.50850107403 1.2168734608 -0.606165101713 5.48097044481 
0.844496745547 -10.2541401545 -8.58451452605 6.87692756729 -4.5381342626 -8.19948785177 -5.99261462206 0.259282064358 0.813655278958 4.303838429 
-3.96587772329 -4.6886916515 -10.6511461951 6.30011961991 -8.12475847992 -8.72694257334 -2.2719634933 4.30834946598 -2.27437556356 3.88172702486 
6.19708639368 1.62691151678 -9.8332593064 5.75818236438 -2.18433082858 -8.55904671234 -1.38341036036 0.977803895373 -1.50171655996 0.863984989515 
13.8664165314 2.3650663111 -8.54173996161 5.64740668213 5.43648300148 -4.14392706878 2.68809798716 -1.71936043572 0.130910681742 0.50648404224 
12.2047614369 1.55545220403 -8.17308318973 2.37801581457 5.89538142437 -3.78009592551 4.5830242878 0.36827928452 0.0475165219927 -1.78765933234 
9.6681688798 2.17315114595 -6.11602242754 2.33442716895 4.79741787136 -1.61467916776 5.49563768274 1.3263246747 -0.613558362669 -1.60830834084 
19.4298563013 10.5476759966 -2.90879471462 4.50010695424 10.8258060931 -1.2439464011 8.62428523018 -2.17920738622 1.0118890081 -0.585954515663 
17.3879618374 10.406349944 -0.0799283019502 4.47192564288 8.63230214327 -0.290531479082 7.83561605462 -2.83245553558 -1.16704810702 -1.13368080503 
16.7672937105 6.19484326932 1.57039917379 7.11514368807 9.0772490716 0.324452320102 9.15082581431 -0.410462924449 0.535953693165 0.156718250698 
15.7115213431 6.87061760782 1.45497621628 4.64118933988 8.2714387317 -0.0817392498019 8.840051808 0.695354767579 -0.30557687374 0.430893510465 
11.0881428824 4.87179989063 2.07980872194 4.52174954098 6.85446577576 -2.03964757927 5.00320147351 -1.65063214369 2.41637179484 1.78111502147 
10.2512607717 3.57188559406 3.49154708705 2.33593642665 7.21625772473 -1.27904982822 4.86550491186 -3.33908183233 2.01919771529 0.89741022353 
7.23132323946 2.12744636781 5.40416610504 2.91533718285 6.31845542971 -2.10591924692 5.98580566921 -3.10597705279 3.48033196902 2.13893611182 
3.31775413918 -5.30915939092 6.46808542617 3.27457369947 2.47813176951 -1.03936733477 3.16727928975 -4.19499490812 4.93358931219 2.70679314354 
2.46986599168 -3.6845295692 7.54608982895 3.90580187732 -0.13636206417 0.0992889382184 -0.0369749365782 -4.81445388542 3.94081847079 1.96884141449 
0.84009253007 -6.13547614704 6.96327883745 4.64474551476 0.019984108099 0.63389155037 1.3372458562 -4.17437317865 3.9996189894 2.66249980477 
-1.16710978311 1.21490022257 7.53738642975 6.02587320707 -0.825394816405 1.40867463265 -0.274469679029 -4.23081084653 2.34257659073 0.300276352886 
-1.40398612179 4.43931362853 4.88398528277 4.14377153044 -0.115427663165 -0.72983342766 -0.189869617923 -5.49010897327 2.42854045319 -0.280900637882 
-1.20879919837 10.9231971524 5.53726179135 5.0407326079 0.410434783234 -0.916315423867 -0.467433818261 -3.16208025441 -0.855438260045 -1.52720794611 
-3.47284083021 13.469204207 1.79948197023 3.68377982676 0.162870713062 -1.77239915435 0.72807395299 -3.39337084267 0.926692660138 0.10169617697 
-5.42350511271 12.2659585771 1.72856651446 2.56516065293 -2.9533399986 -2.79966371069 0.103438241345 -4.24136522128 -1.86372945499 -1.78085686399 
-4.10422973036 12.1761032278 3.64546156186 1.43937476937 -1.25399364458 -1.44803074682 1.98769294729 -4.85913230017 -2.46534216942 -0.191347200084 
-5.34162501784 20.975039745 0.891649340954 -0.962645503862 0.077758538031 -2.35438596805 5.98744959914 -4.19031631967 -7.05209218032 0.398312291983 
-3.45545977906 17.7349777208 3.23274071068 -6.25490458762 0.343904625601 -3.35951422229 8.4361471232 -8.79571376305 -4.74471588576 -1.68648689852 
-5.20739037633 17.7739041693 2.74195874217 -4.18014022975 0.508627326057 -3.26302390624 6.00314624791 -7.221935092 -3.75633670082 -1.18887145317 
-10.2176618227 10.9664082756 2.80982869113 -2.03170053937 -1.66429974876 -4.98133554561 6.41818827996 -6.17609878835 -4.35495649563 -1.22260926756 
-14.5647075526 10.7316581211 1.43399195557 -3.18568059867 -0.467760421126 -4.20644078762 5.16759020954 -4.97384375627 -3.93849947796 -2.14585690938 
-14.9886400861 9.76748615361 2.04244010645 0.3792365536 -1.5791261667 -3.64769321799 3.08157906156 -1.91915173181 -3.39506004459 -1.63784163191 
-17.8477735855 1.31499491272 0.473890103919 3.63371811682 1.55577033696 -7.58769603275 -0.840241675536 -0.690309904131 -6.51959252386 2.19206344223 
-18.9211550229 -5.66553724937 2.88122208054 4.02628319998 3.84294673569 0.993472322598 2.2548770257 -3.57557222088 -7.30420143529 -0.324808775802 
-22.1149885908 -12.721998794 -1.42066679732 6.45180252767 7.10667979475 2.03897620931 1.60711288331 -1.59189982575 -6.69843811554 -8.22591747767 
-23.887539258 -16.5793830472 -2.4532794245 9.94193210927 12.6621382562 2.19027928953 -3.45394736526 -0.156465812004 -2.65465119263 -3.97511981852 
-19.6218699481 -6.78970368961 -2.64051213634 9.54765898127 2.5580939508 1.89884179231 -4.44732141954 9.18390741893 -9.71670311383 0.88836377246 
-17.076750237 -2.31276793483 -0.355213281345 2.34387447527 -1.29531246463 1.4987507119 2.55727158262 8.78173765188 -9.65205650019 -1.81837472378 
-14.7115828542 -0.734292168298 0.831936216894 2.39643831462 -3.61698837905 -3.82731116335 2.20113304223 7.65611133158 -6.88902516351 -1.06898252383 
