13.6718511303 10.3296599481 4.21333139203 -2.7818894657 0.119189139156 1.68382826177 1.46825139381 3.91798199914 -2.13011499851 8.9123266108 
17.0432952303 9.69878833734 4.4184134351 -2.79088719334 -0.89014507203 3.30416978208 1.63805576319 4.04266968126 -2.56064317155 10.1317102867 
17.3566716429 8.13602837095 5.79790678834 -2.40100653846 -0.440632884692 0.889796177607 0.893168711309 3.56651035775 -0.997843981468 9.0513952134 
18.5216040801 6.46381152918 3.7416087842 -3.53598545994 2.83509283514 4.0626589412 -0.492377977759 2.37334544206 -0.704887552033 9.36724853594 
18.2731701273 5.86052412623 4.05037315895 -3.95622967877 1.48157923462 5.13993104511 -2.32132012574 2.13978588521 -2.44034076722 9.25129852033 
17.8179969719 6.88398731359 4.89172910998 -3.42245161271 1.58926474415 3.12596866364 0.699910805429 1.31968676732 -3.96558400101 8.65106743311 
16.2581208237 5.04096672513 3.74038742398 -6.60755877702 -0.15520100947 2.82978849166 -1.07774823963 1.13915012119 -4.30907186643 8.06802871961 
16.8944627926 2.24866156547 1.06056604093 -7.68592471837 3.05693645064 3.01477315929 -3.04583535986 -0.90286428196 -2.05648302557 7.69863976297 
18.3656882871 -0.327593342988 -2.01876248291 -6.64159663834 2.67042963664 1.20334583874 -3.49190717081 0.0732336773812 -1.99084309662 7.62026968093 
14.5886626507 -2.79005323856 -0.87663120732 -6.17306703407 4.61591848134 1.54918276843 -1.5088033468 -0.887187491738 -0.892616354031 5.03664976016 
0.822683791704 -3.75256472494 1.05014853428 -6.78621066595 3.01139527433 3.67912960093 -2.67547294387 -1.18277760294 -2.59822780171 2.58739816903 
0.527232261834 -4.64611691207 -1.68138571542 -3.71817799896 5.8140695396 3.80355598635 -1.59291305785 -0.965229368839 -1.46676685721 1.52045536426 
1.94621657322 -5.61588930817 -1.72313295844 -2.03782689285 6.33474094767 4.90806664244 0.539285469285 -0.834084916958 -1.75894152836 -0.198146789057 
2.70813574792 -5.59035776759 -1.49744077866 1.68794600994 9.52495135183 6.51919342588 1.87317623145 -0.793001411281 0.021747024582 -0.778875170833 
6.88661569925 -7.86860387472 -1.83765648341 4.65423161902 5.59182651799 2.37869351449 1.40869156154 -0.0585863286178 1.72040386814 0.23672447684 
11.5056510465 -7.30927109053 -3.31206215802 5.39278933049 3.2695186183 -0.617177545337 0.882763229401 0.581038541941 3.8168875649 3.00897171006 
12.5279734092 -6.69611224015 -1.15481794254 5.61561607439 1.89567238651 -1.27717089278 -0.533717358377 2.9318602787 3.34610283823 1.69435743097 
11.287255562 -4.82432351346 -1.94492493546 6.05622523694 7.19000050358 3.54473904755 -1.53128318793 0.372067376429 4.25479221553 1.70716953392 
10.3540671012 -3.13810965525 1.01368272449 6.58260134503 5.29765988665 2.09547091609 -2.01187280952 0.563927287857 4.15095516155 1.53636211489 
12.9906161198 -1.68675801747 3.38318134304 3.08437583343 5.37064102027 0.360342203627 -0.954531216964 0.892034845796 2.68556462317 1.75232507398 
14.1780881387 3.11762175589 3.88976577555 1.85095182038 5.28545395863 2.64720923841 0.698778616756 -1.9899767249 5.03059592868 5.55877116021 
14.8244102073 2.74417713216 3.7666687742 -1.20449604458 3.83583342783 1.0150819238 -0.132582637923 -0.182198270249 4.63414242577 5.40651905345 
15.6041569661 2.40903944178 1.90731358473 -1.95652785966 4.4076326326 1.25956637864 -0.291413004383 -0.216308212499 4.04698968528 6.30962442978 
15.1406033929 2.12174462652 1.61626669819 0.479924083612 3.52999880789 -1.33387316889 -2.21851428242 -0.119716848148 3.52288414797 4.98046079013 
16.3870722798 1.33790076132 0.11073453835 2.55211718589 2.28188380876 -2.79652948573 -2.63764857987 -0.0951832241196 4.2549383036 3.71701796717 
14.5455825232 0.230154473786 -0.315342642754 3.63115438023 5.49947623007 -1.81337369377 -4.03825885539 -0.253120185596 2.37081491236 2.29888866653 
14.1097950966 1.48930070396 -2.57896965364 2.88489614295 7.02772031233 -1.56054571748 -4.59668380293 -2.21515550109 1.24077713444 1.43871744653 
10.8939722643 1.29121345692 -3.95408997131 4.10892085481 8.23572960264 -0.678010037846 -5.33682268076 -2.50156877594 0.183701848098 2.10363827368 
11.2366207814 -1.25873220857 -5.16781261856 4.93935278935 7.62252450162 -1.72046362768 -5.29786273169 -2.3285301749 1.12562810449 3.21565468156 
11.1858442793 -2.47891412171 -5.46183657437 4.43652757563 6.21314537787 -5.20734580695 -4.93202167764 -2.05935781313 0.197864195273 3.6738415496 
7.0272158991 -0.86628831981 -4.29369343208 5.85859845072 6.48442962073 -3.9392020842 -4.87330051721 -3.25379107961 -0.648872089683 3.74502106265 
2.69443862755 -0.261634272462 -4.78388512085 4.76524481172 8.26301603243 -3.97314845657 -3.87462270867 -2.91638914774 -1.55809036562 3.06676310542 
3.81140197495 0.185909514299 -3.81358741599 3.58474894333 5.75672142629 -7.3255497159 -3.37559682057 -2.89148670806 -3.56185694742 2.77735717372 
4.46114321574 0.975252861149 -3.87657360753 3.78422454774 6.71297478629 -9.71339341299 -2.53730297862 -2.10900453068 -4.81131366566 1.74965922223 
6.17167485911 0.588793251418 -6.17504367089 0.977847163483 7.51489809017 -10.5307510316 -1.52322913374 1.21021021989 -5.58528279297 0.206701947576 
-0.87380822026 3.02597723368 -10.4634398138 -6.41596680109 8.84903369516 -6.49445691606 -0.169933167595 4.24571015544 -1.76291254714 1.24874688184 
-0.364861034066 3.67379507109 -15.7423616466 -9.52159886815 8.25641925781 -5.77583366913 0.763726031809 4.35885357404 1.31522511997 -0.212130720076 
-0.841460285501 2.8962255946 -15.9361398171 -7.32904485813 7.24419690195 -1.949110767 0.329089363842 5.25997299058 3.25379253262 0.12972071751 
-3.54038831798 0.0685684439287 -12.3352618181 -1.67914358629 3.0149650839 -0.610218715761 -1.01449825498 5.08609929681 3.75026315056 2.26943068484 
-7.20062590165 -3.4622076064 -8.92796392343 6.80742015211 1.29515243813 0.562147414263 -2.54750774212 4.91260402436 4.25265961918 2.18561458686 
-1.34123847304 -7.03070210575 -10.7354672044 8.18831042741 -1.9382626963 -1.07337246511 -0.439586310891 6.01591759818 4.81383947787 0.608113367757 
3.7554362046 -5.86307333597 -8.57155584236 9.45856304453 -1.63627754499 -0.432112965396 -2.0287098523 8.65668346166 8.45797837356 -0.173230398369 
7.86460189745 -4.56625132462 -6.40518611707 8.50089808173 -0.90734262366 0.142172763554 -2.1894642829 5.87709478209 7.27301895933 -1.06387860978 
11.4409167909 -0.409037947348 -5.46564957352 9.10678414949 1.58662634497 1.53048145312 -1.21598486006 4.29299535284 5.23676046086 -1.71284953156 
12.1399165902 3.01095891148 -2.9257964391 7.36235923291 3.44274597626 2.00470175988 3.57542691415 -0.347344003579 2.79456850699 -2.40576723506 
13.4636982583 6.06401795584 -1.12586443939 6.90459821451 1.17686944202 0.272914737397 4.19837874899 0.172012910636 1.73478094908 -2.31860362247 
16.7677615329 10.3716447491 1.86887907214 5.89793950812 2.05331025845 2.69624442586 3.8422816784 -0.742838279816 -0.609757518645 -1.38277546904 
16.6062586265 10.745069194 2.80654216306 2.70282573604 0.131860984913 1.1053198142 4.52343539667 0.167966042816 -1.26820562794 -0.0686181097465 
12.39695795 15.9279326647 5.46595545832 -0.476365828626 0.120275029408 6.29992746205 3.09850110292 1.92221386623 -2.99282104791 -1.8714307991 
14.1407678619 14.2602574441 2.52254261009 1.12260256531 4.14683066468 6.58603081823 0.805891227942 2.14148513265 -3.12286366025 -4.27425660006 
14.2730915677 14.9186918232 -0.725826118791 5.79433790242 8.26548973974 10.8600324438 -1.58230822827 0.0426692699199 -2.66906998913 -5.5089061676 
16.1374444352 13.0704531596 -2.01059160788 5.06086207832 9.06629197326 9.009057223 -0.377176397363 -2.42005327068 -2.60167221764 -5.64661554586 
15.0812727741 13.8525548209 -1.76951460476 6.20571437452 6.93188227808 6.42772066307 1.84101063317 -6.17836184493 -4.07699715163 -3.55568026331 
14.5211981053 9.65040435796 -1.32461320622 8.65070868923 6.01634171567 0.766642628654 1.74583467508 -7.35350947828 -3.02811366708 -2.39877640977 
11.3366277938 7.15007363258 -2.1707454342 8.76133525915 6.12304485852 -3.80156220532 2.49116343428 -10.7577074881 -3.32498000728 -1.13758263077 
9.35449336732 3.38270986096 -2.61056398181 7.1127011731 2.91405014886 -13.8131057972 -0.412873040327 -11.1121986372 -10.3958020715 -1.54967096954 
8.26886576853 1.549033646 -5.35279849016 6.37460788237 4.36227802416 -12.1024799718 -0.41820845433 -11.4827534782 -6.81345378438 1.96775842294 
4.45333807957 0.564499583538 -5.4238081542 4.73391932341 3.01912623873 -11.9274344143 -0.0746707557438 -12.8408226089 -6.49477722462 4.3852369228 
3.21992650449 2.87379735081 -5.15402873423 4.75821909559 7.49043417454 -8.6522572167 1.60082162703 -12.7221362217 -4.46050740488 3.3196814577 
7.69673599959 4.82105550976 -6.71394090301 2.97842261996 5.85001851592 -10.8621265603 4.36678332089 -11.9538432424 -5.59375089981 2.77753060613 
4.2352457769 5.50985507742 -9.38895987951 -3.69379765819 4.14238409293 -9.75865241948 8.3047679733 -12.0429337327 -4.86845986704 1.66232823061 
-7.44160889422 7.58386941999 -15.2537433132 -9.9065378514 8.71953162082 -3.48437579929 11.3105194884 -8.42807039012 1.79201063479 -2.03639145315 
-9.33160578433 9.23381400926 -17.2496674074 -12.4506069858 10.14990224 1.09306000176 13.4138222767 -4.70959694413 7.84229539899 -4.08705888325 
-5.42325641088 5.641379006 -13.7580008481 -5.97855175785 3.05087278132 1.90310417269 11.5317023199 -1.17467685762 6.25844075663 0.866384685047 
-5.1819868735 1.1008192392 -15.2531340536 1.63020934969 -3.30448510523 1.44830161111 10.9976742838 0.646551490507 3.2100781721 1.1372383547 
-1.87677089156 -1.78006415757 -13.8812576084 7.31616927747 -6.59254799062 1.2459488603 10.3640543603 1.3055149934 5.46163196914 0.765465479091 
0.184211822684 -0.225631293677 -10.5476407489 9.78595651573 -7.33410112598 2.05069666518 7.79261640539 3.85194625751 8.83225086099 0.0492305701789 
3.99813310696 2.93752398727 -5.11753728017 8.39679988272 -6.89012625123 -1.10648476437 11.261693041 1.04148940595 8.52907453202 1.23134972516 
8.64360507887 6.13589990081 -2.2320680879 6.03927586337 -5.50210347619 -1.91517820969 13.1150262387 -1.90204683219 5.69204038896 0.766386534663 
7.23451022426 12.7988617949 1.05096059274 7.95398604869 -7.34577385361 -0.947166357249 12.302475558 -1.02106776027 4.6878658078 -1.11028145216 
10.6162184133 13.462916816 1.61123324454 1.16410416714 -6.06922368409 3.58945022816 6.83641737711 -0.283457304394 1.85543674123 1.12745722157 
10.7769363519 17.4529164437 4.35972084034 2.0335552091 -9.36210812702 4.02774732815 6.87413793613 1.44351735443 -3.6918889882 0.919715109153 
11.5122528812 18.7188596537 5.00268816774 1.41990348827 -9.8095356518 3.38840629302 7.61056167061 2.90612748772 -6.00012151189 1.51353231911 
11.9224292624 17.2426666186 7.17220146102 -2.34125804869 -11.6600832192 2.44740223428 8.03531135403 5.9566671154 -7.33913347039 3.62595657071 
12.2203946112 16.7605726738 6.49528458615 -4.48193132127 -10.7570563271 2.31665392997 4.1315062262 4.98553323826 -6.42968095597 4.03286124061 
9.42831787286 17.7395866577 5.26328665319 -6.5904122569 -8.43896850843 7.87918915354 -1.10482398522 2.56500325528 -1.55620605151 4.2607055156 
12.0055906062 15.7306330424 3.27814308741 -2.84776526577 -4.33311828783 8.51055981641 -2.58565754306 1.28844732337 -1.84595595437 0.130837351787 
12.350849421 15.1225233308 -0.964373298986 0.786894200743 -1.43956064541 9.78330622942 0.234326995009 0.771179042024 -2.21276068064 -6.76665093808 
10.7131746531 13.6180046699 -3.20904676454 1.7171955034 0.18586262311 7.04009740679 0.75708150909 -1.664544371 -1.44347398861 -5.9372969856 
8.02392913827 11.5678153876 -3.0452623585 4.04279091413 -3.21028905594 -1.65482050265 4.03134106965 -0.294108695951 -0.657124259295 -4.849366154 
7.4483471035 12.1455999981 -3.26288263543 5.67097528557 -6.19909014904 -6.73434722789 6.23781163368 -1.41534937276 -0.993294708947 -2.2605572115 
5.53371926959 9.10800035591 -3.08873923571 6.29217500554 -7.334902141 -7.97394791273 5.12629575284 -1.91986726018 0.632558403029 -0.985335809782 
-0.0523149921242 8.74335444732 -2.9253315755 7.73149601718 -3.9018953656 -4.22786323527 2.03304104394 -2.37704161284 2.27981904571 2.14896112593 
-9.00588683684 6.81022683884 -0.30999184838 9.08953120301 -3.4215066926 -2.63458628396 -0.815732099612 -1.69288183998 4.21039061549 5.93954697093 
-16.4802423164 8.16983400614 0.832325758144 7.42032878672 -2.54802196247 -0.164739956771 -1.91186901796 -1.81254361023 3.4204520193 7.75746344782 
-21.6051173281 9.8793812231 1.8672378672 6.94607064557 0.589442622708 2.31920109257 -3.55661385724 -3.93868398425 1.03355851733 5.13911797789 
-22.4739654582 10.4184681258 0.21177249704 0.992296438262 -3.30690025279 1.72917673487 -4.58956197627 -0.326888330335 0.0472675269467 5.63383365013 
-16.3310213107 9.25668475951 -10.6590034586 -6.41625679125 -3.30005853518 1.29766266529 -2.10593559427 -0.180573079972 1.75059033535 3.37872365376 
-18.3129132437 10.1566629767 -14.4236665346 -13.8359665152 -2.00656835028 0.847300299655 -1.50432163906 -0.966989237598 5.47949164396 1.36305867561 
-22.0209575304 9.4785370845 -16.0511492986 -17.6634031567 -0.185871983166 4.97290032732 2.3404657336 -1.78205995061 6.31524462443 -1.28005938196 
-27.3886224213 4.54230448388 -8.52232698682 -9.19345272787 -6.09210922093 8.50980788341 -0.00371805377703 -1.4994929428 3.48893488615 4.2931119821 
-23.4052473454 -0.987132988597 -8.20173913102 -1.85231053111 -8.55724791641 7.3837331593 1.33371379703 -2.19802107873 2.18598014543 4.77883336364 
-16.3239798663 -3.57154164799 -8.93280004899 0.790067720889 -11.3873479012 4.55012913231 0.716488668071 -4.46013777622 1.91214685631 1.86799820017 
-6.93629725015 -6.26922901525 -8.43123452965 5.56287241391 -12.5905537178 4.4085464436 -0.847313905501 -4.55468849198 4.80277613999 -0.112521433944 
-2.09903185742 -6.22519198 -8.67637344839 5.08200346944 -15.1124277018 3.88019003622 -1.71103464646 -4.20957766044 4.78451786423 -2.29513970718 
2.28932294875 -2.25636012949 -5.07414478654 8.00143872934 -15.1198518925 1.09412069522 -0.731553178023 -4.17008512116 7.080328735 0.0410721503751 
1.36526381812 3.7647516683 -2.77244686731 9.02331011295 -15.9690634762 2.32187683099 -0.729794659312 -6.31587535232 6.89166837459 -2.75587585423 
1.1693637362 7.29427802275 1.13833247541 9.67196373843 -14.8901146033 2.54869247322 -2.20786482723 -8.31298707133 4.65954698999 -1.7195535914 
9.44831544393 4.93594631987 0.0290321327279 6.51875320077 -13.1315230642 2.33940336299 -3.74386398401 -5.87134019986 4.69471572406 -0.747337011498 
13.9110043453 5.39815109812 -0.505746449052 1.24806398582 -13.0779470738 2.04665617154 -1.44807581736 -5.10409795991 1.80216469342 0.678376527039 
15.2987148056 3.59204430426 1.16611042919 -6.82667278252 -12.212919045 -0.0416611079975 -5.32593882847 1.51143645568 1.00923624254 -3.49056138989 
12.6150797628 6.15131154073 2.67153631267 -10.20033604 -10.180470657 0.218982784296 -2.76824013901 3.2573406763 -0.624844235907 0.707507363933 
10.1989260359 9.09927639714 3.32924132433 -4.03699093335 -10.8585559518 -1.01932781278 -0.715366689176 6.68134841256 -2.42422698051 -0.0321714957543 
10.1016253929 8.75785821778 3.10924850952 0.754465630573 -10.1791146808 -4.77342313141 -0.734253325666 7.07561678918 -2.65085551736 -1.58363717967 
7.68105713867 10.8404836153 2.71364900544 2.70825072101 -10.1767736556 -3.70510143362 -1.35759450969 7.32157333039 -2.22986788447 -5.76965646098 
4.11182790911 14.2060457793 6.23049756813 6.00659413014 -13.405449593 -3.86974802779 -0.719878474001 6.19182584793 -4.30013996496 -7.27281235681 
4.69056954769 11.629855596 4.64198394137 7.78874546596 -11.3560471717 -5.77832432631 0.904107024102 5.60732492923 -3.21361381591 -7.61455413037 
2.52619649316 10.9795365575 2.15026763987 7.91959753559 -11.4090807227 -8.51981011187 2.34935247755 5.00305990578 -1.84192140793 -4.97814528868 
0.432756990556 8.33176581782 -0.6618546589 7.3620292393 -9.36645224195 -7.82455793451 1.41368959605 4.54712962075 -0.330866130478 -2.81647391287 
-6.31432707632 9.43738635734 2.09108833292 7.05263967989 -9.10827766579 -10.9417834764 1.13067896299 1.26901861324 -1.31758252299 0.443702846674 
-18.5749857309 10.095656661 3.60559475871 6.76796933787 -6.66304603172 -8.16599526247 -0.815368149443 1.05082610182 0.0558174262702 3.98956298424 
-24.653811156 12.3260362599 3.92264215698 8.86859682414 3.30186391198 2.35947001528 -5.73091795715 -1.82645792345 5.96460778409 6.56597736322 
-23.8218875022 9.26064630286 3.59412926055 9.04355204971 5.65228629627 0.0965717341473 -3.17772171369 -1.20681674226 4.00744245294 7.54628965886 
-25.6267964695 11.1205087804 6.38805297926 7.0252923673 2.6256805992 -2.29118488474 -2.98822276654 -1.21899204477 -0.173191323098 6.85637712221 
-11.0130491613 9.10218913881 -1.1216762955 2.40536603958 5.28011869088 -0.581929822996 -4.28853366389 -1.27173572674 -0.689232535756 3.86027401941 
-8.29864420241 10.0847387018 -11.0492829081 -11.0957804792 5.14532036064 -1.90535348801 -4.62326618176 -0.354341252618 2.45203667963 0.231540400889 
-8.14781837038 10.692979523 -15.0096855752 -13.6803325678 9.53209613728 1.01612437593 -2.48299835751 0.768286037744 4.93968371006 -3.94973297843 
-5.63551083703 6.93786081908 -10.4182604706 -2.32144929261 8.36047911102 4.26198624988 -4.94255020777 0.269192963856 2.96439929897 -2.91016210029 
-10.6376212059 2.4325834531 -5.39342348411 6.57825886304 4.10924068487 5.69574602555 -3.77179640203 0.00441626018193 0.315547494276 -0.561514700983 
-17.2282169106 -2.23044215984 -6.85711709226 8.74668504841 1.56865102738 5.91072728021 -4.41771492131 0.16836680482 -2.90265698003 -3.77000612992 
-15.8415667948 -4.08836546452 -6.73509705761 9.26878155573 -2.52914976898 4.210480743 -2.34078631665 -0.334583991659 0.521089804427 -1.37355737208 
-11.1861174056 -5.77613263266 -7.32381409402 8.65351995807 -5.50833286 3.49611068146 1.03875776048 -2.42136358484 3.31191309191 -0.439687518082 
-2.66864065938 -3.37709975175 -6.70868630063 7.48286944428 -3.46861050923 -0.0829719821179 -1.82340774689 -1.21038192859 4.45209167016 -2.74468733877 
2.24993584672 0.600488383715 -6.5749746889 4.17821999834 -4.96170215668 -2.15087861278 -3.39297891493 -1.29010582943 2.96770501848 -1.93349731967 
3.88803825659 0.598242554594 -7.48259468485 -4.0411553899 -4.14755821616 -4.7537349079 -1.27590188692 -1.89613256188 -0.630295486335 -3.69239372866 
1.44044436952 3.86089886486 -10.0310699645 -8.0333072245 -3.58464804515 -5.06913248236 -0.328842089058 0.984742518746 2.79889429675 -4.8281254856 
6.73620644741 1.06758379651 -6.47938688111 -1.63691248008 -4.44940509641 -4.36742947899 -1.51795742105 0.64500519291 2.25474582497 -1.45422312082 
5.78088597026 -0.263973507766 -5.02096043176 3.68635619577 -3.4972231123 -3.79171085483 -3.26737623878 2.31336509547 2.78494315495 -1.20068582729 
2.95919341193 -3.69519972778 -7.28654159863 3.71200088023 -4.70056280249 -7.48911896691 -2.00102051612 2.73756647044 1.92008721496 -1.18977269344 
-6.61286554921 -3.53555301668 -6.35569986878 3.159283239 -7.6290465966 -7.77766220954 -3.38463293662 2.61371243129 1.83882546421 1.68351656473 
-14.2854419562 -3.08930884976 -6.5337027584 3.24395200035 -6.17295439257 -4.78709880411 -3.56028563524 5.5629655693 -2.16353434616 0.960732074014 
-12.0230842625 -2.04246711133 -5.13627274256 3.37675332711 -2.81875615489 -3.71289461784 -3.52879545572 6.31782016583 -5.55850736621 -0.906584041462 
-11.3219336514 -0.354628827632 -4.86868283968 2.01734444516 0.03936001721 -2.99422464086 -3.76739091013 4.75711124485 -6.81517427875 -2.63394315022 
-16.8755376642 0.394032807456 -4.02717287826 1.18310929904 2.45099222026 -3.74248632775 -3.44607625245 3.36930683979 -4.87971795958 -0.793405289326 
-13.2359583738 1.62793202375 -7.61514960059 -2.89923803481 2.76599424633 -2.78265753587 -3.15614324175 5.37546223657 -5.10656808828 -1.16245323783 
-11.7411759758 3.89414642906 -8.77930233791 -7.41409246799 2.4728550438 -2.17920617051 -2.66476594415 6.97042405143 -4.95113267273 -2.57462525225 
-7.58837318591 4.79709771775 -7.76331269457 -10.885603868 0.90066861701 -0.286759571955 -1.49567604655 2.90597907795 -4.90015299024 -0.792872581182 
-7.67099163282 7.36764013657 -10.3657523274 -20.966824594 0.958455768911 -0.00756221859391 -1.51415028755 2.99606257789 1.11211351513 -0.682373402496 
-16.7579963054 5.22499624286 -6.00260200778 -16.2405542201 -3.34966892132 2.96421825892 -4.60649985513 3.06640859743 -4.45857347345 -0.078857437219 
-15.2598937352 1.53044346683 -6.85146127527 -10.331427333 -3.43775555626 2.09821220798 -4.36539283776 1.05398219254 -7.58076558495 -2.08071348725 
-18.1608599665 -0.839415446505 -6.41135404284 -4.29117241371 -3.54814762196 3.10419379093 -1.21033925893 0.311734837536 -8.55833250168 2.31419036694 
-24.7868082564 -0.983703132363 -5.16487587635 -0.176172094661 -0.795920115631 4.01306629981 -0.484066388829 -1.83442793713 -10.2511611013 2.33390218698 
-23.8142813955 -3.17064859311 -3.72480159868 2.69094949463 -0.299245379752 4.59447481522 0.0157823397345 0.778090629055 -11.3224408691 0.85002545078 
-22.6218519317 -4.39574612757 -3.06956324656 3.32201696871 -1.39194059127 6.04002708961 0.212832453327 1.28563738146 -10.3815361842 1.05259575802 
-20.8232351665 -6.04227131384 -3.48134532697 4.76665118485 -0.896178158592 4.9669108586 0.843043293388 0.240421967485 -7.57025368398 2.81518131366 
-16.3259592299 -8.55916021716 -6.00920053914 4.97131894813 -2.94265632028 2.91264467302 1.92132204972 -0.00566074974299 -4.95138547944 0.26323160236 
-14.2621334121 -8.67109202426 -6.10147795567 3.7435924131 -4.783034065 5.21912183227 2.08942473509 0.449922013334 -4.53141491545 -0.444836935713 
-5.94003150003 -7.16610281005 -7.58366117596 2.06247611225 -5.90924090938 3.24963747267 2.20287595847 0.904571784547 -2.7569729894 0.764935804969 
-1.69834536564 -7.29428127409 -10.7252908993 -1.31032209189 -5.17838122431 -1.36467192404 2.1629942669 -0.421437915836 -0.377170889665 -0.165906233276 
1.91286930387 0.688223623036 -10.4314989018 -7.74353127095 -2.306460083 -1.73141840038 0.359710658016 -0.702761534505 0.348331064882 -1.3355037652 
0.908024369172 4.56048695171 -10.4752622698 -7.13393082211 1.98621264067 -1.65767930197 0.579953943494 0.0203287716152 1.33644168908 -1.0002409777 
-1.54245035265 4.21776898032 -8.22802023026 3.60848980608 8.61272542192 4.42819881165 -3.55644944861 1.95511452689 1.72794787729 -0.0128468932053 
-11.2606469949 1.17760336838 -5.38079934194 9.28445336242 7.40025358503 6.30200206553 -6.15529875208 4.7587939466 0.58531736445 -1.04692106667 
-11.0925380669 -2.73455601873 -5.51610297476 10.2395838942 3.17738653649 -0.412671260395 -4.69461134606 4.44846333714 -1.00903507989 0.657668224733 
-13.2907779895 -2.07640755373 -4.98659228417 10.6882803766 3.97186011531 -3.01901310246 -5.66625204377 4.34254355504 -1.91817158757 -0.368381561091 
-18.3397472834 0.610384660147 -2.70575727757 8.52232817903 2.44064494575 -1.7350647279 -7.68755639945 3.09274966762 -1.99981366016 1.68615840167 
-24.3540178954 2.02712985777 1.57954605208 5.70765662267 -1.03688498468 -1.17959128467 -9.12092107552 1.85752251175 -0.953763330974 3.29434571365 
-30.0514776201 4.90988517719 5.15871825223 2.8141724839 -4.40471366223 -0.808329379378 -13.2725400038 -2.04332094869 2.92728149926 6.93344284101 
-31.9262744569 6.03192797525 7.36396559995 2.90988142531 -3.58428984314 -0.803548338922 -12.438438593 -2.88130083252 2.23824036687 5.52684475047 
-26.1985502562 6.05532308826 6.19491309303 1.05211796891 -2.62886323376 -2.86307277401 -10.435292879 -2.00162964694 2.49806022038 4.14996483888 
-24.5890968476 6.9385400727 4.30814975736 -2.90877567616 -0.959785434974 -0.0273001495938 -8.26991233939 -1.47606453916 1.41457068811 1.16998202503 
-24.4204284734 7.39330486973 0.260612895094 -9.96743791439 1.42602469084 -0.698620276886 -3.70786024042 1.05558440966 0.00534332339264 -1.8420396874 
-24.2385086513 5.21221178684 -13.2470407534 -20.1150735658 5.62308738433 0.491989548175 1.40861777986 0.0256688765926 3.51897528682 -5.26059034738 
-24.8671402949 5.8931102245 -14.1800921117 -19.8400950029 6.64932212347 1.86808564966 3.87916444954 -1.10897063875 3.41391000571 -5.29422518045 
-17.4562975256 2.00920648023 -6.85237030492 -11.0475407115 2.51050621436 -1.21806974737 0.416049055357 0.121732509411 -2.13344120587 -4.57845764857 
-17.0802085102 -3.1513621766 -7.51838093035 -3.64757482832 -0.797703393335 0.891066113646 -0.078196982813 -0.39152729274 -6.80572299491 -4.91782112212 
-20.4837010143 -5.45753986673 -3.55996910752 1.70068095186 -3.98370739157 -0.237423038587 -1.10650768909 -1.85758459608 -4.44026603529 -3.54808845005 
-17.8600000199 -7.18184396934 -4.96843950899 3.28318004106 -4.30460913283 2.37850281706 -2.90099402973 -1.83905360685 -3.90330572668 -2.0912293502 
-10.9642538296 -7.50098146498 -6.55637722071 4.70538787028 -4.44246065289 -0.045822697852 -1.36168101745 -0.315683346887 -5.13588243301 -1.53196937658 
-2.59742893705 -8.51684988748 -8.38671960068 5.10214285277 -3.10347352677 -3.4016725682 -1.12539811428 -0.0252146108419 -1.73568065373 1.20022317259 
-1.90860341781 -8.39603051246 -8.80498004641 4.72485825705 -3.98757643464 -5.138282863 1.66221041002 -1.10722025078 -0.897350565723 1.6537704111 
0.435212622214 -9.18989529425 -7.48120247721 6.57228267149 -3.76677551328 -4.76511377136 1.4172339978 -1.19734586679 0.395013081757 2.61863761461 
0.311676614986 -9.06781832263 -6.22763206908 7.64549975386 -2.98989513973 -2.50916430354 1.71986204799 -3.33315483721 0.350760585757 1.58031229967 
4.50259007223 -7.1473291418 -4.91563684537 9.08164997057 2.86178351234 3.2390746971 -1.24135360782 -3.57239864161 1.35736339813 -0.948890510017 
8.4091782655 -2.23448895003 -2.8777545889 9.69762153084 7.14026769054 4.31523253961 -0.0999239510314 -3.52429658257 0.270509525968 -3.07523005145 
10.427112115 -0.92819542429 -1.50321062265 9.57998793698 8.83651164459 5.17231284621 -2.50564996805 -2.57245987258 0.176270103163 -5.46890577617 
13.6852103924 1.31515782694 0.199809552339 9.06857373106 11.0080536269 4.74231858944 -1.60397798338 -4.57756193544 0.14374318627 -5.05312209422 
15.2670441798 2.84802318543 1.22835172785 6.85059787104 8.14590377172 3.68958342674 -1.12608531487 -4.11723197451 -1.27271400025 -4.83987161604 
15.0177217231 6.02783771542 2.07196441081 7.68064732428 9.50818607086 10.3915654916 -0.405193293216 -4.40677610218 -1.63961012255 -4.03492580044 
16.3690564772 4.41757108989 5.34380806244 5.62528607146 5.81568126905 10.1846989552 -1.66733886977 -1.97815454979 -2.47615297441 -3.38987190215 
15.8540548275 5.34673430791 4.8666547188 2.9501544102 4.550552174 10.1991264182 -3.71439588567 -2.16311414845 -1.75187081153 -3.9371858204 
16.8033133241 3.53271215526 5.48202348655 -0.658424565329 -0.981781071422 7.80595593828 -4.67737678768 -0.257463145278 -1.9029385319 -1.70331863874 
18.1577946268 3.63596789691 3.87678163776 -4.59234221695 -1.25022054627 7.75056029979 -4.4614025654 -1.53284098984 -1.79675737371 -0.0578174905429 
17.5683918564 0.74895656055 3.14301300871 -5.64919442578 -4.6475779149 1.68298130786 -4.20875694667 -1.8538385497 -1.58250840648 -1.82835608485 
14.1248558562 -1.61026583001 0.705170392551 -4.06243066069 -5.0952560732 -0.176423541367 -5.18180596003 -0.624860208818 -0.501471923519 -2.98048189507 
12.4209258017 -3.39564847365 -0.49477533545 -2.1783962381 -6.4196166888 -1.28138466958 -6.85212721361 -0.499216385302 0.482853674589 -3.52745041526 
10.5364336187 2.61797320562 0.391077688808 1.69177417723 -2.22813138272 1.287005316 -4.42237950596 -1.47155208028 -0.549204808631 -3.44512939301 
12.595249823 3.2661811051 -1.05519272469 4.43547122134 1.31688755996 2.22907148978 -1.857719557 0.821555471724 -2.92717020679 -3.22876396377 
12.27170174 3.88983342038 -1.55520528658 4.83906606149 0.807804807032 -0.116833391191 -0.971941579236 2.9305710733 -2.94680097043 -3.19195751938 
11.3901439181 3.0233621871 -1.82748915554 6.50027133658 6.0290815248 1.0842144668 -1.71039471689 2.81402863442 -1.89999403245 -2.03681955153 
11.6394409899 1.15288299934 0.0175369914124 5.82460561801 6.26469961424 -1.18797213172 -0.460473035501 3.71209970114 0.036194340201 -0.965601601387 
9.73902555368 -1.67484414894 -1.20410276895 5.67799531825 7.18457676258 -5.09803520171 0.668951911193 3.81214608827 2.26835166145 -1.00635179683 
-0.48569218549 -2.12054512199 2.44167087596 6.93044416895 7.30229923849 -4.76626024601 2.27719155417 7.35545340854 -0.417339121724 -1.75706247827 
-7.68249693078 -2.27709197614 5.17579077872 7.05995280872 9.76451986371 -4.77510708244 4.28629143487 8.06048956049 1.34457981421 -0.745864780234 
-11.3682766998 -1.4808421461 5.46686887173 6.02719221163 9.07164522738 -4.80189873591 5.18914771745 7.00814679278 -0.758836523213 -0.140465705295 
-14.6451337409 -0.749381635883 9.07790983251 3.68500644159 8.07286124039 -2.74680590062 3.98523162208 5.21621934716 0.110199302775 0.511600839412 
-14.8127478109 1.2474294643 6.71210911467 4.99912067139 11.619119591 -2.60238866062 3.75514270912 5.98957604671 0.707210606481 -1.67212138048 
-13.8220890546 2.11898310747 6.77634316515 4.55283555882 11.9468501184 -1.86045774507 3.40840010079 6.69471603514 -1.41946571079 -3.65324133092 
-9.81814104368 3.75086440989 6.14519502117 4.50541656105 12.9574343074 -1.81941993857 2.73598092672 5.116999371 -2.26387117158 -4.76292024002 
-9.30290730611 2.89725620367 6.13171488032 1.58333339936 10.5337459591 -3.25038826676 3.47503398333 6.26519347311 -2.10096158664 -4.91050354657 
-6.08202539974 1.61507112248 2.00342825004 -4.92434788226 6.88335357587 -5.54925108448 3.00222727785 4.53687308879 -2.18385602406 -1.97537577913 
-1.26100666285 0.500014273164 -2.80414979402 -9.93825433242 5.09491713354 -3.5459088635 1.99558326814 3.90728602263 0.578887080125 -0.790823907661 
-6.92854972159 2.68473349889 -7.54204099265 -16.8639564753 7.00110814942 0.218774811288 1.54589979604 2.05571440258 4.58465674874 -1.62943778379 
-16.0435223642 2.9187225279 -0.0570375377283 -11.602031408 3.50405058694 2.51333259603 0.714850547782 0.64172576786 2.49256943324 0.990873031114 
-21.7834139603 -0.5765622545 5.4649344717 -3.88537032126 -0.190640364261 4.11374461492 0.295370141642 -1.09965557653 -2.46040547718 0.717861071552 
-26.7420718211 -4.27051289627 7.64039142017 1.1686009558 0.479724007412 5.30594837515 3.28334639029 -0.289930157493 -4.53872759388 -1.11187682398 
-24.8125781627 -5.92437513884 6.75316028888 2.37594877194 0.677070125416 4.61431793616 4.60133542925 -1.21386563857 -6.03209144667 -2.83744066236 
-20.8340219552 -8.74185603031 2.08162606725 3.71268362754 0.163630997571 2.63317999154 6.89213262635 -1.68899778456 -5.23271226634 -1.41040246095 
-16.7841060069 -9.3416675661 -0.09975199926 4.06759252442 -3.14658104335 2.56970531965 5.22931521646 -1.48915975593 -3.48293675357 -0.523745562874 
-17.2074161203 -9.94029626038 -0.553496477838 3.75135396227 -5.19043971929 2.125729351 4.21553526869 -0.736162555521 -3.20017818351 0.317784377673 
-14.4918095071 -10.9959142734 -0.196849428386 3.60307477951 -6.64275664019 1.73170241865 5.20255378419 -0.532467064567 -3.11856644228 0.887716138951 
-8.90886363895 -11.6805829717 -1.57986380877 4.96553642141 -5.12448961569 0.405868931077 5.14721074405 -0.362071881664 -3.42469393462 1.442472535 
4.24153688288 -9.68371081783 -2.97819779641 2.56064514633 -2.10734133952 -1.0238529689 2.19459013947 -1.81960209187 -2.0715184278 0.80944605454 
4.90908232238 -9.06457690682 -1.44637559375 1.95835828558 -1.50022112159 -0.457785829406 0.261766872923 -2.11483453115 -2.67567194402 -0.583717867547 
7.0985707677 -9.2559456244 -0.610917051743 3.54263953198 0.589356904654 2.25968057869 -1.64583326693 -0.304725968458 -1.14871567053 -3.07846098288 
6.37690270507 -7.57149209873 -0.208835480354 3.65030831771 -0.242628690198 3.69788450018 -2.5193419595 2.64876828107 0.894167931047 -4.04814785007 
9.99695485131 -9.01445276586 1.32843070442 1.39195931808 -1.81599023078 2.86527937244 -4.7692089951 2.14467770702 0.124513372177 -5.63969188594 
10.9574843759 -9.23902066819 0.853127716144 1.31591260316 -3.86617756617 3.70451555502 -4.94480381641 2.0582791428 0.462231996482 -5.54596894034 
12.3621550161 -9.05546188161 1.519483113 0.577259839059 -3.11450687201 2.22045953207 -5.13632737363 0.855721818899 1.51228760831 -3.94302128515 
14.7947227955 -8.78108838433 1.42275776161 -2.63178102928 -4.55447036674 -2.88672822341 -5.95207124906 0.112914470067 2.04832267308 -2.63265617849 
15.1466522817 -7.39778136867 1.25448365055 -5.85870647409 -5.90467508119 -4.4020554295 -7.15324159326 -0.178806472251 1.29180873106 -3.44533735885 
14.5404555415 -4.98253694357 0.595476077446 -11.0268654197 -6.26142523227 -5.55714629123 -4.09375747398 0.0698949640321 1.51195484795 -3.22572044403 
17.0235643109 -5.63158379701 2.45392920184 -5.96260960164 -5.20980708968 -3.89543317777 -7.37285919816 0.838469828369 0.884876791603 -2.83173836477 
16.2252765211 -5.2640019886 2.21323149736 -3.90810783644 -4.60823643821 -4.38835741583 -8.85707366854 4.36650432189 1.35789893297 -4.46976902358 
15.5433154624 -4.25181578921 3.10229902745 0.0358253744444 -3.14462469875 -3.60563301996 -7.80015100965 3.44457182445 1.591437196 -3.49279920309 
14.3770528128 -3.90047536667 2.62644945036 2.96242417299 -2.15077468446 -1.73824425497 -7.03422124914 3.57062373387 2.10158145287 -2.26343626475 
12.5473128774 -3.87234548173 1.92021854222 3.69254127218 1.56828399594 1.43124118545 -5.73327180433 2.01953875154 3.16433878876 -0.458689484059 
13.8520425408 -4.57081890696 0.45033761916 2.93318662938 3.41414001534 0.47362881097 -4.11862546819 1.88569470918 4.68353022581 1.08492441897 
14.1760296813 -3.61738202271 2.34323890309 2.99844717547 5.85468501558 0.902298993861 -2.49548163901 3.95118791494 3.19679811651 0.718050023161 
14.7576591764 -4.41209223127 2.66703512587 0.739310716419 5.56697157457 0.0877778237387 -2.0391251061 5.11331757115 3.03310105684 0.419005586975 
12.1452456237 -4.69292067995 2.16238474535 2.53587888124 6.91313328229 -2.41588074681 -1.44719622557 4.25065794164 2.60878782743 1.29596910644 
6.55372762465 -5.21844615425 4.63509431223 2.63825518071 8.84537766481 -2.10406311083 0.479038769558 3.9979005592 2.90433129085 0.949125076837 
-3.64522121293 -4.27438960826 8.42537116688 2.90416820699 8.07695642506 -0.460273084188 3.45124366448 4.68239687805 1.7469770434 1.41022454504 
-6.31612416079 -4.20836639267 9.2052200741 2.25447115576 5.69378940925 -2.67613024178 4.73082301582 3.20640427104 1.17593229066 1.0210238637 
-10.9139826589 -1.99480565873 12.3692747297 1.7864721093 5.9763663213 -3.06783000579 4.60370299503 1.7327428371 2.35875765408 -0.105811818653 
-19.896900627 2.03881657118 14.2151445544 1.13431006007 6.79590216994 -1.54151563016 2.9383828926 1.15685923784 3.70584032743 1.10641502343 
-14.6881764965 1.05968190727 12.9607767916 1.70488538442 5.60689813838 -1.92465177438 1.28788196154 2.66927727236 4.21360055495 -1.52903349461 
-11.9329553517 0.681873665271 13.9482196232 0.878458482259 5.46771154622 -4.45968001288 5.29058830145 4.20774610928 3.82340796793 -2.31894580253 
-12.7727818133 3.0285323565 15.9698919308 1.13927794908 3.30569313015 -6.50720990242 6.59571551708 4.40272630341 1.61668672135 -3.9732972016 
-12.1990559005 4.04979193322 17.4943970283 -0.552094992349 1.44393022273 -6.32094603757 7.05704533932 3.88784961114 1.27592908872 -2.36053288794 
-12.4991347975 5.32451770089 15.7577733681 -3.01210474646 0.433014490336 -5.31963339057 3.77362797263 1.1484764606 1.75079898953 -1.08158506473 
-14.8097688953 6.71065030869 15.9804624867 -6.83560205623 -0.00901943212859 -5.02177397276 1.91179409795 -1.81340879691 2.96278552672 0.0105371538218 
-12.6314649937 6.02699233849 13.0772459496 -11.2882352731 -0.573446075788 -1.59799623805 -0.287692277703 -3.99126894223 3.65497987211 0.670568611762 
-5.56958506778 3.88586102632 7.98382756191 -14.5216461095 1.2017912322 -2.15088753984 -0.425938911885 -2.75695053105 3.69192562883 -2.44690871769 
-6.34243947036 3.43212056001 12.2467004934 -10.2900907652 2.2997725688 -0.748802941087 -2.27122184695 -6.12230841229 4.58925670536 -4.34530646525 
-9.37726021868 3.87641747423 15.8391816204 -6.09871217759 -0.218259104669 -0.366014402869 0.445968402872 -8.41509805856 2.46959713044 -3.44955961453 
-11.8777319376 1.07507009896 15.8243720978 -2.35256858919 -0.269733493037 -0.225892040639 0.0987168810844 -8.06273626063 3.94006183102 -3.00093474065 
-11.4674938967 -2.55035348528 13.8840769063 0.106200491961 1.1886978596 -0.55108654523 3.27388827545 -6.00029718043 2.94920587627 -3.1840146205 
-13.2118191459 -4.9440070779 9.23053088971 0.475807919506 -3.17629957389 0.161781890338 1.47447463029 -3.58789120221 2.09831584791 0.319866772722 
-11.6294933056 -7.36742841011 5.07597484839 1.21776943416 -3.82528092659 2.36740349056 3.26495748579 -2.41674102505 1.85181841524 2.05552669125 
-9.49529248307 -9.02622691383 4.14429190921 2.07279704856 -3.240666353 3.5652901819 0.649437739431 -1.34176028501 0.492628250573 -0.748002937041 
-8.79756219829 -11.2666006451 2.23089930351 2.48967318302 -1.45624132483 3.18683081648 2.7812728942 0.33317929876 0.0893741249119 -1.3016384556 
-9.23021112935 -11.2709453699 3.3653925796 2.83828509591 -1.92406539398 6.08847771819 5.32823946731 0.312696429911 -1.52909715949 0.0395088751065 
-1.17063814517 -11.4257871081 -0.683985593872 0.871764486512 -0.399787343938 4.29081278959 5.28669907543 0.966229661318 -3.44514595144 1.43031170136 
3.95856066904 -11.8385848793 -2.03756536237 -0.749440898218 -0.728346558172 1.615532463 4.91437037468 0.730277484887 -2.07911193915 2.39944039048 
4.91879398746 -11.0279497522 -0.708880786076 -0.579377069362 -0.604163037284 2.61381472351 5.22954500227 1.17375839533 -2.87844255042 1.65618604668 
8.79400546248 -11.3287441631 -1.05507629138 -0.299668749752 0.774656180608 1.43985538501 5.92641502486 -0.0225238206146 -1.0627192309 3.68975983655 
11.3473318037 -10.9526195238 -0.219731782211 -1.79071461758 -0.312644043383 1.3815326721 5.23531436093 -0.642346973473 -0.543590724355 3.6953142799 
15.6237656576 -9.50400111198 0.708488513359 -4.06220765355 2.70175391771 1.47373720523 4.02399051509 -1.86438676509 0.545443177324 3.50125443374 
17.3673628988 -8.76101091609 0.339418011327 -6.68906701104 2.39653598781 1.13841812064 2.74011031 -0.490911126784 0.287741932393 2.17464462093 
19.9465787284 -5.38576511386 1.49122401037 -6.63759992168 1.17640555859 1.15004612588 1.78972832874 -2.78902105338 0.430739871761 2.79543133737 
19.652669559 -3.20902387084 1.58052427785 -9.49794303705 -2.0404756067 -0.928334181866 2.87373174687 -2.54683443994 0.304746026851 3.0204937855 
20.7171401135 -2.0591313177 4.3775126943 -8.00629445709 -0.741782687102 -1.90717770733 1.2454035236 -1.77903741581 -1.03421371727 3.83163124021 
20.1160009922 -2.248927408 5.90976140787 -9.36492815745 -3.33022283386 -0.499895082564 2.45158758518 0.513110401616 -1.51542290712 3.85221176472 
17.0889941214 -2.43671797929 3.06080861729 -10.4037892962 -2.3712682174 -3.16586369625 3.02075324285 0.3910936877 -2.69006386706 1.36121508939 
15.2990820597 -3.20352995296 3.80564415685 -8.96236997866 -2.68327603845 -3.40534184771 2.21504022026 -0.0304538520607 -4.20073734619 0.451966999592 
15.3098757478 -8.47465427044 1.7771048234 -7.71515942836 0.531584673176 -1.91956127372 -0.45618907028 1.07652196361 -1.27649502081 0.438537170645 
13.6496919176 -10.4946858629 -0.182451936229 -4.6616431311 1.31410977467 -0.823259958703 0.176180181279 3.09250012994 0.68490290669 2.10647101936 
9.25298689883 -11.5803045896 -0.0870669320604 -4.63136091377 1.04618833779 2.00157073398 0.156166379347 3.89364378239 -0.198266773051 2.12655466903 
7.16406976674 -11.5768627994 0.128685698233 -3.53510801191 0.959204484432 4.0669240454 1.19111724816 3.32843263903 0.230431117999 2.71534299478 
3.79896520332 -12.2150357017 0.811990451098 -3.30714508124 0.182596264435 5.94637714481 3.33351304733 4.35550784837 -2.21963762786 3.23513045181 
-2.24720387909 -10.8235129925 1.0580914769 -1.59672240425 -1.06967897978 4.03518756356 3.72990107265 2.95851414892 -1.74018032369 3.94411566127 
-2.71043008721 -10.5319788878 2.91708473439 -1.79304750703 -1.53401678629 2.36615923722 3.51328907341 2.29853323738 -1.00037843161 3.20818606429 
-8.81283821208 -8.532305845 7.77335506573 -2.06935690177 -0.730556706429 5.01314639582 2.18990511262 1.57057707356 -1.53097085245 1.94485626485 
-14.5016860871 -7.37207797935 9.74982103202 -1.53518711683 -2.07217164733 2.44824497354 3.44638041132 0.111442961618 -0.429960257576 1.83549403061 
-16.5806590923 -5.08918680673 12.8361201642 -1.69076927248 -2.81967217766 3.90340696901 1.02722538469 0.750072523406 1.84037713282 3.35767619323 
-12.0645651727 -4.77452655201 12.5210302964 -1.50983279831 -0.0537054152404 2.32030875006 0.723459404206 1.88218982491 2.44006281457 0.378704469758 
-10.1099148844 -3.02322658584 13.4996595536 -1.04073230065 2.21654070008 -0.59771678368 1.48928535752 3.45968856921 1.47285850604 -2.38315546 
-11.1720462117 0.136769272542 15.8341652675 -2.29270791434 0.867844648288 -3.0470438759 0.264438348242 0.946867063549 2.71629498673 -1.34718366182 
-18.1588482181 2.44008414277 18.9651304629 -3.95618025176 -1.30863625704 -2.58932528323 -0.708643633063 -1.11541729489 2.87477035958 -0.958328530077 
-13.5445945199 0.431401343854 19.2009613518 -2.98767318223 0.930506906103 -3.09254653449 2.19794072869 -1.54318957873 3.35618223079 -2.07328263443 
-5.92149058381 -1.83718473381 13.6779691859 -5.34735787141 -1.98066326934 -5.0510213337 1.52263169487 0.095128038508 0.683658067536 -0.17201370702 
-4.0338003751 -1.33354996768 11.1339028454 -9.11519570111 -4.12894406597 -3.24612222684 -1.23815984292 -1.70280300804 0.324661424629 1.13759072361 
3.66099192127 -3.7450770419 7.29579151344 -10.5358933311 -1.56600119516 -2.79997673149 -2.67553607806 -2.61898330763 1.39570884994 0.24324283326 
6.8848416174 -3.70628263788 3.64407804456 -12.6698091813 1.11726226889 -1.40961166017 -3.95362875891 -2.42635922019 2.71486521144 -2.13305619474 
4.77204952366 -4.87969584371 4.84665285186 -9.63519124908 -0.0964027040134 -1.23150667717 -4.01200078601 -4.02081504302 -0.420931096561 -1.89779930209 
1.21845147428 -4.05207917569 8.91546935579 -5.11380022413 -0.705789608927 -1.25042602764 -3.68262436287 -4.65701111916 -1.38104857764 -3.25012414105 
-4.61357157897 -2.65891925538 10.7203735154 -1.9638362118 5.28678660305 2.99895455498 -3.68600955556 -9.37050296397 -0.0806889915575 -6.46922121495 
-8.51167654643 -3.65127524506 11.5695853883 -2.15533056871 4.37411307464 3.00591612983 -3.52716652752 -8.10487131605 1.9434965359 -5.17032573891 
-9.80142518352 -2.4698722473 13.0496744924 -1.41286418527 2.46609025163 2.05705173111 -2.41835110844 -6.71163513377 2.49915336408 -3.09258718862 
-10.9660986058 -5.21876435125 12.0933311433 -0.739015474438 1.02307887949 0.386444347749 -0.98941785512 -5.37416311346 2.43235101342 -2.17036256323 
-12.9678946446 -6.21836477468 11.5392945721 -0.891332555006 -3.35568875813 0.559835758704 -0.901484026887 -5.00285634818 1.16079177691 -0.926014949328 
-7.45491822177 -9.30345796696 9.38190079273 0.812704125346 -0.97454759 -0.334526632331 0.239865061036 -4.71163938856 0.863523582981 -2.40413590216 
-3.45121466161 -10.6841090247 6.48153914149 -0.579914600256 -3.10353607022 2.18491078378 1.6099701963 -1.01492328481 -0.257141588122 -2.12585973036 
0.25630460366 -11.1921258658 3.43817208921 -2.28843432689 -2.91531731461 0.890915102106 2.32814178751 -0.431197197849 -0.331653243411 -0.887259389815 
5.77002293015 -13.0711940829 1.05381956564 -1.8457678486 -1.10497417936 0.291358714097 4.04205945845 -0.27513028127 -0.0179533708849 -0.531818432245 
7.51468344198 -12.5361589496 1.83960389497 -3.3289130068 -2.58057472075 1.07713537574 5.32426941391 -0.973796368648 -0.0462060223477 -0.755247024495 
8.00134720307 -13.8219108082 0.198804243587 -3.15160054897 1.06180732132 1.55009923897 5.52796140974 -0.378803065058 -0.683696730943 -1.02652025903 
11.0623269913 -14.6033549073 1.02465409235 -5.03328625659 -0.631374844545 1.65513318776 4.61101748119 -0.197530734115 -0.522626717177 0.163057408619 
11.5058186505 -13.1245233338 0.175850259313 -4.51033466798 -1.91268564574 0.197426725694 3.14961928619 0.124764189626 0.229465504363 2.81624928972 
11.3581041876 -13.4452399584 -0.691995483668 -7.16570685281 -2.76889913085 -1.48975940569 2.747253983 -0.0398105467135 0.264639353952 1.6215618434 
12.7322597362 -12.5521798375 -0.311654097011 -7.66817676769 -2.91131322888 -2.9277000387 0.85787182425 -1.42448486764 -0.0624313889438 0.798106488159 
14.177863834 -11.4249981306 1.07170117904 -8.90995065672 -4.28713483485 -3.34104576562 -1.65724935444 -1.11452002933 -1.37481079395 -1.65485225422 
15.7874136004 -9.52314014721 0.927922231236 -9.92845490038 -5.26847589168 -5.52777188068 -2.77034712584 -1.68078548856 -2.0397948763 -2.01092408497 
17.158094602 -7.92091990888 1.13634837638 -13.7277961879 -4.23578533205 -3.35003585534 -2.44834473323 -0.750296252852 -1.46503584851 -2.57953382161 
18.6268319694 -6.09155132402 2.17314930687 -12.6152634948 -3.92616482137 -1.59593330077 -2.92303187828 -0.64245335041 -0.128146123277 -2.38471386805 
