-0.448722218241 -1.04822647939 -10.2862989921 -14.1580834781 4.96170554651 -5.54184059078 -2.1900951847 -1.44343183398 2.83972601263 -11.4384525218 
-8.41946245376 4.73125467825 -6.23365562714 -7.95080750148 10.2450635696 -1.76309624371 1.65174457868 0.335334533307 -4.05287787134 -3.0268438367 
-7.46864009671 10.1782936549 -4.69195890874 -9.1803206458 11.5920406671 -2.40555246272 1.5630790803 4.0207224247 -1.51311917394 -3.48300998026 
-5.92234471007 10.1837151176 -4.81570481907 -11.4212441003 11.2586154537 -4.1160238556 -2.27410278143 6.5817646615 0.864584909398 -1.81833238411 
-4.57537568491 11.1668153414 -2.73323191567 -13.3899727399 10.2977421882 -4.96791917118 -6.89051497147 5.58367055065 3.60700014417 -3.05716000348 
-8.76930249873 10.1303349915 -4.60451644082 -17.7069602299 11.8944172636 -7.85853942765 -5.83646459232 7.61641596053 8.84233884416 0.859798243192 
-7.21419215968 10.100108733 -2.25416310396 -20.2382887507 7.24707566423 -8.32936151087 -7.14602238758 5.19569956638 5.68462433288 -1.23526931982 
-4.42766433275 10.8662330933 -5.73870546065 -17.6035224483 5.24115654692 -8.61048390668 -7.24542776207 3.08930661919 3.62331503296 -1.0715910509 
1.69313529573 15.9588222314 -9.51601131994 -14.7116712788 3.70815139228 -8.216635972 -7.47728624185 3.37522900754 -0.864740548429 -1.94463671523 
3.96668700505 16.0572695894 -14.3580952972 -10.3889902422 4.98211111925 -8.41489232274 -2.71032239839 2.37792926001 -0.843456955487 -0.815423943512 
10.6217745902 14.195772831 -17.80143793 -5.41496487509 2.86270499385 -9.50746339006 -1.46765767616 0.77751253381 0.324132988893 -3.53225765626 
10.6775132767 14.8469981577 -19.1570886069 -5.18431975321 5.03501431259 -6.26060156055 -0.64765067091 -0.0179082156854 -1.95478084074 -4.24340785192 
12.3065664436 15.7198496291 -15.5570876597 -6.61939542716 8.99331690849 -6.14767265407 -3.41968087793 -0.903723835488 -5.44668271869 -0.164435709744 
9.37034290802 13.5388884013 -16.8575487567 -11.1313746404 8.51455796665 -5.23108511917 -6.54226240369 -2.41176924973 -2.35760161102 1.98887436032 
6.74709665097 12.6077539837 -15.6447737658 -10.2053051016 3.4446570161 -6.11634348282 -5.60695882824 -5.88609174719 -1.04039830839 2.76825414603 
3.40561941031 12.0687589538 -12.2498395112 -5.66753392795 -0.338218182551 -6.38335052694 -4.18043464241 -6.85932921175 -3.41021768442 1.80122256835 
3.73843692158 12.4375037831 -7.22285697616 -7.34255812092 -1.16545227414 -4.99974526346 -1.92045415664 -4.01062706951 -8.01005152101 2.83267304017 
1.68120364954 10.4238345671 -5.81614390723 -4.30424998974 3.23633646257 -3.53000369869 -1.81648008591 -7.29651269088 -12.2625291579 4.86206924094 
1.83411511124 5.40280355333 -8.33644637721 -2.82492671516 3.71475836153 -5.66545370155 -1.929117911 -10.0313324633 -9.40317949548 4.13856447617 
-4.23745903382 3.69880105874 -10.5430640283 -4.27077176465 4.2665309185 -5.21194281286 -1.44533840014 -9.10939233828 -8.22498042816 6.14388164051 
-14.7947462602 -1.95435983734 -11.1587169129 -4.38686319968 4.53016751512 -5.93086775454 1.17045408017 -5.61041790034 -5.891197721 5.36155138147 
-7.96835435827 -5.64048987697 -12.1019485239 -2.66074040286 6.58305967031 -4.16457166823 2.64601985659 -3.07335887825 -4.37846691189 2.38042305409 
-3.05312155985 -10.2236384483 -11.9363367636 2.82054904356 6.90857669131 1.63264242666 -1.18510684241 0.0523419216397 -3.87777908069 1.42685033117 
7.41857496565 -8.62380265425 -6.12744445697 1.40841913195 3.44319538266 1.58710517494 -3.12794006346 -1.99059472042 -1.42523384307 -4.30763596269 
10.5546303959 -10.893925026 -4.39821305555 2.0295391852 1.83075445863 -0.695604326894 -1.78893963401 0.00532844160256 -0.655581227756 -2.80282167039 
21.3039067539 -4.78780059156 -1.26685152475 -3.71648216209 4.18866679133 -1.44605198267 -5.02297514248 -0.86435096794 1.1603266172 -2.08803844742 
22.8305646639 -4.28043561224 1.40973503487 -3.21209343533 2.52610365762 -1.41488743422 -1.0906113994 1.34707495984 -1.63435975619 2.88787654719 
23.2741841039 -4.99250832303 4.33169999445 -4.40317524282 0.311824760485 -5.49010541635 -1.27795466429 -0.241307692941 0.863933479058 1.39333566382 
22.7565030882 -5.54003401555 3.70767097223 -4.41043581851 2.53127772413 -4.95007149707 -0.473629026751 -0.898655963641 1.54417100876 1.10257137871 
23.9923045944 -4.90307195102 2.36462913423 -3.27089173023 1.2424207951 -6.06675846632 0.387721911681 0.814384031631 -1.12782755557 1.82166413821 
24.3102170332 -6.01882113486 6.76303558028 -2.88986293313 0.294387636388 -6.0208967666 1.85178229219 -1.09044818851 -0.480120735548 1.4016257296 
21.175196649 -6.83490964976 2.31328916848 -0.584016898184 5.07130536322 -2.75207474562 -2.57989050856 -5.37862376427 2.8244998711 -2.49726123195 
17.1319138992 -8.33875514728 -2.16516422899 3.67104315143 6.8877697726 6.4575275432 -8.04642404051 -9.79795783072 2.17311514167 -1.29696633215 
14.2334671692 -7.12795868009 -6.84343111533 4.68948377753 11.7303590271 8.90308246471 -10.9338028174 -8.96445004395 1.61274148704 1.90648850113 
8.44108417147 -6.56752106636 -14.4680443272 2.90047774369 12.2047780515 13.3388879023 -8.70535470549 -5.48724401969 0.263469868464 5.85094459917 
3.38123551472 -9.37464917399 -17.5927586931 1.31013589969 9.23310711133 7.9461888772 -3.05155124418 -7.1094588613 1.9306530463 1.30191399728 
-1.57623905379 -9.64717983358 -14.2203855348 -3.55029996349 6.5301246024 6.42970498051 -1.6218175755 -4.3456457334 4.97311927643 -0.890865291685 
-4.62367365817 -9.92499003747 -14.3218293301 -5.93189819886 4.14704710856 3.58885435023 0.156107886143 -2.49499934614 6.81658766804 -0.845455650262 
-12.4304535897 -8.36431288851 -16.2576224303 0.418797288954 5.61428633658 0.83423605932 2.0066255298 -4.72479836227 4.57258267062 1.68633834001 
-13.8896402793 0.482481968938 -9.91958369757 -3.01370475147 6.37865963294 -0.956775214365 2.82845534997 -1.65543046642 5.70722450266 3.42107288288 
-11.5185538845 8.85221761463 -6.98315394543 -7.34251997572 10.9371363896 -2.19242041938 -1.78552986504 0.979440969861 -0.818679255369 5.96522906382 
-10.8006998909 13.7325039462 -2.2150154143 -3.89946606462 10.1363936727 -5.0858603589 -0.892198495568 1.56545644656 -3.4145786127 1.72624199329 
-6.57153700361 15.100353201 -0.552314236394 -4.66953723617 10.1477490252 -2.03413651579 -9.23551666445 3.77485893161 -3.24495262504 1.18160223581 
4.53322231778 16.484303008 -5.20447824731 -3.29266230836 9.34398699541 -1.30754500513 -8.08471340226 0.327096237533 -1.71240906813 4.81103165697 
3.32136860616 14.4057863089 -2.73635825838 -4.90135819405 9.12922965763 -2.79926267955 -8.37375124496 -0.349896861276 -0.597888628742 6.69430877407 
3.72600979629 9.86106590948 -2.64021612695 -4.63573621562 5.3101490267 -3.26678796417 -10.1143343781 -0.503857813511 1.78701160956 7.3484962407 
-3.06680976426 12.8588154816 0.561046300945 -9.44505482375 5.26279415087 -5.86094790209 -7.3254756162 1.21201694168 4.44917121249 6.14579748779 
1.77009791433 15.5016134916 -5.15649420072 -4.14715626584 2.58294812866 -4.85209020013 -2.39621798994 1.90547678695 5.59138306385 4.13437432811 
6.42882282476 13.5568098614 -7.8364092517 0.904458788582 -5.8574912996 -3.99615399016 -2.02874599774 0.787163029319 6.56145880021 -1.19683338416 
12.4498338984 11.2544373156 -12.729014259 9.10974319882 -7.72683553042 1.68603257783 -1.39710734549 1.80750870381 9.03422503473 -1.22589578004 
10.44873365 15.2865975564 -13.7370158352 15.7233921292 -13.9026108905 1.28047154258 2.34479872391 0.300019717764 13.3401685856 -4.0464071863 
12.7946203076 16.4442700706 -15.7685124888 18.5415166428 -17.3234433861 -0.332959998094 2.49105872467 0.957116997803 14.0650886154 -7.481774519 
13.0907143379 18.1418744605 -12.8383308264 8.67774857975 -10.0833470757 -2.56716006403 -0.195865173938 3.29685347771 13.3085523954 -0.844684592652 
13.5955080772 15.1474004856 -9.70413753683 3.64643938968 -3.60037416689 -4.49810766002 -2.48071445382 -3.24649930648 10.2232086043 1.32699288785 
9.30490643313 17.4505292616 -4.11330680075 3.08595161452 -2.64926388256 -3.55095680419 -0.70564290289 -4.15652404295 9.25727070525 -0.0455975639365 
7.59001140789 19.7366783893 -4.63888399302 -0.0815528429695 -5.68182576591 -1.50764484225 -4.00488141163 -2.34627517833 10.0016105551 1.75068121686 
7.57417856806 18.0979540504 -4.43229527096 -2.1904371699 -3.70108712468 -3.52182393247 -3.17596374832 -3.97821540715 8.52975743775 1.19092012971 
3.02809476418 15.8085458054 -4.49234904877 -4.98679955529 -2.17296678721 -5.19741428681 -4.97711025264 -4.9067604829 9.38212518207 -1.16308587992 
6.35840285019 15.6846495794 -3.60146804444 -4.64346877753 -0.791613655215 -6.92678463375 -7.46674830771 -5.94955452829 8.51703857594 1.80468151849 
5.21666610781 9.50525626914 -3.60006281589 -2.06965151164 -2.50559200797 -3.53829282972 -5.13651461823 -9.04214477947 11.4254399739 2.6309198682 
1.79101227626 9.8439805383 2.54764156911 -1.99601636728 -4.17752300555 -2.43300811613 -1.32009066329 -8.57817120199 6.32142218666 2.95422028665 
0.580586191087 9.17866695445 5.66965382601 3.5452801666 -7.12590407218 -3.12672458421 0.912124218552 -8.2696346606 1.47067982236 4.07149793203 
4.62153413367 7.12654829009 3.15391647012 4.21786529968 -4.49833087849 -4.89307261015 -0.0157575191402 -7.40310307237 -2.49779044601 5.70561832293 
-3.89666093488 5.52407374408 3.68036692777 8.21682821688 -4.00445031368 -7.48571107018 4.29793519791 -10.8452463887 -12.0284960863 7.17844256758 
-7.23649534804 1.0904783826 8.76754991022 6.56690116208 -6.0008159784 -5.49475052796 -0.32649750113 -5.85033746553 -9.09058056437 3.36536879971 
-10.9495097509 -5.15899875236 0.127616929983 9.68178361264 -8.46379643766 -9.61726825649 2.73801520164 -6.68980803136 -8.11856595604 1.92531076782 
0.417816912138 -6.20927929961 1.78421874594 2.51953142985 -6.96078233495 -6.75504374944 1.04002035607 0.395223139635 -3.77765876994 2.99717255115 
6.51949319984 -7.75767817027 -0.64777034152 1.48156342213 -5.59439702521 -2.17171091847 3.68813757136 1.38020731629 -3.24340690189 5.16334903398 
9.56980965146 -7.61269347372 -2.54400275487 -1.92838850069 -3.59431600428 -0.295285679432 3.59949013244 2.34807858171 -1.18164594166 4.9460015146 
16.6117620713 -7.34425335006 2.06520948725 -2.82340174157 -4.72452437358 2.39375388937 5.09500271266 3.87833510545 -1.44822668062 4.70149731514 
19.6908741947 -8.72344812083 1.02399045209 -1.18485574763 -1.80791668182 0.14063781999 5.53460971453 2.07263246408 -1.90569151706 4.10594319456 
22.0604750909 -7.73220314773 5.16704299757 -1.64707027915 -5.88016058515 -2.32915560308 6.94621935677 1.7127744037 -1.35868760977 6.18888211499 
22.2000861977 -6.38085514103 4.78001153223 -3.05015467453 -3.31496047771 -3.49928428809 5.16359967682 -0.586976603848 -0.155675271111 4.33962713633 
24.2364031164 -5.53122769139 5.48060331081 -1.96975116842 -3.75323833406 -4.10642604607 4.84636886192 -0.985837402825 -0.799195448432 5.61529034719 
24.9259589612 -4.20445762591 8.29085619513 -4.55872755553 -2.98722023908 -3.78930378977 2.48494639241 0.648648399614 0.221876674846 3.74076168287 
26.795367936 -3.18309340424 9.23259110793 -6.40065461413 -0.00956870783144 -7.01624550989 1.33058486918 0.0185069584014 1.78148956145 1.76507764986 
24.9369817482 -5.57036913796 9.19291711729 -4.95535350269 0.0357450670829 -4.37959196008 1.73162143441 -3.22003698133 4.69352857564 3.3403662495 
24.4992185387 -8.66094378788 9.10956488815 -0.101074654742 0.116185392989 -1.56215627495 0.554583639111 -5.70008144138 8.10496170114 5.5563828442 
23.9786538679 -8.42825896937 8.53989764833 0.803623635414 1.24628401364 2.11015509067 -1.77878831625 -5.85119448591 6.57464186275 2.73801571458 
19.7794434464 -8.4010265974 7.00108311582 3.54519737202 1.75781110938 5.16636912431 -2.71316074044 -11.0722791091 7.66851169547 -0.364767736326 
16.4202539284 -11.3886956974 -1.77528390936 6.05729950738 0.161566093027 7.48119409144 0.838412824111 -7.5893906881 1.05318803523 4.64600944213 
6.2410159649 -8.90314005881 -9.22159253854 5.11424911287 1.10092566808 12.0326433095 2.61346920359 -1.86003604741 -1.39709618001 5.73139299843 
-0.884900886046 -10.8415358341 -8.66787106124 -3.32243502276 -0.334740298449 6.86326113454 3.79903736221 -2.24857213108 1.95627003658 3.79465570478 
-4.8299362846 -13.0724897707 -13.2159504144 4.37879721004 -1.8900730315 3.3817897686 7.11477089014 -8.12764552427 3.83414268224 2.94838735345 
-12.6430410034 -11.1813321666 -4.0164549321 -5.83921381727 -3.05190516414 3.23692633076 6.27495435925 -0.889501631382 1.87393219014 10.8231895573 
-19.4392280005 -7.09398207451 -0.834305839141 -13.9221850827 -8.35351881219 4.526366444 0.48591141375 0.245160935959 1.32556216342 8.08371360638 
-29.1575919241 0.552401440884 -0.290635745465 -13.9624034877 -2.25833175532 9.31094302289 -1.77649614404 -0.472912288102 4.10930821843 8.01228036064 
-9.98627294913 4.1539705443 2.75372863214 1.69349918472 -2.06577441095 2.20120669542 -3.36702751024 3.76896121519 -1.07112459834 6.07795868151 
-3.08265125602 10.7203186877 6.06668694142 1.88390037531 -0.583046768994 2.55456428382 -11.6000038076 1.48098938226 -4.89261657381 4.47382194994 
-6.83305138199 11.3996783024 11.4534589902 2.79245914604 2.5081267408 1.88806752759 -12.7077220126 -2.86612571736 -3.47367174277 6.14233030017 
-4.68672092805 12.8752260203 8.3244626001 4.69399885951 1.21615184423 7.23537892846 -17.3758231721 -7.26877262178 -1.38493991439 10.4804627488 
-3.9862998336 8.34080551817 -2.89053257724 12.3327522467 -0.718295463781 5.88024191044 -17.6547765432 -16.3737001629 3.06636938385 9.66968509929 
-0.682828097132 12.330544274 -4.79821289644 8.79927754191 3.96250707605 4.68673755029 -7.36360376652 -16.2504051174 4.78262154488 10.4239968287 
-0.296311255351 15.8848866922 -2.17704147303 9.96264744546 1.29107287709 1.5467912028 -2.96439173605 -11.7241399817 3.19488125598 5.8920754049 
2.75684561415 18.7099101474 1.73500782552 9.179327008 -2.37120680887 -2.95389731811 -2.1736564481 -6.12771370306 -0.116014094903 3.72681118137 
1.16580625572 20.4262749994 0.571884047358 3.90504011301 -6.09074206158 -4.49222408002 -0.241343680349 0.861503019729 1.57363674645 4.92080730766 
10.7480255431 17.2868489575 -8.44745302629 7.86507577314 -14.3012802781 -0.984656597714 3.60915384769 6.76110121929 8.57143032228 -1.08361866869 
14.9860895892 15.4663004186 -12.2290065455 10.4544981298 -16.3719195851 2.13232599297 4.6670402323 8.93353119815 10.6559211583 -2.63942375769 
12.7628037346 17.0196989639 -11.6376434362 5.99086818409 -18.1023173271 -1.02569006244 3.18588532707 6.3550818194 13.1592014688 -3.98092569044 
12.0126703228 14.9537834565 -9.99666052375 0.0451059716839 -10.3167001114 -3.12133170423 -2.0987781528 1.35105649893 7.73813760387 1.66258114498 
6.00027623331 13.7479036538 -7.73353967392 -4.59212217801 -11.3754070317 -5.08033303468 -1.12583678213 1.85433010225 8.43695744569 2.97191833897 
5.96202092863 11.4258551257 -3.56515029374 -4.05221840974 -4.66470962399 -6.33823099286 -3.5071357104 -1.36525383845 7.67427222535 4.53532865279 
2.74786969822 12.881732224 0.785466435886 -1.332284502 -1.20531416141 -3.18881502651 -4.79912870617 -2.72302299188 5.53708303605 4.05922227278 
0.830758372112 12.1714430037 6.33691214507 4.48270667283 -3.84668792965 -4.3156506705 1.04276560345 -4.83145391634 2.6016963772 2.41684472312 
-3.10548032917 8.75725088364 3.57226594182 10.8286571212 -4.54231739661 -3.47587646189 0.375395946925 -8.42095466833 1.00015544296 2.18194449126 
-7.9201244002 3.12685844592 7.95232136942 6.38971198791 -4.85573689188 -5.67820817108 -3.53193538711 -6.74081638852 -5.89138665488 4.6790800285 
-12.5466211601 -2.00709574845 3.17558159933 9.91541218466 -3.4803511819 -5.26987194771 -5.91932583619 -12.6528681592 -7.59270292524 0.778787537803 
-22.509596146 -9.13088755726 -1.51750476355 6.84719953591 0.933158629242 -2.6273616877 -2.77517222636 -12.609851392 -6.12786224386 4.25718233353 
-22.3859337666 -12.342696655 -8.07800181896 3.25102891755 3.84616366386 -0.718953712807 -2.70924860786 -7.19877084539 -1.20496148553 7.19191772025 
-17.7699806541 -11.6193895223 -11.8979358333 2.90767448337 3.22604316932 0.524293887688 -0.0603902283857 -1.47645547611 -1.70529281254 8.67946497685 
-7.52397183554 -9.83785184794 -11.441119099 -3.68941887582 2.19801417583 0.324430154807 -0.37011795392 3.39255699424 -0.317573611409 5.987957777 
-5.22308207702 -10.3452844956 -8.51888919219 -2.66350679659 1.61894758837 2.32591691491 3.09037332402 3.05620931112 -2.23214508234 3.54619616077 
1.99390133027 -10.92500582 -11.2881118242 8.3575954855 1.42752377881 0.151410443496 7.69781665967 -2.14584193557 -3.24284957846 -0.298516359108 
11.8278540286 -7.1356368442 -6.28891061642 -0.437317826759 0.671326488439 -1.77003464437 6.86723883099 -4.93676074329 -3.69885002402 1.21529936751 
15.1393491845 -7.50016007064 -3.83838557757 2.2496625654 4.598815325 -0.385440021751 4.72967833494 -1.94018644687 -5.4042581714 -0.131577968547 
16.6854511187 -7.42509828174 -2.51132165676 1.5747576854 0.413528737374 -3.02147100493 7.09245999129 -4.68231831012 -5.02373251202 0.480881568702 
17.431837304 -8.08315346618 -5.61197464912 4.85730497208 3.55324478264 0.893301395747 6.63898360438 -5.6779919852 -6.58226014185 1.73465557282 
14.5544801927 -8.15465418857 -3.784737735 -0.298611131849 3.78929640638 -0.777817571626 3.22298230106 -4.04908060823 -1.88186713597 -1.36343117521 
20.7247854294 -8.77684754745 3.79863168817 0.524862228083 -0.470803132719 -2.28230889291 4.54863395256 -1.37320303062 -0.937619135997 -0.208802466295 
22.4913063747 -6.44168034248 3.79388032321 -3.92726180298 2.5232838387 -1.94537318616 -0.159393306329 3.09993472548 -4.20394288867 2.06875689302 
19.3943735101 -4.38590697394 2.97573579487 -6.20592753226 1.39207868983 -6.3972644441 -4.22522739013 0.0876665370462 -1.10914717961 -3.3521988503 
22.6148463168 -4.38267573991 4.90342886773 -5.11433978654 -1.32857665853 -9.96053513165 -0.220913512147 0.801389773178 -1.93845822311 -5.20819575691 
17.3876365587 -6.32832576055 10.831605551 -1.49799033702 1.91707891909 -9.09479514455 -3.17444721202 1.15604331425 -2.79889739498 -9.13301362939 
16.2092638243 -5.57230691758 8.80101088783 -1.73133130362 4.18587420331 -9.82489621045 -5.33178241158 0.925829317649 -0.99694258255 -12.2812244957 
12.2597476393 -10.244056255 1.94494882915 1.94491376265 1.9694304615 -7.71978993407 -2.90764124149 0.165613321777 -0.761343276755 -12.1570424619 
4.82267390935 -10.3802336395 -4.45538027807 4.90547815832 -2.1096024997 -5.95205308226 -2.65506904023 -1.71258043261 -6.09077101845 -14.4578303031 
-2.56647602132 -10.5256361671 -13.5533066952 4.82062222107 -2.03019903904 -6.26875303011 -0.78685517253 -1.73717287202 -8.14798583499 -13.2769959032 
-7.84271399978 -10.0693269564 -16.5770370221 -3.02364852491 -2.45083116827 0.924260019867 -0.0302725504589 -2.14362678825 -5.2599592636 -12.513558991 
-7.96985012117 -9.26128722704 -17.6016622147 -0.10636300028 0.149375596768 -0.383101340908 4.69571168196 -4.71913560656 -3.41046838384 -11.0593867817 
-13.8301930234 -4.94519798477 -14.5853815816 -8.6633345275 -1.27086880503 2.5056451271 4.04163323328 -2.25604542221 -3.11163898102 -10.3531475995 
-18.6793934658 -4.7644327178 -11.2157895736 -4.30816414816 -0.0554695641744 -0.606750453083 5.82098315448 -0.419523699159 -3.67716211967 -7.43467670237 
-21.0361286036 -1.6399635052 -7.11194976885 -6.61019109846 1.34094343172 -0.814520481099 1.25595109257 0.821192722316 -6.48779350171 -4.12103530717 
-21.5680651747 5.0978228343 -1.04399500122 -6.49552779426 -1.06405642759 -2.4750691309 0.194372306426 -1.70828938857 -8.8592373229 -4.25952532592 
-12.3354423521 11.1626169392 -3.8442377978 -4.71434157408 -0.306367400359 -3.6772693922 1.87907271231 0.669554050085 -6.02142772596 -3.90798446696 
-8.32290316416 11.9934618328 -2.89008599321 -5.61182400616 2.23673546164 -4.36992658801 -1.66494847884 0.618244230838 -3.90731505892 -3.60703466688 
-5.77354106035 20.0502301005 -1.07640915594 -2.86824966538 -3.0661086008 -6.05910606608 -3.33255488127 0.5094949084 -4.51272562021 -7.17907097876 
-8.7045241354 19.2533061816 1.48931097018 -3.58990309232 -3.58440671953 -4.3874439572 -0.772375961154 2.19162505418 -2.87085719144 -7.82108730953 
-0.839226564559 15.476564971 -0.150342424944 -8.82394655845 -9.03483940369 -4.8246754002 -1.48435303458 2.73229619614 -2.08304168165 -6.84472201105 
2.74900611843 14.6462903641 -6.37673264742 -5.04667391941 -10.9758614704 -6.19848869029 -0.195262144937 3.67951800964 2.74819386467 -4.97454265054 
7.5664289968 12.2641786274 -8.99648670131 2.11174222852 -13.5200487239 -2.50662712563 5.39677072945 10.6065855554 4.03607109872 -2.53292814316 
4.78468705573 16.582850445 -10.4402672316 9.39421029484 -12.476620097 2.9913592081 10.1373309212 14.7558955446 -0.619770672374 -3.34985074923 
0.209929916853 17.8638958103 -13.4168285305 0.442234710388 -14.4605797365 0.771129950689 5.98818692892 8.46202782165 6.91412688107 1.08124377689 
-0.149302731314 16.9422182071 -7.3607760703 -1.31725918192 -10.1845604862 1.24156559485 3.41505628772 1.27015581425 2.29122324896 1.00703830935 
-2.99189071527 14.4136818115 -8.2475239212 -2.29406206024 -11.4487418166 -1.36313489761 5.03220773333 -2.51681744371 3.181277338 1.26554611446 
1.10837792928 12.1534695897 -8.58853607998 1.17293593967 -9.48624492113 -0.901807047707 1.45353581202 -4.65287876537 0.911007194527 -1.28367656906 
5.63338921578 10.8260222742 -4.37683921497 1.09026511419 -5.98333284277 -0.318620840928 -2.03007562637 -5.43074755392 -3.059146542 -2.6670061371 
0.705140351882 8.41672838658 0.861383254383 5.8155537934 -6.54240113681 -4.07258571975 0.107315863024 -8.10385928615 -5.71566986645 -5.73757093237 
-2.86904383873 6.53196800392 2.66449717991 14.2662856126 -7.30249622391 -0.686611432791 -6.06034526819 -14.3738156074 -3.23313330284 -7.51172954183 
-2.26112193248 7.62033720479 6.08556438591 12.4603672472 -1.28944391477 1.64425519808 -1.43325275356 -10.1560644277 -3.16869134401 -3.32595723446 
-6.21981601001 4.05080876641 7.36256113704 6.54684171891 -1.41504371659 1.11961250787 -6.17570892704 -0.607446767742 -7.60438448067 -3.31262822662 
-15.1464757527 -2.59586969191 7.23047819377 1.42931269527 -2.13313929138 0.660132142505 -5.11120702934 3.16407113207 -8.09438029691 -2.22478528104 
-24.7025679344 -11.0429082784 3.07432275732 3.27359740136 -5.3405349954 -3.11389521387 -8.12430639044 6.34633658593 -6.19412007774 0.21110549436 
-22.3920732429 -17.7320419223 -5.54541214123 10.501190804 -4.17450848613 0.579722067034 -13.5223734823 9.70454041501 -3.39257409858 7.11676708286 
-6.13893823141 -13.7403227994 -4.78650406755 8.01295957776 -3.47531417485 1.89060042864 -16.348376401 5.47171076665 -7.27997393949 0.195339799715 
-5.11166269596 -17.0038098163 -5.24560503464 12.4564218955 -2.23614332385 5.54057968147 -16.7297478228 0.593123704661 -3.33331516486 1.11340385545 
4.99241504637 -13.7746950138 -0.98395800344 7.73869163847 -2.28132894563 4.12766149069 -14.2400317043 -3.2124217311 -2.38981115656 -4.3971449737 
13.4131446916 -10.7416237601 0.440503948614 4.71308464245 2.67674513562 4.29311484721 -9.60656983389 -5.31290391647 0.378973443324 -3.54364456492 
13.7906662265 -12.8185672921 2.35450650615 5.58733066834 0.393262161273 4.53106587459 -5.40511273077 -9.75605277254 4.08710283815 -3.75617738818 
14.9715579794 -11.2659248002 3.40063851693 5.21563325063 1.71682126845 5.96575225508 -5.68724202635 -3.90509581488 3.57467040809 -3.35382450923 
15.1150957269 -10.0037866408 9.37813214561 -0.615072131349 1.58297654405 5.49049320566 -4.84299373767 -3.15075958604 4.28546314964 -4.80650317541 
18.8721919744 -9.30021400131 7.95810732871 -1.55581302321 2.32751105541 4.80085498604 -2.61884328773 2.48047381139 1.59355956276 0.323530465202 
24.042305935 -7.70484293528 3.43046449608 -1.56711796862 -1.3873152149 -0.374064540161 1.59553761035 1.87482976631 -0.119404107624 3.19154765397 
24.1847573272 -5.01953458991 5.07508003097 -4.26497336658 0.93186987957 -3.17118974109 1.20321230399 2.8752134357 -0.791278221122 1.80001227143 
19.3383409373 -7.05058437323 2.41302348123 -3.194794531 2.6963826069 -0.0358227609434 -0.0318056833745 3.45202744364 -0.591990296828 -3.45165589235 
19.091258322 -8.5541174327 2.20057121235 -3.49407542899 2.49709302376 3.68560638571 -1.28201586639 4.89617575848 -1.43531938806 0.171596061556 
20.1294549498 -6.43763776314 1.53415639263 -0.593834420346 1.51276185189 2.72820290435 -0.590963364301 1.78759026994 0.90049373801 -1.64441303867 
14.3530661008 -7.14998541044 1.61469267929 -2.04949752323 -2.27933932023 2.56680987552 4.34021581492 3.88490734071 -0.999881449951 -3.33367276034 
11.3640010296 -8.25613747023 -1.37151338887 -2.68044660897 -5.97537158842 0.0451993591758 6.15538823586 2.65540903991 -1.52014620068 -2.64751983987 
10.4343540855 -11.077806292 -2.62441409675 -1.79761732703 -2.79535761557 0.0289270370249 5.70717822417 1.44644253614 -2.46307956279 -1.27224145637 
5.97894418263 -9.6342958263 -7.10997814295 -4.32852094169 0.320388760791 0.633016177455 4.74532048757 5.27133009675 -2.36927329477 0.245040378903 
5.76193665484 -9.07102351063 -8.16156971059 -3.47026709678 1.41297052396 2.17495244742 3.47968806056 5.20660407611 -3.2851096161 2.80868022936 
-5.49031696243 -8.60672185725 -7.70671586351 -4.90608526516 5.78843919751 0.260986199122 3.59532072244 5.8829652765 -1.89665974646 0.647878553947 
-9.27929979437 -5.05653301141 -7.52056425953 -10.8846484199 4.83255025543 1.02039876279 4.39968521485 6.06608487555 -3.26962200609 3.72070319948 
-11.3852908736 1.12220383891 -0.937614384802 -9.90347115883 3.25030593299 -0.534873415798 5.5903533772 6.99618196631 -6.77662630727 2.28531634004 
-3.60024117128 5.94098086641 -2.88014793387 -8.58741448579 -0.796171584134 4.02592008166 -1.39538240816 2.70966822389 -10.081879933 -0.403919030727 
0.0565514881102 9.53596629629 2.19071918341 -2.56598749294 0.160978983552 4.26912797265 -6.78332488076 2.74025680386 -11.0587631284 -3.86480862026 
6.92937452362 13.7530649754 1.11275515622 -2.79153178823 0.825228387309 1.77096697643 -9.18248298825 9.03942800337 -11.0089370783 -3.52323246298 
7.10686140631 12.9323831243 -0.415171721251 -0.806405162488 -2.86772976897 -1.74403719602 -9.84406146407 6.29251884647 -11.2897520658 -4.26916998552 
9.3984356749 11.0287881025 2.25847030389 -3.26051394256 -2.63692882745 -3.1854206433 -4.11920745999 5.60707746367 -8.54047864381 -2.78234258906 
13.6526933235 12.8889155132 -5.96213270271 3.85248269674 -5.52918998962 0.68123385616 -2.77888366078 9.15052886558 -7.70721343199 -0.294697461151 
15.0604863308 14.4771149414 -10.7447063969 8.2454446426 -7.1506521234 3.23382813228 1.79429177529 10.2305246017 -5.45867090587 1.16018161042 
13.3917414406 14.6122939796 -15.3204205816 5.71184281995 -9.54450425968 0.489585397007 5.31511627706 9.55998529652 0.30786010825 0.276733839946 
10.6172905419 13.3524044672 -7.20518964665 -0.0631198835222 -11.1376493599 -2.49086289221 -1.64329054925 10.4316934652 -2.835067409 -4.46500503322 
1.78919392358 11.1354940385 -3.40532574588 -7.75595230233 -2.51245051167 -6.12691566653 -0.803240325624 1.84488365054 0.163759968473 2.19924096905 
-2.53482245263 11.4032715862 -2.94673645227 -5.1694418339 -0.100903480561 -4.25540576988 0.197634947343 1.13827291461 1.73654315737 2.66405505386 
-1.17111390871 11.199192478 -5.731089447 0.027035064835 -0.346164345329 -2.75842522048 -2.47056729017 -4.46912687123 -1.39423236873 0.950154447174 
-12.5720623902 10.454428525 3.394477646 -1.57868765109 -6.70608552787 -7.42709043014 2.05467310855 -4.11858678506 -1.16064152971 1.05574139521 
-11.8999289929 9.74873423234 3.27619018918 2.62849810298 -5.20958182449 -6.81541856293 4.22267030729 -3.48132551705 -2.58983012871 1.08137073202 
-18.9316212963 4.32292889459 7.15873359941 -1.94266824469 -6.25674211047 -8.8529077161 7.49979392507 -3.45061289653 -2.0084458546 2.96792611714 
-21.9944332158 -2.85749040404 10.0258076734 -5.79588065351 -5.20714183012 -11.8077909942 8.01087898436 0.715015059066 -3.3670906128 2.89531307845 
-17.7588745078 -8.92717432276 6.54383645974 -1.97865842046 -7.47646745117 -8.9425734323 4.12580979508 -0.131245774915 -2.98786967211 3.68554697045 
-18.1325080636 -15.0656603406 3.18277677699 1.03246985287 -8.81820693907 -8.81877928566 6.38052203067 0.459578442932 -3.80639585611 3.54333877243 
-16.927484149 -18.3932432573 -2.2878063254 5.53772970168 -2.89923589967 -4.11972790122 4.37917287621 3.94644420018 -2.42169094533 1.36310377074 
-4.91480842659 -16.525936505 -1.93532549642 2.69348150891 1.27073461223 3.20186338268 -0.378607491413 7.86950981949 -2.68829228011 2.76004950093 
6.57969534413 -14.6793693671 0.668922200879 1.67201442781 0.858109207796 7.75359364575 1.89515740543 6.61446926433 -4.56221850576 3.03985980625 
13.9593232717 -11.254045487 0.597020598253 -2.98903560148 -1.01939053818 2.18439497965 1.72641667613 3.24237995179 -1.42467851701 -1.38932336468 
19.5928356394 -7.25785013691 5.88596834372 -7.17745585696 1.56390181166 -2.36429835109 -0.804531663712 2.35853132961 1.22733483369 -3.52134684103 
22.4504649862 -5.66862537084 6.20422843319 -7.71123713351 3.27775702451 -2.00114117199 -1.62192306591 2.24523636247 1.88158254602 -1.9308177365 
22.1920488989 -6.12206040008 5.60084231276 -6.36465309575 4.28020134754 -2.4391178095 -3.47581222828 -0.190372990326 2.48985778562 -2.60250416499 
15.1596500377 -9.11741526042 2.24586268816 -6.74599323876 6.73430354606 2.32046016934 -6.59499752833 0.0125631774671 5.24698362353 -7.55347314565 
10.9623507955 -10.5300120066 0.805367337509 -0.374919370631 3.22548461583 6.31818977855 -5.57725753381 -1.8357443742 1.25850728034 -8.59446590719 
9.30774381006 -9.49913204021 -7.87555808407 4.58956378424 4.07405220738 7.30316789716 0.061570366646 -3.46077046501 -5.82794859989 -5.79957522942 
-3.21732478733 -11.4113281783 -10.7889278089 4.38574051067 -0.7467308917 4.29654510331 2.30196677856 0.864320271701 -4.55684477205 -6.19091097292 
-10.6088882648 -14.8677429959 -15.5487908595 -4.34343804549 2.71649533602 9.91550155612 4.42172714914 0.749909937691 2.68268596445 -2.86375256994 
-22.3424201217 -14.7401450711 -13.2853767865 -4.23535329241 5.95738560897 10.2871158672 3.76193054848 2.11741884398 5.74410590766 -0.902926804649 
-27.8647829102 -15.9222872975 -13.6354915124 -1.65803295327 10.8089529747 8.42527305955 2.38902518067 4.34028461747 9.02521372226 2.57596753229 
-23.0577877272 -12.118181151 -6.05802646906 2.86725029224 6.47374658222 2.72872569222 1.73457095186 -0.190548709453 3.30681493092 1.3942745287 
-29.203588105 -8.30611058276 -9.79957304138 6.59843838569 6.93098620104 -4.35093950867 -0.217129275105 -0.620545030515 0.289449290442 -1.18790386515 
-32.0131188313 -1.50701750264 -2.86474478699 -0.814402948166 6.12200554703 -7.33370194449 3.58775510604 2.00207374783 2.46979411295 0.868739369704 
-19.0804743066 2.25739051718 -1.61137568555 -1.08195820185 13.178486963 0.262830445614 5.42237732362 6.55403640779 0.0170611327666 2.18311594289 
-11.0687288777 11.5521638013 5.32471337599 -3.09437602783 12.6881852694 -0.413047303221 5.07221285651 5.02714364476 -6.17229578376 1.67431845778 
-12.2541961414 16.4168159657 10.0288778957 -6.90152051184 13.0555300482 0.0612889554781 3.64929900261 6.99711461683 -2.39147653406 -2.9867568784 
-5.22528183009 15.6327150779 5.24367587647 -9.48314036322 11.4430071121 -1.46889110715 -1.5518214682 2.06910319704 -2.3997411987 0.962577509582 
-0.559255092888 15.7586712636 1.45281505075 -5.53465010499 12.4656129783 1.59160887063 -6.51957729811 0.934662013571 -2.16886812529 0.134027472856 
2.60156408526 16.3964028337 0.703295537346 -1.66678815173 12.1343365975 1.43209978958 -0.920879333005 3.5390582134 -2.54037002209 0.735387948907 
-5.82818493824 13.479242637 -1.8482401064 8.53294256035 15.9681119625 2.55849368375 6.72309838046 1.1102906681 -5.94992238476 -2.57655113569 
-4.96979521816 15.4993331869 1.56720468386 11.0615194031 19.9680100932 7.57640143309 4.87018690938 3.96987463797 -5.6411959299 -2.27449484189 
-4.81644739044 14.7257006656 4.6625443414 9.51458539491 16.9692919653 5.07002443071 4.47772472882 -1.55153558116 -4.45875399864 -6.46015091564 
-10.208543634 13.4130540186 4.03654954579 11.3100173231 12.7799585374 0.490609599632 9.06154956193 -10.5794844571 2.44063350759 -8.18009071231 
-13.481927098 8.01122979093 3.94018213096 2.93193732482 14.4135222082 -2.06559434343 10.4558844832 -8.59047183953 1.22567177983 -4.53057717097 
-27.9927241146 2.65444546713 12.842090802 2.89195784068 10.7174170743 -9.41664344552 7.0359354671 -4.32476776283 3.9206732502 -2.66741790295 
-31.749984377 -2.51551423562 10.1869313042 5.63225505428 3.78887739443 -11.7470386419 1.1662673935 0.268114098734 3.83365801156 -8.37874018725 
-31.2320305034 -7.9739040285 8.18107299607 9.48581452014 -0.627359919706 -9.87126369063 -11.0655137703 3.4670861866 -1.61640747329 -8.11187695735 
-34.5627849245 -17.4971764032 3.56682733083 6.58788382788 -0.0493522009687 -6.33035409902 -8.76075765967 9.72484001582 3.42822297703 -4.03755678042 
-12.7956155097 -16.3079803229 -3.04182366706 -0.423988407248 4.08638672357 -2.3115050774 -4.29345535239 5.67176872613 4.84431701876 1.30676268903 
-1.73534200514 -12.7341235516 -2.44348280178 5.52819934225 -0.796504810506 -3.85005785473 -5.38462017535 0.593742285338 0.439026679974 -4.89797982592 
7.73361917166 -13.0345979522 2.80294482694 1.56124170014 -0.515031595526 1.74458597878 -1.59369187826 0.406089386586 2.52075057611 -1.13676828857 
18.0494532717 -9.19106620988 6.96632347928 0.574501414571 -1.97434474228 4.20412559486 -0.139770924825 -0.693246743001 1.75224928144 -1.08691195255 
22.1318291223 -7.71497916243 10.6399319568 0.458924893211 1.46238135822 1.439014835 1.50636542553 1.74725760654 3.51238830547 -0.665887006795 
18.4457119513 -9.88649512722 6.74960182659 7.91448428876 0.416984069957 -2.9434113005 5.5937567961 -5.07261664801 1.01264368623 -1.89292173913 
24.0074757208 -7.84366759948 11.1214254505 -3.70045860928 2.88910739837 -1.64221875232 -0.594737875452 -0.992742640173 4.52960627134 4.02790908394 
23.3065238623 -8.63563691378 8.70386628479 -3.66032405683 0.3670672345 -4.34604106351 0.611562395681 -1.94276038902 3.39037312895 1.11611695223 
24.4683435616 -7.78939066126 9.59815457393 -2.62397263025 1.3074597652 -4.37897698112 1.87201650804 -1.75383513862 3.78815305662 -0.277591327544 
24.3223853234 -8.20989320277 8.01261924813 -2.91212517554 0.529348971836 -2.62159057949 -0.244127494553 -1.89404499685 4.29616553269 1.65528462967 
26.255685424 -6.31311012222 7.0595134363 -5.12243936205 0.116401814525 -5.35714219756 1.43048568129 1.20247214712 2.74736413321 0.695035267164 
18.9462757837 -8.08528951027 3.66551349057 -2.77392772103 -2.90426598284 0.986661046701 1.53677830387 2.77531237704 -0.846487151491 -1.58931803066 
18.0966289261 -6.81233583383 1.88678004775 0.134385715146 -3.09129580407 7.00415826442 5.66019135343 6.11692449947 -6.58754797773 3.63892466214 
12.4958406165 -9.09231163078 -2.56787460201 0.425342601055 -1.55610355504 6.84705653713 8.23005550763 4.69875784517 -6.89648054963 8.85888005837 
7.07681180408 -10.2253955028 -2.17283493906 -0.544757225408 -1.67094052053 5.57488505216 8.8736656757 2.28763466829 -7.87000197137 9.24736582623 
6.78019799279 -9.60090027429 -0.906283754262 -1.15616818006 -0.78472505236 5.07153459607 6.62401928639 2.1253951242 -6.48986684259 8.33337594922 
-4.88593852071 -11.0758755355 1.60675321628 -5.04058054709 -2.56474333971 5.39232201445 7.94952925299 1.4506413417 -4.4085945549 8.95404512565 
-6.07528971109 -6.96056147206 2.50208001296 -14.4868075477 -8.05192814111 7.89528143209 4.84403260836 -3.92976345873 -3.61200784544 10.402285317 
-15.1671890685 -0.942818427036 8.43932197223 -16.7037070089 -3.78294357792 7.72189959226 4.41395489054 -4.37777428513 -1.49965939212 8.45840292736 
-21.3817839746 3.07759358176 12.9124421388 -15.8413255232 -6.12685167208 11.5239135894 -2.50967522445 -8.00567270952 -2.10339737808 -0.33138073079 
-10.6751277155 9.20689618231 10.2299645095 -8.53029129397 -1.41899130158 9.52806176103 -4.47970573422 -7.02937373673 -3.55466545905 2.13884722 
-7.68954746768 14.0618525915 11.7002353432 -1.18965154974 -2.97285978294 6.07897402 -7.11644857516 -6.39888243478 -10.587617725 -0.251927045196 
-5.70506128188 16.5444780709 10.7451393784 0.31663053586 -3.63815720295 2.56119034027 -5.9169854268 -1.4936087621 -10.6743466634 -0.731787720611 
-0.914742485254 18.8283784734 8.12794526694 3.35686440492 -4.75788302501 2.24740102213 -3.00014480944 1.70836607801 -8.49062571675 2.09835068389 
2.11446632889 17.3354236132 2.68097917967 0.367971197631 -9.36341323385 1.19619725349 -1.24298012673 4.69928600307 -4.4770519821 3.61486814578 
5.0541129031 9.71125653667 -3.20355088517 6.92580420635 -12.6168601536 0.558271069696 -0.637966237218 4.46461270153 -3.78787172654 2.37006536654 
7.64178984559 10.6664709469 -5.5558991663 7.25554978175 -10.832426336 -1.92205245964 2.88752247642 8.6593305751 -0.627589214846 2.12385225305 
6.23945701724 13.1094058455 -2.86485174107 8.70903355514 -10.6915329974 0.671943386748 -0.367052302933 9.2638241309 -3.87536965272 2.78285986397 
4.93293652538 16.2685819262 5.86044112051 6.57757487234 -6.26518062479 0.0638899216766 1.76706669616 0.715837547672 -6.04599964764 3.39510856647 
0.915882934503 12.3479052035 2.41092326856 11.8569498928 -4.580610491 -0.903538502396 2.23965626731 -4.71224034276 -5.06050923951 1.76835471274 
-0.550059122684 17.1389201877 3.92669391899 9.00867333188 3.15599457111 -0.972965284851 2.96061734918 -4.37199177161 -4.40609502169 1.65905024552 
0.787291656083 14.1883695821 7.30846894268 9.95562459487 7.45148592562 -2.21823665513 6.42249867969 -2.59547120602 -2.59805116962 -4.0480751556 
-5.09987145376 14.6419915549 15.4675683427 4.53633327662 5.02967568304 -2.67609050015 2.929009018 -3.28267486355 1.73483153731 -4.1214848521 
-24.116363878 -0.617587970005 15.5002746888 0.16382727283 0.072991287009 -9.76824731926 9.14000909051 -8.0217170206 2.08997705706 -1.82237819833 
-17.7758742666 -6.49886079741 6.69087002007 4.78790952382 -3.23456769987 -12.7016414064 11.9586669265 -8.30691274308 0.993616286659 -3.69918164285 
-17.0005829533 -11.335297522 4.14163636436 2.91566625907 -4.09257986881 -9.03345485175 7.88887243143 -5.81617329172 0.753400966049 -1.47840306354 
-24.9736663893 -16.6598268356 0.892577873547 0.589861088361 -2.65983509583 -5.75368229407 4.9155695995 -2.15311896983 4.40620274812 -0.0165603043786 
-16.6115823939 -17.965975917 -4.03188450597 1.68634599656 2.90900938028 -1.18496561833 4.91950386104 -0.475553336 3.95599772851 -0.0660987071573 
-6.3781971318 -16.5986208422 -1.42511822751 1.51896523146 3.28688429253 -0.0798479575986 3.43062470748 1.66644369653 2.5943830961 -0.730226925231 
7.79154676458 -14.8089937054 0.752649525941 1.06382287349 5.28281190019 2.84943940285 -1.07218713281 0.472650477274 3.67098304926 -2.20570847259 
10.8647458342 -12.84217715 4.14603859914 0.143877121907 4.64982373832 2.70221106203 -2.7633747458 -0.476162288436 5.00446075152 -5.21024399178 
18.8912893401 -7.32664630671 8.44691143936 -3.62491566914 3.63995358662 -3.44241100619 2.75220934241 -0.421855652784 4.49720567424 -5.18335505531 
19.4650999433 -7.23885780543 5.13266321335 -4.24340880305 4.24019353792 -3.67229865396 1.72497236126 0.248075145538 2.53827014477 -3.79214476089 
23.0756713834 -3.51540309536 4.01028482978 -7.61479410711 3.43452360065 -5.76477309867 1.54187915349 -1.0152512271 1.68400701282 -3.59096670977 
24.7875884583 -5.00412806155 2.40235870981 -7.2578454269 3.23142118713 -5.98565813078 1.86392966386 -1.75960849178 -0.511224725694 -3.18574029787 
20.8849432679 -5.58734707226 1.27761115347 -7.78358268562 3.85051473369 -0.248776035583 -2.23985421431 3.95445855406 -0.973208865501 -6.31704237536 
17.3426447368 -5.05510153708 -1.2345847763 -3.24754903039 1.86743628801 2.72775074769 -2.75826333686 -0.263687418854 -1.60690853614 -9.91553371483 
15.0624446711 -7.82953864642 -4.03567663989 -0.707517879441 0.868973711427 3.60489299114 0.660334891582 1.92845166217 -6.65262860156 -4.34194340751 
7.26926179615 -10.7724777431 -11.8909882827 2.34859242789 -1.5435188197 3.11847182324 6.14445279253 -1.82062157707 -9.2536004915 -2.83919252366 
-1.71608968459 -12.6655169349 -13.1143480477 -1.0179334965 -3.82224004521 2.73473164717 7.97420531749 -2.45724097423 -3.77649560119 -1.97974463879 
-20.1185922122 -14.3334843138 -9.03174313908 -8.66189537378 -5.70136192705 1.78974534766 11.056217524 -0.907463899085 1.93153634609 2.23996740968 
-35.9617893488 -14.5604813415 -0.0321756963705 -8.08417837234 -2.62955324737 -0.872309274325 11.9046674866 -3.75255213636 5.65452524526 -3.71562295417 
-46.0892937542 -10.6732199756 4.3636847773 -10.7715774842 -1.04252884248 -0.785191836609 9.37073860131 -3.67476532376 8.00422264625 2.58759270059 
-41.5464425609 -0.868756220234 2.26239114677 -13.5850609851 3.00862984918 6.49447692703 6.74016532885 -7.72217473163 10.3467731139 3.46103946478 
-34.4017930663 7.65843141808 7.15525795211 -9.31867750904 5.94083505943 7.00421462551 3.55215044155 -9.23902651493 9.66969942281 0.110257736209 
-23.7463740894 12.5847012833 11.0563641223 -5.44148050684 7.09279787293 7.99710212936 2.83863169383 -5.69064669939 7.32236667815 -1.55305380077 
-13.6334229393 18.1813905009 8.47699913445 1.9945019395 10.2444176113 11.401770555 3.48660067781 -0.474935732397 4.54286032255 -1.77380471054 
-1.13681426359 20.7167904152 0.681750006271 13.4673898945 4.59753489858 14.4927496375 2.23664889135 2.85549817136 3.09592870819 3.27439431778 
-4.95260240181 17.0625238543 1.56271580885 8.44075477352 10.6947710649 8.88605870363 6.67510665373 5.15532306862 -0.876005406081 2.41855095542 
-1.38584957282 19.7775100582 -0.419051577832 9.34099583875 11.7170232161 10.3695608751 6.36545597452 9.55482904175 -1.18824178333 1.21440877514 
-4.8232697786 16.2934083822 1.2123212259 4.81272518364 14.9997822884 6.04375398535 5.82671569993 4.4361507295 1.21842925198 0.357127100732 
0.55138382683 15.1591039775 5.45452606614 6.76078242831 13.1807837723 5.15579998634 6.27093263766 0.968677741183 -2.1786797295 -1.51486737122 
0.62353229835 13.6700888197 6.01878896615 7.39888147001 11.4227574431 3.21578735905 7.32230222567 0.439523053473 1.75329921336 -4.17688420262 
-9.26448463882 9.93381972104 8.78673659693 9.38868339423 12.8684892955 2.30827485917 9.47992085329 -0.885813777956 4.00995980183 -3.64292030271 
-21.0516631699 0.415942635427 8.40314680451 6.53597719357 8.34626465071 -4.68257391816 9.87450975211 -1.23924339493 10.1151423579 -3.85807780319 
-32.8975295283 -5.25924574744 8.73053799595 10.990997948 3.12999165191 -12.1936006161 1.19387014823 3.51883970144 4.62881811165 -3.31839445137 
-37.6864376741 -13.4637062723 6.31768124105 10.9249064001 3.0174657323 -9.28310715966 -3.51572743764 8.20235493785 4.96751181416 -1.82085379278 
-31.6526059022 -21.6207736338 -3.78213713382 9.90643830694 2.70511083212 -4.6444633848 -9.65887999349 11.4267348096 8.68515600615 6.97070398091 
-32.4393746687 -20.2317498351 -3.22481632498 12.5990492428 2.12837850008 -3.34669683201 -12.8568281243 11.2678697359 7.44341486813 3.18618192106 
-25.1927214985 -20.0079884477 -6.08040840311 12.3251964387 4.92826134052 -1.40638670222 -12.7670718091 10.539854619 6.10748699633 3.52677797254 
-14.1838441583 -20.7564806658 -5.12189976087 12.3422059953 4.20698060631 1.2901418867 -11.6329272691 6.49140082725 3.37921427693 3.31284892139 
0.00434787090798 -18.4317915079 -2.827643281 10.2825503242 0.998778663468 6.55356003578 -9.14093066851 5.33984406507 0.587006249047 4.54558530189 
11.3783685456 -12.2098874325 6.08935533807 3.91436319769 -2.44762628324 5.91545268108 -5.81676099999 3.55063077706 -0.995212198866 4.1515949045 
15.377263413 -11.8907425883 6.59213408337 2.78028727211 -1.67128609708 5.85659027966 -1.90050359454 1.65328294847 1.00702690199 3.49686850501 
21.3480654783 -9.9669701642 8.02347251657 2.31844442262 -1.20204720612 6.59877646734 -0.645966379541 4.80738082119 0.94200038685 5.9295670663 
25.4854175756 -7.95115459247 7.45680415236 -4.32722367357 0.400073650325 -1.92574079163 0.585798951005 2.47615652597 0.202297888658 5.54059322741 
24.8576537147 -9.39783643797 8.28709311681 -2.56553084947 -1.08629410518 -0.76614715986 -0.660644853782 -0.286609822865 2.09372548578 8.16205904276 
16.5268331093 -12.2955655696 4.87701253791 -3.0070134225 2.81719775041 3.80184094906 -3.94596830574 -0.35274375162 4.74833732328 -2.0147300837 
16.2565225473 -8.81934898069 5.40353148627 -1.49495813669 -2.01948829087 3.94410968388 -2.58117051869 -1.92532883011 3.2240641168 -7.42959609845 
11.5831241475 -12.5074167236 -2.42533970074 1.08400156999 -2.45175489012 6.00931952128 1.98040787366 -5.68576831717 3.37725128038 -5.60189264717 
6.12382516511 -13.1793131742 -11.0600025376 2.69319517976 -1.6247099586 3.06182421371 7.98346749786 -3.43323836038 -2.36601662417 -3.27825802809 
-1.90146397341 -12.2903775305 -15.0460257368 0.817685199214 -2.10846706213 2.83135847591 11.6347371701 -3.2984918669 -3.60171250725 -0.794097534127 
-6.29394418281 -10.2919427379 -8.85638850911 -7.41134555944 -8.93397261301 7.34258111031 7.50707652278 -4.41856335987 -2.55767680789 -3.23804727346 
-19.8582807695 -12.6816727346 -8.63749880997 -6.50850896159 -8.30090880655 7.08484491048 8.00860277322 -0.832313773123 -1.65982535762 -0.352408897051 
-28.7965387208 -2.36544597415 1.92921194564 -10.1255376549 -12.8876387772 8.26485296359 1.63101092141 3.11769018375 -5.5668530284 2.18099673435 
-31.5362710163 1.15315946872 3.10634447756 -7.21695735236 -10.2289480121 12.5169686722 2.63081697394 4.67713394576 1.16411990701 -0.594533310567 
-24.9726164356 7.92022861449 3.87596783254 -7.82220990913 -11.4785691427 9.74863062297 -0.612203297291 -1.31965445574 -3.41930019826 -5.88579937784 
-20.6461549582 12.8715830322 9.18549975606 -5.46708093115 -6.35001625654 11.1123684702 -7.24927132709 -3.56312776882 -1.96353042355 -5.41125584607 
-10.4426745513 20.5824358282 7.91171122872 5.16047329594 -0.275195901755 10.8554682281 -0.101507399235 -2.07509744809 -1.96434501939 -3.94465503601 
0.165872185458 19.8309898068 5.81017606233 13.8157953738 -5.24652562677 7.61447011533 0.829233184818 -1.6059378451 -1.41044548717 -1.51393329959 
4.19082196724 19.9066463372 5.21169674628 15.8460713352 -3.93517690168 10.2795408511 -0.576153200128 1.02243161618 -0.183296506646 2.00152294989 
8.27827967052 23.1476747704 1.74171787379 12.3281906805 0.911343254789 7.29646110228 0.904395316413 -0.752944190325 0.0570208084837 5.68708214704 
4.5878293259 21.3240558211 1.97845571183 9.8793610117 0.121526941567 8.70623528666 3.17422753126 2.55668237125 2.84672387295 5.34662314894 
3.63729931122 17.7881670155 0.545012275244 3.33570696685 1.99927212533 9.12034746493 2.89808532464 7.4589426513 0.224516629208 7.23965597955 
-4.03142595592 16.0547567101 5.18956575206 -3.0196423194 2.26242692645 4.84042352686 1.59632651437 8.88218885692 -0.260885346533 6.33320857011 
-12.872591627 13.551892636 7.29020408771 -3.81149831913 0.262911294008 1.94710746059 0.656246625708 7.73360327921 1.72070515776 4.5315882454 
-21.6702080389 1.94718610557 1.98535009207 -1.26978953238 -2.9445446449 -3.12907556936 -0.0678783442491 -0.269985800641 -1.84572772111 5.28628285508 
-25.4683956669 -4.98543388864 1.18147296775 -3.38792549614 -11.0488484282 -13.4996895038 0.42759292707 -2.01011615582 -0.354139450392 6.72373749737 
-29.5584802992 -9.62109779703 5.63566094596 -1.22901559713 -13.9341569134 -15.4157476302 -0.580623080911 -4.25559277719 -3.37482304012 2.40273605377 
-30.5032014243 -14.7498597192 6.07786310566 0.641074937496 -12.8630054711 -11.1604230527 -3.746915628 -1.42688284501 0.173526457129 0.550521994453 
-20.8477779291 -12.106675031 5.55403258313 6.007534562 -12.9424308975 -10.7562547675 -0.799680723403 -0.165276751596 -3.90168706679 -2.78566957877 
-9.93357993755 -10.3330303141 1.83153917733 5.60865357961 -11.718601798 -5.08803787207 0.689731222846 -1.38965028128 -2.70110202419 -7.35722887207 
-7.66401727407 -13.3049321201 5.39707526659 2.95528928772 -11.6026871647 -2.93654947447 1.88602655381 -0.763162906762 -3.95423052407 -6.87672546935 
4.30400791317 -15.0862666195 -0.717906911562 9.60573080266 -5.16205660036 -1.76935263386 1.93968092706 -1.90018026711 -3.98394064271 -5.90868748408 
12.0285123778 -15.7755245948 2.04191724442 9.71831005611 -3.76111878889 2.75190832676 -1.7228468731 0.723841664242 -2.63860531766 1.53961299048 
15.005315202 -12.2056274286 9.25913421508 0.192839674325 -4.09727590611 5.47587814536 3.99963662711 4.79101620937 -2.25461246424 3.28142287433 
16.9589866677 -9.77357685443 15.652880263 0.359516520128 -0.782132034472 2.20144762228 2.65553563149 7.29796053742 -1.94218279134 2.42300914772 
26.9331897448 -6.3402934269 12.0896533326 -2.56370943254 -3.58153252164 -4.14765674227 3.91352080385 4.17339318079 0.338135307506 6.13436020726 
26.0056335277 -8.68052469416 8.47393442514 -2.8470921796 -1.00203598221 -2.55690704031 1.19134628971 3.78436133952 2.13778202487 4.34920982585 
26.6295431487 -7.44012611983 10.6191667404 -3.70474451706 -1.91610878867 -3.20220632315 2.17742802686 3.93486723636 0.77653864869 5.36742439978 
25.1357528865 -7.95889990104 10.9452048239 -2.73352175059 -0.579236357378 -3.47641519198 1.40307030693 3.94330861785 1.62986140245 1.9023957327 
11.4975506859 -10.6804127699 14.6530010113 -1.68207795868 0.931734722745 5.99232812672 -6.46338470673 3.32856957707 4.19140768709 -7.47950774747 
13.0441354911 -10.8774595883 9.09969747943 -0.535920431646 -2.4068225954 7.41279986972 0.0180891779718 2.94959483718 3.7069150881 -4.58610948699 
14.4862246127 -11.3560803313 4.53241181294 1.00635027388 0.090916716761 9.856437369 0.474268946921 1.59228931345 2.51940733905 1.19620377862 
-0.153609182197 -14.1142996975 -6.18767616471 5.1456105913 -1.30640037221 4.60408759826 6.13917974118 -2.37331778923 2.70145460925 -1.44437525292 
-3.04155355148 -10.8464178729 -6.68988457222 -0.207495807177 -6.10375870579 3.98611730092 6.86053033053 -4.66429728183 1.06811695877 -0.352788379653 
-11.6006187026 -11.9392530739 -2.71451864189 -6.43602993938 -8.25270471775 12.029801218 5.15515499292 -6.04288451858 5.01984172992 -2.81697773393 
-18.2585486792 -6.00241862236 6.61336609942 -23.0152985181 -18.0934256201 23.4743645097 1.67271430276 -4.87115068191 3.38370580092 -3.83351933593 
-25.186871607 3.48349526283 11.8363835836 -21.4471388694 -19.4457836859 25.5586062763 -5.31808743228 -1.21972426272 0.766391711048 -6.09928024602 
-23.8979414853 7.58529100537 12.6349624628 -18.7899090816 -17.4553439781 21.8456880872 -9.28169678803 -1.51878925177 0.352668930294 -10.9136705888 
-18.933480118 9.72462539361 13.6053694376 -3.48309370879 -11.743876474 14.4515953451 -11.9063138918 -2.75617050347 -1.18349931112 -10.2584689153 
-16.0610991633 13.1046025158 17.5016238146 -6.76870533205 -7.23007566273 12.2008558774 -6.95333085936 3.71800738721 2.75597510093 -7.66098698152 
-11.1464260395 16.140139544 15.3016624259 0.0245664642945 -3.72983773211 4.89818032487 -4.37722544315 4.58110239706 2.11886399682 -4.49098265093 
1.45373799816 15.8247150038 11.201637448 -0.16045247145 1.25121256338 -0.316099365433 0.345778219747 4.56806343678 6.14879659086 -2.07963975311 
-2.10700354044 14.7047426133 6.45594718064 1.00379085483 6.84405869027 5.70102846186 8.69110025067 8.4085759139 0.612412310013 -1.49533586311 
4.90285786978 12.8249001913 8.22885697019 7.31104937102 7.87571523035 5.55465056597 8.49418859484 8.15729032527 -2.78889193581 -1.27534363255 
4.69257210018 11.8829726406 5.15086034556 10.8908527711 9.44965568957 6.62518626784 11.0276389962 8.46372602909 -3.27908950857 -0.505879466005 
-0.386711773045 10.7635976115 1.38468616756 10.9843048521 11.5907268209 6.32442669712 13.2999502066 6.65115772109 -1.94704965132 -2.03650966236 
-4.56021772528 9.57321065858 3.49567531314 12.9694638831 13.656465265 3.57703441775 14.1276854677 -0.908560887156 -1.19591601367 -2.94463052459 
-11.3735226697 8.92885811901 13.3263725448 6.15824515026 12.0306876047 2.53688443083 11.5276893135 0.843211272786 4.90017447853 -4.17956585846 
-26.2908008216 2.02176199703 14.0485586353 2.12272072188 8.22899181787 -3.12642642713 10.7458452033 1.10908804749 10.2244886326 -1.5860550594 
-28.9957232384 -1.78124889666 17.1093047521 3.69683870753 4.79966179813 -7.21505631256 5.63184233213 1.36104334287 7.51449748549 2.11032767309 
-35.8382010391 -10.6528468211 15.6612600696 6.02561569615 0.992349261668 -10.0340040521 0.35714713124 7.87560358364 3.55803121289 4.74145345068 
-37.1750514945 -15.5244728475 13.2603816555 7.5257815739 -4.39267075937 -11.3624896167 -6.7139900806 10.7847655648 1.28776327958 4.16426734523 
-29.0598737531 -18.5454871123 7.2026975333 7.39080045969 -0.481916585952 -7.45258014421 -9.41163685827 10.0856300082 1.50802583499 0.719063867779 
-21.2240754529 -18.3790014197 1.55418712487 6.86097361744 2.85235093292 0.150093329339 -15.2550996001 10.2040616003 1.20989107652 -0.350553589033 
-12.9210793113 -18.0363082589 -7.16402358729 7.31981232785 5.79484034184 4.13254592516 -14.4301766752 6.75495012887 2.42935577902 0.223157355765 
-5.35008716781 -16.0975269747 -9.11360272814 5.08005339126 9.08786881935 3.98835829074 -12.7031591642 2.45056283567 2.02387942844 1.37148030195 
7.51259276594 -12.9679425193 -6.20370189795 3.29679348599 7.8289995486 4.8563077083 -6.92812521523 -3.13826168436 0.984775371852 -4.85014790746 
12.6922219091 -13.7174420606 -4.60788560663 5.73051000511 3.55644504634 1.77952791328 -1.90402971706 -7.47642439062 1.74356359299 -7.00867918294 
19.221246789 -10.6070085128 5.95428553125 -0.0733050217052 0.401923520908 -0.01849720197 1.37649421891 0.124237956684 3.03202971559 -1.60922698087 
22.8459990777 -6.40689690376 6.87938243687 -5.3435728012 1.81616722374 -3.59381559092 1.04964358428 1.31036353351 3.45557886668 1.6765157388 
25.0910268907 -6.13283133219 7.81291966595 -3.50810419888 0.834956999327 -5.36717633338 1.64290543368 0.46478813598 0.950445047297 2.88226889209 
25.189511787 -4.02818810744 9.07252025692 -5.80043411025 2.48512424867 -5.74914101094 2.19276809264 -0.0334875431021 -0.125914916821 1.10406885708 
