-23.0602163766 6.51090187208 10.006688255 -6.71361824757 -10.0674337424 -6.72484455617 -0.390045961166 0.842914079438 -3.62567355766 -1.37278183389 
-20.9225272005 3.90566031377 8.47687214942 -7.9883242592 -10.2945681738 -6.84445703308 -1.53532663315 0.858677556223 -4.42194386508 -2.78146942437 
-21.7974150185 1.86481666923 4.98689595802 -9.12822361117 -6.75865174748 -7.29410905388 -1.33042689565 -1.32094197564 -2.80050743876 -4.56150671515 
-21.5015228948 -1.83612049014 3.23519717511 -9.88281483159 -5.01141121042 -6.15058810122 -3.63491277592 -1.42605636937 -0.508542544899 -4.25795686148 
-21.5017754832 -6.60869360209 0.990702606292 -10.4775203502 -3.12658480617 -3.03242468605 -1.95387804784 -1.25167092623 -0.103535590128 -4.03127716621 
-19.0808143267 -8.62155734545 -3.13738825433 -5.33255784103 -0.480893536191 -4.27722489102 -0.381510344259 0.0633484760325 -0.610028538067 -2.81024148072 
-19.8970791862 -10.0634850982 -7.06310972012 -5.28506463029 -3.20708550886 -4.39179881207 3.17832077641 -2.20605250034 -2.00592766601 -2.50752483876 
-15.9300031704 -17.747848889 -8.68257156145 -0.0976802126288 -10.9275388547 -5.7687381132 4.78380088581 -1.35326851567 1.92422206597 -0.129288787579 
-7.88957277597 -25.4072977515 -3.79908534038 3.76981154329 -18.4220620988 -3.83992907351 4.42966836487 1.740897618 6.44694399141 1.15051206028 
4.5978181642 -28.1445835491 2.83706208055 4.73891136922 -17.2260891174 3.23579616459 6.77735900254 2.97557988911 4.32726996884 -1.94254630733 
8.737644654 -24.0462250366 11.1433020959 0.904075493351 -15.2106441735 0.225962081258 2.10482434236 -0.285972082648 5.00470369919 -4.1572213005 
20.8566550749 -15.7776201422 19.2141094609 1.45521888615 -4.63121313351 0.0609326102267 0.829684660567 -4.87346206419 4.71171083379 -9.01472049052 
22.2379618537 -6.47003705174 15.1333870531 3.07473508727 5.67494435818 0.024674834649 2.99188702821 -4.78733700277 2.34639446475 -7.0564437431 
29.5189115401 -0.946342748094 11.0459075937 -2.27431915727 5.53485658655 -0.649425973709 3.00634519084 -2.73050817663 2.4080517507 -2.70669376798 
34.1854726775 2.29606522661 7.34599332582 -5.19127082781 -3.20746223904 5.55530662029 0.38300814003 -2.12750937018 -1.93486291641 1.50171186096 
30.9465494263 4.36024012 5.8787414111 -7.51431127362 -7.04974002646 10.1946795302 -3.89824174218 -0.227095897639 -5.56972848851 0.274337672969 
21.0141304642 4.1017443144 0.755076618401 -5.16011047428 -10.3395665015 11.6682192412 -2.03142340431 -1.03965139308 -5.55136712072 -3.82558443996 
22.8863198528 7.49535270041 -0.626319932476 -8.81632386566 -10.4059007759 11.8786402671 0.220854535066 0.203627718004 -4.41250665067 -4.89676447203 
19.3811660817 12.8540375489 -4.59453619543 0.0913250987621 -10.2232713794 -0.366119257096 -0.979134931732 2.80566521471 3.24529784836 -5.81481757324 
20.9373356142 13.2705608277 -1.65536209839 -2.67544962281 -9.73463166043 3.76882709218 0.0940615220533 0.776359502368 1.44618546924 -6.4274079509 
26.6993977312 15.4101650664 -3.15809965639 -10.750158565 -11.8603679968 7.85081812995 7.08891765722 1.7126146707 -1.04116277616 -9.32253812522 
22.2666967915 14.4827298838 -0.9974694564 -5.86342530704 -14.9898985876 0.535333012504 0.483720243882 4.32981466188 0.602596364932 -7.27061770555 
22.1702311805 11.082483138 -4.96316268232 -7.08626796379 -15.2907286518 -0.917455527071 -0.184702510965 5.12919966483 1.07765805847 -4.53493545752 
20.4677803744 9.04151402065 0.25806841089 -2.30930839572 -12.4839725481 -6.45879777398 -1.4666747709 4.78064028248 4.41281499204 -3.18212825757 
21.0100045327 7.54259297018 3.80361145367 -2.0592804465 -9.26252530036 -1.6055215998 -1.91415328521 6.99713919219 3.60452873 -1.23140036022 
22.0079981925 1.73990289368 5.42810478644 -4.49264081833 -0.303505630955 -1.91478782458 -1.09989132061 1.1468952554 1.56638702878 5.41261657094 
23.0782338181 -3.95558077659 13.2814327428 -0.0896601754561 7.02343803042 -6.76772348365 -1.54525406451 -7.59941451357 0.295917454348 0.536448344223 
24.308260511 -10.6835665309 18.6117829227 0.523703703191 6.5869016473 -7.29254791604 -2.23497802887 -7.97432931967 -0.65865183905 -3.47209734049 
17.2613739407 -18.9227509894 14.2637079115 5.90759197013 -7.13017697072 -1.72890463026 -1.78134256659 -1.11934621108 3.41884203838 -0.297412260601 
13.2499849436 -26.1804079804 7.51244924323 11.0819489851 -11.394012818 4.19169767588 -3.59638258808 2.89467286467 3.80987483239 5.33650916699 
3.54724145344 -28.9832479788 4.8316132552 10.1124059566 -14.3653470505 7.95648226422 -2.65895717423 4.77531153228 3.2784222998 4.14261456457 
-2.57736485398 -26.8135624426 -1.39856833773 7.17897958502 -14.1718183732 11.6715171096 -2.4745956969 4.73423854893 -0.042563397974 2.00037485466 
-8.55269716562 -17.1446912303 -1.6965696834 1.10350298819 -6.30718027157 9.01955461744 -0.399452596842 2.581091638 -2.9111561937 -4.14852728926 
-15.5125501795 -9.23962659624 -2.02877120059 -8.31201478724 1.86600329763 5.41429837857 -3.00486983861 0.163049053873 -3.75158630896 -6.61481016615 
-18.7722181266 -4.17133699969 2.15673511437 -8.56584186849 3.87238667468 1.63861688238 -2.36397846223 2.17807703915 -4.44671814197 -8.16086182795 
-17.8466957208 -2.19160605132 6.44609683291 -7.7089358678 1.73649440327 1.59092695103 -3.58195454077 3.41870509189 -6.28826973226 -8.62655379864 
-18.4288378205 0.895660060588 5.89284962261 -7.03527391867 5.58440082194 -0.662789113357 -5.40217537102 5.43654476815 -7.33454340904 -8.15419682385 
-17.5533735437 2.83821690449 4.34440557102 -4.46997251497 8.00455494671 -3.2686839966 -4.77718562517 5.20665834978 -7.81599799944 -6.97285639573 
-18.2894732005 4.79351555265 4.36440612723 -5.05089534753 6.6852947647 -2.08846002756 -4.50989795635 7.04583225087 -7.88468714658 -3.80225237172 
-20.2373323129 5.06027184522 2.82134361606 -5.43701862412 8.50610315689 -0.893253910893 -3.45248603751 9.8097960556 -7.11128196148 -1.00517575045 
-20.6161082128 6.29493818246 8.0377571989 -2.57683144178 6.02554056945 -1.11516520972 -2.12493178252 11.4212470851 -7.84851472863 0.136521655563 
-20.8503556046 5.71387176971 13.2834282512 0.42969262224 0.319047719071 -0.609719155811 0.131193785857 10.9615425917 -6.63659167504 -0.000351846383457 
-20.3021456524 7.23043334879 12.05266767 6.02336240169 0.273798164707 -1.57779131991 2.09977358941 9.50018889854 -4.86518762825 -1.91810886178 
-17.2869167875 10.0105539139 11.5412408687 13.2774817575 0.078051865375 -2.59836030245 4.74028695905 7.57307436297 -7.75034076046 -2.98776556507 
-13.635714534 12.8920309603 7.92298428985 22.971171362 0.245121553319 -3.45388886031 4.57513727924 5.4221094413 -6.79723712219 -6.19468709341 
-16.0514935946 15.6285701079 10.7606279521 22.7663263039 -2.57107338456 -2.83998999408 5.45316995465 6.12706790212 -5.41541906608 -5.2665022546 
-22.1251463079 12.9417959167 8.95271993589 14.5052108051 -7.90862030262 -3.18509638085 8.58603769782 5.09585708879 -4.73800247159 5.87910694344 
-24.2528144785 11.5403748696 9.13349841475 2.94219774314 -8.97576109745 -4.25007907858 8.96791129839 6.06909236276 -3.21834428274 4.95148013145 
-24.1742085369 11.1764451164 12.8930016426 -7.49885852619 -12.2461395312 -5.00663346722 8.69856139535 5.02025244412 -1.97832116587 0.838532055655 
-25.2859873042 9.07905199911 13.9639513101 -10.9792661935 -14.3813669614 -8.03729861167 4.98883044954 2.74420735849 -4.89806227254 0.108268301959 
-23.6792199373 9.20783624609 15.6418291357 -9.29177139964 -13.1860920552 -7.69225263122 2.24516500714 2.09394996393 -7.21774966265 -0.446516909804 
-23.723287261 7.18851564496 11.9064218871 -10.097687069 -12.0051718107 -7.62863521357 2.15232108701 0.365670945906 -5.97007715872 -2.01345343737 
-24.2263424442 5.57145462094 9.09714042208 -13.1151814689 -14.3881942235 -9.44849431558 5.78443203132 1.38890069684 -5.53691258323 -2.72025255347 
-21.320290149 2.37247347994 0.905791588017 -11.6185960509 -8.15838004402 -11.5475913421 2.84264847476 0.247964168064 -4.39065262874 -4.7044959387 
-21.6335199366 -0.926245562614 -2.82743517588 -12.6600956001 -5.64393622125 -10.187091013 5.51159472126 0.435840004821 -1.48898845367 -7.22161815047 
-21.1272796435 -4.50897985424 -6.58806327236 -12.5222176031 -4.27784511408 -9.22969351348 6.67375192087 0.0540699581968 0.224093961057 -5.98868419485 
-19.0964613224 -7.17529139807 -6.72908118177 -4.73017099155 -0.972042084318 -3.51018806792 3.41847717969 0.459466380626 0.710919692389 -7.00316477353 
-14.1553486313 -13.9707808892 -10.9093275978 4.63260933915 -4.18165714761 -5.61815547512 5.05601076574 2.37661620351 0.571025898071 -3.68503913786 
-9.97283893708 -19.6203971079 -4.52156226797 3.87158933379 -13.7095327558 -0.726626853151 2.05776455279 -0.686319068701 8.70336022973 -2.67470871546 
2.53028726116 -21.7386047646 2.90916739191 5.59445131603 -12.1998524471 1.11250352019 2.49388870586 -1.24118545154 4.94111101643 -3.38136597953 
8.09927266594 -21.4501021626 5.18834446914 8.08575014435 -6.68661925867 1.10371563427 2.08537416486 -1.98114241266 4.31621601965 -6.24195985548 
11.5485658562 -13.9115810969 14.0776206404 7.12153240588 -4.31240919801 -0.30354011784 0.170573887608 -4.81583004507 1.59061190885 -5.74544863336 
21.5374336739 -6.06498214103 17.9828096601 7.64072175493 6.34253604354 -3.33338508638 -2.01843958642 -6.5128097564 -0.364301982591 -6.7676494406 
29.2612913959 -6.93717219282 12.2978922467 -1.58331617867 5.31088420151 3.33433850871 -3.22078634793 -11.5394506539 -4.22254261211 -3.52108385741 
24.0107757119 -1.73428928169 10.4407330661 -0.260738185967 1.02987247772 8.46934030973 -7.82387044674 -12.840647203 -9.02197238151 5.16530286948 
20.0985431324 5.79050018589 5.44623678986 3.22538571801 -4.49788891563 8.1485921751 -12.1017447488 -2.0790829824 -10.8130775868 -0.479303176483 
29.6286962824 8.32540015731 -1.15025961453 -4.35486848066 -9.14847230479 7.50514413942 -10.1090671368 0.672964468592 -8.09864306066 1.69113958814 
30.1386554951 8.97956948435 -2.60515925543 -7.76211416925 -6.22898459325 9.5642142931 -3.43406463531 0.733756337026 -8.8148656231 0.77905258685 
27.6468461327 13.5381494585 -4.29420632648 -6.98792448055 -14.1662349475 4.61563799114 -7.70941093131 2.78115866541 -5.25319140695 1.921519859 
26.7030943963 16.2643191322 -7.74399724766 -1.88881546847 -11.4874202531 1.12529449365 -0.971067415911 7.51360820779 -1.02905664563 -0.124225925724 
23.8795552226 17.0488572011 -9.84216520129 -3.3882489073 -7.72788944273 2.2401398135 5.02110226678 7.18097114917 4.6949140097 -5.99813655234 
23.6291990655 18.3472027777 -10.212081597 -2.93781837849 -3.31545136128 5.11359588425 3.90519981921 8.99188467087 4.6659579945 -9.66361009415 
23.5177860631 16.5565397295 -4.42348983566 2.74723263022 -2.95148413342 5.63564753132 -2.13284854449 5.31907773335 4.64569996667 -9.50545486879 
26.6493001643 16.0421003786 -3.70586334817 0.0680305064443 -4.84207760188 -0.447748521181 -5.62582580821 6.06814136489 6.35535753637 -2.46948515263 
32.5720065034 13.4449298792 -0.750490261088 -3.57766091351 -3.79584396608 0.666657985851 -7.84446870494 7.8155290345 5.79398317442 -0.284344477449 
33.5242922171 13.5932835176 -0.589838112547 -7.53146395071 -2.46571630804 -4.26899518293 -4.12297563937 10.1254586622 8.84103466295 1.1295438929 
31.2087749294 10.7855393037 1.6607211682 -6.06329873198 -1.47102983183 -8.87181531694 -5.12212590605 10.1549304748 9.17120535932 1.52503898733 
28.9048207939 2.98347315725 3.57007726215 -5.22762080113 4.44545783775 -9.99155425841 -4.0680079574 6.33482193419 5.70098852212 3.8292731819 
30.5342949535 1.51436880365 9.50905976105 -5.1554338115 9.78913947387 -6.31950354938 -2.33132857827 1.79430558272 4.64885665416 2.22564477278 
31.7774466138 -3.6790779837 18.1646982997 -5.31283426106 9.74574224465 -10.5899995822 -3.90124490781 -4.34493294196 5.3220990655 -0.881811784504 
26.0925744234 -9.60181192308 20.1404616613 0.0563816234939 4.26594290587 -11.9126322697 -4.28448154114 -4.71060692163 5.68300600591 -5.29131362046 
19.3030276242 -17.9027580182 16.9010948655 6.66839542929 -2.02881439192 -5.81598122509 -2.90571600291 1.44329748759 3.45525530685 -3.04376047336 
9.79177943617 -28.1224646376 6.56405651935 5.88256922047 -16.7747958359 5.11062247063 -2.30395521899 8.47385690438 5.7506306258 -0.999428364017 
-0.524138952547 -31.5510853007 -0.699438078426 3.51227360683 -17.8608408073 9.34100973331 -2.65107663771 8.39742062859 4.41735800489 1.13179231548 
-7.93314353054 -23.8999191365 0.353276469637 1.09089781497 -12.0709661208 11.2280029008 -3.21316805503 5.33628963635 0.557534677703 -2.14381168599 
-12.6037066561 -8.3972230631 -2.04437902036 2.49002725831 1.9229679843 3.69577468846 -2.61798863421 2.42074472953 -4.71611673242 -6.71180927236 
-17.137946298 -6.80231453091 -2.15808926355 -5.79619031444 4.96488284777 -0.102380115265 -3.7960672322 1.83607121301 -3.97735859956 -7.51966988802 
-20.8421900136 -2.34919488417 1.63170863491 -6.7717389231 5.91252720694 0.216416060573 -3.82072491513 2.27588491326 -3.95803332276 -7.50339317524 
-18.5993906931 -2.60993693146 2.99500457124 -9.96185070984 7.91703195605 2.24780290925 -9.65030581234 3.60450630432 -3.39403366687 -7.82285489244 
-19.913538257 -0.433741355926 5.1544202187 -9.54119445959 7.87465862596 2.93963351597 -6.34356993767 6.91076595104 -3.23568430594 -6.55649045453 
-20.7654635369 3.39469250552 4.11039837827 -4.60768853202 6.73663234312 2.62258123394 -3.32992801818 7.9579081003 -3.05151030292 -4.71467644536 
-21.5358152501 5.21998077389 4.10680895107 -6.36206386318 5.38083308334 4.1606423271 0.897954343771 10.2500422222 -3.09544762064 0.694762962508 
-22.1541631321 7.02641801876 4.20916660699 -4.35362159772 7.27889187445 1.37421555869 -2.82221672351 11.1318557064 -2.44393620657 1.50772457076 
-21.7460724772 7.73157480176 6.37297827576 -2.67953392916 7.4194301675 2.52188207623 -4.15520299769 11.635934557 -1.55577981634 1.33792763709 
-23.2496555564 9.43848815154 11.1974258932 0.941725461438 2.59314307472 1.10026646684 0.754830770447 11.1143836903 -3.08635414009 2.70033196725 
-21.635129698 9.23837839538 13.125659294 11.7256261754 1.28650531811 1.90891122304 2.56112584457 11.1146658388 -2.9271807585 2.82906680378 
-15.7395400141 12.2722363269 11.0164557924 19.6011333575 2.41767681364 -1.05509762814 4.77877768757 9.39091303501 -5.19314322445 -2.86419472547 
-13.475422185 14.9849960431 9.56720290115 26.6863125106 1.07911920732 -1.93797316316 6.66828425852 9.28345287925 -7.33929248945 -5.29539423737 
-19.1970871223 11.3819935325 12.4185587346 19.4268817773 -2.8945314843 -1.25919007309 5.96371229581 9.30508016966 -4.68982483995 -2.50537055682 
-23.3986512696 10.5950489324 15.1641432141 9.33691644009 -6.26699173379 -0.0848442691376 6.82234068382 9.48288459296 -3.1968173727 2.33837744599 
-21.2318433327 12.156342922 18.5135306902 3.68787482028 -7.534317393 0.187688071406 7.35665661073 11.0495770516 -4.2976486657 0.267680215192 
-23.3643516246 12.0610228649 20.3202827737 -2.93001076201 -12.3281160191 -0.612574258389 4.519423644 7.09584284887 -5.20069651171 1.83431140978 
-22.3828380233 7.30353145178 17.9512386681 -9.88676719296 -13.7695073343 -4.59895494306 1.45068052296 3.81310550771 -6.49956272964 -1.29337969561 
-20.2334852405 5.0674777709 12.7299951873 -11.3956086701 -12.5756053139 -6.70379406084 0.240050524622 1.114857303 -5.9152726162 -3.69342749913 
-19.6918723158 3.2013578964 11.2064868933 -14.8898239471 -18.6183944553 -6.29540736738 3.20093451983 -0.0376964728325 -7.72703044062 -4.1726968808 
-19.1753057106 3.16278246989 7.98813301779 -14.9551140056 -17.0405383707 -8.13520925537 4.18909559102 0.469678994504 -6.29400016846 -6.09049187299 
-20.1494993462 -0.120801961604 0.519767963572 -12.5096930436 -10.0334197762 -7.58617495022 3.64330724818 -0.405662767516 -4.58229166805 -5.42313429021 
-23.1557479509 -5.35663360945 -6.6304068333 -14.6547178456 -8.22762248108 -9.11037734813 6.64384825288 -1.2545368598 -1.78044060354 -3.68527824253 
-20.0972195086 -7.40840466315 -5.49255017357 -5.03769132397 -5.98176734889 -6.2265813311 5.90816637737 -1.74203483174 -0.576081038041 -4.33189634889 
-16.8312332567 -15.2773285823 -5.93852371171 -0.924221253576 -9.84306454369 -4.7875746326 4.55635581209 0.455145784297 1.24385678788 -1.58420155298 
-10.7065065896 -15.9872542685 -7.08794496719 5.12808822603 -10.7889572576 -6.43191287262 7.29700598824 1.28471155611 3.38996243342 -2.98759232757 
-0.205760198993 -23.6214376079 -4.09210941732 5.28752827469 -14.8562446684 -1.62117292151 6.44694704768 0.994600460476 5.13446685267 0.555519518692 
9.33842641515 -23.7545163815 -0.588332455844 6.50871170021 -9.55423458536 6.27540289275 5.93651998296 0.0701585809161 4.04621696002 0.64855696212 
16.3548585135 -19.2183367942 2.20601707775 10.4545570311 -5.32537155502 4.09191701106 5.2806333481 -1.24682547188 0.640206413308 -1.3894305435 
19.4689495101 -8.24339436752 12.1642665054 9.87715092146 2.59967463429 3.07712491147 5.35598291642 -6.42141161222 -0.363521798895 -7.15772604187 
21.3630099777 -1.22295721275 12.3520923823 3.89435070642 8.37924408182 0.713270743209 2.89395909293 -7.0416307425 -2.07302052089 -3.57451369833 
29.4131792254 -0.0612465686276 12.2873337175 -4.65799620918 3.89162758689 11.8899883746 -1.35659100343 -5.9693868525 -8.9965930088 -2.35207822193 
25.3777959164 0.825414306056 5.35457072233 -7.67940241821 -7.4775943912 15.7344491074 0.0616203218339 -5.76427132964 -10.7000783155 -1.03787776333 
31.6099631275 5.02652068597 6.40713187862 -11.2374289308 -12.5504024098 14.6830782092 -6.46566088828 -6.51519778217 -11.8490079268 -4.10570685452 
28.3386146081 6.97497108234 -1.86668166324 -10.8469966282 -21.5230541699 13.2343678608 -8.15131602375 -2.0239399818 -9.5197429152 -3.49113216604 
27.9532460093 7.85933921789 -6.95799991033 -8.9997401052 -23.3899484529 7.99566677982 -7.09929062797 2.99894100802 -7.02640053588 -1.70972971084 
26.2948237106 11.7953823672 -9.98829829097 3.9596900728 -18.2463933713 1.53910681272 -11.4347706954 4.70315718441 -0.714349706931 -4.59053634719 
6.7502941225 15.6068520336 -11.7710697361 17.9236232341 -5.28604946671 -0.94288096864 -6.00434596662 -2.36108612728 -1.86102150774 -11.0796890496 
11.7407176457 16.0064549107 -13.1952885848 14.1052552713 -5.26017374688 3.18183187085 -2.56005383915 0.41403868011 -3.94873187628 -13.2363105873 
14.6688203345 16.6181472339 -11.9412839449 12.7260477023 -6.93449819185 -5.2306924497 -6.74002753261 -2.49092067103 2.18279874816 -12.3952363179 
23.1889970667 12.5451690658 -5.96218526796 6.46156730819 -11.0061120035 -3.30216329573 -10.9811330614 3.26333517306 3.26583932614 -8.26117644962 
25.1312013213 11.6586877635 -6.62449712516 2.94636907011 -10.9627778483 -6.15089032373 -14.3898252197 4.14850866518 2.83473217527 -1.35056959639 
29.8194391713 9.5697117678 2.10860861781 2.61970916987 -7.33567258695 -8.08506664314 -13.9437587149 8.85052929467 7.29024045774 -0.00305664237418 
35.4561426184 8.2294452157 6.15792202257 -8.42314932522 -6.78925220274 -1.55771422766 -8.75368192478 9.3213155823 6.62596683957 2.76277499392 
31.095118625 0.416815001659 9.4934055511 -14.1942495205 -0.734454497017 -0.823280102275 -6.58074025858 2.52713744499 3.00012741428 0.895058076164 
25.295703439 -1.52594038552 9.76520935978 1.30646842312 7.2520713024 -5.7843171039 -4.73210533291 0.149792861933 3.17089547424 -0.916302056762 
23.2306744906 -6.01863178532 15.0889572402 2.68506757054 5.90747041617 -7.96980025199 -4.19782228364 -1.10168747676 0.186163666048 -3.36741294141 
28.0286520854 -12.0750417722 19.2338513159 -0.576807812561 -0.930570644623 -4.91786250824 -5.32438238379 -0.0986746278294 4.92860744632 -3.92653117031 
21.4941306291 -20.1526185815 15.5647038369 1.84013683487 -8.70518416521 2.07280339793 -2.32665612698 1.93986485482 2.66719998817 -3.32363987162 
14.2446591829 -28.1843787179 3.47520753 7.33306839903 -14.1490856302 9.13281460974 1.47358958537 5.61856173543 0.930823551992 -2.26531611363 
-0.789965400796 -29.3697704564 0.302476405332 5.59155398285 -14.2779411474 9.94063122938 -0.81058186323 6.30165957521 3.0507369561 -0.995201999872 
-9.90346205529 -23.2319667561 -1.64892815775 2.97072541813 -9.74493931708 8.34463501391 -2.65492727037 5.54673069779 1.1435207542 -2.54848609008 
-16.0962693267 -9.5555359013 0.0434098703383 -0.504892597427 1.20611030219 4.85698907825 -3.71707975241 3.11942219681 -0.914588876192 -6.05329978887 
-18.355789441 -3.57781515754 -1.56872856642 -4.04209253998 7.1316427767 2.52327369307 -2.58224517792 3.19598358418 -0.766385559547 -7.40208324698 
-19.1741021353 -0.136598496877 0.89024374452 -2.99688105992 11.1481043156 2.78487394448 -3.6363661569 2.2728190875 -3.40611651842 -6.86659876848 
-19.2290684905 -1.69676977427 4.6902951749 -5.91735017604 9.85953338612 3.63073718557 -6.43964020142 3.23478147705 -4.44095711838 -6.89294245527 
-19.7918598132 -0.487203517515 6.07450000118 -6.3039332959 8.68551800603 4.28660711141 -7.97897586113 2.72864822044 -5.16874488828 -6.35775059432 
-24.0301353324 0.691378314879 6.14767165351 -5.45032769424 1.15541721864 3.61855854234 -3.64897412263 1.17209825331 -2.91263450359 -3.77831501701 
-21.5921170629 4.92031646274 4.34527678086 -5.09263679642 1.57595707065 3.75260564674 0.263034779629 3.57570211136 -2.71692638743 -3.35336487611 
-22.3339007899 3.60852449386 3.42966990318 -3.22409926352 7.20492990994 4.87901254755 -2.28924455246 4.77284664065 -2.97959851734 0.81410984632 
-22.5391340094 7.1603871696 7.69046048264 -1.48745667578 5.19545727782 3.49334206434 -0.637670878192 5.82881009978 -3.20223367842 0.778057984216 
-22.4742206077 6.57042598344 8.54737842273 1.09716243785 7.88018674249 3.29760997846 0.966385359364 8.04101834732 -1.73937795002 1.83963786907 
-24.4616671722 9.66876914305 12.7580712548 4.72959790713 1.79999569974 2.30968289842 4.06152446095 7.24293714891 -1.69251327836 6.66078157331 
-23.1742773065 11.9017214171 13.2881150756 11.7553827637 0.992162789196 2.10762667767 5.61080154051 6.09109160043 -3.97963112335 6.23999062017 
-18.2165768283 16.488706462 10.8876040569 20.3729587065 -1.71991389467 -0.585912635928 7.648677732 5.41689665517 -5.348758997 -1.88668550705 
-18.2277217133 17.4662560657 10.903681729 20.1385440854 -4.33061342511 -4.13077953731 8.96748980707 5.99599142481 -6.77331993271 -0.793510853218 
-19.463004725 13.9657140878 11.1281388317 12.7202161541 -5.5665107732 -3.8511029434 7.08010945072 5.15770400339 -3.50983686602 0.121711196592 
-22.5425791304 11.2704557537 10.605483647 -1.77216928425 -8.57692694019 -3.98045100037 9.82033547768 6.61939752662 0.908249737843 0.769072571341 
-24.2971235977 13.9656227675 11.366207789 -1.93036395594 -9.11505275716 -2.97015916645 9.29501181905 4.92867607932 0.420329353582 3.38359163386 
-26.7359247808 12.831542667 14.3686252996 -2.97203933256 -9.7534906243 -4.63429768841 7.38449036887 4.28223239267 -2.34474603868 7.52408063466 
-26.7255616322 8.6483026709 12.6127254836 -8.9588783348 -7.79903318316 -2.99559535736 2.86222983105 0.101978629041 -2.88131465199 5.01565417834 
-26.5979909464 7.46788748021 9.85352598359 -8.82578937293 -7.3667342649 -3.70673469358 4.10151424212 -0.70092088237 -4.01764741221 3.10449161914 
-24.975939465 3.42336856637 2.03203645524 -10.7819055291 -1.51501891328 -5.30511823143 2.59809102523 1.9954905825 -5.01923866461 1.82169034318 
-24.8055519874 0.3386707636 1.61757149017 -14.1256734812 -7.4413900088 -8.76599215612 2.74476425601 -2.96936430407 -5.55425904606 -0.463205884991 
-24.0348273753 -1.30706589715 -1.86629583643 -13.2438963587 -6.46540545904 -10.2961366123 6.02069764191 -3.16006822837 -5.1204630025 -0.227786786981 
-22.256436201 -3.49360057504 -6.46638723515 -9.24762268401 -0.161961068907 -10.4743436786 4.19267890951 -2.89464370938 -5.49382147926 -0.502708959826 
-20.571038638 -7.45243877212 -9.28875576997 -7.02448003035 0.0153377358559 -9.56415101681 5.40154429133 -5.51957070195 -4.47420675725 -0.304049703758 
-17.3177805545 -10.8190806193 -10.3640833806 -2.84339163013 -2.14006262006 -9.26358289268 5.86695710027 -6.02395246164 -4.59761017347 1.42992159024 
-13.9410460485 -12.4320661668 -10.8430086201 0.61589796202 -6.67228608975 -10.9395209873 7.13188634377 -7.11301185431 -1.11542765027 0.774233100646 
-4.32403646058 -17.8333487909 -5.42848504482 5.45102457873 -5.99330936756 -5.04218852125 2.08224691687 -6.91220222185 0.821376364157 1.72938583031 
7.77095817919 -19.7483333329 2.33007165449 7.02045205884 -1.98837838904 -0.851786275034 4.38880134109 -5.41992030062 -0.233648604686 -1.32174832456 
14.5169545811 -17.3900234079 6.57954459954 6.09164491645 1.9527514656 -1.49845494599 4.21913477996 -7.90873762225 -1.70073708561 -3.01513733283 
17.43041128 -8.7517645974 12.3450645194 10.3894024057 8.07867205402 -4.09222764647 3.91209227807 -8.00764611395 -2.82006996224 -6.44216923173 
16.3544182825 -2.88871267631 11.098403193 12.3270309197 10.233594053 -3.74768711221 1.98374821478 -8.24914471059 -3.5928898778 -5.53972054907 
25.3748085794 0.259418797619 8.79269155752 4.12706999568 12.6095088463 2.56062424243 -0.305669303714 -14.7045113846 -10.182174274 3.69335529776 
27.276732872 3.14394962641 4.30081166097 3.4068725008 3.58216909395 -0.528979848269 -5.74340794961 -11.1901349909 -9.29937469115 8.05302285845 
27.0646666848 6.10861023308 4.40415522281 2.19634057566 -1.86725958571 -2.92809721411 -9.82411992725 -11.9788672494 -7.39311425041 2.85492198701 
21.9886670707 10.1778194026 -2.78360649595 7.90798436155 -3.05635451853 -5.89817750706 -11.1464273625 -5.04535608824 -7.12089699858 1.88818066288 
20.2590943085 8.83058992757 -7.10892237427 11.3181325306 -6.60916339218 -7.42241610253 -15.6353464284 -6.35912568838 -7.36473868363 3.7757339449 
23.7076282621 11.2174939148 -9.96678635704 7.16570802147 -11.3128002304 -7.59707493639 -15.5348506556 -7.32035567024 -4.94373023197 -1.25513792747 
17.4555664545 15.6476432701 -16.428546507 14.4292857156 -9.67442633478 -11.2487460559 -5.22484190828 -4.6690860153 0.718688234615 -8.06802752661 
20.9532806941 16.9855518521 -10.6779905401 16.564677099 -7.92711279756 -11.8292980772 -11.2252889814 -0.711665227026 2.71058533749 -11.2293272259 
22.6503140325 13.2162433914 -8.67414118006 11.0767227132 -6.48671933242 -11.7817623367 -17.8985609431 -0.433390176197 4.0147870451 -5.77614599623 
18.9731939021 10.4939700177 -4.63207853196 0.753544437022 -7.63100751222 -7.51691210877 -17.0657530231 0.483084238824 2.41851790268 -1.65881583248 
22.7384048569 9.09110572502 -0.0972258526451 -2.39238213916 0.080865864371 -11.2116478154 -18.391239515 1.58651156433 3.88387751848 -0.261656195287 
25.3217788977 7.06083359434 2.46663640197 0.552731021122 -5.08934223855 -14.7984679239 -18.7412400797 5.72731350521 6.5542807179 1.6845152455 
30.3209953185 5.79849402224 5.67013447351 -0.500542270725 -4.90465249226 -11.7381223565 -15.8504993022 2.59900429045 4.21512786764 -0.860446232541 
24.8335527442 -2.16525014887 7.28812710324 -9.37375549202 -4.03960199194 -7.9481751865 -8.14749959423 -4.67987731479 -0.837594868292 -0.0313152346643 
27.2529402683 -6.14444337771 16.8533914846 -4.13319122255 7.10227746801 -3.98343194874 -2.97469638355 -7.82322432727 -0.527677461138 -6.19025452908 
26.4003213039 -7.38474545549 19.9479849847 -0.138266376957 7.38955379865 -5.42450686752 -2.38319542624 -12.1229868632 -2.67056327618 -6.87932880447 
26.1364986126 -13.2648159887 19.8145401002 2.84389888001 6.34489981723 -3.11169435019 -1.32396901957 -8.43937828383 -1.34579803572 -4.02740081362 
19.0020392146 -22.047641511 9.70179583952 8.15844429577 1.44119505056 2.11733300823 0.474980574359 -2.85809111488 -2.75279488535 -1.02754369451 
12.1265134481 -26.7980419041 0.822568124307 12.7002540604 -6.26817521882 9.4656324817 0.0795224388654 3.70348781099 -2.95115080998 0.429251145131 
-0.052447266201 -26.5874877805 -4.431737181 6.42057130348 -6.95008894961 8.16162736926 2.86200002173 3.60810997112 -1.2986116881 1.48741494916 
-6.99034423953 -13.7276169168 -4.89023974646 6.19633866185 2.38242397205 2.78505458778 1.46245992009 1.19795891782 -7.11558072085 -2.96783014809 
-13.6406434284 -4.83794084308 -3.73061058338 0.537457620061 5.94473507451 1.26093759004 1.45516567664 -1.55157295485 -8.09047417538 -5.83820708051 
-16.9406315933 -3.99373104158 -1.76921264747 -2.96987728544 7.38645741385 2.43149166978 -1.16860835301 2.03411360334 -5.61780694349 -6.60169736143 
-19.6380541199 -3.46843881447 4.20426825037 -6.78751163543 6.42653305465 4.87552689609 -3.40787611024 2.14298307992 -4.88519156938 -6.81527773395 
-21.4239556522 -1.05766996738 6.81861935382 -9.85336817016 5.81106224898 1.88655400517 -9.44962357318 4.05631818368 -4.90365426519 -6.35066463069 
-22.4484784411 0.660318434008 7.29966087395 -9.69999429548 5.11835720872 0.642620930055 -7.27239280722 5.78244158875 -6.25054005862 -4.73114482392 
-23.5784055226 3.14222064983 2.21473385848 -9.88632235237 4.72539918652 0.901952411876 -4.0725706399 6.15218434406 -4.87431647047 -0.78042244338 
-22.3404850524 3.86775275265 1.00070292365 -5.47123673265 7.69273951152 1.18250840537 -2.12516321685 6.5576775411 -5.02004720909 -0.656960725778 
-23.2695828072 5.5080429187 2.21859616525 -0.546067612931 8.31978975122 0.284150524311 -0.0451796356523 7.5086448499 -4.01384662285 2.72791747147 
-21.8126472329 6.42520638786 4.61154535169 3.22049671621 9.24017586841 1.79765337201 -0.034790365702 7.84098841196 -4.220464464 3.3823245501 
-18.3594095614 7.96318175549 4.19368380769 10.5247426699 9.06952616898 2.11427061137 0.528929021761 7.3000527663 -2.75445807835 2.77699394395 
-16.23045058 7.83817923034 7.41177204243 16.723740151 9.91904261655 4.67267295351 1.39749527122 7.02615133735 -2.27972176408 -1.34930996601 
-17.8743042234 11.7524248304 10.1507203395 20.7907058613 3.1008168155 0.997528962832 2.99288412896 5.65447799852 -4.56023535765 1.97050625474 
-14.7032764737 15.0767629959 6.4743492004 24.2021253969 4.80649578071 -1.07518456039 3.41418556817 2.7935225925 -3.74119735865 -4.25876597582 
-18.22382443 13.3419224466 9.06290527935 18.5712167938 -1.5381546089 1.39530095801 3.79049695187 5.24534759855 0.226761682497 5.7892703729 
-23.5384827316 13.3825723372 14.4005183941 6.54380237033 -7.58742742156 -1.70536235716 8.07179158652 6.75569722651 -0.955904544697 7.64802098246 
-24.3602879764 12.9386127186 12.6261789839 1.14247103058 -9.66950056513 -1.45153774344 7.37211606782 2.54338707342 -0.168216835718 7.64679735419 
-26.3872804189 11.4739932998 8.51789601731 -5.02408270189 -10.7486946167 -4.06602468108 6.23089842495 -0.815848676474 0.68050659322 8.45779830833 
-25.7682163958 8.71271124367 7.71928002414 -5.79127567758 -6.58859427292 -0.926752386226 1.62431303945 -3.6011958403 0.936375390603 6.19735546404 
-26.24285177 7.58164084007 0.595279069717 -4.84444285581 -3.17640227117 -3.37444885639 5.82290309389 -3.52954573103 -0.660663218514 1.16368785023 
-24.9880521096 7.18234171764 -4.4394018074 -5.08961439109 -1.67482880953 -6.54382022303 4.83982454152 -4.0844298393 -0.619100919826 4.39606154719 
-24.6328310861 5.07035226851 -3.08957525618 -9.48717572956 -2.15944917439 -8.03274812132 5.54697059673 -2.71276164851 -3.13547765464 3.3981958259 
-23.6100313225 2.06782398328 -5.80192897682 -9.68843127916 -2.41335896031 -9.05938058508 5.68132978266 -4.6092904692 -3.81829798179 0.0347259034554 
-21.4173840233 0.413155836401 -2.53359894359 -8.67897234861 -0.800073036124 -6.51293228646 4.19694191609 -1.45162750017 -4.86599440508 -2.53616506388 
-19.2030116693 -2.78801980605 -8.15295641324 -5.24434604316 0.627407320326 -8.87769150891 5.26901526521 -4.48858496388 -2.92431051969 -2.92610486468 
-17.7861977196 -8.86630760239 -5.56087531721 -4.5720597228 -3.76335345998 -7.53852621275 6.22262377332 -6.03792649944 -4.28895900437 -1.32735670101 
-13.5470279532 -14.9315952637 -9.17456951115 0.202982839715 -4.63308461117 -7.86610687867 7.73747685696 -4.40852360235 -3.46978089085 -0.160594820752 
-8.27354754185 -22.6016162567 -5.432320332 -1.48482331333 -11.9489190388 -6.81782581091 7.15119528725 -5.71188788834 1.05009522769 1.49710284676 
1.8104778825 -24.8795319888 0.188680151727 -0.588341408894 -5.81408176985 -0.555140047321 4.25300514198 -7.26185519822 1.60081115239 2.00495690695 
8.22037911945 -22.2782541603 2.1428580344 7.16127902613 -1.85830048435 -1.71232868455 2.422580235 -4.75434745993 1.85313766907 0.394823270224 
12.7222495612 -11.7447744357 11.651286183 9.94540228891 3.84645256641 -5.0337233785 2.72764769386 -8.10872368952 -2.49626186592 -6.47805770551 
16.8057953064 -5.17074380352 9.12252127797 10.2093575648 8.6211814025 -2.54068070273 0.298509099474 -10.6931054681 -5.47934150651 -2.64010582916 
22.0078548287 -6.48569388749 8.8717807027 -4.9882266561 3.29670993961 12.0266678799 -0.620084699019 -12.7658092442 -13.7115383404 1.55174653472 
27.7144537318 0.581506915542 7.4447074897 -5.99034878247 -0.28642339841 10.6858940499 -3.05066467477 -14.0806226959 -13.7403497496 7.34104178293 
24.820090063 6.32901909943 -1.38420114156 -0.562233807347 -8.50990060559 7.74845401736 -9.80386633842 -8.55812968135 -13.3787851038 8.27050625574 
19.3624305729 7.46287889925 -5.4090069064 6.7952669537 -9.1066750707 2.57444457421 -14.6150217451 -5.80765530095 -8.65386302834 10.5399534071 
23.4081968179 10.8471282827 -5.58105198571 6.44834046275 -7.01656687523 -3.07796088681 -15.4129400662 -2.14661351138 -7.13022482616 12.1769833694 
22.6116183174 9.53986134642 -11.0044621594 6.79263583482 -8.5459724724 -6.40483430781 -13.5006520303 -3.95039929908 -6.91564049942 7.59240917598 
24.9708917341 13.6519495523 -16.9147675752 -0.515113371275 -9.24692364371 -1.38899604008 -1.91267984987 -2.17920409094 -5.91552746127 -0.337785416094 
21.6408275436 17.2648446065 -15.3534052127 3.39612204779 -2.27191523225 -5.13692959447 2.81694143717 0.554635916065 1.26630311951 -6.85552617515 
23.1844993651 17.9857096041 -16.2003624143 0.770464700475 -6.92668710014 -4.59957294314 -1.67621881473 2.91091149591 1.85979794048 -4.58654136874 
22.6071057823 16.0244145354 -15.259234188 0.299706620352 -7.33797581109 -8.21153005204 -6.04003095887 0.813076340466 0.294568654206 -0.333443676431 
19.6082637368 14.3697134745 -13.2124089467 1.05568946222 -6.15654967282 -6.74714553548 -7.06102239554 2.74483813137 0.449192844271 -0.400683367601 
29.4677564586 11.6384231862 -4.25160965883 -6.3644235103 -6.67437009435 -7.11915162906 -10.7634654981 7.3537871129 1.45999756049 7.27403489666 
31.6590173425 11.5937781352 4.88763029773 -5.91892834433 -0.412340357228 -7.72558868566 -9.3376935977 7.02724798371 5.44812030639 6.00282197129 
34.4470825711 4.60858446169 13.5824182587 -9.44218765662 -1.88055142495 -4.47574323567 -9.42054259471 2.53949726561 4.65642312467 7.39530858899 
34.8370793053 -4.53104524341 20.6012488365 -14.7444851148 0.144154569838 1.01179945753 -10.0541699474 -9.28865467615 -0.721130690443 6.86732666605 
34.4472425191 -10.6924661954 20.9639805314 -12.2282536483 1.90696138383 1.37963457242 -8.28313086875 -12.5085918362 1.70562279797 -1.25054455563 
30.6087183422 -13.9428490235 23.7479285893 -2.86728893394 3.68894282719 -3.4544039722 -8.91496069829 -11.5328833249 0.117993421015 -4.17882860949 
30.5724373391 -18.5989964378 27.3703762718 -6.07813764407 -1.22069128915 3.28412477995 -8.60949058533 -11.1617890252 0.193726779772 -3.6124524752 
20.3639044723 -30.4244557049 19.2448362354 2.85477777158 -9.25894986 5.88593945168 -9.27422519198 -0.347203433746 1.44966768052 -1.51454232472 
6.40494660019 -33.5704032414 0.826489445378 5.45250028839 -12.2843564217 9.35461005452 -2.78484207577 5.45274107159 0.110595097647 3.78102094157 
-3.88444288496 -29.1998379884 -6.43518003848 -0.410119546083 -13.4632114289 7.56336098199 2.2229386322 3.71879745216 -0.321875116794 5.49834518738 
-10.1056278946 -18.6809029634 -7.29009745022 -2.84952822918 -6.10882556688 5.21024917805 0.824205131205 3.63312556682 -3.85820811339 1.19232298219 
-17.7601868683 -7.24242116603 -6.10288396186 -3.64701579834 4.51429276218 -0.179880698309 -0.243922533838 1.15103535325 -6.5617095502 -3.2671460092 
-18.4864594668 -3.48214862274 -2.62032118462 -2.57073702711 6.38733457173 -2.77204462907 -0.386139550027 3.81098847648 -6.67002660628 -6.44178851479 
-20.6113530215 -2.16831362474 0.277264624046 -5.91325191512 7.80102793595 0.661221502163 -1.55331995003 3.95115832628 -3.67791150648 -5.8753742814 
-20.8882264409 -0.207332099777 2.84263723909 -6.44938468653 9.30487857265 1.69522864232 -3.76389076071 5.50239161232 -5.07772642197 -4.32752617072 
-21.4669082469 0.442006703408 4.5023142295 -7.1790198283 7.05973461001 4.06633739727 -2.57338512059 7.21164795798 -4.52187320981 -2.82192580469 
-20.5935092949 2.51617790447 -2.84111015092 -5.70738627533 10.2669508868 3.74606878794 -1.25833150826 8.2554793067 -4.35821450662 1.28493270153 
-20.4565314763 4.17527195431 -6.18960129308 -2.91403510737 13.1127554432 2.11139610248 -3.20702352524 6.2155985904 -3.31915569155 1.83131140963 
-21.5209236675 6.22491317771 -0.688475351882 -1.66114473872 11.4187128126 1.31870682949 -4.09942208747 7.8716882797 -3.25667009901 3.9675509231 
-22.9526887392 8.20216825632 1.50594460526 -1.3444915931 5.74401785796 -0.450830578482 0.904924737393 6.62333165054 -1.66570934372 4.46253320862 
-22.0847152117 9.13905205651 4.86109148037 4.95748056685 4.59213856434 1.53313427297 1.9086299699 6.47375124496 -1.51674581796 5.65043030026 
-18.9427759502 8.48819074444 6.43961101231 11.8131363519 4.57340456109 4.59455199698 0.551373941808 3.96603324075 -0.161173733942 2.9639903467 
-19.0914607237 13.8206766259 5.63405103627 15.987926495 0.248361552172 1.01964635293 5.14217787947 2.09749261235 -2.81207888916 3.32047058641 
-19.5684086306 17.4436226583 8.58103884427 21.1983458987 -1.65374103998 -1.32499034518 5.42395378252 0.723355621372 -3.34719626365 1.81021615305 
-20.259769862 16.5778037909 8.28357554383 17.396434465 -2.2216480897 -0.233509357551 5.13660080102 0.528780523274 -1.33659785767 5.90154964845 
-21.0283478858 12.5920722397 9.03799799213 13.9557987326 -2.89126888888 2.24080358355 4.25918952657 3.42385622952 -1.20155383427 7.93555070905 
-23.2147289085 11.684925327 17.7934062183 2.58589411853 -10.7674556709 4.37734493536 4.23346666848 6.70348583528 -2.33069836746 10.7190767312 
-26.377933477 9.56375531422 17.7869721867 -3.35173504935 -11.2832310079 1.77833541963 1.63663116387 1.73181463423 -1.5700453932 8.19541768932 
-25.3082627043 8.68781937885 14.114342252 -5.92729409072 -11.0129704855 -2.391094873 1.10279563608 0.0870198318358 -3.15050236012 5.64088435182 
-27.0842908736 7.46142239254 10.6092838906 -5.93015274405 -9.45144718567 -2.82403858477 3.69190545047 0.288984231007 -1.05735551826 4.39225637921 
-26.1463648961 6.0235425335 6.62297405532 -5.84088596092 -8.03076733086 -2.69172372539 5.21882333287 1.27723683811 -2.38640772527 5.7946551003 
-21.742321612 2.28397003946 -0.781132823115 -10.6675477669 -3.80094492455 -7.10013232069 4.7613311536 1.1984247786 -2.67278490198 1.40031174937 
-21.2741534669 -0.00316875222275 -2.93884003835 -11.1263092864 -2.64404667519 -9.85195291008 4.74303083926 -1.10776454254 -3.92018073188 -2.05308364729 
-18.764602623 -1.40147313625 -4.59103347619 -8.74321850362 -0.104650405889 -9.73004365575 4.95667482801 -0.333081510807 -5.61721486119 -3.15543784986 
-17.4466803376 -4.13534225099 -5.29798331137 -5.19792779974 3.99122000325 -6.78108203569 3.07632112986 -0.695625604352 -5.63717422082 -4.96689465532 
-16.8774966687 -7.14783389749 -7.22323100365 -2.32615103232 2.32726143108 -7.15989550983 4.65797507981 -1.93993953111 -4.82319149528 -4.48996576649 
-17.0475333306 -12.2294228077 -7.19999740171 -5.71715962087 -6.42408924292 -7.86801538709 6.55534160501 -3.62720162105 -3.74526106763 -0.645730933296 
-6.93286935316 -16.1886522271 -1.79635961167 2.42810083434 -9.69730487714 -4.3767269423 5.70590973587 -0.846159254973 0.650241703198 -0.678928376859 
3.00735246904 -20.4754240579 1.35236498481 0.588885649627 -6.62569264717 2.35775281948 4.10819255735 -2.93443871832 -1.15188390574 -1.81716098536 
8.96470626419 -23.3472825898 2.2555539917 4.13286972883 -4.04413008767 5.78336858858 2.66858513624 -2.16504485636 -1.01468397078 -1.4039108944 
16.33348487 -15.9770197839 10.9777423782 9.86990873072 3.06739351119 0.895473874407 2.44802266748 -4.66239715147 -0.498782114494 -7.47530717999 
17.6331904503 -5.09069978853 13.179347496 12.0089043852 8.63151467118 -1.20160823514 3.66055365848 -9.06943978847 -3.71496563227 -5.13883544998 
24.4275484337 -3.52052111932 7.52510760899 2.78576863556 10.3458156385 5.87456896923 5.74563704228 -14.5299620681 -7.54778802766 0.433396969336 
25.1334357732 1.79571424906 3.04002642749 2.5500558045 10.5359802945 1.46392851357 4.00320628188 -11.1013143328 -7.02148702764 6.5961371981 
21.6893643292 4.15252870714 -4.47322673925 6.55903169915 -0.176462112039 0.390234763066 -6.18169735154 -7.35964025724 -9.36017916705 11.7357256119 
18.265921901 8.66984876748 -10.0654640478 6.66193036215 -8.70143381453 -1.134312834 -14.0617275108 -4.53619386757 -10.616205091 9.97644537549 
17.7249413305 8.74986616106 -12.1105818928 3.03589846501 -12.1507696469 -0.119324853699 -11.9237258861 -6.65283699001 -11.3781800594 3.26667140744 
19.0477438389 14.1598298671 -9.49393792582 7.78817562113 -10.0412877206 0.736643960385 -12.1645560976 -3.19798787154 -8.92240214597 0.918399279363 
16.057728009 14.2694128911 -10.0463389411 15.25088145 -7.50892944007 -1.03469366043 -12.9302652167 -6.01229695863 -9.21145649338 -3.44773060882 
11.1831946075 15.686274279 -8.83458702201 18.646820051 -2.26432131338 -7.19157118693 -6.49708502371 -6.70362482955 -3.57464404967 -9.36194499134 
15.3570759233 11.7113581578 -3.67767655079 8.93804365071 -2.43362012252 -6.40563630058 -8.35451224084 -6.93526498277 -2.42511350199 -8.71186634408 
17.4448723907 12.4000191929 -1.10559178896 11.9361936782 -0.986547920388 -7.89013036268 -7.81157301221 -5.23794814247 -1.69903963963 -4.7942597322 
23.1461605572 11.3057833216 1.07123099478 6.64042494748 -1.24266208684 -6.49279015792 -13.7666443025 -7.22752301409 -2.25613171129 1.00506420564 
25.6604785851 11.2574647456 3.12074785803 6.29345009474 0.320015634839 -5.84648941867 -15.6975070753 -4.59681574124 -2.03161012554 7.36777405951 
31.2921032214 6.73843639105 9.66009650406 -1.43913550797 3.24699365124 -7.05033772821 -16.044890794 -2.17689321915 1.46209324639 6.80631884157 
32.579218516 6.02874561045 9.17269219382 0.161962039683 3.76977673641 -11.1587464069 -13.9287279836 -3.36411781938 -0.020518375854 12.5950332686 
32.3439989922 4.75109199294 8.51573795103 -0.974753352591 6.82757468984 -8.84361330608 -3.85157499719 -1.97089487258 5.77343783282 7.64533603484 
29.3683786792 0.648178759394 11.724219491 1.98498478349 7.84103442403 -9.83619794308 -2.37773662847 -5.25583197423 3.71316532009 2.3542968058 
27.7079216072 -4.35421130349 17.2146566993 3.25188386594 6.48521339194 -9.26290551491 -3.15773986327 -3.43526750077 2.8667293544 -1.46475375889 
26.225815678 -9.17826739031 20.1470563405 6.33746792033 4.50094376298 -4.83676412283 -2.26458521719 -2.45039817432 5.90588071742 -5.49660565511 
22.2104076259 -24.8574415701 13.8968071441 4.13044633665 -6.49594772388 3.26789676024 -1.75506603908 0.499201309468 4.71993158615 -7.66674065828 
13.7809552165 -28.9358337492 1.83843652152 8.59940472757 -7.47420701561 6.81568316891 -1.44246882077 4.94295565927 5.64327161075 -3.29581903271 
3.37004686618 -33.2469407229 -2.87047978536 9.13452998691 -13.683964828 12.2994629654 -4.8743040287 7.9754647701 4.53870304771 0.640907154989 
-1.61499268954 -29.9732332259 -4.47055663655 4.53502641518 -11.3053651224 13.4801215889 -4.13256844088 5.81494338414 3.93839532944 0.975350289647 
-8.70287436343 -20.7315024964 -0.253892469467 1.00817700498 -4.55903229956 10.325243509 -7.23445606382 6.51620374994 0.321735404135 -0.459958124159 
-13.5312457658 -17.667562441 -0.814155574447 -1.43065305061 -0.85803654982 11.0154008441 -6.04674840625 5.18511050585 3.75715090357 -0.707057907934 
-19.8374011775 -12.6848213705 3.59030878589 -6.81912485609 -2.52851366185 8.2866638514 -9.74887934037 0.980307320889 3.32755976935 0.243239043075 
-21.8827533489 -8.02529140128 5.31734709269 -10.5587482311 -5.5299025952 5.83931428094 -13.6010416799 -2.75431569479 3.62257857427 2.19818936699 
-21.3088292507 -6.11997280944 5.68067226672 -10.4689216912 -5.86935626937 6.66738559024 -7.97310562214 -1.68820841003 0.62972272007 2.94702057251 
-26.7840412943 -1.7895045896 9.48434289838 -15.2430019853 -10.4701780115 2.6555096437 -4.68346071399 -2.83643297197 3.48590893529 -1.68672690441 
-26.2629156956 -3.24782904615 6.96827910944 -11.2273327277 -5.54900902511 11.0253849358 -5.81429005223 -4.97731377164 5.84282122025 -1.58313338082 
-24.1211582354 1.40200264166 3.07941584742 -8.95979735377 -2.24927392992 7.88550798874 -3.40309662184 -4.19145597378 8.10701108697 -3.7117708351 
-24.344056428 0.735640853465 3.67062184899 -9.09278713819 -3.14491721481 5.73850269993 -3.02517203232 -3.73728393968 7.96773672738 -1.44807394082 
-19.7108498106 0.507315752789 0.92863926521 -0.483352817229 0.791199058247 6.58356322237 -3.69157252006 -2.33979967466 9.01508830697 -2.56863434297 
-16.376434162 4.52765893153 3.38141404881 7.9083971013 0.598576008337 4.65729708785 -3.97613709958 -2.72407176085 6.94998609211 -1.31726977596 
-12.5675341379 6.63886517176 1.0452978296 16.2368233638 4.60428081353 5.41733393116 -6.50192848885 -4.90922288752 7.02013697101 -4.63778589201 
-10.7170211755 14.6539423278 -1.18476748535 25.0204999028 3.15144144871 0.165815365418 -1.95331208054 -5.76982771462 4.43753135695 -2.3675414287 
-9.64375916948 16.3741210242 -6.15598596838 22.275456997 3.35703890622 -0.397450933554 -1.55895060663 -8.2872644058 4.84578507373 -2.4370316554 
-15.4324792222 14.2117018777 -8.04010321441 14.1451158818 6.46598938475 2.33325030051 -1.09470364852 -8.88576861709 7.99748221365 2.28861936854 
-17.6627020935 10.0498575732 -9.33785908791 8.6995077186 3.10643163224 2.95264058474 -0.237028227999 -10.1297268657 10.8049530797 4.38348314469 
-21.0973433213 9.13211023292 -5.62802238535 4.21987792634 0.984555934899 1.90664137979 1.14947646735 -8.05661374158 9.87410888812 4.21991879191 
-20.2207014617 11.0671324752 -4.19934218235 1.98917281231 0.300514071451 -0.796913484814 3.9479074589 -9.11692221694 8.18028337486 2.46486580887 
-21.5254918177 8.08200751814 -0.902364040484 1.95743218012 -0.866702968171 -2.0633183391 2.45383224136 -6.89907530714 3.06593172139 2.65760040674 
-22.0470127913 3.2294203813 -1.18130484379 -2.32614435917 -1.0341966447 -2.11824415843 -1.33942634036 -8.00359560571 2.05916398893 1.90544887632 
-19.8547223577 4.35297438749 -0.167116305259 0.665900477084 -0.838333149798 -2.29018568335 -1.97667090896 -6.06620765753 -0.32826552881 2.59335691018 
-18.6977249888 3.25703545417 -0.450367644204 -3.16601076147 0.111609274957 -5.83962746918 0.0906496494267 -2.90375303398 -5.34931799045 3.46748180444 
-18.7042904851 1.10187253309 -1.95506066099 -1.80372184397 4.57496861874 -5.33426853741 -1.14357913581 -0.916378299404 -4.42052878692 1.95564912081 
-18.2678153672 -4.21809052846 -6.5365606234 -3.17034560909 1.49042004494 -9.57690212614 2.93104794146 -1.15633212369 -4.33364659062 1.81784822631 
-14.8630103074 -4.18901064493 -9.28281756633 1.89362678318 0.985006236498 -10.0339992781 3.73315516401 -3.30394754956 -4.30044277326 1.8657352532 
-10.3487097636 -8.2227247267 -11.5627327238 6.14853651866 -0.431988499604 -11.8716124231 4.12557066017 -2.90775433147 -2.78915311587 3.9513339923 
-4.27136290385 -15.8312988912 -7.9988838063 5.18949223569 -1.17126762312 -9.94800698396 3.15178558446 -1.38908340305 1.05189025692 1.24389239866 
-0.938134020026 -19.1030525045 -8.89748933177 5.30730519957 -2.42571051402 -7.98748606066 5.50106976062 -0.870057284426 0.366001394028 3.81047933347 
2.05024253078 -20.4296692213 -4.67132483217 2.23034131939 -1.29311784462 -6.62657547616 5.82837521023 -3.71212696065 -0.477313544593 5.27115293936 
14.566471223 -19.06847585 0.886736962556 -1.32349318151 4.60284952911 -0.977291200531 9.39582963865 -8.3953838155 -1.06093189541 0.283394090982 
19.6491038829 -9.81210394152 2.31839474613 -1.3756595094 8.67452739343 0.20092836277 12.1969847152 -10.3657907744 -2.05004058767 -4.16424576232 
22.1418347815 -6.19602357388 5.8168966112 -4.79088592489 11.0224452939 -3.048201638 12.7759411524 -8.04279664168 -1.10349981259 -4.21961847534 
26.3841989992 -2.22464451941 0.396053146254 -4.71186816361 13.2385496391 -5.03841491897 11.2951690789 -8.80930616047 -1.0407453622 -1.36785083137 
29.1880362602 1.60946105023 -4.28817325045 -7.86462182677 11.0106696046 0.877363399033 12.2095048156 -7.2375082618 -2.1338491817 4.73153070191 
24.5999816007 4.68817527787 -8.35911226658 -0.577095227988 9.44485306773 2.84965566945 11.0709255674 -6.3610166377 -4.37770984879 3.50172970972 
18.8914659416 9.99552771369 -13.1656700506 5.02762716273 4.71275381379 -3.49159910392 7.88761938336 -3.79485970325 -0.314256400295 0.568996523864 
19.9250400251 12.2747557191 -12.2999582198 4.98981076645 5.54890736026 -5.38322484727 6.94129364744 -1.07185004247 1.41138667855 0.657128017452 
26.1875336309 11.8512600923 -13.4155492646 0.78274397047 1.29789077028 3.90013557121 13.479536007 0.361154184466 2.56968428791 -3.04073891137 
26.9442995584 13.6707567016 -18.8432841576 -0.185216610137 1.25053975879 4.89934802972 12.6659652934 2.12846987158 5.45798111591 -4.46452973222 
25.6669445204 13.1879926891 -15.6817284064 1.52347665826 2.80559725929 4.24410087955 9.67058030068 2.41320062773 7.73517707972 -4.29175316687 
28.7595319884 12.6944528841 -6.96123147156 -5.03127387849 3.05190126986 -1.76493747945 8.89954047836 3.33105855563 10.0161658935 -3.77888864414 
26.9346451027 11.0707405352 1.95355986153 -2.92384232679 8.48902410371 -5.67024789978 4.16953849313 3.42914139829 8.59799739336 -2.09004854399 
28.0831651581 11.7561994197 2.46740402864 0.915100941955 7.10776949605 -5.72781505106 2.9843526149 7.91371823304 6.06158683702 0.440686905254 
28.3236644852 9.82652548642 5.69064391298 1.66523637289 10.3830490178 -6.89525346046 2.14471867126 5.30068558832 3.35238275509 3.11966656945 
24.2786229812 5.32952639238 5.84135518497 3.46046020466 14.8334884723 -7.69493382649 0.647001375171 4.37254424264 1.72489338744 1.61044686863 
28.6629416209 0.321703674931 12.1258661348 -0.0972310493958 14.5575778467 -5.74795066177 1.85922464502 1.91077451803 3.87555471193 -0.151140231504 
29.737346883 -5.95520386184 13.2205107614 -4.84633955603 13.4210870034 -3.56664509894 3.68700481186 1.93692713055 4.10270814455 0.736109616691 
28.2980429697 -13.7479806085 8.50404575874 0.605106959935 11.2415814939 -2.92818069568 1.86627627128 -0.978135129571 0.438186103223 1.10765971044 
14.5568297112 -18.3181082925 -1.5376194354 7.52414998837 2.13629549415 -3.16008755684 4.35823114298 0.535093305027 -0.140238956442 3.94298758441 
1.10123498921 -19.0340903086 -10.1607833716 9.38295842925 -3.61610397748 0.0911955244782 -0.4781152267 1.74979707942 -3.26911706051 6.67601523047 
-4.83216528163 -17.3647188439 -10.4699866842 10.1164229864 3.49353858699 0.400049829105 -0.308457638187 4.56883798094 -4.17009759638 3.82354988324 
-8.20677882472 -11.0703280154 -11.2125468476 11.4721590388 8.61473212514 -4.57345206424 -0.973741916533 4.2074571363 -4.04340459745 0.575141591978 
-10.9711985291 -11.0197863759 -12.1627568292 3.678494762 10.3520853448 -1.29975603857 -4.17494172189 2.48164417885 -1.7995329821 -1.8831079603 
-12.6501388925 -10.0085831992 -9.07616393764 -0.277077274977 10.2877031684 2.89512186584 -4.42578025842 4.06362752308 -0.224439523195 -1.95647471478 
-17.0161487423 -7.17251859222 -2.16196922756 -4.38860710717 8.90424765716 5.28734873851 -3.38615239875 4.36468094051 1.41824917126 -4.90384421098 
-17.7649877603 -6.68400127324 -0.117592999918 -4.45831246921 12.3676530168 6.25035152637 -6.27793720288 6.43357903289 -0.578431077074 -5.50345431002 
-17.0275424973 -2.56951955845 2.90212746551 -6.048115976 6.34867687422 2.47624540564 -3.00530223543 5.09179176439 -1.42393522676 -6.81063987237 
-15.6411659472 -2.57048918434 2.83336761653 -6.59064150788 3.66971617804 8.79108372914 -2.10195711537 4.06201032087 0.172822911848 -7.37253855178 
-19.0634522069 -2.2252791953 3.10971074061 -6.85741252947 1.72613398702 10.4254340498 -5.21545899651 -1.18622581429 3.93419820225 -8.94136337209 
-24.7908841631 -3.30474570666 5.9236999887 -15.92478674 -1.65652811457 11.2078095985 -3.17155907829 -0.326499981153 3.85097076882 -4.14358854897 
-27.5776276619 -1.56433103321 3.30130975756 -11.971128788 -1.64998360087 7.66743156098 -2.82110900819 -5.16815935986 6.79056346225 -1.36199403769 
-25.8120848186 -1.22902015801 2.85311239204 -9.43917599797 -2.57019105713 4.61025009489 -4.03031423633 -8.17638897196 7.61651701355 -0.750009801933 
-24.8895926435 3.08859179222 8.47273828014 -1.22648823723 -2.49884154291 6.38921153236 -3.39500654816 -5.256803094 5.17291460128 3.27769235201 
-20.4712285527 3.89211365704 5.61630367218 6.00814444825 -1.26115303495 7.04232441094 -3.99020431641 -7.29010698349 6.65471053252 1.42796699556 
-18.4556809924 9.35005908422 -2.58829169543 13.569131735 4.44838169683 3.64973097652 0.394335869735 -7.52366659635 5.14845712416 -0.523467393689 
-18.9415936726 17.1902880054 -0.464477430282 15.3230135722 1.29015608305 1.20054201845 5.37010766431 -6.71237976327 3.0687627937 1.68306549142 
-21.6177880463 12.3547692273 3.00310314105 10.4393767018 -2.1843514296 1.05111876222 4.76293589272 -2.88751446098 5.47261846579 4.92254757557 
-23.9425826904 8.00906005461 5.41083602837 -0.213811248201 -4.96030885879 2.77059762978 1.4372409252 -3.18509305799 7.46243224372 5.10549013514 
-24.5418565684 6.05097555641 6.79888820557 -3.81452067825 -6.31918108957 3.56073184665 3.46019854966 -1.5144188807 5.52891218106 3.77823742611 
-25.9961917338 5.19995929673 -0.567154955916 -5.71865765897 -2.64283596172 5.03308370052 1.01992304584 -8.94759434653 7.2385774507 2.63100362508 
-25.1002490335 3.73565822494 -3.26714477289 -9.00500765511 -3.2293043269 4.09389163161 -1.4337139148 -10.8043272458 7.76717949115 2.4471311178 
-23.3542880212 2.91230277162 -7.86790543552 -8.99573368165 -3.28500053686 3.79361019936 1.21240243107 -10.4343926986 9.45306653306 0.979861444551 
-21.534312058 3.26299613566 -4.64825260888 -7.79587789529 -3.25493882976 -1.80931108139 -0.241952798006 -7.57281578989 4.45667374096 1.69980377149 
-20.6428435211 5.59662139967 -6.78724526725 -8.16510787701 -3.31609463109 -9.17866029997 4.50436003705 -5.03978697045 0.885405692359 2.80880328123 
-20.2458297141 1.43304345246 -7.18163696863 -9.11221820311 0.0553689286175 -10.1681478311 0.637435850163 -2.86083692749 -0.675370955562 0.869011930995 
-17.563409759 -2.8739162552 -10.3943965144 -4.02639132505 3.83107293269 -10.8512548754 0.70324285945 -2.11129773624 -2.89247501812 -1.49244261646 
-12.3660578887 -7.28699308391 -11.0332772178 3.41407955052 3.00169273373 -10.4281800504 0.925778060552 0.0433520462915 -3.71055421122 -3.13519135678 
-9.62944255498 -13.0173389223 -12.6415735621 4.28181164106 1.29902348208 -10.8706026387 2.34341454123 -1.15084149934 -2.03237477679 -0.589606852991 
-2.38293664823 -21.4871205469 -11.539538651 4.1315788392 -0.938986008377 -7.17644345589 3.20924393829 2.21885932658 -0.674419140202 1.55388112103 
2.28123225027 -20.9390807011 -8.43195318744 8.47292970086 -0.0404079757459 -6.89314624438 2.99448050207 1.76516756669 0.915057008759 0.848135027064 
11.0509914926 -19.7117054804 -3.92018883922 4.03873093939 2.31228122762 -4.85754643016 2.59744995813 0.460869591207 -1.04164295545 4.73443682824 
23.8434170254 -12.7631799108 3.8606734684 -0.368741089145 9.21993028693 -4.05439316754 7.79529229256 -1.61354789477 -1.34854155671 -1.87316632753 
26.4684278807 -9.16762658722 8.731312418 -5.53621239128 8.63674336184 2.48717575028 8.75749449438 1.04676059963 0.274593526756 -2.83934396885 
26.3821720998 -3.39426000419 8.17612298802 -4.72310654165 10.6267960849 -0.321887499509 7.90843430231 -3.31908274222 -1.15648536764 -4.3451096244 
30.4777226132 -0.128896580755 0.438831587206 -11.8899449302 9.23463452095 6.64742447658 9.74600287539 -4.90261592253 -5.68237021235 2.95556995114 
27.3147385815 4.12823585089 -6.95013047479 -9.00336635007 3.33271517733 13.5582298881 10.3475842787 -5.40275653783 -10.5289600736 4.99330497214 
24.0570215878 7.036558048 -13.9109021236 -5.49727112198 -2.55904968648 17.976207854 9.75893270688 -3.64453591915 -9.87016977111 4.06944923746 
25.7061189302 9.07408747039 -13.6079946605 -1.92465886576 -2.24093284687 14.0156588993 3.39921957695 -4.71337668909 -7.6262891668 6.85744773755 
30.7138711059 9.4302835876 -16.6099597248 0.232848121512 -2.11769068249 11.891666268 6.17565295145 -7.80609766729 -6.61016516365 5.63339346632 
24.0603936891 11.4716823754 -18.7889459321 0.43506229744 -1.15635254328 2.93613741714 5.72382864819 -4.01413195105 2.14245309448 0.780740097692 
24.6919317714 15.0926906839 -20.5085188815 7.19051455641 -3.93346415624 1.7658029725 8.66851461013 -2.16232435964 -1.10338378239 -6.10275860634 
21.3602781259 16.7271606698 -17.8609357519 10.8089986307 -4.27350603686 0.258154322339 7.69221746491 1.58961878595 -3.01888741135 -10.7209331383 
27.8448695872 14.8920950029 -18.2495702155 2.39540361126 -5.11146850721 2.23633737562 8.5411639535 3.08686790422 2.42736934221 -5.18829610934 
28.6255194619 14.2717004987 -14.41375286 -3.20808848637 -0.419665382591 -5.93236973535 4.20607214005 3.77170048629 6.08664295099 -2.92007903024 
31.1382516233 14.4287043747 -13.1953302671 -3.28570513565 -2.41645004488 -4.24772871497 6.07989237287 8.02362485979 5.12524919555 1.67814559187 
31.7267279056 14.3027083776 -4.63787163167 -8.77910650153 0.224118787463 -2.40209677126 4.02397997349 9.37259240922 1.72822330478 5.83286750879 
28.8074882994 10.2992577089 5.51781426428 -8.32044894503 5.04512690398 -3.49176474202 -0.497210188419 6.90424567331 1.47514207792 8.05101302558 
29.6599862546 7.97371394988 5.6710984827 -9.09097966703 6.23328033492 -3.66892001779 1.77453485821 5.81002597962 -0.898198813869 10.5665795772 
28.6098161853 2.24594252143 11.5029041985 -3.52521441696 10.5935170693 -5.66412856177 5.66514363278 3.2984884205 2.74568152325 3.83262176638 
33.9613647754 -10.0336590893 16.3757958117 -11.8555868602 9.50352893559 -1.83623541136 2.90913503915 6.66842623772 5.43048978074 3.43235734433 
26.4352557946 -18.5295072889 7.85540527876 -1.48014852985 3.15549811611 4.08527849059 2.22132433111 3.3476117183 -0.317253945103 2.62265843348 
14.3175458407 -25.5306135733 -0.768638856316 9.37105654211 -2.76720168022 0.449185699076 -2.84640678469 6.17154180566 1.83346837682 4.865797319 
3.97796437051 -25.7526650222 -9.273716479 9.09087834348 -3.39331354779 0.281632698364 -4.57873518977 5.3297747449 -1.40558161885 7.72998251804 
-3.8699320451 -19.8307420072 -11.3270189689 5.8963128468 0.746453750668 -1.81197993037 -1.83724197858 5.17776861153 -2.8280792954 5.64232998062 
-7.03274924465 -14.7284611536 -11.8058558836 4.3542249426 7.23914464979 -1.13649442085 -2.72934709615 4.50235415498 -2.45961454403 2.4688208564 
-11.1064063545 -13.3689488248 -11.4297457681 3.25130710707 8.11322553475 1.54756342438 -6.3991989209 3.19271299091 0.208718787498 -0.824628968025 
-14.6536936799 -8.65845630011 -8.65956788205 -2.08043176366 7.32962933024 4.08806344201 -5.97988752615 2.83492329406 3.34856915818 -1.21170396851 
-15.6044749221 -4.09921166523 -3.79567821839 -0.321045643147 8.86485592796 5.32467726559 -5.02605925877 5.10584072582 2.16835353068 -3.81156768534 
-17.7175718857 -1.25312854369 -3.59094851726 -0.864075850577 12.2866998988 1.5244278169 -6.92999321544 6.74204869099 -1.21304213219 -3.16138230071 
-19.852422921 1.1326667773 -0.692110212785 -0.919727738379 8.50902977135 0.921237312858 -6.61500370447 5.0779528391 -1.53333698519 -3.9303283618 
-18.7143120635 1.3300605019 -2.44069631814 -1.8432289501 7.42582099466 3.47538654541 -4.4895574874 4.30094382024 1.99728401322 -3.46056579801 
-18.8277766507 2.83241712634 -2.97088077797 -3.72922902997 7.58367586757 9.09931046684 -2.63274953353 0.53441984408 4.4064479927 -4.03516717969 
-21.7153879661 4.08323396136 -1.024514967 -5.62602422317 4.44249977563 10.6122765678 -0.803312235727 -3.8818208924 5.20905808092 -2.83362829853 
-23.6381732178 4.69246573664 -1.61731711808 -2.88254113762 2.62937900977 9.59146000039 1.95114009378 -3.94480125542 7.30501529302 0.150530185621 
-24.8209596429 7.14470282505 -0.665262406423 0.947491368899 3.35162750677 7.21924052502 3.4154382281 -3.10360516918 6.99895119395 2.1767237503 
-26.2783624664 7.17902350817 5.9420682665 3.35451837847 1.34892805241 8.23482907438 3.80785175382 -0.282249799607 5.22463346018 4.27975629284 
-24.9446965567 9.27621474745 4.04131583355 6.56394971245 -0.0645259599357 5.84948960537 5.80604937861 -1.7806222633 3.47932189276 6.48837191944 
-18.012609574 13.5190887925 5.75594560012 16.2416745325 4.42533091405 8.41223964401 2.83027659559 -0.415442448497 0.530000868728 -0.199892200353 
-15.5117796002 12.8908374824 1.32959778494 12.2623898455 2.79349142706 4.75120110029 2.27778506135 -3.56349180592 3.12005851837 -4.61887163111 
-16.8730849456 10.2911806086 0.28645456967 8.27809513262 0.418338472395 4.52975198763 -0.717600957766 -7.05102821385 5.05235572346 -1.67046867675 
-19.5169855846 7.86302977148 -2.12815189649 2.26910207618 -1.88856291684 3.7193254658 -3.00445440411 -10.8702723289 8.81330567235 2.18665523796 
-25.5511729078 7.39329280644 3.01351793146 -3.71194950349 -7.40657168405 1.57309728568 0.151280772817 -9.18453847115 6.01820570956 4.36089147555 
-24.9127515202 6.77981473579 -1.78909308505 -5.46579832181 -4.56102130477 0.67357522902 -0.835915622899 -12.5620811301 7.40686360565 1.81620991368 
-25.8021637935 4.32314654253 -1.2571782321 -8.45695970299 -4.76577831993 -1.66420095123 -2.14403244881 -10.2731571049 5.9788319169 2.8042987959 
-24.4044002068 5.22170626139 -5.38806045374 -4.79484374629 -1.02364652621 -0.0427886256066 -0.838619709949 -8.97126012933 5.61567489504 4.86698759231 
-22.9712264313 3.2002268078 -9.82482633668 -6.26472590046 0.898255597486 -5.48273736886 1.21713967061 -7.22357739687 4.1835975498 3.57656299647 
-20.6952260613 6.84025675682 -6.79830370809 -2.12431049386 1.4713318179 -9.61262159826 2.08621138456 -3.69679921201 0.575778801128 1.02643804369 
-18.3574267201 -0.35489575282 -8.02540214561 -5.86628062514 2.49605741464 -11.0226919434 1.23493889698 -1.96072595488 -0.850714967949 -0.492961240421 
-16.3295121041 -5.99339286339 -8.71576007975 -0.651198932348 5.68941285852 -8.70711165457 -0.375791080716 -0.35934940517 -1.37923893149 0.0969479468526 
-13.5525272949 -10.7825981503 -13.4096887306 2.56565379783 4.16096681037 -8.50774106858 2.41999508943 0.818550236865 -2.86327898015 0.569393176154 
-7.78028128137 -16.3846459136 -14.4346606115 8.20860174577 1.17112954584 -6.68400928753 3.94824233061 1.47949852255 -0.438375886734 2.28378036203 
-2.50488350499 -20.5498452401 -9.76248835625 8.76888860381 -1.37269248614 -3.89090678563 0.91594933821 3.90295500225 0.505550889573 2.75263595513 
1.3303082543 -20.8477335893 -10.9767577978 6.56312764732 -0.0314888029792 -4.38371084379 -0.641066050098 2.12067410041 0.2909291316 6.43903514694 
11.1887716964 -23.1179086892 -5.9387300817 4.81728569289 -1.21241794321 -0.981612425703 3.97681573722 0.330929868762 1.15261246678 5.08642695464 
22.4432256392 -16.6330220435 -0.231346818735 3.56558299629 1.47285500612 -2.69258472762 8.64322504385 -4.6449518233 1.32267877466 -1.33401389098 
22.8255374504 -5.40255101556 6.5083717838 1.74263939425 8.9832474076 -3.03476394882 9.52683504096 -4.10665587419 2.21876959981 -5.76996369923 
25.3078571688 1.04819570826 11.9616743128 -1.34208711207 13.1535397678 -1.54176911553 6.97790101072 -4.15170915153 1.34338730098 -5.35704248043 
23.2938572481 2.49073894293 0.247149866433 -2.34109471326 13.9886410327 -1.35796027833 7.62745325886 -4.39380046232 -0.421054404528 0.671443765501 
29.869284711 3.91181037947 1.85900513401 -8.50060364521 12.3933664988 4.26100049356 8.86444957592 -5.84544686593 -0.174183858087 2.19873405805 
32.615241466 7.27077064563 -3.71368113332 -8.90593728292 6.91241288818 5.28504322974 12.5200316512 -0.753559017051 1.44386149855 1.80578354561 
30.9502207663 7.07606880239 -5.94449795391 -9.07292162732 3.97677197208 5.77131104476 12.1590712527 0.50888415953 4.20841667859 0.131472789993 
34.1807812527 9.37286320433 -6.15969387356 -8.20178889664 1.36738404004 3.5204240005 9.05525562039 3.25800234808 4.83650317139 -0.21015238782 
30.5257071744 12.1133241081 -5.55412527168 -3.3995801462 1.00282013525 2.92091522603 6.1044786124 5.14474550786 6.49400063956 -0.374979544782 
22.4881026508 15.5373060288 -6.20573430557 5.95332698647 -1.03415844512 -0.000796439812528 4.63827971929 5.48245298129 5.38596049263 -6.22940187429 
27.2546431389 12.4846277931 -12.7335005083 0.229540599924 -3.51106605057 5.44840928132 8.37993623193 7.44456565419 3.6289789532 -8.14082449078 
27.5548352359 13.1782077451 -11.9035313317 1.66362711297 -4.71971917566 3.00228047037 4.66591439446 4.69782212901 4.6316970338 -8.3906726967 
32.666847158 10.7914175391 -12.4439434086 -3.86019392952 -5.14192129448 3.33125294227 0.746631413369 7.11754043817 6.85763066601 -2.27107527055 
34.9028611739 14.068377036 -8.30679941414 -4.76900486501 -9.79927512676 -2.22299749089 -4.97082999696 8.84902182445 5.22922153374 4.97178036363 
34.5481569457 14.499906571 -6.28309374003 -4.45115805209 -12.5307369683 -1.61661069879 -5.87811420072 4.36128062943 0.241977263217 7.92550464008 
36.4131913167 8.12308717843 4.42869638849 -12.6460610925 0.952072431527 -0.240103169244 0.430562566559 5.82619249329 3.37899129574 8.15108754879 
29.612145566 6.86213906443 1.20885961697 -6.60797831941 6.73684114452 -7.29294435548 1.74505756511 4.78791892326 0.218920554771 10.1397978737 
27.9137951798 1.06076968954 7.23465639043 -4.35977366394 10.5448858286 -8.23912932347 4.31424331832 7.58417643467 3.79935747217 4.43604522551 
32.6982584032 -4.54463035078 13.2577325771 -6.52931466904 10.9457363799 -5.58094057993 5.15991122372 6.28228540261 5.64803940277 2.95873909941 
27.1463508259 -14.1148817333 6.02451167909 3.04301206973 5.191645445 -1.40361284657 4.58466749897 7.67126394229 3.24714998465 3.62757171279 
9.77079984316 -21.2454328512 -6.95101968932 9.83381920357 0.716808183729 -2.12733540744 0.209250009175 6.14957200221 0.215756549955 7.99117076771 
3.80220238145 -22.292140876 -13.5537317167 10.6183014243 1.62181311941 -3.61595769799 -1.38838846732 4.01504691711 -1.35789576477 8.954709454 
-4.0138313383 -15.7548085626 -15.8998340516 10.9786207762 5.78362150338 -1.31120612666 -0.849438028442 3.997414578 -3.07197097396 6.9384654841 
-10.0960440653 -11.7543850904 -18.1327228301 3.65578404803 12.6856490929 -1.34404386973 -4.14551744748 0.379617559973 -3.98840276109 3.31816854192 
-15.4571452104 -10.2973933741 -18.2686128663 -2.66432575834 14.0348176648 -2.14131112278 -8.84987662691 -1.4764697924 -0.916120808752 3.67977536184 
-19.2733290265 -8.35200599158 -16.2735214734 -6.19989333957 17.7607957622 0.246473752821 -11.3416961985 0.295202173855 1.30687555971 1.97406230566 
-22.0850297716 -5.29202429273 -10.3725459236 -3.88082837982 17.3675464824 5.97346282564 -13.0540702699 1.74389902207 2.41449018933 0.133717747434 
-21.4927061735 -6.27581034231 -8.84887455443 -4.63057206996 16.1886842762 6.68176733523 -13.8859841059 2.03469278123 0.97690179311 0.938974794092 
-21.8885793908 -0.601071782035 -4.98403278861 -2.74864546217 7.03241798504 -0.511457748917 -10.2217569289 0.612753733081 -0.198660610215 -1.86583056257 
-20.4514182757 1.87556804802 -4.07299757864 -1.79334149106 5.56150255773 5.34972158791 -5.62476392773 -0.374047281449 3.9086299081 -2.88166134403 
-23.7376567345 2.6621985298 -5.13365612494 -3.14399606878 3.87107862256 8.09027029149 -2.72234368 -6.42618437625 7.66795837943 -2.35761653711 
-22.051435582 3.15962004955 -6.30619682437 -3.76421529163 6.33463447004 8.91719758568 -1.4628290149 -4.76212006413 8.96573628415 -3.05828877662 
-23.1273822235 5.14907715671 -4.2597836037 -2.92809251762 5.72908346356 5.15939236889 1.82781072138 -2.52018220669 8.34256301687 -0.713410116133 
-25.1753753264 4.28330514327 0.608557749112 0.0271167746073 4.27676873997 8.83262492934 -0.244585198052 -3.90874401897 7.63933944262 3.11355422563 
-26.8944194048 5.38944412031 7.976260884 1.83454392002 -0.558036075642 9.24107600378 2.13974617054 -0.521564069074 2.43950950472 6.91524632472 
-21.5354973004 10.7033506224 8.83693334631 11.26770913 2.18735567496 11.8260897518 -1.73723077562 -1.78614300963 2.56407837038 6.60478500641 
-16.2113118879 15.9511182644 6.24604175243 23.8864390718 3.13139071301 6.21590629447 -3.16406412299 -4.433019265 3.34644397688 3.28843985332 
-19.9748209648 8.44463428478 2.89077445402 13.0161968972 2.69380861772 6.44571160885 -0.274262050789 -1.5173403131 3.49116112187 1.93897892172 
-20.8794154847 8.97577696386 0.771874997344 8.37091523817 0.747821501124 4.57223642321 0.914750311377 -2.29760893543 6.32759018625 4.43515131885 
-23.9450347298 8.04440622163 0.757294686471 0.685147295977 -2.97434489724 4.13589185225 2.67758388507 -5.30886593863 6.65798784316 5.64620191589 
-25.5681495224 7.73131086603 -3.17998764631 -4.04540435611 -2.45416273654 -0.0324644062854 2.76436440634 -7.85377503411 8.79262085873 1.94325108749 
-22.5247740487 7.06566123789 -5.19349812455 -4.08211728066 -0.591101040728 0.77834091035 1.41549112003 -7.4966967643 7.86404859093 0.452480601779 
-20.8807820782 5.71209221104 -4.22898701694 -7.67393227035 -2.45326988374 1.57868254528 -1.63036318 -9.29526184895 8.92377064485 -1.30202900062 
-19.7737643055 3.69155195348 -5.08897127877 -6.3940817817 -2.30337508302 1.73809931978 -3.48791100853 -10.6883145612 8.45063289916 -0.876688292146 
-20.7567501992 4.25230959155 -5.29839905562 -7.11662363547 1.0573302835 -2.10933015609 -2.05502084951 -7.96241629248 5.24726478789 2.15894479002 
-21.7163933231 3.85841812735 -6.73790811034 -4.75690222845 2.21918646084 -4.7486723076 -1.57637759242 -5.54858994762 2.72611133631 2.02238684413 
-20.4191150876 -2.46786693548 -11.4645822594 -6.15252456407 4.1990629746 -8.69402354689 -1.21546763784 -5.1901032257 1.41138782591 0.954871102115 
-20.0181316446 -7.56646096525 -12.4548995247 -9.31093644107 5.79597481863 -8.18376394278 0.155157979329 -2.78787998748 -0.203760275201 1.48995789509 
-15.7313931328 -11.3192434808 -16.1545261905 -3.11642567839 7.89424868836 -6.7009271691 1.88064083253 -1.89906075797 -3.05839464847 3.01690933579 
-12.1293303613 -17.569168625 -17.53931723 1.2633622638 3.72105940666 -7.36969067921 2.29814861401 -1.48764672576 -0.267834933687 4.34450998412 
-5.88694843789 -22.8939288837 -13.1448362262 7.04031422029 0.00682154665527 -4.63598375297 0.497955359383 0.742209248372 0.883427097272 3.88329704176 
-0.517098343813 -22.5766343638 -12.1676719398 5.61809720641 -1.77790746576 -5.74336632297 1.95436757806 -0.848253387315 0.847324543291 7.41708189177 
13.7056756447 -18.2749406393 -2.82413556641 2.33375698508 3.18210486888 -5.87106458147 4.72573631711 0.979140189328 -0.156298181034 3.09252333476 
22.5537434577 -10.4915665334 7.22363855887 -2.85546060987 4.5825501415 2.25256097411 7.94918516222 -1.63171308916 0.589709609762 -0.322377235874 
29.3248301581 -5.67909074788 12.6382989368 -3.63385059757 9.6824806481 2.62164864017 9.31093590124 -2.89892972884 0.85624142865 -0.751293554201 
28.0233656704 -1.30607699406 9.39351019146 -5.2035554876 10.2021228584 2.2034920783 7.51501581482 -1.23107371486 -1.43340914277 1.41126487592 
29.3348712667 4.07351248435 0.124647374004 -1.08553677892 5.79697808516 4.41873270766 8.35363782937 0.859042280971 -5.78260956791 7.44683458667 
35.5293928763 4.30292973738 -1.72231273943 -11.0915624924 -0.0644433834865 10.148514422 5.71078059144 -0.309538050378 -5.70644243659 9.08953954652 
33.5031463043 5.74265699649 -9.90052464146 -12.581996146 -0.0369875588996 10.7292764231 7.61347983906 -0.33374975051 -2.816077832 4.93579215494 
34.0089232968 4.11616880236 -6.18127067201 -11.6389469821 -3.245160483 14.8668999454 2.78140815038 1.19674328006 -6.62881752269 5.11465297454 
36.8141055842 5.70825152251 -10.2440122545 -12.2637878576 -7.40429860096 15.972657807 5.44267528696 -0.0961250361246 -2.81793584996 2.91490497934 
32.8538601957 11.8801728057 -20.4528565137 -12.2544449263 -3.76873697874 7.04396860254 11.4451343935 0.793857446493 0.738579930086 2.00341864272 
28.4447777132 14.2939592428 -14.560987178 -3.7542931725 1.13064049237 7.77030530588 9.81416361358 2.05477879494 1.12930679379 -2.52541365583 
24.3331994269 16.5269196264 -15.9458434507 0.389334718913 0.855881638626 -1.5315731694 7.36864326447 4.23618885237 3.38575001858 -6.92505136189 
29.0265705852 18.4637395426 -8.85660752401 -1.20872433398 1.59837510786 -0.961382374617 4.74165460812 9.29204065969 9.78776655747 -5.5830901987 
36.0913264095 13.0777690323 -8.43229952215 -10.1620562739 0.0694229873636 5.28444943517 4.94018295353 7.96404709598 5.74439965534 -0.412206818812 
31.5930252396 10.8800925961 -10.0733399126 -14.0817825096 -2.57134807563 6.26142053324 5.92068747743 4.78490528488 5.54097639807 -1.16348861099 
30.0262208584 9.46711983276 -3.56590774148 -12.5065070434 0.762944525625 2.50591887197 4.06641336977 5.21275663756 4.87511353265 -0.0367403490176 
31.0557046026 11.5143195651 1.46750969787 -9.64457436998 2.15571647194 5.93105605182 0.539318103669 6.49833417627 -1.57745173466 5.97691671172 
32.9309040744 10.2935088346 6.3917085073 -7.71709909865 8.43366331253 -3.91824073547 3.02376064359 8.78564179027 4.08752901571 7.99417725822 
32.9565740093 2.7699275817 7.22034491394 -8.68377737203 10.1298582196 -5.44503158657 5.74883700728 5.09518173556 3.56825772474 8.59369660853 
38.9534274284 -3.80786855511 13.4848068553 -14.0716334427 11.1986703349 -5.09807126102 5.98040427224 6.27193816259 7.72069333519 6.70229149911 
31.6441944816 -13.9647897173 10.4931628333 -5.81021777132 7.07019612472 -2.11891578776 3.46037434211 8.57064599654 4.51394911118 4.445282509 
20.5913873193 -18.3889222786 1.01041061175 5.6512923071 2.53852560566 -4.39334528979 3.09781063091 8.75963007466 2.88408052149 2.93917975055 
9.7413209962 -24.0949005292 -6.97763390871 7.82583052713 -0.442904125889 0.297021681663 0.0835270255557 8.5139791518 0.994848926542 4.74315130856 
0.516514508698 -18.9920032095 -11.7958749692 6.13326412245 3.4059303531 -2.0533169298 -2.48536546109 5.76047156094 -3.99015906014 2.96545293853 
-5.38627546311 -17.7569085149 -16.2341505187 -1.17789000723 12.527885278 1.94094017643 -6.94540576337 4.70663812968 -6.32117709578 4.67355460375 
-9.2912042603 -13.306975158 -16.3350244743 -1.75246608595 13.6654115275 3.33988520483 -5.13278701176 4.02961413683 -5.72093745742 1.83110238335 
-17.5084974405 -9.31665365163 -13.2088259088 -5.23478848737 15.5689927628 4.11305658779 -8.92321953812 2.58992899817 -0.309415400344 -0.446864694977 
-19.5413395992 -6.31452322418 -7.3347072442 -3.0450312573 18.2663038507 4.28406791647 -10.9094866085 7.47579148794 -2.63720838464 -0.291051071084 
-21.0465199612 -6.42323601503 -7.55232090228 -7.60458758735 16.3904157789 3.1442693455 -8.97353539762 5.00683797247 -0.905482964561 -0.791336984812 
-20.7029046495 -3.47896976855 -5.90096929692 -7.26704275282 14.1893496616 3.93552658049 -7.56098471765 6.54959776651 -0.553615518005 -0.251019999693 
-20.6081395908 -0.629255758046 -7.84868883562 -2.23337576195 11.609706409 7.94300283307 -7.39942662873 1.82642965919 5.64813165035 0.450081317987 
-24.5899555244 0.990971989229 -5.90159603382 -4.92243020013 5.87945894788 7.46791011044 -4.53085133205 -2.86916937596 6.71016253459 1.3248647027 
-25.8321696833 4.17880263882 -2.03275526075 -5.5303843819 4.85425318604 6.00510825422 -1.32031762153 -0.206504284867 6.3029255704 2.1850101432 
-25.9736340851 7.25113681177 2.87949079601 -2.2225539156 4.32465656997 3.34046686413 -2.05806482335 2.39317676039 4.57622632398 4.71995297488 
-23.5373214771 8.5580017714 1.65615734307 0.525759448664 4.15701321902 4.04429689395 -1.01994508796 0.985209036565 6.2822732367 6.06047715941 
-21.2619392914 8.19903470112 4.63512474679 7.07517815714 5.93244743488 8.48383290397 -3.34575792799 2.74429515417 5.08301370226 4.48774309258 
-19.3232165953 10.9795211258 5.39840837022 15.3728740827 5.56072223391 7.81390563166 -1.75881876624 0.510586465519 2.6066405511 4.6419420325 
-16.6544292021 14.3186415307 4.14949093084 22.8037202574 4.84820555471 6.97630194801 -3.12732958455 -3.66300274629 4.8462047374 2.97889787479 
-12.185719381 17.2794999811 -1.0724134369 25.9111769222 1.99120498233 0.347509537489 -2.27018813887 -8.09984052619 3.82858658629 1.97603228721 
-15.6384846192 13.5472475351 -1.38464834201 15.9724534147 -0.736022119189 0.0983017423643 1.99694024681 -6.7216930311 1.65214168837 1.12829859877 
-18.0780984872 10.9873263307 0.538096355228 4.86297497549 -6.19885896243 -1.60303886153 2.27037703459 -6.92404418426 3.97657503276 2.38358168255 
-20.5662895725 9.0439613844 4.37715118694 -0.690884105331 -6.14242755157 -0.0663142174408 0.815738162395 -4.76111600458 3.70993279935 1.0681524295 
-26.4116227991 9.53111465369 6.22528098933 -4.68074524637 -7.07695505938 -0.258693793505 1.23343922374 -6.39897198743 5.48327854606 0.596847944136 
-25.2554349559 10.1583314064 3.73705872868 -1.37577747258 -3.34075902291 -0.908504591863 -2.04713051932 -6.18471502733 4.51774220799 -1.09200890758 
-23.9940229887 6.96835883427 -2.47875779521 -1.59391653448 0.00100812077353 -0.807026013024 -3.75035285373 -7.24239793194 4.48709652062 -0.653544883616 
-23.6998479943 7.75109715396 -5.42783002397 -2.62698141492 -0.395070295267 -3.92378052435 -3.11662773574 -9.64527520547 3.31095329343 1.08033624073 
-24.5194577964 4.96255419554 -4.63766346172 -6.63165005368 -3.28571499987 -7.49377396493 -3.45612199243 -8.86926333357 0.978947540386 3.49039203292 
-24.1437768244 -0.390325390384 -7.94840140993 -13.8491129841 -4.05394376011 -8.82982003835 0.160839538649 -7.33655581402 1.88890618495 5.19423850242 
-19.1997739413 -3.11617214329 -11.9719729541 -9.0597239648 1.76439594973 -9.94881496366 -0.651903994831 -4.94787200463 0.0874351603512 3.59465855552 
-15.0762297444 -8.65333722803 -12.9095699028 -7.409704052 4.50219150274 -7.94635937407 -4.21328321877 -4.25235321626 -0.141870848948 1.20350729899 
-9.12024630516 -13.8942823796 -14.2665200678 -3.88671100765 0.351459945062 -9.86075912407 -1.22558293272 -1.50946646296 0.560174078956 1.46603744933 
-4.87151586412 -18.8887376253 -11.1467256793 1.15278680497 -4.63490417877 -7.61245250098 -0.81493635069 0.496389643011 3.83564319066 0.668121141655 
0.166020706969 -22.4650263041 -9.89098218091 4.28627447798 -3.91889262957 -4.25638320409 -0.698412938926 2.73835411499 3.09307345743 1.28463513291 
6.16182223889 -20.2691491175 -4.58068107124 5.97154332125 -3.11558642278 -2.98856661231 3.37225605765 5.03172183581 1.46999277733 -0.0672225057952 
17.5209854603 -12.4804692325 1.34835038992 8.32104982462 3.95307925905 -2.42044744399 7.49450307416 1.83771144939 0.653851562844 -3.86393249388 
18.0857800988 -6.86251112915 9.81113078617 5.93098051997 6.42489017265 0.500536838201 8.23654547854 -2.51066638182 -0.306004210234 -7.85931237592 
19.7930272714 -0.116495114945 10.4400561669 5.41203167413 9.93203920959 -0.886905088491 7.19597938444 -1.89908028442 -1.18876534226 -7.41288213721 
22.9495623318 2.14600578241 2.21809364833 3.30659064318 8.607773242 -1.55857165371 8.72962779484 -1.23033438311 -0.382199916915 -1.42056346713 
27.2651008604 3.75937549401 -0.0796816542536 0.708280248035 7.08003986508 6.752318137 6.11486803333 -3.86686824046 -5.42269487479 3.95388729143 
30.0262129836 5.70197407928 -3.98236113082 -7.60074699247 2.57991627523 16.3437914884 8.74213373138 -7.38170413839 -9.02201246239 3.65360160227 
22.9779747272 8.18192621751 -14.786343953 -5.60464615319 -1.18648296656 10.8511784226 8.73720868124 -7.79359876667 -7.8797745852 2.80180953201 
28.4626037565 9.86099085068 -11.1222472401 -5.95634676099 0.275617385339 13.5635284559 8.09735048807 -3.4359833658 -7.28590861352 1.26999213112 
24.1773282569 11.9298811995 -17.3785172141 1.9132655062 0.869438421429 6.87627150879 10.4047528711 -3.37508741368 -6.06646497079 -1.70102134082 
23.8989557287 13.3872610985 -19.2261868116 1.55042807121 -2.46141469739 10.3725271072 9.54698488977 -4.77399106866 -5.15962052904 -5.32406662357 
21.5576662301 15.8430863744 -18.0401393382 6.28245055028 -3.2062404242 9.66578017777 8.615597558 -1.80062577363 -8.99322126012 -7.09246681407 
21.8300462354 14.5239930233 -12.9037049138 4.06538202693 1.7149925295 3.86631919644 5.81439830804 -0.801697968061 0.198888841029 -5.69102666068 
26.9972921605 14.2177415996 -9.05109988923 0.86829669951 4.08763419355 -3.28267553402 -0.533260301082 2.68930329758 4.30030889142 -4.10849685884 
28.3071893518 13.2663922749 -4.85104836668 -3.38260813955 6.04008390179 -3.81362635633 -2.22256932501 6.30400348073 6.45405090683 -1.62720506055 
33.0719894902 10.1311441598 -2.8209599884 -6.68685102958 3.03098708116 1.64649373745 -4.69307307224 5.32124316411 2.97714413245 5.99132823174 
25.9887526891 10.5742304209 1.28485165495 0.90152805101 5.14898752236 -3.04049960003 -2.02198689684 11.7380988388 7.30524942324 0.40131857358 
20.1747214227 5.20193106322 0.494463386662 -2.31129720856 5.43918664408 -3.95836084524 4.61041675812 4.74521997493 0.31909498055 4.23762287929 
23.234898561 4.31442211284 5.79458943373 0.648325241179 7.87705047472 -3.60304980172 4.70684244672 8.01586838467 4.3644213387 1.52676663146 
30.0036792589 -5.4726908964 12.3484330227 -5.66945182764 7.85066910038 -2.52019611054 3.0532101532 9.07007818028 9.01371884768 0.496652285825 
26.0262564863 -17.5049584717 3.95723007874 -0.425122169678 -0.705524962768 1.50123672992 4.77532536229 6.84153623182 4.86256390626 1.96687289919 
16.4187358379 -25.8486015115 -3.67697742487 3.74259960586 -12.122244997 0.367651353421 4.96821955204 5.89769437619 5.56078810345 4.5070852743 
5.36121028566 -24.2973189502 -7.90402419965 7.09397679841 -6.30651277421 3.53888266007 -0.681263917814 7.02784519574 -1.07500519493 4.55373611793 
2.61487318297 -21.9782837898 -16.5091010957 6.58813712408 2.28517713628 2.00638617104 -0.914563980654 6.8834341513 -5.42818046679 5.7405818923 
-4.62811555103 -13.2561196334 -20.8797146828 7.02301558474 11.0362026311 -3.13307095786 -0.882869082174 4.76312924914 -6.8258230139 3.27187508415 
-7.25422309119 -10.8773345427 -23.9263765753 1.51142285245 17.4302579425 -2.6419829924 -5.62985568913 4.16966616639 -3.82837131746 2.53960397696 
-14.8100682308 -4.78458676049 -16.8801135037 -1.10224329563 19.3692824349 -0.222565992501 -8.38472388711 2.80494894899 -1.25768314874 0.152045047056 
-17.310946309 -3.59047982405 -14.5071244728 -3.80972112807 19.7557333778 1.3398490603 -6.80673517827 4.05738333064 -2.57733130009 1.43359481948 
-20.2094536404 -2.6834711092 -5.7111837615 -6.19923531175 14.8884393808 5.39595933022 -6.33101425548 5.6286648213 -0.104469421829 0.418601408381 
-18.3683138608 0.895649371526 -2.96463672433 -5.5249075071 7.92505753165 4.46825415086 -0.932010930795 3.38578920155 0.944933181909 -3.47496603356 
-17.8270284022 1.54797456001 0.105472846939 -5.76492401897 1.63120874769 7.36380771642 1.51480811388 2.95892306049 3.35630502414 -4.46083728276 
-24.6362544444 1.96941424183 0.931573819 -7.40461376912 -2.76072647774 7.36538416759 1.11356453862 -3.08705454916 6.93992065328 -3.31210159274 
-23.5558610256 1.30143024364 -2.31568972833 -6.06854390151 0.0114851841952 8.25451172343 0.79387518841 -4.41964792806 7.22697377983 -2.50853852408 
-22.5559069286 2.5985857844 -0.818559266901 -3.39432885998 2.74201743615 7.70050495664 -0.546676875741 -2.37104077801 6.90898694727 -2.80738048401 
-24.9615218849 4.13191631497 3.31167284348 -1.68989827071 -0.20304714045 7.09867939517 -1.58735291112 -5.02132385354 6.90466956679 1.48579315596 
-22.4343295908 4.23133669846 3.86044699148 4.13638663951 1.85449634495 10.3476893397 -1.4559839011 -6.01412164642 5.62430771958 3.6398841339 
-16.9687798619 9.17055174734 4.55805165573 14.9920623513 4.1721523698 7.16364345501 -2.77671527655 -4.97955394346 4.07645088615 2.64654323624 
-15.6704339627 10.6770144563 5.39065061975 17.9848551475 3.70640513325 5.37666036883 -1.93496916338 -4.45266336318 1.18808070775 -0.337123310166 
-12.7116918405 17.4738022141 1.51389042829 22.4036565283 3.93000015443 3.29133830205 -1.78569680487 -5.28238917921 1.03019631136 0.226361817882 
-18.5997876602 14.1007740999 3.6728924927 16.0228937178 3.23777945239 2.65919554669 -1.02042294264 -2.2193657025 3.10525665013 1.49236930604 
-24.0140726518 10.0059809287 4.34882775725 5.78326024779 -1.83784794691 4.84235177125 -0.73628949066 -4.05501965304 4.08823440127 4.4143760824 
-26.2848707356 8.16342848113 7.34075712928 1.22476019967 -3.56195948409 3.30208701874 -1.26081502139 -3.59934408706 2.84555416742 3.87012171971 
-26.0162108644 7.67258330748 0.278232222006 -4.9020156625 -0.0828251229605 1.41756418899 -0.194122791193 -7.15934212438 7.89223529703 0.600531913849 
-25.3226706593 7.38337603937 -1.77368530948 -3.83269132829 -0.959899625094 1.25010177716 -1.42521891713 -9.50041946538 8.44288484195 -0.896380831542 
-23.1424842875 4.95813942348 -5.12865357934 -3.74243028511 0.442637903241 2.97453968581 0.260336040416 -9.37511709094 7.35081858039 1.49673125478 
