14.9319232952 -21.4781960116 -1.763563783 -5.87902159531 8.44253138994 3.5173502126 -3.46146216284 0.375130981587 -0.503294883274 0.431271645119 
15.9339337869 -18.9913558485 -6.66993969364 -5.2165083251 7.99607705448 1.98963648148 -1.12491585781 -0.591434052965 2.69774814493 3.64216362835 
26.2800227166 -13.9697207098 -3.18029859044 -3.27245918496 9.0303989139 1.45016390148 -0.0805321621242 3.02945545923 2.35960978938 4.24814271755 
42.5666739477 -4.92358359295 1.69245778274 -2.13573671305 8.91908580669 2.13621062156 4.2563847356 8.75050183284 0.674791002925 2.53660150867 
48.1584080437 -2.87594993792 7.36553928872 1.49995051209 10.9226828231 3.83731501682 4.58904680503 8.41447342407 -0.715520806762 4.24162711058 
45.9078212817 -5.71127222898 12.1917136746 8.01003505085 11.8926264442 6.18273007505 2.58698869849 5.16383165399 -3.87835326109 1.62861065493 
33.2158342604 -13.2695274006 10.459414457 11.6253835235 10.7452609805 3.23010828505 3.88312175001 4.43939619916 -6.04598404272 1.32400348991 
22.1667825787 -21.9065389729 10.530605164 9.07094312904 6.5605598611 3.59775425836 3.94581122569 4.44900048179 -5.49067540405 -1.12839800902 
-2.68656064303 -20.6309896842 6.42631574191 12.4410607761 2.35159945968 2.6636040516 5.70960189338 -5.40724770268 -3.0243076958 -2.8388735858 
-4.72870577537 -18.2317644364 1.69203822874 10.7348977593 -1.43307946425 0.105853282103 5.43014675272 -5.94598631157 -0.530749796874 -0.429768221589 
-2.94219633375 -16.9161030561 1.59200116363 7.06165888546 -5.01232469958 -1.43085115449 3.09271844893 -5.71701646572 1.69449512804 3.5075340786 
-4.97309264629 -13.4430470489 -0.994154727216 9.73544375054 -5.54899354173 -1.52892198533 3.7064785789 -5.03950745018 1.54405073264 8.31055784379 
-13.9429350157 -14.4557535205 -3.90047095753 7.26061454096 -4.80474033702 -2.68790039563 0.425489839318 -6.13422063816 0.80988019338 10.8109329886 
-10.2221704058 -13.0447811843 -8.26219700361 1.10356064347 -7.7909544112 -4.62535916378 0.196439854536 -6.04454477825 1.99021705579 11.1986690569 
-8.53066294973 -10.2058566257 -8.74825419137 0.947610151712 -5.43248358905 -6.93142204796 0.0261780028741 -4.97718622659 1.16754333488 9.67852182833 
-7.11471546011 -0.862465828498 -6.23295299497 2.41603682015 -4.7604424286 -6.91837242754 3.30643705708 1.10602925208 1.92383846311 7.2865260721 
-21.0620870245 6.37459737735 -1.59949119038 3.39929533591 -3.20429327836 -3.71040800678 -0.91980812719 2.73500987395 1.69343271286 4.62218099109 
-21.9082012906 12.5312866401 0.0233046830987 4.00113355768 0.228989916844 -1.56530777084 -1.55757797277 9.51561244283 2.05148537232 2.81033180773 
-16.1094628488 11.036319859 -1.21171005944 4.19325801709 -0.600477225669 -4.83626591859 -4.84589261282 6.35862529206 0.366209891917 4.62703735935 
-21.7671867686 9.40427237173 -4.57940727785 4.7446989437 -0.132219371663 -0.491204530579 -7.44869474469 7.15290199435 -0.306230862431 3.00316154451 
-21.1918687934 10.3504169992 -9.43927304837 5.33758342313 -0.807543094761 -2.37030153714 -8.66754638851 4.96652733195 0.0764910439851 1.92492098116 
-4.1022335366 16.7025739142 -5.68455283887 9.89635989094 -2.82316116577 -0.0737845503135 -8.2382863091 5.71581183539 -2.76400066378 0.609770907182 
7.1240234317 16.4619535666 -5.2472620453 11.7277983902 -7.96790915399 1.51385324981 -5.01400589331 0.653326300936 -0.117431672946 -2.07675416474 
20.8350377177 19.9605370278 4.90495968234 9.03298006713 -15.0694283547 6.53785303207 -4.72225203529 4.66291385506 1.5880667427 -4.57059751703 
31.5641863598 24.2571605174 5.9181904199 6.54055202836 -11.8469775066 3.8227998455 3.24894903081 2.00360997706 5.76915606728 -1.77231743225 
8.16297306648 20.9304949162 7.2887251001 4.60767196606 -13.6151969468 5.6279697257 -3.94071465367 -0.543499234981 2.99040198569 -5.77987917031 
-5.90584127038 20.3611770153 9.64619602385 3.5476226711 -6.10301398333 -1.27722287103 -1.01387539004 -6.35268526491 4.51581278143 -3.67177595172 
-15.5200276982 18.9450613 11.612213337 2.17131460739 1.50572110477 -3.13282770974 0.302407853641 -2.5059305605 2.12432458203 -0.900822918997 
-21.7738197329 17.3340026979 13.0517947966 2.95627471016 5.86006388331 -1.9015063712 3.67864888764 -0.959932189906 3.21125160027 -1.20897879108 
-15.7867936749 21.9786740371 15.5782896094 3.47608355055 6.5212933955 -2.25862942452 7.29665816573 1.87099289123 3.76082591308 0.68218280624 
-10.6109114785 21.7562577136 15.8374450577 3.56079815771 5.5349751086 -3.42360585968 7.90927280649 1.79109993351 2.9968645201 1.67017854666 
-10.8761419586 19.7398399013 13.4147076388 0.873551774187 3.63361040315 -4.54074995547 4.10327641827 5.02115569712 -5.72421126721 -0.272636326051 
-10.8830270552 18.2173650539 12.4623046258 -0.749444138581 1.38217801387 -3.85327552542 2.38033881017 4.7738720504 -6.09817348612 -0.256933492616 
-13.4456990504 11.565421971 11.3195300621 -3.56324779923 0.170486796147 -4.93494803042 0.181010620203 -0.0267468337143 -5.61222430432 0.183242839667 
-17.6999123442 -4.51662097725 8.39799485339 -5.5305033274 -0.644461836134 1.10471353517 1.12390505422 -3.75178198619 -1.5400717736 -1.7542394027 
-18.2957103855 -13.0452347803 6.28491244702 -6.33477474935 -2.09242419365 4.67723064169 0.504192172225 -5.47288625997 -1.57574372192 -1.55830302324 
-21.1343697599 -15.3888576804 2.65677666699 -2.59080423242 -1.91267182951 7.74031504801 0.865536895571 -3.53300202605 -1.51405506508 -0.032061899189 
-17.6591444633 -16.307077714 5.79706261448 -4.19224931355 -3.01163627102 6.54023529175 -0.550418628696 -3.70173896702 -3.20443119207 0.915848983338 
-5.11458120005 -15.372796354 4.73957631574 -6.67604935422 -7.25345393312 4.64854964502 0.118859742967 -2.11383563563 -1.82166160269 -2.68750289271 
3.6299352648 -12.222190966 4.45819461727 -6.60620869937 -6.17877186326 0.402700788004 0.424178742321 1.97486801712 -1.16225803587 -4.6054680227 
19.4776877275 -14.2786331748 6.9209555662 -7.60996715785 -8.51446794564 -1.92925173711 -3.4210969219 -2.39431857856 0.190120412211 -7.77822186064 
34.3450591684 -9.92921867007 10.1473709782 -3.95212381434 -5.9999201584 -2.10821548769 -2.99450953751 1.66191348653 3.08819682333 -6.27461703068 
35.1935854205 -12.0828563692 12.6793875127 6.34415267196 -1.89058931206 -3.63765481091 -5.90741968639 -2.19053874305 2.92073298262 -2.40656142059 
30.4194733586 -14.5875737291 11.6195281088 13.4196975939 0.529592180561 -2.630823467 -5.64470908518 -3.14262323562 -3.02839474359 -0.589891054557 
15.9554360629 -16.6318101909 9.04586922112 10.9093613885 1.97031893574 0.828827073524 -5.57705935233 -3.06111516073 -3.36719728323 -0.627102592245 
0.833436303876 -24.1565491132 2.54914738526 6.25187667719 1.30890071017 2.20221243097 -4.63353782773 -2.56471617961 -3.60573161178 -1.04843542628 
-8.25991211269 -23.3671319254 -1.44728855652 2.9987529129 -3.30374140558 2.37111149926 -1.13914246463 0.184670193566 -0.320624287882 -1.37341182181 
-14.498904432 -21.0061992025 -1.46189898253 0.613597363661 -5.14262107869 4.06379444946 2.69172629112 -0.387363420621 1.02217694339 0.248578859118 
-15.2536152878 -20.2456848013 -3.31028485555 -1.0678996503 -6.49157555066 3.30181327463 4.11713805129 -0.201424541523 1.72043269923 1.11009691608 
-16.1938721471 -18.9262688198 -3.43371490529 -5.94867080305 -9.60636119784 4.13511509279 2.05269945464 4.01698261517 -0.647050525951 0.994256328865 
-7.74267312264 -14.5709376755 -2.87198876323 -7.92416098414 -8.20320990708 -0.240378929518 4.45830596384 3.36639055236 2.74094552162 2.43081915886 
-13.7047504373 -11.799680146 -4.06920371998 -3.95361435327 -6.69854318117 -0.306452988587 1.24489308466 2.19643178863 0.395955385225 2.9608113407 
-23.1328221793 -6.37000093164 -1.82313794671 1.33108133007 -2.71939460475 0.0551077250052 0.571797748803 2.65711335049 0.133206947138 2.82095959839 
-25.4448732578 3.913599659 1.09772126481 5.35308627448 0.211524337921 -1.09935781134 0.465212444062 0.800007613127 1.93979201336 -1.34379976423 
-27.8906600864 10.9836946171 -1.12671680221 5.52196503202 0.944880873629 -1.50356248428 -2.69559564575 2.84055430337 3.17951991144 -1.01295386995 
-28.2141079774 11.6673408028 -1.42325293434 3.74201045301 2.43569023927 -4.70621022408 -3.06505734535 3.53421735483 2.43849250316 -0.772585238781 
-26.5656214301 16.0751311819 4.24747786801 3.96928989478 4.10183482069 -1.16156513652 -5.48221799027 7.04151902877 0.872048927891 0.472008667025 
-26.5374896693 17.4264107715 5.00566172031 2.2382739625 3.56164736309 2.21566300535 -8.08003836313 9.70557640084 -0.171719928101 0.243586594477 
-20.246240707 13.2069718864 2.035973226 3.34398436831 -0.488967893141 -0.324697309605 -12.587196932 4.36430000391 -2.69845042389 -1.23143071254 
-4.11244320962 16.2307948467 -3.55167227909 3.03286434127 -8.66463374544 0.28613042771 -12.2796333409 2.32891261075 -1.62318432387 -2.70560951868 
19.8270495277 18.0076486269 -3.12475625912 2.56660402639 -13.472896307 1.91930274594 -9.16274509648 0.303786793243 -1.66465563742 -0.539004105004 
37.6844775082 20.7793624484 -2.51234401634 0.314797101697 -19.1837472451 9.51513398575 -3.36308740799 -0.638494874403 3.46729301924 2.64465269768 
37.8442469293 27.5690360271 -1.24416206338 -0.922290731189 -13.8344483282 10.470499473 0.0979663488362 -3.74047233182 3.94457936811 5.46492473765 
14.5344340163 23.7569655866 1.63194190385 -1.68064142078 -10.3723172023 7.73054386173 -5.34582555571 -5.61823453293 1.40830265464 1.10005465111 
-11.7313410262 20.0051962788 6.25269025954 -2.68830855786 -0.891048019411 6.06161699223 -1.32312184004 -0.961596716665 5.37819075392 -0.575959874752 
-17.0093696042 22.0264736587 11.8872824275 -1.5288577182 4.08124036924 5.16053587495 2.06585150182 1.8305634586 4.70689226092 0.280596219199 
-16.6319868316 22.2079321382 14.7642737337 0.345340704886 6.26758319839 2.25323580033 4.04303788317 2.05107981794 4.50091823144 2.08186393454 
-18.8988501271 24.0279007866 13.2131730935 1.00099603844 8.03202618291 -0.372070996039 5.15313912569 2.5799339017 2.16822285378 -0.201063379483 
-17.4612163229 20.896034671 9.20035707769 -1.36002972416 6.25361130654 -3.0811733689 1.03320778656 5.03120015231 -2.66104544275 0.799048994885 
-16.1642263073 20.4880473828 10.1312990481 -2.29083940468 2.10144619318 -3.99562641403 0.283284852401 1.8526476524 -3.8244851462 1.88676066506 
-20.8130905032 8.35693648955 6.76032173819 -5.3013157858 1.05104571897 -3.8241952576 -3.98689733987 -4.32428306577 -2.86705075279 2.65785502857 
-26.6131721425 -8.16222440651 1.03977715951 -3.10897196205 2.1437273177 0.751725139019 -5.37158360167 -6.8928112235 0.696055730705 1.76501395296 
-17.2783720786 -11.5967639067 2.60531725661 -6.7155176299 -1.3003329584 2.46792804177 0.834664177269 -3.98215775244 0.164992847979 1.51451294221 
-12.0156486622 -12.8943677527 2.40068623716 -8.0107979476 -3.02518785138 3.22632753708 1.37623737174 -0.192557453716 -1.29040334362 0.220653683884 
-5.80332036469 -13.3804664058 2.22169220049 -11.5646252781 -5.43558186822 2.24895599217 0.131341370182 4.4496953536 -3.08787130697 0.322589917865 
-2.39608469895 -14.9706513687 -0.896019583291 -8.93666407816 -4.81001806748 -1.33200175241 -0.906926644953 4.54746990675 -2.62528521591 -0.147873232695 
6.49821988756 -14.0958804265 -1.34058506593 -9.28641469389 -3.35552653329 -6.86975354329 0.835437006209 1.31168836501 -1.10110172038 -1.62029251936 
21.8631520516 -12.503100993 3.06898692394 -6.32537023867 -2.36534031708 -8.51870077627 1.0308316375 -0.548037760901 2.41175212998 -4.11464996929 
26.2407872546 -12.8378314572 6.03681487697 -1.31252071195 -1.32710791444 -4.51728636383 -0.875504830403 -3.69393993958 7.06317027202 -4.12397712355 
32.0005060458 -14.4981817486 8.47323356049 -2.45085531103 -0.0697626901084 -2.07906971304 -1.12335529298 -3.83245765163 9.3010064665 -5.22894668434 
30.8520616688 -15.5753613006 8.81191257692 3.93643750695 1.05887348367 -3.13771596946 -3.65419360053 -3.08777536247 4.21484815369 -1.24768167699 
16.6953485711 -17.970610952 8.87541335307 12.4132985899 6.56195732095 0.237080553769 -5.97296745423 -4.43898198327 -4.61971487604 -0.673113152788 
6.56646843981 -20.5810676751 4.50668229345 13.9545622276 6.48410192541 1.69731959924 -4.05269014263 1.06204185617 -4.86625975209 -0.480064549719 
-10.3132216475 -21.3846650143 -0.914639220628 16.7112739521 3.64255331632 3.15010768526 -0.234741427648 0.900721941885 -3.57240593604 -1.05383850501 
-10.6165391835 -19.9250537032 -1.82146087504 10.2666352259 -1.43612496165 2.31160851655 7.46100646923 3.46070247174 0.241638556162 -2.86347446724 
-4.72728964591 -15.2612771613 -0.19563580259 -0.899769254397 -3.33925464293 -1.44962124709 10.3375699742 2.11292291384 3.13635706818 -0.623241183571 
-14.3123908541 -12.9617549087 -1.74418940529 1.18791434835 -4.68809536109 -1.72800761013 9.41501781239 -1.36730932374 2.97511676055 0.909339159046 
-14.3732969711 -14.2304627019 -5.29959411718 1.79865053391 -6.38764849256 -0.487124661754 8.10754212351 -3.61522697372 2.31145376063 2.8421333857 
-10.9246299214 -11.3968029353 -6.43484559181 -0.323891737482 -5.05368919812 -3.4549154196 7.57386307914 -6.48397031922 3.69714257085 5.74195058325 
-10.5152493939 -1.86197317431 -2.36967963754 -2.07057078433 -3.75678043822 -5.94450075434 6.6937109518 -8.87899412144 1.77075562948 2.67890333919 
-12.8871040539 6.82318856873 0.127512714019 2.36484122577 -2.44728522934 -5.48189037135 5.43468472935 0.901488250303 0.154639103057 -0.749094821672 
-24.6557973823 8.45147149085 -7.07355447299 3.51277873894 -2.07218170325 -4.29458969878 3.48223569457 -0.824031684386 2.4805006482 -3.518631329 
-25.0206888888 12.6428483558 -12.5728856049 0.316362947455 1.5849442471 -5.72415540441 -2.04901997539 1.98441962582 1.99474711374 -5.82653273147 
-17.9802395879 15.3830694656 -15.4368761161 -1.53253839625 3.41875049369 -7.00258635863 -4.19519914754 1.53961131346 3.71894124252 -4.47359829149 
-5.79904188741 16.6974235361 -18.7671099901 -1.73826289378 4.6621134401 -7.01640746074 -5.40466629952 -1.4841837223 1.8195753232 -3.05482084335 
-10.3276646256 14.3617660474 -18.8639908442 2.49187582163 5.23004281156 -5.79074699373 -5.97783521525 0.953371967612 1.36108970152 -2.63398940672 
-5.948858787 17.7759998246 -14.5902536902 5.00163568023 4.60971331552 -2.20084209131 -8.4782438718 0.454558311005 -2.69786570387 -1.35305332704 
7.02152925887 22.0168414833 -10.6651220223 5.33633639536 0.715064635033 -2.66389896546 -6.29202858128 -1.84592956896 -5.0143991583 -0.842104728779 
27.8656225871 25.6563162418 -14.3228961188 2.74618360761 -2.11982579298 2.45778554906 1.06211270729 -1.38507114668 -3.9616005502 2.40422514046 
42.6155925405 28.7170771509 -7.55205560376 1.27063453032 -6.75317143842 9.78723274966 7.18461752684 3.06893759871 -2.06568743284 5.32584603723 
42.2291110635 30.9634453206 -6.90711305222 2.84619969845 -6.00227449428 6.44257820662 5.9716969004 2.36928169056 -2.13060258571 5.3161028246 
11.9127452449 26.1194249383 3.57234150492 4.37633635716 -3.77391332884 5.19758400095 1.31770775272 4.50801353733 1.57966006935 -1.96100648331 
-7.62424561989 24.8889992678 10.4355834059 3.44234783432 4.6019606937 3.79373710072 2.8645888772 6.19036813425 2.44326844875 -2.02899850378 
-18.8481454359 22.5259123897 15.2856445463 -0.125506546812 7.20786513441 1.33404894391 3.43403236124 3.65623450982 3.86866171424 1.50901059266 
-16.9341703356 25.0514608026 18.0975805723 -1.05168231354 8.22964339337 -1.44719960136 5.38771941881 2.97103588977 3.83527397073 2.08287143864 
-11.0121991742 26.1906521291 16.181680127 -2.57607675603 5.43814169663 -2.58091660585 5.59696192568 2.68899639752 1.23644800995 0.590585546998 
-9.84262453247 23.3824862008 11.9034661314 -4.59187774755 2.2946398156 -4.64485941851 3.9086635825 1.58395399041 -4.73663220226 0.786793799688 
-5.47689124166 24.8916731037 13.3003831781 -6.95068192317 -1.69922318014 -4.62931811011 -0.411698488869 -0.320303679259 -9.98933757771 3.35464974758 
-4.76738948046 13.0684970592 8.559916705 -9.3768830735 -4.940051207 -2.08567712256 -5.72408151254 -5.4159068517 -8.39324084967 5.4589592071 
-11.8754066412 1.52562489708 4.77427031837 -10.1803552567 -6.46535935159 3.28176663989 -5.98867007286 -6.15283020379 -4.70468436603 4.82595666512 
-4.98303957029 -4.93171619971 4.16427550934 -12.9919327758 -10.261695548 2.90900766044 -5.12407666593 -1.9789892434 -7.23031540121 2.49664713048 
-8.55010246246 -7.61423920485 3.40963336098 -10.1943832634 -6.99649829568 1.80807004117 -2.57127869752 5.44320744154 -8.77474636203 -0.694876370369 
-4.41326998699 -8.12924409999 2.32796415423 -10.9619152504 -7.50063436303 1.25025695886 -2.22855791718 5.20145288918 -7.94966075817 0.0479319309664 
0.0449109877089 -12.3607269684 4.79035850844 -8.43106914701 -4.25601679869 -0.533036302889 -0.248272754952 4.45292595238 -4.07825369096 -1.43938487896 
9.04255386523 -12.7918871781 6.10886270236 -9.54020074379 -3.426108474 -4.49142758814 0.575097131153 3.80334204344 -2.4029089181 -3.31322237723 
16.1645487631 -12.6222396112 6.15655857531 -6.94718140681 -0.83983728269 -8.60123978994 1.05869486508 1.63512838573 -0.844311271638 -4.43632877237 
31.0118503328 -14.5110529892 6.97588433306 -7.05114553877 -2.84800137289 -12.3949883713 -2.01565482815 2.16684589393 2.25147149174 -2.79685897173 
40.135412698 -11.449293541 7.80611308166 -1.97496748421 -1.66837457638 -11.4322063337 -0.84644807163 -2.56066940459 6.92833590587 0.641690131225 
44.8446077736 -8.9572082841 12.4874889948 2.06133723202 -2.00810776665 -7.0546744126 -1.84086954797 -2.01493494757 5.56405761446 0.719479529142 
33.6297763932 -12.1551054185 7.65323211255 5.48865164779 0.343195450762 -7.9498748109 -5.61160908088 -4.26152648439 -1.98825721129 3.55804951681 
26.2172489688 -13.9207784461 7.21077062983 7.64375152466 0.636571114337 -3.85395844275 -4.46556750382 -1.82331372574 -5.4473663331 2.7477391601 
3.69526078657 -22.7451429512 4.76744862192 5.71540590475 2.26582523401 3.94628146637 -1.90860305785 1.32270897483 -2.45861649201 -2.88410794468 
-8.40654416912 -22.5741813737 2.62065046482 6.96015233648 -0.878871782067 4.93411528432 -1.23796102141 0.552043772818 -4.90575631797 -2.05849031922 
-13.1542532612 -22.0449669611 -0.270765522428 4.76783603258 -3.97718401311 6.75107854809 3.70874391382 4.61081446368 -1.94192861445 -2.97440297115 
-12.5388127151 -19.5131166085 0.619517374807 1.25844409008 -4.07825937326 3.41995824555 7.34256048303 2.15138717848 1.68740417211 -4.42563532946 
-14.1229569604 -20.0337295966 -1.00241144623 -0.0962658372244 -1.74944980312 2.10261208345 9.11705786868 4.05646348409 3.25882345604 -4.39950413591 
-20.4059156506 -21.5025445688 -5.57453161702 0.894841751791 -3.77836125852 2.50623213186 8.13002061035 3.16864888594 1.40666830037 0.0223045205675 
-15.9194066221 -19.0594810011 -5.34937426953 1.0517685521 -2.65259300383 -0.325330933314 8.93672125124 -0.884842800694 4.03102259794 1.87362576557 
-16.1993167557 -10.161324034 -7.70719750248 1.06279615855 -0.560622718241 -0.325911995175 8.96369787361 -1.32864732411 5.16023132047 5.70031209449 
-15.833748017 -3.16110742135 -3.02120413684 -0.469080561023 -2.2233216122 -2.27620143887 6.33180919321 -0.00031606071547 2.549833818 4.17289301022 
-20.1868989554 4.61281756655 -2.9401091319 1.99706420013 -1.73827830438 -1.77547103113 2.01955617077 2.04092890813 2.0843066277 3.29999880061 
-24.5053807174 5.25324815842 -4.22154314513 4.9705033351 -2.91675030877 1.28815544596 -0.0277136025064 0.193530057857 2.60137294085 0.942574175677 
-24.4182699797 8.29269274571 -5.443903786 4.07834823392 0.288298773317 0.162641471372 -0.933667432315 3.10787079722 0.823258894233 -2.92090592431 
-25.8037868124 11.0374129344 -7.80236078492 3.51118314856 2.40376484889 -2.51384726625 -4.75131498384 3.14412869928 0.0427136083166 -3.87762608942 
-19.8098017775 15.8771720895 -9.66096198721 4.7671513632 2.20077950057 -3.81286412685 -6.33182925161 2.96407859731 -0.0172281298733 -4.12082602511 
-15.8755375536 12.0925345636 -11.5026229247 3.37561758293 2.58896597298 -4.68161468137 -8.70379035203 1.94041503872 0.285071611314 -3.2408611651 
-3.29723309364 14.7597994618 -13.6522983706 4.88053184649 -0.926161730187 -5.21828161967 -8.21865243862 0.10739449711 1.09146982747 -1.64059152652 
13.0066422352 21.6045588039 -13.6140885015 4.0887689645 -6.50837717503 -2.22963803355 -2.10021162609 0.499968095143 1.25605166669 -1.01348978426 
18.650483666 22.2793127599 -8.76113233605 5.1668931808 -10.2480951191 3.27456716552 -1.77411884835 -1.20757135188 3.14828757999 -1.45226463783 
36.4083062472 29.6834911101 -6.64398486234 5.64015059551 -13.6226892055 8.639859898 6.06524417515 2.50552188379 3.67675366872 1.61535494993 
23.4757302807 26.317274448 -5.26425391661 7.44599707868 -15.3582721477 13.3710029943 2.87387504721 3.00243041445 4.03906678841 -0.050766671912 
14.2474096466 20.5741827011 5.8448889946 1.38986216246 -9.74216575709 -2.68523285326 0.50074644343 -7.20193971794 2.38514400538 1.56604855098 
-9.21147894388 20.7646699185 9.44948496061 2.37815356058 -0.72249087048 -1.66375012406 0.539745049249 -4.36140298627 1.31193050014 1.72750700737 
-17.0981830771 19.6191161487 12.1857637956 2.34836165661 3.87798694274 -2.54178072953 3.96487320098 -2.42159134815 2.65145959063 1.22975461095 
-19.627635255 23.0531713681 14.4111579241 -0.420046277066 4.03881364839 -0.804698591196 2.9955604284 1.4355019754 -0.621436980968 0.937814628586 
-18.0001574107 23.0424917849 14.94269621 -0.685498234109 3.13312125435 -3.90717044245 4.63552553342 0.783531352492 -1.5953678913 -0.265936498743 
-11.7696248299 23.2642508241 12.6786344749 -3.32520318692 -0.269359826254 -6.70606833875 2.13744418716 -0.246600068221 -7.71422326676 1.22539145151 
-8.64447287361 21.2065017404 11.4941709496 -6.38931993028 -2.86650447289 -8.01147221396 2.15266529434 -8.67886731922 -9.27243551366 2.64208678462 
-10.325038792 13.2301309997 7.30203807665 -9.36504745044 -3.90533418194 -6.49533300905 -3.54814198493 -8.8512348434 -9.25610565623 3.06883501562 
-17.886750633 -5.16549129984 0.111658931632 -6.17533194182 -4.86950340793 -2.92796489966 -3.80227553947 -2.54824284526 -5.44142202578 2.06130905536 
-12.6985870897 -13.8688574142 0.551036864545 -6.20759105448 -4.7454826311 -2.91227826442 -0.128829695795 -7.28542255178 -3.82475979444 0.828169102111 
-13.4684001479 -17.3313796539 -3.42457451582 -7.78398436925 -6.55593565886 -0.750203554609 1.20813220995 1.7306392656 -3.59171907353 -0.69842156927 
-14.9327620095 -23.101007858 -2.82519358198 -9.63877681974 -7.19054683706 1.00127539658 -2.58589659492 2.91327924883 -5.82678139326 -3.45302526187 
-5.05253625053 -19.7665362427 -0.367995530155 -8.26920207609 -5.20005068186 -0.476350948551 2.64162436007 4.71017825465 -4.02125139124 -5.97317533479 
-1.45337317139 -16.1670083164 0.876885540754 -8.26596029793 -2.25163094281 -3.48173875609 3.25792686613 1.41958897256 -1.4570304481 -8.41851191697 
11.711649244 -13.5486859651 2.98000092725 -10.3423641759 -2.92363246819 -5.88990852583 2.91552514111 3.4945015002 1.22876252356 -11.456470744 
18.7287718586 -14.6347041517 4.68654138586 -5.81682496009 0.360448219256 -8.50529899111 -1.25976854029 -0.432621879892 5.32260617793 -11.4232489718 
31.0274719896 -11.0862693224 4.85260063628 -6.31511432148 -0.822647599835 -8.63165245409 1.52321354964 -0.196214501544 7.88491828181 -6.31271727982 
35.4627691844 -10.7652711169 7.31629353523 -3.58755440541 -0.58059304414 -4.51983954469 1.39801394109 0.782809064653 8.90873061994 -5.12462227375 
30.1643944045 -18.6779967922 10.6067525031 4.67300099118 1.09908721493 -2.10709410704 -3.68917794263 -2.32616404865 4.66450067571 -3.9972793996 
22.8761215743 -18.1403121358 7.2683855588 13.3472679478 3.05467395291 -3.70570265404 -3.71751245825 -6.65287219822 -1.65797846086 0.0405349765599 
15.9335521839 -20.4173568472 4.39979664275 17.2466836914 5.6573998253 0.576820462686 -2.64627972702 -4.11340764718 -4.46727457365 1.42131713049 
4.40644358246 -24.9501123172 1.46244211344 18.8592074309 6.46485516605 2.31331188073 -1.67872131753 -5.07230779999 -5.83792460588 0.170896220989 
-5.55840788852 -24.7326544732 -3.81561576975 13.8321640467 4.33579765799 2.91747301244 2.22045735646 0.54673153275 -4.36018888723 -1.9341867317 
-9.5582591936 -23.5949649108 -3.7681907821 8.83677241517 1.61301616077 5.88851582702 3.12805490551 0.0603229656499 -1.83480273976 -1.91536253573 
-12.6981503804 -23.06798553 -4.41146452125 6.97688657439 0.799301911265 3.72011541263 2.52302178046 -2.42336539027 -0.24993414044 -1.38074726533 
-16.0222481503 -16.8068479089 -8.10162068864 -0.667884856924 -3.71245680622 4.17919812397 2.76015581577 3.32008935969 0.857643029212 -3.62355217802 
-20.080925294 -17.1914552374 -11.0089977577 0.80666649139 -3.47820320983 3.70411059326 3.29853844896 1.95628758532 1.12064113711 -1.19451168789 
-24.5119142099 -11.7410781637 -12.1127349698 4.24565456076 -2.55696625755 2.75131992531 2.11752111575 0.437098932084 -0.0159205365605 3.19801456631 
-22.6103653586 -9.93503583137 -11.3392799531 2.62121786696 -2.53960022806 0.978339920593 1.33144545839 0.715403047923 3.04310087779 4.99188043019 
-26.837542354 -6.41052868171 -12.9309748056 2.52145801606 -0.216638044203 1.63393811191 2.17129454715 2.8561207985 2.75352909794 -0.683720837238 
-14.6579225042 1.17584062142 -18.4729393907 2.74163130217 -1.36001935179 -1.34834677122 2.48478879639 -0.285038952687 -0.312291241215 -3.6416766126 
-7.49463021904 8.65168007723 -20.5069987464 3.0086018407 2.83199158964 -5.89466900382 2.31343567929 -1.14777583224 0.437145889445 -5.53898369496 
6.23449046704 19.4927066885 -24.1581125018 0.689481186969 3.89198977237 -10.4593327741 3.75917714639 -1.66485620085 -2.67364898049 -6.94104782055 
10.4840625091 19.1239434175 -24.8886221728 1.01081192752 8.1174818763 -10.6943249734 6.41788671636 -3.05980554058 -0.0141963075272 -6.34140725196 
19.5922044043 22.4230930669 -20.5868332553 1.41737014879 8.36993357681 -9.16148441092 7.10439486619 -6.08596840284 -2.58584381675 -5.56545658375 
29.2897542551 23.2094789169 -18.7098767036 1.41462827882 10.4768083569 -4.46141630784 7.24810913406 -6.98912822603 -3.87992017012 -1.07915093921 
33.0298455908 24.2632828395 -17.2456706098 -0.30061897586 8.57077609119 -7.33926040325 5.94291566908 -8.96692364571 -7.13562006374 -0.729612137577 
36.8548601685 24.6268092188 -13.3449906933 -4.50981924594 6.03496081523 -4.90055542999 6.63964935195 -6.16013847 -7.88277841352 -1.12039787372 
47.0561044305 26.876164346 -11.45264732 -7.67204913431 4.24965811506 4.45102889985 8.40970172972 -2.15199533972 -11.7527673496 1.54990576925 
48.9444182991 26.052271266 -9.02138814138 -9.04323514914 4.73425394179 10.7786965341 7.99974642254 1.46263705467 -9.83804993459 0.773661659474 
32.8316335422 24.6673878869 -9.33123000614 -11.2272051284 5.48806323342 13.6623027145 2.88769952667 1.08244033576 -3.68460229613 -3.13973361187 
15.9385496263 18.6737167192 -11.5525806061 -9.98975589019 7.73739500869 13.2730696555 -2.83089676595 1.55710977895 1.96578153845 -3.24623279487 
1.89592021679 12.4029434186 -5.74306947081 -8.99194603287 9.1164037382 9.52030570434 -6.00276137073 -3.44667269333 7.25162535905 -1.39174408828 
4.17647526516 11.9599738473 -1.87489240892 -8.10534528796 9.88986373812 7.58234654878 -3.58259868336 -4.36503139373 9.22320709364 1.1293033093 
-0.322929791719 9.92515866205 2.42907851118 -8.37763381772 12.1836848858 7.69610444375 -4.00369253896 -7.03767969079 10.8277162275 2.13372913861 
-4.13500458325 9.30537676216 5.93890868687 -6.22601733577 12.9691232177 7.95965677127 -4.20676490564 -4.6940862114 8.23803212666 1.18404241574 
-7.46189788959 12.4035208806 6.0361401065 -7.54491410232 10.2714881657 8.56952982129 -5.95344497319 -9.40509574766 4.42954906222 1.54279912055 
-9.55217725133 12.5510727529 4.00388018507 -6.35225472014 10.5667482702 8.83744036408 -6.68108655065 -8.64903022328 2.53154853328 0.934189168495 
-15.7987475868 5.0890372133 0.397210698848 -4.60368761411 8.66655117498 9.07655426253 -4.5368503734 -6.71948360307 3.08430591418 0.23448846826 
-23.4273801653 -7.00995313216 -4.86419797684 -4.58687530667 7.85947814103 8.23003350024 -3.5723842143 -8.28418091865 3.3527852438 -1.90461189707 
-20.7869576774 -12.7460668597 -3.16918858837 -3.54706171 8.17864418519 7.01775193779 -2.02512342602 -8.98763550167 3.78070587656 -1.87193427528 
-10.1951826295 -16.4763049762 -4.06101912594 -5.93980444049 5.82570140897 7.66701763434 -1.503428951 -2.6138421174 2.1442663758 -2.53055176347 
-14.2341638711 -20.3632388852 -5.43995247103 -5.0773359772 6.21925812357 8.02853719353 -3.44219949447 -3.19308457086 -1.61652236364 -5.33200483922 
-9.09123417528 -18.6303734798 -5.10683039681 -3.7146617784 7.39626607691 11.6125186853 -3.46356204221 1.89088603875 -4.34242670578 -4.2258000617 
-1.28491304773 -19.2415910769 -4.08397740459 -2.01293094124 9.2038475408 9.58740912791 -2.8170996585 2.33017762327 -5.93575024368 -1.50000693245 
5.1549760291 -19.6337807736 -4.97651995764 -4.94906333607 10.3133755845 5.17376893127 -0.923159562103 3.70082471758 -3.57978318715 0.84278993543 
4.19521980978 -16.7192057332 -7.66575187626 -3.27345572052 11.4951993777 2.77629075516 2.21146265308 2.859772248 -0.724012324838 2.58348383045 
7.01071572768 -18.3134155253 -7.90014776321 -6.48391543641 11.0247230266 0.296377406558 3.12935644 3.75971161015 1.44194670716 4.02884718689 
14.2783719619 -20.4422134998 -12.0456008137 -5.91071592478 9.56134107203 -3.32502199279 -0.961335165908 6.03080056624 1.87529989424 9.09946790784 
22.6780957415 -19.4952574701 -11.1951056956 -7.51524476167 7.23368578436 -6.30228396271 -3.07621488518 6.2627298924 4.67923440457 11.3102522951 
23.7120313118 -25.5697750955 -6.2756286801 -5.76755801432 3.4831081842 -7.13734106229 -10.7567241834 6.10843844261 2.09754906024 12.0401814354 
33.2997909605 -20.526963318 -3.46644845079 -5.82524256631 1.42900723325 -7.89807367955 -7.85343836741 8.7022728993 4.84464790209 10.1380098491 
39.8030159756 -13.785863988 -3.77473282054 -8.87153006209 2.69491191147 -6.4962712853 -4.92762275001 10.2987771597 7.08605432281 6.12662609967 
