-26.6194035463 7.78561081269 11.0696174817 8.04983411062 -2.6913669924 3.02659116464 -1.82261167837 -4.50419964094 3.64496355274 -2.75758219858 
-25.57658722 11.7476481366 7.18926583142 1.59427695219 -4.70392107963 6.63388993037 -7.78757593044 -8.26486191265 2.0050543917 -1.39265391959 
-20.8873081047 8.29793506088 3.12545212014 -6.28187129937 -5.5283059534 6.27538650625 -5.7262770814 -4.17333293836 2.74639480664 -1.53521867945 
-15.0193074474 10.2692513573 -4.60994607023 -12.1880256083 -5.10070174961 7.98868299845 -5.69639859898 -0.693597175832 -1.57459546356 -0.107155245432 
-11.9132410972 13.6318526082 -8.75679513513 -11.4680384622 -4.38323133335 8.83243796041 -4.28104700306 0.3606584184 -3.92042352857 0.555965931855 
-6.07690712842 10.3763689229 -14.4169589053 -7.9953462607 -7.97979020162 5.200404756 3.01316470314 2.54963519842 -1.93032440711 3.25584421933 
2.57677894641 9.48967438009 -20.0122672846 -4.54551296716 -7.15208498847 2.35307782671 5.7175185881 3.33189273374 -1.74521426099 4.50822384919 
10.1627846451 9.43862623441 -14.0661868141 1.58329814167 -5.65689044494 -3.0856986234 8.1469042366 1.1076010785 -2.71889921869 0.693948837989 
17.2469605897 6.49370561246 -18.3503654005 6.06992247168 -5.99519814946 -5.74642881519 5.21639679824 -2.61366911373 2.50307152054 0.353352792551 
19.9419599131 -1.47083917739 -12.038411281 2.92124390793 -5.98846534928 -8.03207232999 0.348640693898 -5.90296796935 0.469249217487 0.254213369754 
22.0465647812 -5.14250046976 -7.1013669675 2.37810754673 -6.6521455343 -7.80719080455 -3.86359645318 -3.80227294275 -1.13365288943 0.618974706515 
24.3517315296 -8.91360265188 -2.80650155241 -0.573306851297 -5.55732941646 -7.38016717198 -6.98607262046 -5.32115618374 -4.56147327203 0.130752483382 
23.1384066388 -9.86978428305 -2.40207442988 1.33548054109 -5.70984959624 -5.60044930193 -6.30014499263 0.874602901845 -3.03428559619 0.0921274395198 
23.933054321 -11.7897565226 1.14020916149 -0.119046735086 -5.28674736995 -1.38059273438 -4.47398775301 5.56193482752 -4.2344502503 3.01454629922 
25.6688542729 -10.817476559 0.954430069762 0.956566667832 -4.32297243778 0.965019328882 -5.95608290396 4.53807614889 -3.3532551338 4.01036511404 
25.5802653317 -10.909645605 4.19985747588 0.0908227850661 -2.43534041313 3.3131611938 -3.97807632315 5.85565104188 -3.19645416808 4.76297042807 
24.9008333249 -14.6124961358 5.52944888994 -1.7263086531 -1.9707975828 7.47302381232 -0.976209559194 5.07442986567 -2.14457634002 7.08338903498 
22.7913667507 -14.2703745498 3.03116117395 -4.15016772973 -3.42293130511 7.77717813955 -0.423183961739 -2.17518792313 2.10471608536 10.6437458793 
20.1147987596 -10.5433161395 -1.3580198044 -2.07526038483 -4.38743866698 7.84434013571 -2.6514081949 -2.37241357114 3.39067601387 11.9246675687 
25.5215758751 -7.01162744855 -0.167578492625 3.67608410454 -2.00500279453 7.96123653123 -5.722042597 -1.34186954967 3.49711738726 10.3539023158 
27.429980673 -7.14192056852 -0.677158289187 3.24854450777 -1.95894189731 3.86924871402 -4.8941598126 -2.31800889713 -0.210851480578 6.12711724362 
23.1934470567 -6.97579932103 -4.53956403791 3.47048639895 -2.93883484604 3.09255765282 -6.18784909112 -2.31654862013 2.04919378653 2.82319017674 
24.892610375 -1.31392858327 -5.73134394253 7.21249793742 -0.898389909492 2.4663963119 -6.09088763855 0.831400618179 2.05291890898 0.898296175245 
23.949471662 4.92290455466 -7.07980917132 9.6873391699 0.10118510321 1.95866835714 -7.37328468434 4.47887389274 0.156205399032 -0.999100034453 
27.5507041722 10.1953351193 -6.90484554271 9.30906318618 2.65187991251 2.22919344978 -7.9400430872 0.790719773866 -1.62398266636 -1.43998900343 
24.6968063042 15.2893125409 -8.14634610121 8.02687892924 3.49047439896 3.22192156296 -4.50273390819 -0.181703739885 0.148179672001 -0.625555675658 
21.2021095579 33.2076144792 -4.62017002309 10.4433873386 13.0727023078 5.3092298542 -3.36253279607 -2.84050977281 2.81350496614 0.259578596232 
16.5519523642 41.3015188965 -2.89032496074 5.53294009209 15.2547140104 4.06253282594 -2.38359547166 -4.92127593968 -0.234704147063 5.11872925979 
10.7445758487 36.6658662213 -2.38674916864 -1.13402310856 12.8120689257 5.21620479927 -1.84110918791 -6.78868196449 -2.50508521627 6.83275859527 
2.54457939895 32.0285748551 4.11431934869 -5.51081500616 8.51380055278 5.55192133977 0.0605965636655 -4.94306457403 -5.92193422128 4.14110129732 
0.226683650292 28.2935122898 5.98982151231 -9.46994734537 4.9004972589 2.59918971036 -1.51825362258 -0.474737223763 -8.54227073278 3.30524672785 
-6.70202238171 23.3151776164 10.7145318959 -14.1229085023 5.08794664794 -3.88394794743 -0.18949549165 0.760012928846 -5.01502545269 3.59959117319 
-13.9036019427 16.6492201733 11.0816216966 -13.4241959172 1.71744087082 -6.29586840322 -2.99861783338 1.8233623865 -1.88755972921 2.73356983888 
-16.7556046948 13.1701429145 12.7759455473 -10.282976385 -1.63929965362 -8.18747909493 -1.7312623972 2.46120542985 1.08732802337 2.06559912125 
-22.2579036503 9.35702837618 15.179125427 1.68402625172 -1.72283468193 -5.82303097433 -1.33030173675 3.18591739845 1.03840107913 1.71388289413 
-22.5570565118 -0.0583625540421 9.43854902122 6.34043384533 -4.17261727111 -7.60589815577 5.12035151498 0.0157463003128 2.97770610882 3.30389658251 
-25.4229272424 -5.89739371992 6.25081303054 8.99535806019 -1.83649308253 -6.8157973321 5.99470966403 0.876811465736 1.8338302701 3.94103802667 
-28.1765228322 -8.45714863589 4.8870401483 10.9150229763 -1.78076904177 -2.90939695603 4.16702717632 -2.07513473845 -0.786870905263 5.78109613942 
-28.2277424741 -8.58944327039 1.03000234337 8.22120862448 0.136590604474 -1.02974537129 2.25443399921 -1.18841756242 -6.61193480625 5.94325628304 
-25.6648692915 -12.82954987 -0.882849166668 8.13428058103 -1.53181694442 -1.75702649521 5.04670179281 -1.93076729898 -9.04285039726 3.99780677757 
-24.1620032371 -14.5042934782 -2.99469149157 4.92834244457 2.22000048155 -0.596985538305 2.64390348243 3.80228602086 -3.25993886737 1.64947152706 
-20.2162158163 -17.4592406489 -6.74999489723 0.533367842045 2.91607404303 -2.11751312523 3.74152527823 6.97416328595 1.36365313632 1.75426836598 
-21.2422441366 -19.8746451591 -14.1240131237 -10.178746641 17.0041690095 1.08021663449 -7.66883589136 7.72582508724 8.39854939251 -3.33871076353 
-21.9575660533 -19.6546692533 -13.6134669067 -8.00142334411 13.1542388326 -1.51803221288 -5.13148471754 3.31708783433 4.61537213573 -1.85138415839 
-24.2944573108 -16.9135521843 -9.20733818664 -3.7945755613 11.7252112871 -1.1024303707 -2.87467957834 1.01591950024 2.72716472189 -3.25887133074 
-28.3289599703 -12.4676995388 -4.53435376419 3.47798309865 11.2742254507 -0.130405526988 -3.17666665 -1.72745389038 -1.09513398226 -3.66863256774 
-28.6429059014 -10.8139477168 -2.59617519767 6.11897349931 5.70414702811 1.45022719242 -2.39702034193 -1.23440054991 -3.62959394466 -3.00345340232 
-28.7305542924 -7.40488662775 -0.132974385689 9.79665183611 4.5769147017 4.91443034844 -1.54581045074 -2.96858598004 -3.8820859376 -3.83347385112 
-26.8868828625 -4.10424254498 3.29297128309 8.64618766611 -0.825718609407 3.20838300381 0.207909040401 -3.60449970125 1.46043302618 -2.70037913653 
-28.6323041435 1.20771801733 6.90386620298 11.2569485703 -1.55662441087 3.39071832818 1.4954034718 -4.08247471147 2.09190430851 -4.13817329413 
-26.9397487326 8.02311633766 8.61882256245 11.9978590522 -3.76876326892 5.35329120468 0.773893292788 -6.0596705543 4.82630632798 -4.65058377864 
-23.0950682042 8.96629964039 4.50875133938 2.86896109983 -6.30840847058 7.11398971765 -4.02477835576 -7.39068405285 4.89468350321 -4.21823403032 
-17.0917756258 9.72922379826 -2.22992810562 -5.92515740548 -9.12807721001 5.98273151143 -1.55510581969 -5.11444316182 1.50805482523 -5.69885440955 
-12.5193676018 13.3529260458 -9.12602833793 -8.27063539463 -6.90427196628 8.20464550781 -1.36379805141 -2.35197530802 -2.58388474359 -4.59820902735 
-11.1532834298 12.8639519059 -11.6318437236 -13.72155623 -11.4338682547 8.69466960753 -0.475260254646 -0.34654489053 -2.72713721581 -3.51435349426 
-2.58385217924 17.2170222749 -16.0941611577 -2.25756003063 -4.35428449631 4.56197952191 4.05036040161 0.844270843529 -1.99600283916 -0.92792722251 
4.60444109814 11.4197902652 -18.7251746393 1.82299014515 -5.86690279539 3.31294100151 7.44552357473 4.34676378287 -2.06803070087 -1.86342149586 
6.05209834616 2.00961727553 -17.0390254435 -1.89127360383 -9.07180764732 -1.97340738812 6.50058664499 4.88191554059 -1.57654900932 -1.84893883637 
15.6572632281 -0.527429539708 -12.2169367707 2.0657852062 -5.6253949794 -7.33721166023 5.60297180979 -1.19676731861 3.14702941162 -2.2684095247 
17.5774959179 -6.48373710626 -12.5267643724 1.21044934837 -6.75941776111 -7.83217362961 1.67859764035 -0.483983403055 1.14384553365 0.699109407776 
19.7806121092 -10.1721774811 -9.97934658313 -1.58795162921 -5.47179690278 -6.7973473878 -1.23908763353 -5.00457818006 -3.44413701811 1.83598835002 
25.5724277205 -8.22008339113 -2.17250177937 -2.70920318229 -0.33778112917 -3.58515643251 1.05131329297 -6.80730239859 -4.53861690634 2.1951453873 
27.4652526446 -7.78848504477 0.432388565182 -1.039456993 1.06726394221 -1.15654978518 0.216079617702 -5.99719009748 -1.44878307975 1.6079700061 
30.0153238228 -8.05149334505 1.6629331812 -1.60242678376 2.46466467031 -0.322227416455 -0.8970858464 -6.41780606167 -5.2009980685 3.40617340457 
34.6160052039 -5.62353630866 9.4871408748 -1.93369037196 8.08092389758 3.00022478047 3.09774340459 -5.31802772636 -2.77419289739 0.565163398995 
32.8373657325 -11.8011911864 13.2616986872 -3.89482000145 6.20981056078 4.35084367413 3.20014004839 -1.39125649941 -2.630754574 -0.73162702512 
30.6471980108 -17.2577867768 13.668785226 -8.05615081892 4.59331480132 3.99812664523 8.04055764585 -0.918976724047 0.831505854626 -2.30107954065 
26.6931212109 -19.5194139435 10.1113334677 -10.204430663 3.88636305004 8.42193881518 11.4261054321 -3.75106102209 3.31769916418 0.9749267091 
21.7828209469 -20.8864128834 7.15427887607 -8.8288418025 -1.57154475731 7.10377198512 7.46163048251 -1.38350601262 4.26684977516 3.93180563417 
28.962477506 -11.7268206799 12.1594371071 -1.83605905518 2.07471533945 6.21600340046 3.56626571122 6.80603939103 1.96062478233 4.62316143832 
29.6156987429 -8.39375934021 10.9195466329 1.80837810554 -0.404141749434 5.10277207896 -2.79916810052 9.3290940054 0.797988129083 3.35257708338 
26.6426313982 -9.25614738628 7.14139224926 4.03422588568 -3.41747159826 3.90211935609 -4.24412937775 10.1616574189 0.600507482313 -0.970176305512 
28.0663359246 -6.44494973586 4.92372880958 7.58490669722 -3.0990065514 2.45908690634 -5.72936589904 7.09399902291 1.27801408048 -0.931282045366 
32.3615579315 1.68611300922 1.15257195876 11.0740028382 0.213575459968 2.53404912733 -3.71435463778 5.88034799005 2.85904350827 -2.40028001434 
29.9259499493 3.62296061128 -4.09343295724 11.5003082335 -1.02343312737 1.10869469009 -3.60431070653 3.68190707321 4.18988877172 -2.49854204881 
29.2646400284 7.68824375841 -5.53446758476 10.4882886427 0.758171864354 -1.4403388732 -2.17115977196 0.506641767345 3.21568722793 -1.83279267739 
29.0418717463 17.9371498796 -5.9514216429 11.963461759 4.75971841641 -1.03845375041 -1.46138637755 -0.305465351771 5.50200050638 -0.0111148928001 
30.656445414 28.6335578599 -0.852785492047 10.4584226316 12.1814685228 -2.52488066668 1.47511255675 -0.632987724695 7.16042324555 -1.45004457055 
23.6489833693 31.531934123 -5.50747219174 6.28816558093 12.3726629025 -1.0424671082 3.75829700267 -1.37514959486 3.52842144784 2.97976335067 
15.3307736534 32.2199332916 -5.74807857699 4.3978095779 11.5156585359 1.18741962472 4.24028809938 1.0047228728 -1.82895932618 3.81425242285 
8.72214705468 34.9284024174 2.65812902243 0.873147166603 11.114739023 1.61429230073 4.32026323625 -1.47267857921 -4.26876835384 0.152019521568 
-2.79601178077 27.6126052148 6.34551919463 -5.62618182754 6.56954704506 1.01792817302 0.182441485192 -0.258980469103 -5.56868780701 -0.33518539933 
-8.80581491224 25.5841955384 11.7029068332 -10.2993649176 7.26915343742 -2.20130735358 -1.30494065876 1.83029764177 -4.69114610978 1.62152768441 
-12.0645936756 22.3348293182 15.5594590088 -13.657522268 5.96061455958 -9.36224017392 -1.48527017284 2.16828443947 0.0194621541733 2.30551380915 
-15.3576374365 17.6928736718 15.4075768573 -11.8263199665 1.0368348759 -11.5258618511 -3.55545184403 2.09914476512 3.23148926062 1.50939333807 
-21.9401912599 7.1401267584 14.2038306648 -2.76838235448 -0.341192994113 -9.91894125144 0.733964400708 2.17732145014 2.30400658859 0.330435991831 
-23.913732356 -1.81336754551 12.3106701277 3.51102969944 -2.95297333436 -8.9881585567 6.43122030059 3.95788949609 3.81440551872 0.45673103925 
-26.2346681432 -4.74884022572 6.41580090086 9.50296506488 -5.02479313056 -4.34906850191 6.11793178815 3.31953467805 2.28639488523 3.18925899241 
-25.9294130662 -10.4115582721 2.58979554139 10.6095031938 -5.22364207933 -1.17890957801 6.10303803875 4.96558862019 -1.51709051527 5.49359851281 
-27.0264126695 -9.37936530863 2.11080275645 9.83297917396 -0.779234742455 -0.444807186835 4.09613280087 3.58987197759 -2.81051837531 4.06720913323 
-26.4722748816 -10.0750637746 -1.00757397964 6.45206558968 2.25896570992 2.64789904586 0.053539064195 0.384068726364 -3.93626900432 3.20141155502 
-26.0454887819 -11.4190973229 -5.14924647186 3.04322551138 7.34104930256 2.39449696771 -1.8389760336 0.366910288309 -2.65452220201 -0.424498339057 
-22.2061209068 -15.0563552946 -6.57902328092 0.314179206151 7.97704874362 -0.326372015498 -0.450788757564 5.75689548491 1.07689001111 -0.0896886236505 
-21.3081774775 -18.8609840354 -12.866188585 -9.75722856348 15.8490033549 -0.100348561429 -6.33642825791 5.86784612457 8.11789743981 -0.107766751257 
-19.8573835298 -19.0669776861 -12.6291494486 -12.236601927 12.0742785725 -1.22380028447 -5.99666710151 0.56508709572 3.98069049639 0.671725221891 
-22.6275550997 -16.5055914942 -11.2625991096 -5.49294367496 8.79313557729 -1.56262847323 -4.88142945587 -2.30189934923 3.1234571115 2.3838676415 
-26.0243573033 -10.4048345461 -6.26771187122 3.20211291945 5.77314990684 -0.582371414771 -2.58867283841 -6.21807678608 -2.35579188042 1.24599684447 
-30.7955701247 -5.07426127844 0.0200675079451 9.4549436784 5.18395702662 2.34058780133 -3.82367010778 -8.73825812385 -3.91189686355 -0.277861342827 
-30.1584831425 -4.10656255768 0.548820569887 9.36825638669 1.61292358572 3.03690106745 -4.34967849683 -8.98553434438 -2.36244383644 1.13891086168 
-29.9005369901 -1.66085007371 4.50732280527 9.27899445762 -1.24922150334 3.1703794591 -0.424094922017 -6.47827438973 -0.122620207841 0.0857716963943 
-29.7663254148 2.46783417292 7.17191720175 10.103026641 -2.07521294708 2.78700723993 -0.994050933211 -3.57714630832 2.89043899423 -0.171913091173 
-27.0740830928 8.24911776398 8.7283064395 10.819445417 -2.51604248007 5.29513392705 -2.81012626095 -4.90939593182 4.24011002607 -3.96758085627 
-24.4339943723 12.4668118978 7.25172296407 3.81488793064 -1.19553051037 6.84462837305 -6.81287628493 -6.27870841848 2.72522792339 -4.0856270164 
-18.8679851473 10.1029139544 2.26909400061 -7.62507565741 -7.40289710091 4.35850884354 -2.35447706615 -4.74890594078 0.996918386947 -6.01255201992 
-14.740001597 8.76904653275 -6.31681104615 -12.8640837391 -8.29906595908 7.53239103529 -1.4002848785 -2.15766785863 -1.0084406626 -4.25010558609 
-13.3726369241 9.36114555736 -7.68829660047 -14.6813548358 -11.1877065107 9.71519937247 -1.67896857837 0.231422103231 -2.43443053581 -4.2307892212 
-7.98222698242 14.3066430453 -11.0407324382 -8.24962981942 -8.064183935 9.83481836686 -2.30639896675 1.81931587571 -1.57952258146 0.252047877732 
-3.39158986277 10.9966558496 -13.7981268988 -9.55377968821 -8.83712476751 6.47764083047 1.56427044239 4.3000263336 -3.46039865335 1.69276785515 
3.54722722363 5.24197974622 -15.1583418091 -3.52615090254 -8.38072833564 0.711423537429 5.49552973896 4.52396456668 -5.74708866315 1.29453884969 
9.43665220155 -2.17647503081 -14.7236066652 -1.51483135056 -8.32459248361 -7.28300234593 8.36096403636 -1.43628534165 -1.20804241942 -3.50907351182 
17.6970315024 -4.94201830678 -12.5599969626 1.41756823164 -6.48059238831 -10.1288481605 3.66779365888 -1.58969042563 -1.01089334741 -3.04849692348 
19.7834546793 -5.86833787951 -12.6651024623 1.12216759933 -5.86995010525 -10.1213332632 2.42637172684 -3.24864518434 0.821589808922 -2.82168407686 
24.9980181603 -4.56020610839 -9.2000947202 2.76915881603 -4.52985115235 -8.79064695621 -1.15791141416 -2.60965873274 -0.420751425163 -3.76830331964 
27.340536838 -8.54032533467 -1.60907971466 0.671306261906 -3.5186023853 -6.3168505225 -2.88259717853 -2.64431061551 -3.34164010465 -1.57789664556 
34.0817096581 -5.93260640247 7.71141174234 1.8388811603 1.07474273008 -4.76955391837 -4.30123614451 0.863437091856 -5.4846338448 -1.67684971575 
37.7798255479 -5.4933043524 11.0538992829 2.81018269081 2.71170992899 -3.85555110316 -3.05315660304 2.05404623724 -2.29619545776 -4.34546076635 
37.8134301197 -4.33387209443 12.2152462412 2.99441904534 3.97550082971 -2.13728103259 -1.23301678717 2.7445462701 -0.258479517102 -2.8045367287 
31.4023204481 -10.3140501087 13.0406257055 -2.27916745265 5.87821664559 0.903344149268 4.63397337298 0.584089172836 2.3911382614 -3.865365034 
23.6591109768 -15.7844701198 9.9667794098 -10.0390888875 5.69262943288 4.06716354256 13.4586904961 -3.60842233353 6.92708720961 -3.57534810204 
21.1136117231 -20.1030300034 4.58291966307 -9.37030723066 0.898529391829 5.72210303038 10.8313552655 -3.28718940453 7.24426197891 1.24416873069 
24.4390367148 -14.1282331089 6.41763400198 -2.89113865866 1.20115966953 3.72883240034 3.28219119046 -0.576758871832 3.51406951507 3.11822539686 
26.3163629871 -12.9220800147 9.85608170585 -0.764089429594 0.849026060163 5.40275267211 2.94847946772 5.18776236256 4.65289005749 2.12896061487 
28.3385489973 -9.37893874129 10.3413011641 3.4600251872 0.6151956493 4.73966967056 -2.77388720605 6.67390481246 2.94333864376 2.66243823379 
31.8860434714 -6.21548258875 10.0573288703 5.97399393738 1.33203538807 2.82143262252 -4.95227429865 8.06744464706 1.03571789133 -0.476932938395 
32.177664245 -2.11344794781 7.50084189598 7.55718845095 1.83324820766 4.2274015771 -4.26880413118 9.07083458039 2.60466186028 -2.29079689923 
30.6017149348 -1.86242432688 1.53683416222 6.37033833342 -0.0767861610936 0.775034003601 -4.75844337415 5.24938389231 2.74935889672 -2.80845930277 
27.0033632467 1.02499113018 -1.00729523423 4.25340773973 0.0244812255605 2.2047649762 -5.40479851073 3.75498487346 0.207359188262 -2.88907999457 
27.9833448501 8.99429216748 -4.57272997052 7.50004570906 0.424541814385 2.28259654297 -4.52088830772 3.58880862196 2.24483631647 -1.02357323644 
24.2326424065 16.1787416982 -7.76208523242 9.02251312835 3.81729361854 4.34762855075 -1.70287925949 2.0532708927 5.59351615519 0.0355582218106 
25.1339654816 26.3428731782 -7.81950411834 8.74024174623 9.44260333837 3.40695572398 -0.144731998697 0.641310796293 4.04874619678 1.33758942636 
22.8566597718 35.3601918832 -8.62642406965 9.3932329444 12.6498376277 5.75744767454 0.269009806433 1.47426011334 0.433938397519 5.38062657925 
13.6089065732 28.3111452806 -6.30180098741 0.845676202741 9.39217736659 3.15172761717 1.4610405044 1.86382219477 -3.8046874481 4.85057059606 
3.57342665739 26.1870856046 -0.614324259447 -2.93021414495 6.67309543655 2.60282289974 1.68324077248 -0.630387578084 -4.08070315923 2.12834758934 
-6.1758036189 22.9302857388 4.94122042466 -8.41359176277 2.76345220487 1.84571669312 -3.11239822164 -1.55833279615 -5.55752785888 3.1217077699 
-10.8194444055 20.188643818 11.1002583246 -14.1723767357 -0.523290950169 -1.72203261836 -4.84251056793 -0.00113994773851 -4.3441969619 0.336312858414 
-15.1613597051 18.0683911718 12.6345103044 -11.0763776631 -1.98806254692 -4.22703106204 -4.24340879628 2.12918171889 0.699540289565 1.96277312725 
-17.8234372585 13.417488466 13.6321600619 -8.77548862332 -2.53235782613 -7.0610251329 -4.1900099082 1.01129694628 1.00977820856 -0.359123969949 
-21.5096719203 5.41277795344 10.1595892034 -1.4053806266 -4.36574615004 -5.45587973181 -0.204891581814 0.545293526806 4.31377146475 0.636996994508 
-25.3158730057 -2.72054241884 6.65969418456 7.21959656573 -5.30453386369 -3.56906855853 4.85404638513 2.11435946267 5.07723703061 1.68779490318 
-26.4081415949 -5.75726269035 5.25867595775 9.89959065096 -4.57956901598 -3.26515709422 6.54893990727 2.21295854178 1.51436776331 3.34786910731 
-27.5117830158 -7.87973883058 4.10632239594 11.7549337363 -2.64883224493 -0.700741915244 6.36506754261 0.644147998395 -2.83654557001 3.32338117749 
-27.2108943348 -10.9834916101 -0.404224592017 8.20519055141 0.342109065339 0.704616732728 3.59511802022 0.140311146202 -2.73715982973 4.08299136506 
-25.738065149 -12.4417740537 -2.17142798338 2.84423117903 2.01613855949 0.503958222341 2.43152501663 0.441646998903 -3.26795353968 0.853006801256 
-22.9892463971 -16.4918058816 -5.07874888583 -0.316528138392 3.91850514976 -1.8710722355 3.06448974104 4.55974555865 -0.940488822093 -0.340068057873 
-19.6625633021 -19.354004646 -9.81640377488 -7.34639453187 7.88519458618 -2.21051781354 -1.47863803111 3.87414147219 3.90499098735 1.74936229702 
-19.9281698191 -20.9896516617 -13.596260903 -11.9806371234 13.927146457 -3.01553863706 -5.72856160641 3.88453385207 6.02721483584 -0.863921370986 
-22.1160904873 -19.1038320182 -8.90006131074 -8.87022667046 11.8442885586 -1.59003577201 -3.05346550574 1.10655958369 3.12076533347 -1.01453543454 
-24.7793112712 -15.9761606804 -7.04365663225 -1.1077991467 8.42975307487 -1.07345119024 -0.533678397638 -2.74448689467 -0.912605715744 -2.77149846882 
-28.3886798808 -10.8874668327 -1.79918223693 5.13359931666 6.55553286545 0.160228620948 0.444851507664 -3.1289506604 -4.20675185003 -3.64079966504 
-30.7147032957 -9.38984798589 1.39200568573 9.45953030076 4.38751927771 2.3427440773 -1.0884928383 -3.19317352791 -3.09320618225 -1.56640949169 
-29.6115344638 -9.21728448076 0.680374192989 10.7931423972 2.35301617192 2.6662795336 1.58382491774 -3.0311956491 -4.5659920426 -2.22488269277 
-29.8496211136 -7.53521378488 3.52615075513 10.5976859334 -0.353483042471 1.0700981923 4.69340839854 -2.15302926129 -0.601093400613 -3.66083008263 
-29.1755755149 -1.35919187712 7.1904329108 11.4763637607 -3.00113629619 1.67955107087 3.44763438806 -3.9477990409 2.39757715696 -2.8112178729 
-25.6314276747 7.02441579387 7.47813292169 11.4872179433 -4.23919669204 5.60645465438 -1.22051153691 -5.66140607261 5.30866460229 -1.97814564877 
-22.2216800077 9.26483033869 5.75269992296 0.906675632166 -7.84753097599 6.54223009439 -5.77032550867 -6.51986138013 5.55359010548 -1.22948694313 
-16.4526563153 7.74211290439 -1.45417463461 -9.79808556977 -10.8374433335 6.60369190185 -3.74184516791 -7.06857225248 4.63087985101 -3.34468818508 
-12.5401060354 12.8058979719 -5.98762960519 -9.38758242238 -9.76333787858 10.5770215855 -3.88364568552 -6.30080591313 2.77352122619 -2.10825283601 
-9.34437081215 13.0438911316 -12.530762062 -13.0857558686 -10.4463696011 8.67921010156 -1.44930395657 -3.97640449701 1.7195541972 -3.1993202112 
-3.80076509952 10.4536038859 -17.6868463347 -11.4362726411 -8.17512151393 5.99402239477 0.77348938176 2.1280190641 -0.472040329793 -1.49803385669 
3.7966879608 10.1889682579 -21.3338874814 -1.63446539185 -6.74647538283 1.90101095669 6.74682348112 5.30088723049 0.0780259447756 -0.79580546665 
10.2577889859 6.16637056624 -17.9780691581 4.15340987196 -6.5186335825 -3.60029454702 8.21570369532 3.98175786642 -0.579386315842 -1.92049805539 
13.9804192152 -2.39402480178 -13.4821465031 2.10826735774 -7.01255263984 -8.90488178452 6.75467126113 -0.356141121587 -0.471526734703 -3.85240724856 
18.080867934 -6.20334463121 -12.7120251497 3.56467101386 -8.10588467722 -9.09557606175 4.57100414022 0.223819012982 2.60245019309 -0.813120391476 
21.6572439419 -7.70949715628 -9.49090343061 3.68524279333 -8.54647265368 -8.38504143812 0.966669883359 -0.612741328426 3.10964143553 -2.93133589296 
22.786005633 -8.52326291364 -6.28997786251 2.05945932153 -6.96392095648 -8.20787244733 -2.06717839461 -3.21974865759 -1.42161381006 -2.60574178513 
28.3349326633 -8.22703675963 2.17623833176 1.27679473908 -2.85303653894 -5.91044163306 -2.84962038395 -0.853373885949 -2.71826912092 -1.11656295563 
29.2310994281 -11.7034868754 8.24023467628 -2.69379368033 -2.04616662935 -3.26945069728 -0.552976117127 -2.45022691238 -1.6296099631 -2.54827310087 
30.4257931809 -10.884950981 12.6926621825 -3.0725783575 2.22147392292 0.0399234260109 0.0324322804082 1.43422839991 -2.59623902598 -3.31109254903 
27.8331066563 -11.6756494774 11.8252729038 -3.55236735164 3.49168899105 1.24168666331 3.34317991414 0.0885054174013 -1.41387838397 -2.59715919099 
24.8834155905 -17.4076484161 13.2774600534 -11.2325949274 3.69170754797 2.91272259329 11.0120261302 -3.03871333558 2.87708002192 -3.84028999719 
24.3131957949 -20.2159275517 11.9864398368 -15.8062517515 4.15737259424 5.10864601373 13.3222237745 -6.89377333239 1.10047549826 -2.30586589028 
18.9281450098 -23.3239283138 6.30926720544 -14.6102512227 0.705946382617 8.1471069332 12.2071377188 -3.7812703549 1.90598290693 1.3844543249 
19.9423362152 -22.0544544762 6.40303975261 -11.309795131 -0.850533621832 5.2806518402 10.5365483937 -0.746366282372 0.668580100662 -1.29798676714 
26.3783209953 -17.4167320885 10.9093303767 -5.95989034275 0.845141449777 4.67619361729 4.99257211899 3.09141885836 -1.75711910544 -1.67986243772 
27.1775237661 -15.031018585 10.1539431694 -2.23119985073 -0.407781744137 3.95811413039 0.928094416103 6.57772831228 -3.04562930195 -1.7369586232 
27.9732115977 -12.0198679849 10.4821866293 0.333630726248 -0.731583641431 4.11999985149 -2.73450106633 8.08795633209 -1.95076538552 -3.37894490376 
26.3406032892 -9.03724437842 5.34896391042 4.52298703838 -3.29293289874 2.5083187158 -6.03180711242 8.44526454928 -1.85589483799 -2.94773462334 
26.9264936219 -4.28929099281 1.55650476825 8.66408533959 -2.68546434283 1.84337214507 -7.39911700512 8.23215761096 0.455955052128 -2.27542726266 
27.4324487989 0.272727163163 1.20815512616 6.89115566817 0.0634286373384 -0.230412352755 -2.94074285487 4.3730077963 0.569232599715 -5.67953542268 
30.2053257687 9.7337350339 -2.16055619586 9.94737417675 2.49279962996 1.02229324615 -3.71000615389 2.28215805364 0.903474868025 -2.87784451973 
27.5458015145 17.3398163138 -8.27682503584 9.42892741796 4.98446922185 2.55259356857 -1.24799270586 -0.318658677977 5.48515140608 -0.544385710276 
24.3229401114 25.22826072 -5.45036357169 6.4114670344 7.98069420103 0.416944534201 2.85513696174 -0.717596223854 3.47815245204 -2.47910699658 
19.7218066059 29.8995581326 -8.6743799883 6.60350915912 9.95071962084 0.280416849353 4.2764109863 -0.734983040672 0.4983262967 1.0777681891 
19.0984828249 30.9858705153 -6.0507081467 6.30260142223 10.5146344458 -2.48738923111 5.85561556524 -0.0112007741653 -0.9025240812 1.54598645092 
7.60699448982 28.920623143 1.58985227819 -0.741738024042 7.27826926492 -3.70294715722 6.87683565678 -1.21320811611 -2.98557837204 -2.81906110152 
-1.735219372 25.8059283711 7.36852910673 -2.66362803672 3.87574398851 -2.31864649642 0.554007435918 -0.981384382026 -4.12488978431 -2.09038998218 
-8.32177182036 20.7113952219 11.5111604693 -11.5781079849 -1.38576533652 -6.95573696026 -1.67050777129 1.55701695904 -4.69522739232 -3.33745339698 
-12.3133075465 21.7012872155 13.2947238564 -10.7139858275 -0.0637011306566 -7.04979937596 -2.59360790416 1.025961982 -0.998017022474 -0.709112834445 
-17.5037267268 18.5882498877 13.7039599282 -6.74737717892 -2.60279611085 -6.45741895949 -3.20284086448 2.23461583891 0.551834095118 0.543950408461 
-21.4011184747 14.5484263709 14.1479544925 -0.756307837245 -2.34599667042 -6.16276679593 -2.22500577545 2.70272639417 1.33205576617 1.26576473026 
-24.60214935 6.69418292227 10.6528128591 4.0926989347 -7.52616473801 -1.51712063848 0.568990322369 1.89548687948 2.17970320277 3.2300862156 
-25.2795485317 -2.57740812834 4.35736791249 8.18164477372 -5.68725617467 -1.34433754781 4.09858368777 0.838529355971 3.0505341894 3.92915465172 
-26.1671313652 -6.21840811257 1.00078914204 10.1694199108 -4.69741711703 0.233618742795 5.19079740534 0.872832994064 -1.76337165055 4.02623217117 
-27.5477186787 -9.73851798133 -2.08789587991 7.6983145675 2.23530577313 2.00169665825 2.1604345351 1.23050113147 -2.04960486358 3.00832388017 
-26.3184354405 -12.6460381594 -2.98838696188 4.05734002036 2.29687460583 1.75237545572 2.58781400411 1.43020569882 -4.16359728034 0.218774026409 
-23.8849527679 -14.0567024589 -4.80631794193 -0.563292746492 5.30053411634 -0.246600587898 1.00752415967 -0.103943053339 -3.11042187044 -0.414445598299 
-20.3961665292 -15.6953744531 -9.20454977488 -7.66054160686 7.12146824354 -1.954158848 -1.55155573499 2.94162465478 0.470694790621 0.80403528603 
-17.0904486901 -21.4138429398 -14.2947679529 -14.3467909828 11.6120658426 -1.5476117857 -3.3246496005 3.46735044217 4.48496628779 -1.72924612266 
-19.275556879 -18.1612264768 -13.7251179807 -11.951728817 12.5525808243 -3.70263600335 -4.58917581464 -0.786390292728 5.3681590814 -0.509624607093 
-20.6226261421 -15.6276853691 -12.0448348497 -8.88595403756 10.6902535296 -2.96640618704 -3.35533098883 -2.47809970001 0.856004291764 -1.52909818246 
-26.0659469974 -11.4146351281 -7.91797004567 -1.60509792566 10.8420756524 -0.501183836015 -4.07768816457 -2.72148905311 -3.37428949973 -1.15066348544 
-30.0202368781 -5.97347568685 -2.52851886905 4.0565316418 9.90634767927 2.91708866187 -7.02778354424 -3.34407536122 -3.64149898835 1.11986862847 
-30.8515990755 -3.56169762317 0.614513496414 9.02233332147 6.32077806764 4.90168459707 -5.04630317617 -4.05198875712 -3.02544475137 1.93494527223 
-29.6892780664 -2.99033718377 3.76735885459 8.58172970571 3.40512093817 2.70317669679 -0.310823253356 -1.72868159972 -1.64658778739 -0.801886594529 
-29.7211807004 0.911170760607 9.2004400975 10.0005990647 -0.158862714846 1.64309798752 1.11618273698 -1.39135936547 1.05645538638 -2.09075547011 
-26.3697212068 5.67038754444 10.1251873143 7.96423802012 -3.026524627 1.93048157526 0.312779232484 -1.7098469029 5.48685215771 -2.89794310908 
-23.9895936537 13.0414724682 9.53054574429 1.07512358979 -2.84110340051 5.35375407484 -6.17603379591 -3.75821466655 4.2107448787 -2.88274866179 
-20.584532381 13.4546819331 4.51109763325 -4.67390238981 -4.44907439471 6.23965523771 -5.04467594718 -3.71370725314 2.04117364155 -4.67373698739 
-20.0749967022 9.62419919151 -1.83511793327 -9.17239608017 -6.40448631316 7.38733781841 -2.69945006906 -3.89915916729 -1.83172172565 -5.98496989861 
-15.3331095654 15.3555756544 -6.0108353632 -8.34778796853 -5.12672669137 10.045496775 -2.22455107259 0.14249542924 -4.78332631022 -5.63424275872 
-5.34166185226 13.0010782872 -14.9233859042 -3.79024803928 -6.4068679274 6.98715327656 2.71538739733 4.86749129723 -3.17053652616 -1.03325689367 
4.15367538734 13.0360481911 -18.3877644285 1.86303985825 -5.95905013379 4.29958753955 5.81646045971 7.93853681989 -2.57846977788 1.65227842067 
6.43083757736 2.562188173 -19.3668084559 -0.649814959451 -7.5600657655 -0.60758025838 7.71702574031 7.31255402804 -2.03060166381 0.882698464158 
11.4831595788 -4.00445674473 -19.7404355139 2.06869809117 -9.07751640219 -5.68717044772 3.65394178196 1.75123652622 1.69334232831 1.6926709126 
18.4677807419 -4.45989758633 -16.3299910366 4.16327233675 -8.69248350349 -9.72129050181 1.15766175907 -4.74515411775 3.33955511978 0.495510974523 
22.8386555125 -7.82041258279 -10.1094919912 2.95075754747 -8.64988326718 -9.9349242237 -4.7843217351 -7.58205182677 2.00133291113 -0.239519936022 
22.2848611574 -6.74109798115 -8.49766433997 0.286368090996 -8.22006045484 -8.80155061621 -4.01546657265 -7.8630508058 -0.209536335108 1.14064644597 
19.8358321487 -11.2452236408 -4.25071554133 -1.76867823888 -6.99021845723 -5.27960741344 -4.28412388547 -4.67996981578 -3.61595590639 0.869024910304 
24.2158189873 -15.233162536 1.70748962727 -2.70030899052 -6.38617986591 -4.91319122491 -4.30536190414 -1.72488727539 -3.57086554007 -2.69493368575 
25.2379553574 -13.5514585361 2.42133459195 -2.41495200303 -3.69530300574 -4.25784075807 -3.20415583955 -0.610364183067 -3.38297181938 -3.40083002648 
27.5242210073 -11.3753456745 8.74570155693 -3.96344995758 2.12291738473 1.40630137776 2.7158630705 -0.675552190682 -0.904574051623 -2.16862672897 
28.7564226005 -15.1570367371 11.327008861 -3.97207542149 3.07367498522 2.33371435271 4.37111608081 0.311404064444 -0.96068546872 -3.38475456428 
24.0836897151 -19.3458760898 10.5644882988 -10.7540007221 4.05954885422 4.89068401243 11.854500608 -1.38225171388 1.42512109859 -4.48100164556 
19.6404243948 -22.6184450799 8.9162436707 -12.9145371947 1.00852704978 4.28884833627 12.5004523433 -2.36327040074 2.46867421071 -4.88163503691 
21.6193383181 -20.6640632971 10.328810698 -7.87671683883 -1.08941791166 4.70833928118 7.33389384055 2.70350725324 1.74898685204 -3.73613315303 
25.0439483934 -18.5498848286 11.805288748 -3.1566422455 -1.72028506625 6.61346471839 -0.426057141318 4.72978292677 -1.91913755283 -1.6015056934 
26.5206710683 -14.9286255687 9.05941728444 0.319269122819 -0.672337151733 6.04166343663 -3.12175875378 6.21836193456 -3.0005830599 0.63064684463 
27.4208426148 -12.1284739469 4.34999867567 5.14502107336 -3.6833635839 2.35655633756 -8.5590572283 6.26803525054 -2.91291437722 0.28066907073 
30.1032305296 -3.94730201976 2.75205867907 11.3291452448 -2.15423983785 3.6591588315 -9.02652187506 8.02595915145 1.13844798279 1.62567623316 
29.5841931697 -1.549821674 -2.24158705711 10.325925574 -2.43826790517 0.484152251556 -7.37578727864 5.51227019486 0.981232360817 -0.885351609769 
30.1993806902 5.7622261035 -3.74183203487 11.7194820859 0.0423791641582 0.223707526952 -4.34425177429 5.05777737733 3.5800109369 -1.10279958523 
33.3415647356 17.2244253786 -0.430742258045 11.5593058689 5.24365929906 -1.05639282353 1.53346813464 0.176837049041 6.29426737387 -4.17212904671 
34.1013348915 22.7513570542 3.14062844944 11.5925986272 8.0422403569 -3.3600776795 3.71747761972 -0.535811702424 3.09100031494 -5.47247396443 
24.2451074591 27.8923092871 -2.77441614648 8.29308617551 9.83255881208 -0.944012640537 4.76460294754 -0.914647587548 4.41260915596 -2.74930435326 
16.2627977344 28.995759835 -4.07634626572 4.34121980567 9.18871149125 -1.73371253666 6.90561770515 -1.47124566014 2.60003664412 0.345023040137 
8.11881018175 28.3371785223 -1.84492509382 -2.83241059902 5.50063936612 -1.57482205793 7.38917816198 1.37913948829 -0.189353606139 1.43008143518 
-1.93394240428 23.9729885995 2.42816441884 -11.1168422582 0.0700445337578 -2.36832961453 2.39313357806 1.86290300755 -3.91661038319 -1.53761537113 
-9.00369177328 20.6548394319 5.1939104527 -13.7338486045 -1.24598788541 -2.69277900008 -2.03265065549 2.31052359032 -3.84704181039 -0.510276872903 
-12.893650796 18.9411240294 11.1454329675 -15.7913387931 -1.5817168201 -6.4141012477 -3.24610230556 6.32847155814 -4.14021852453 -2.32071202556 
-14.799914109 17.292690987 14.3397240621 -9.21267103044 -1.42567642066 -8.21236218912 -3.5095250475 6.75846315218 -1.71574764664 -2.99293324969 
-18.2353488097 17.364936924 16.2589850529 -8.0218962677 -1.65933927675 -8.84937109294 -3.64367672558 3.97336238024 1.63561213396 -1.10012170205 
-22.6196813107 9.992466031 14.8778658339 0.344342348995 -2.60282183262 -6.25105716045 1.5933767045 3.34767592271 2.22847981862 -2.3509031967 
-25.8615302994 0.767181281048 10.6363256963 5.20398975929 -6.77919370879 -4.22574281136 4.58184006979 3.89306698234 2.52687214829 -0.151948795887 
-26.7500831541 -2.64271195728 6.71440004086 9.42409121001 -6.36668284458 -1.38131100799 4.75419970154 0.127560414906 3.11606082333 1.29499267734 
-28.0545354731 -5.15901934161 2.93477409013 8.21506897032 2.35484881727 1.61300029785 1.04746053506 -0.184545356801 -0.183749023042 0.31826805567 
-28.4935758836 -6.51711826486 1.45611534944 8.31304226133 5.53062400454 3.07764984069 -0.725978504993 0.495276797195 -4.90783762148 0.366336629707 
-28.0535854684 -10.4718895562 0.202463167334 7.05296831841 4.57698737763 1.49882393945 1.74528872912 1.19040546219 -7.16823788725 -0.221297306878 
-25.4221353391 -13.5276733839 -4.17164541922 3.3146772956 5.25720601563 -1.31337926908 2.21333851536 0.187804973499 -4.06825682237 -0.77915092212 
-24.3903180777 -18.1397250417 -7.40825482226 -1.49329943882 6.82961020145 -3.23114206429 1.57575421943 0.675799103249 0.0481159001797 0.651101855194 
-20.9172074747 -20.2773692531 -11.3731364753 -5.62254923414 7.13260046697 -4.18166982316 0.0311339357516 -0.635615279663 3.34336794525 -1.08304362379 
-22.2724470273 -18.6278450459 -8.4544089508 -4.80403439318 7.24255655192 -4.01342360766 0.534640263027 -0.289010690425 3.02810812041 -0.862208834978 
-23.3674117971 -17.2587064141 -8.02823602468 -1.53635910042 5.99581280553 -2.80457443146 1.6191343455 0.30783348057 -0.690706301255 -2.1939437004 
-25.7306125095 -12.6683312647 -6.52096124482 3.30213357091 9.20790956902 0.990714717237 -2.2254110066 -1.04868215363 -5.34635008252 -2.88876906512 
-27.8530804858 -7.6895527514 -2.38422249053 6.69391871877 5.87902692016 3.31555660503 -2.95025171689 -0.147535217769 -6.47726865994 -1.55475150383 
-28.4997798516 -6.9851560868 0.0252088388655 8.34875316872 1.81277437449 2.98648742719 -0.058672021774 -2.04016547555 -4.99473322096 -0.112405716643 
-27.446669752 -6.09425906154 5.3355169929 10.8600094914 -4.69841003063 0.402064069849 5.84358861414 2.11184717064 -3.34982436127 -1.31181105381 
-27.3985175996 -3.09251080505 8.62522574594 12.2480809329 -6.78035355854 -0.540847553108 5.34995994569 2.63791855026 2.59457871638 0.202328780124 
-25.7368070612 3.9587430463 12.9028888569 11.4200922684 -4.22367919011 -0.38741759702 2.38724396852 0.264060012322 4.34001372172 -2.97886292196 
-22.5334670753 8.90793618726 11.8367044959 3.06342371604 -5.31336387748 1.30956556411 -3.77583935619 -0.900627610016 4.87378853775 -3.67581402462 
-18.5909502933 10.6019409567 5.97952787826 -6.66970587412 -6.53853612458 2.1986190298 -3.90015140929 -4.52531869085 3.75034609497 -3.10041904065 
-16.6179920536 10.275332945 1.86173704694 -8.61928594379 -7.97999684856 2.27917814255 -1.17616184185 -2.01741152151 2.82176195735 -3.87555771559 
-10.6595097538 11.4798184171 -8.32319767398 -13.6474697896 -7.74196750024 6.80680288849 -2.07135791294 -1.99868214567 0.230363651109 -2.01913085177 
-6.12660221348 10.0114709531 -15.4696035613 -8.94188806421 -6.17706733156 5.25666129149 1.77333719669 0.00598065386677 0.220080682946 0.0417897828326 
-1.26959114881 12.7667441514 -16.9826103298 -3.27450658136 -5.62749820209 4.67339971653 3.67327073578 4.40035527189 -0.642107931129 2.26963816222 
3.74260639397 10.9225426629 -17.5365430448 -1.5156887094 -4.8990268201 2.84313425435 5.13142837078 4.56190190931 -1.66956616111 1.37651048617 
5.67940771037 -1.42733179293 -18.5033264256 -1.22392778335 -8.12940415886 -3.27918263382 6.28580736953 2.18384275364 -1.81540022349 -1.43883698962 
11.3422325362 -3.37880212775 -13.1017050101 2.00098082051 -8.47510398146 -7.21773157362 5.08285520897 1.03510179063 1.67283594268 -3.9136283432 
17.1571463001 -6.9253258952 -9.72186276082 2.5035643882 -6.94145043282 -9.81932762584 1.83266145815 -3.45176334587 1.22835923511 -3.0686668313 
20.7321808315 -8.10761736637 -8.6419858789 1.12710852312 -6.16883579964 -8.81558280802 -2.29073922562 -6.05114269241 -1.54013756971 -0.403359648766 
20.4276898771 -11.7268565215 -5.85913553565 -1.33066365725 -7.23940128318 -6.84144849335 -4.59562707615 -9.4238247731 -1.36813962417 3.31357384386 
28.0474522278 -7.39310889589 0.566406067876 -0.980431868965 -3.86149017726 -4.85536150605 -8.11148379092 -9.62594948251 -3.65255069046 6.97329127808 
34.8528970115 -3.5172939327 7.65139188942 -0.650238141126 -0.828632156013 -3.77527167516 -9.51966402284 -8.82402827182 -6.68560416305 12.3104499481 
35.0391842786 -7.27279059644 8.91344981184 -2.19153764515 0.527761714062 -3.42321037794 -6.57502163446 -10.1982239001 -3.82827393212 7.73922767697 
30.6329563803 -13.294131462 8.9036209765 -5.95292477513 0.0732884078257 -1.27827733248 -3.98184874435 -9.0544326195 -2.98874881731 7.49487328046 
26.8102690685 -18.0184258983 8.34609713962 -7.48682360979 0.822503805156 5.48285389474 4.62260660761 -7.82835677905 2.81235077945 9.42790799643 
21.6607171126 -21.0543099124 4.97298057851 -6.91708645101 -1.50194162063 8.15452011268 2.12647047277 -6.52042693754 3.00932870676 8.86466231796 
22.3547672772 -19.8701780475 6.32212131286 -4.23027036103 0.214424243144 6.6299125334 1.88802208644 -3.42578578675 1.95244976493 2.2359853929 
27.7716088862 -13.6863262728 6.37649515656 2.21211007387 1.07369129628 9.14132887709 -1.16166006787 5.03738021686 1.93167632541 1.09588218296 
26.8325573446 -15.2026383577 7.73439175416 0.0304560156261 -0.102514147198 5.03403743362 -1.9337295349 4.9366774236 -1.97281051425 -3.39634678804 
26.8126985424 -13.6613641206 6.2351885017 2.80766109036 -2.59428991246 1.56449816119 -6.04035651011 5.63511830852 -3.78474568135 -3.63194898451 
29.6606188432 -8.03859449285 2.41142922023 5.73703629794 -2.62817836383 4.1936335316 -5.99431414015 8.26446478092 0.0268644220513 -1.64877465096 
28.3085985396 -1.65164868357 -1.57370489686 8.36591300102 -3.10073913658 0.95633753566 -5.48271034025 8.16275549289 2.33230203937 -3.29392742543 
31.4296394365 5.94373665314 -1.06402438463 9.08116821874 0.60293061808 0.298111538751 -4.71689094311 4.58070431021 1.49874509956 -2.76006527622 
29.2381384131 11.6908136485 -0.293300583903 5.64921131204 2.95797212974 -1.26870031752 -1.07242138603 1.77429427413 0.886244739383 -4.9205414193 
26.6139291109 19.1976321778 2.91171111252 3.32563356565 6.20569746924 -3.7333188351 4.77425753998 -2.89642371816 0.29154379234 -6.13049742677 
22.2938402181 25.6317864814 -0.137012591965 1.18771873606 10.4522453865 -3.25568274412 5.65459168787 -3.82420079985 -0.675586679646 -4.89169377311 
15.4860753178 31.4212336744 -1.73187999131 -0.0598733687768 12.0603873763 -3.00304657983 7.4382929291 -2.64779504336 0.0603484888446 -0.307739538764 
9.90026763885 30.8352540891 2.22783901832 -5.75768469731 11.0249449679 -5.07798776659 9.8740620029 -1.80835078173 -0.0520369560179 0.294328568894 
0.169800016674 26.0289872554 4.0878532119 -8.34469881689 5.32733577963 -4.55491278649 6.94068150889 -2.21110597481 -3.99185086931 -2.63578815093 
-7.10197310326 24.4793101559 8.67105663765 -15.1054182265 3.47754266494 -7.5034405593 3.55622471955 2.6479190508 -2.74678800381 0.0675134370796 
-11.1403602644 16.0283163547 9.08880535561 -18.0973333791 0.0452938827289 -11.7705315781 0.371368664585 3.36362415681 0.294574921382 1.08224798184 
-14.1446754997 14.4507450398 13.493634173 -13.3457969075 -1.47877567895 -12.9511424272 -1.60843243357 3.73954590529 2.04088873816 0.218306223895 
-18.1027427536 13.6421994137 14.5265629276 -10.751148762 -3.57635342942 -9.79148513378 -5.27165066003 4.41796548705 1.25638540423 1.64507217812 
-21.5075615706 6.71162108497 15.4077255157 -2.8286229263 -1.92810411405 -10.1323345619 0.898600480558 3.56432116307 7.03367276394 1.16224258849 
-23.5226414427 2.09695947442 8.7758859076 2.90856182112 -5.5549237385 -5.18508546599 1.46109402115 1.66901648003 5.08512234525 0.663088913395 
-27.3113890505 -2.38041692156 4.93599011422 7.10893128251 -4.63251353483 -1.05898040264 1.72345209579 -0.0403575876976 3.61972368079 2.43977853423 
-27.4806929912 -8.36881400253 2.40862959108 8.16450965308 -1.78196914009 0.575168851509 1.84890137597 2.7210668376 -3.68424198352 3.22990868253 
-26.6395702644 -10.7814435481 1.5503532491 4.55948660496 3.39721836487 0.0207893269934 1.06687825276 4.52959955824 -5.55418932082 3.67603266851 
-25.4942377935 -13.5195755032 -1.06786952311 -2.46385498917 4.94349909167 -1.7557227074 -0.731167835102 6.68048713339 -3.6790001308 2.37125093505 
-22.2891987293 -16.1362427155 -5.37270864427 -5.23538906678 4.40058075468 -3.01206857934 0.341760668803 4.84508039734 -0.337098330927 3.58580007489 
-21.6215124987 -18.4568553598 -7.80882932513 -8.29092129688 5.52767752827 -4.74660227576 -0.58656252665 2.62102327167 3.32776854177 2.54171535392 
-20.0965795007 -21.0053687333 -11.984886805 -11.3906458881 11.6336608545 -3.13341855796 -4.28809674674 -1.14013345708 5.12212752202 -1.89851019621 
-21.0764112663 -18.1225459254 -9.7806525562 -7.06491061436 8.62856009951 -2.58535792041 -0.724309841674 1.75615191098 3.22179284885 -2.23422625282 
-25.9958687937 -12.8022758301 -6.10753222589 0.280776184047 9.8051785138 -1.21645733321 -1.50321928496 -0.293870009163 -2.32569927084 -3.14021332376 
-26.0676810318 -10.855695307 -4.45329217825 2.21319768516 8.19665285656 -0.166070237359 -1.189715951 1.03531074462 -1.9765134445 -2.22838786833 
-27.414703046 -8.74971902233 -2.02474874591 4.86528247652 2.81391007714 0.567129916218 -0.821924621405 -0.884855215927 -4.1046980561 0.690354299713 
-27.9317728243 -8.4632252537 1.16828043848 9.5675089985 -1.73425793004 0.994259632161 1.74926233605 -2.02325317154 -4.81865239522 -0.546856333609 
-27.872533253 -3.6033543674 5.29280688748 10.6232794689 -3.75982937477 1.36539358746 3.28649437434 -2.86874537536 -0.474062901756 -1.40815667424 
-28.5920450049 3.43054782928 10.7668749581 12.5685378804 -5.16809631783 2.40067606334 2.16677945765 -2.50159189583 1.35573878413 -2.12217908794 
-25.4724608413 8.23845445891 10.7985511813 8.28138671369 -5.39770564924 2.91799081632 -0.706141651386 -2.28926889104 4.33768852319 -3.10480888145 
-21.7920525869 12.7698241651 9.65921281885 -0.300338113294 -6.66754934238 3.95517235965 -3.76225144978 0.076743529665 4.09044890884 -3.26557499629 
-16.4850390086 11.5805244446 2.31835434191 -7.75203302457 -9.66129008682 4.90776662915 -2.85537514762 -0.630310277476 3.33139566081 -4.05198091404 
-14.0801150177 10.5323684224 -5.71559434121 -7.99126663576 -7.23059256007 8.24635422013 -2.73338630628 -0.604153178195 -1.37843049935 -4.09505145508 
-12.1128316409 11.6264953171 -8.78389373525 -13.6074410407 -9.42945752499 10.4633564105 -3.68071868568 2.05997018644 -4.23667000344 -4.77610010538 
-1.89672695634 16.2997656185 -16.2997943497 -2.97038053952 -6.12344292564 8.45329781003 1.58582537045 4.61199172689 -3.11316006015 0.0337715375581 
1.54838606787 11.4072751579 -17.0484834285 -2.22361566403 -7.70604823713 5.29096710776 3.44653231797 3.45401713284 -3.72560469272 0.37802053666 
2.77951390624 1.73777582563 -16.0434021526 -2.93290648593 -9.87440724203 -0.173912197085 6.12447319843 3.52324309281 -4.97461877688 0.0272178771742 
9.79373807049 0.172481296502 -14.92230041 2.1863759034 -7.26734320251 -4.51151118602 3.38857400751 -2.20049064788 -0.276163708312 -0.692568283275 
17.8608236687 -4.41468454213 -11.4229181312 2.0880543953 -5.74800170353 -10.0115706362 0.638906845705 -5.79451258333 0.464349152857 0.0176857779576 
18.2791128139 -9.23236866532 -12.3002079936 3.05336328724 -6.85026512627 -8.20637108896 -4.37890596545 -7.35082661527 -0.420040999893 -0.0839401149446 
19.9805224132 -12.705018107 -9.0866293829 -0.25225836007 -8.33757356814 -9.29756300318 -4.74205237813 -5.66462852296 -1.19520329005 -1.60111384749 
23.161223437 -14.8236825597 -2.79006056106 -0.460792543645 -6.77703574488 -5.01182731093 -3.5010859917 -3.76240089576 -3.10773598848 -0.309960469358 
27.3481589611 -13.7873682463 2.2485412702 1.88928573669 -5.65763696628 -5.3124273951 -5.74355508302 -1.71811766786 -5.98098639529 0.964382119105 
28.4328772038 -12.4982994929 4.19434665681 0.72308199034 -1.93445540732 -1.24383795601 -1.81351795742 -3.39108093684 0.190349258341 0.184773781307 
33.8950598544 -8.63985704481 15.3591624349 -0.435571018887 5.17516956726 2.11312358199 3.36425537285 -3.02558039655 1.10476424015 0.317754925057 
28.2034012199 -13.8310174445 14.4435800605 -5.42078011143 5.40338345986 3.81673488087 6.94023145958 -3.33341186821 0.442285103882 4.23332565711 
24.9637982569 -18.0400917542 12.5860466068 -8.2760753173 4.16283385414 1.92154155128 6.57191329891 -4.55349948769 -1.48196256635 -0.886951640203 
23.8855842426 -20.8155683599 9.11569427131 -9.9488273934 0.716276120607 0.991751131753 7.81237628399 -4.15973316294 -1.40570641477 -1.52043603695 
22.6080917873 -20.4219097455 9.45259703375 -6.50043994111 -0.831062465776 0.426113535998 3.29291046269 -3.77847175282 -2.49096737901 -5.00057732531 
25.1284377582 -20.2161591825 13.4106113172 -6.17686917629 -0.263587043391 1.0179336523 1.44418199414 -1.05121949117 -3.13041036532 -8.88707996821 
27.389535296 -13.0702867069 11.2193643164 -2.07887394085 0.727910737368 0.00448972458607 -3.08398597147 -1.05560074217 -3.51368379421 -3.4880721483 
26.0506252879 -13.1592959073 8.33226342404 -2.24809210501 -2.07142817248 -1.61761250758 -3.94199826318 -3.00949587065 -5.64296075678 -1.40982573561 
28.3517784633 -11.0735846461 6.74725064427 0.532090770115 -2.94273138402 -1.4973599721 -6.65898464435 -2.5575698911 -3.43977330415 0.353491495042 
30.446660148 -1.66891873438 6.36053779109 3.62722662848 0.735945287574 -0.859801865408 -7.59164408355 -2.75836108537 1.23534595477 0.230601282178 
28.6169284821 -0.0768854193479 2.56176817905 3.12948794558 0.0585539925723 -2.87238487498 -5.58949185186 -5.48235182929 0.707558419627 0.97659009869 
27.4216401883 5.28430156725 -2.07349039802 6.6751633905 0.674367554958 -1.53112133329 -3.69080022305 -4.20478905575 4.22679763852 1.00772710445 
24.1801389223 9.85189960289 -4.08741758742 4.60970508604 3.40391354558 -2.16717697754 2.55420006807 -4.54209328433 3.57773582845 -1.2717646364 
25.6819664968 21.2185824656 -8.02527416489 9.07700859522 8.42060335545 -2.32305010397 1.75117416697 -4.82206025528 3.79593265523 0.452121431958 
19.7705675761 27.5919497298 -10.8233992974 13.7731902236 10.3150668154 1.77278444834 0.477038476395 -1.42956872013 2.23755771032 1.25537832722 
14.2597569596 28.6515061465 -5.27463999066 7.29679329626 9.35505286688 -0.901256686336 3.50035534353 -0.949900614754 -2.37976291619 1.43748420836 
2.94671631847 25.9336486605 -1.67644401648 -3.42999298873 6.49771854672 0.560721969449 2.69888519196 -2.04453385327 -4.34660661866 2.55888151748 
-5.34835341682 23.7671585983 4.45228910757 -5.8465295879 1.36051018398 -1.55302705641 2.12373635425 2.68881624639 -4.73396418035 3.2486932143 
-14.6437671334 17.6103752467 9.57423951773 -8.58477779918 -1.30938705676 -2.01564713871 -1.84566292462 3.48608030232 -5.23505703006 0.734995188076 
-16.5178725278 17.7610216314 14.4600729511 -10.7585678916 -2.82623153694 -6.20148373042 -3.26940205594 5.50405486649 -1.90643304374 2.25373892848 
-21.9088676857 13.6970379844 14.4052045462 -4.58917132584 -4.21005253123 -5.71772871081 -2.81135576414 3.76160487168 1.19011900641 1.58655855717 
-23.6450778956 6.28535965098 14.2195408331 -0.520331344483 -5.17167218449 -6.28185923618 0.480866615544 4.40118734483 2.05135757284 -0.268326739099 
-27.991184601 0.487599895469 10.9625438545 6.96281964773 -7.61633277244 -1.39822369778 2.06962250104 4.18963906933 3.74454715258 2.82824388399 
-28.0303613386 -2.45326174898 8.20991387053 10.4095354617 -6.62114605287 1.06426890351 3.15426382604 3.58136987903 1.2108721481 1.87141888438 
-27.8159624684 -7.80696941017 5.82983864696 11.1732750679 -5.76489320842 1.13759353081 4.88679855328 3.23874848198 -1.69871526646 1.83476793669 
-25.779127093 -10.1174952046 2.38730049768 9.01665622093 -1.54184239071 3.39706995833 2.23998350458 3.00274516309 -4.91966520606 3.31838763656 
-25.6171458257 -13.7952843477 -0.633245428956 6.05944321518 1.61277225006 0.78746602548 3.02203277629 2.34256635101 -5.09031391999 4.00986486542 
-25.4230076023 -14.9489672369 -2.4832059427 4.72785347751 3.68617494785 -0.247633681103 2.86843366185 0.0430874963146 -3.07466034842 0.798066095551 
-23.1273575825 -16.7922889104 -7.93884575953 0.443113211497 5.63404287391 -1.09083410103 -0.436915833062 1.17262778915 -0.364932302608 1.34049540593 
-18.3355366953 -21.4854002808 -14.5845348461 -8.98643179341 9.03008683266 -4.64204705754 -3.75083710374 -1.67416624714 6.42151922908 0.0832193184895 
-19.5511792534 -21.453659371 -14.0445177615 -10.2163155073 11.1720244384 -2.9014144924 -3.90295939016 -0.394495046109 5.63246973317 -3.279155704 
-22.4014069136 -17.9562237518 -10.9888732663 -5.56342651731 10.8128165469 -1.50544475943 -4.48017434719 0.840223974388 2.85836484248 -1.16715825332 
-21.8249849852 -16.050387449 -11.7802049226 -3.30377190294 10.0874669512 -0.187790374488 -4.54875743774 0.378552761144 -1.5680406994 -2.07930352907 
-26.1559599251 -9.35098313641 -4.32160478127 2.70240959294 7.11485392992 1.20417023228 -4.44242247026 0.452606820391 -5.47591484535 1.27120957013 
-25.3598659796 -9.40961977457 -3.85458790057 3.75498066292 2.98651647022 1.19778503028 -2.1424043657 -2.08431519584 -5.30051926184 0.918086006097 
-28.6284380749 -7.47838293919 2.62751298948 10.9710996974 -0.907738653875 1.82149160302 5.21354958218 -1.25538759006 -6.43906444753 -3.22719156095 
-27.1388572106 -4.56347515403 5.29476288441 11.361358193 -5.97818938633 0.616638751831 3.91986846126 -0.160254561594 0.142471732471 1.66261737776 
-26.8239158708 1.41483890334 6.62548033903 11.5680080853 -5.27967763248 1.4352618281 1.11806222192 -3.6469863665 5.95481125626 2.47409439973 
-20.8782905749 1.60837149418 4.1562169195 2.01182414477 -8.94091188626 2.11709416465 -2.29564148222 -1.62087202691 7.76838430064 7.55589773441 
-17.0829909722 6.52507363182 4.23426817241 -6.75518307624 -7.82826650617 -0.642870945031 -3.30898638294 -1.02063643122 10.8657370174 9.23300151798 
-12.1312790791 4.95305179543 -3.84845783117 -13.0007630534 -8.13130673137 0.712482326532 -2.1232596731 -2.42636455528 11.6633138335 6.9778815041 
-9.74643608038 6.81382380031 -9.29779575031 -12.9200469939 -5.36108017759 2.36258567271 -1.61920900222 -0.513526424113 9.61792438587 10.1786822018 
-5.17313774072 6.95679353371 -13.6747092491 -9.9561887328 -3.96043996249 2.78071132973 0.0260892577132 2.45984701264 8.97204722345 9.96618827625 
-1.41172038899 10.8546916696 -14.7205055376 -7.56403152992 -3.318125025 4.86742353769 1.34616004874 5.44678726563 5.96535142394 10.6494059251 
