8.80834757461 10.995504824 -1.69961642866 -8.82956706915 9.07606195744 -1.14622288194 -2.15285619379 -0.511731973128 0.0383935880869 1.45669609158 
12.461120189 10.2980519371 -2.44819995821 -10.0374063027 8.03852811918 -2.89073569191 -1.92974812508 -2.42260115046 0.808205551936 -0.0772468245861 
12.9128889277 8.05556978469 -2.67496151689 -9.99344401621 6.26829686819 -4.6567764851 2.47273449937 -2.22298275038 4.97836065208 4.79931809039 
18.6865417971 3.0955816048 -0.73706459771 -3.89244911731 4.65424604534 -0.149550472985 9.83967009675 5.16540312246 2.27185556027 6.69246638846 
18.0364310973 4.79942500321 0.75365991744 -2.58292950954 2.39454413655 0.709661143732 7.92663389164 10.4388712291 5.17360585067 6.44138089025 
12.6043522033 12.9808208136 -1.26689608591 -5.89802686275 3.72292650967 -1.63284093037 1.76715434717 5.04637434557 4.53459659987 6.01235196422 
11.781451271 14.6156751258 -2.39383061739 -6.40919673588 5.20386557368 -0.752123359366 0.969252032348 4.42980496655 5.59009683202 2.45564599198 
11.1142212723 15.1940211275 3.48316624289 0.467358205725 3.55185287771 -0.638555143169 2.34423183718 6.29800281099 4.34927123148 1.96980723035 
12.8066482441 10.0781408425 7.73939778763 5.21628067898 -1.93172800681 -1.3397994735 2.26052683229 8.02713028134 -0.826286190076 -0.454929453564 
5.35961421675 13.5900533923 14.8533417938 10.4317454832 0.0523396924874 -5.60367980046 2.63000552051 8.85349093506 -1.7344286934 -1.29683442578 
2.71283417696 15.2036226503 17.2138027909 10.6410851465 1.27670151099 -8.13983968809 3.58104187856 3.79290582848 -3.42537638305 -1.72188902944 
5.55715916061 16.1007798496 16.2731856362 6.88983125347 2.52200474301 -2.29953281821 2.5279077645 6.66555461312 -3.83281747257 -1.22760279675 
5.78756840521 18.7397172917 8.60719463395 2.90820111347 3.7196905612 0.15706054252 -0.0148908574047 1.98496823349 -4.79700458006 -1.43233128788 
8.85844677024 17.9310601931 7.65170855796 0.25503552805 1.79718173476 -0.116145112306 2.4242889898 1.20213942079 -5.74608918537 0.56618383905 
12.4651848853 13.9493073678 2.20919537168 -1.3333605462 4.01398441878 1.49303871293 0.832699484112 1.05000729981 -2.6857056928 -3.66442231658 
11.1536425245 9.70620402482 0.294497282278 -6.57712034939 5.79322011546 -0.377845722287 2.38242018695 -2.06396830721 -4.40006756688 -3.26046601494 
11.5842390685 8.80371579871 -0.00218818257413 -7.50020860951 3.27973843088 1.54049105637 2.78820890673 -4.49481557611 -6.59994556214 0.200929628422 
14.2120695048 10.7300116677 -3.00731141118 -5.75726822133 0.465818316088 0.46949808036 5.54296357811 -2.71930401378 -2.6219234293 3.62684983306 
12.6330088582 14.0887049919 -1.88483249527 -1.8507839644 1.92012545134 4.46294306297 3.00218271462 -1.29371341446 -3.15383945996 0.29012049438 
10.3906036479 17.1148066799 0.26409233691 -0.132226722289 0.339385554239 5.46674777757 2.056426861 -3.07906220795 -4.1640917447 -0.0223328874188 
14.6182329101 13.5704549713 2.2806535784 0.0466174399037 1.35624674648 1.86759862632 2.52251637204 0.670121720999 -0.656949262072 -2.28151867235 
12.5947032508 12.7103761874 5.59144643366 0.366240592671 -2.6337291207 2.7041186221 4.18635671893 1.21113630377 -4.38421547548 -2.56932757294 
14.8354268095 10.4404058934 7.09204076952 7.46865144031 -7.86151994635 3.70921772407 2.859382618 -0.632128995325 -8.04041992927 -5.09378355271 
11.942424977 11.9792567987 10.4041708638 15.0560896966 -14.3777300739 3.83903042242 4.63368202024 -0.443081186655 -4.24344781607 -10.2207197397 
7.26460121632 15.8214495422 3.95412988947 2.77550672495 -6.00370447718 4.53299125378 1.2324509064 -0.513616706656 -5.33707809491 -2.76231110519 
9.08124539205 15.8518864256 2.57739676486 -1.36386526718 -2.37399462493 5.54795593255 1.55553919934 0.468636195536 -8.09913796533 -2.78615735987 
8.55498017447 17.5906616332 1.07262792745 -6.96481729025 2.0254706551 4.31398508183 3.34508806127 -3.06117717116 -4.61047886465 -2.18314078162 
12.4056842432 9.74979433626 0.954409157599 -6.58002946599 1.47779375568 2.37106635518 3.57811691128 -2.87936162545 0.780230624106 1.48150606679 
19.7363951333 2.76227508899 0.808656165794 -3.81609832242 -0.482591786645 1.58263259532 9.26528756703 -0.17350341504 0.0648782572676 2.09746256733 
15.0208015277 10.0371931881 -5.01249852688 -1.7278012315 -0.465650841042 3.19881322538 6.22282486321 0.915221813585 3.73600688816 3.70079351664 
13.8099950052 12.3042862782 0.816901782489 -6.36051015681 0.498069228202 2.73625219276 5.20850051924 -1.35801196548 0.898281878961 2.12657145679 
12.2333566603 13.1681909126 0.115260829489 -6.47956068381 -0.0780962111739 4.01802980739 1.57789194853 -0.589710471469 -0.546135964185 -0.690027104626 
10.6086929351 13.274204083 4.4834004135 -0.231256460303 -4.48893026654 5.7831074958 1.75135020696 -0.755132259727 -3.04140558178 2.22743269982 
11.747693374 9.22321296914 9.80700233662 4.89764219295 -12.3348675142 4.43935157539 0.593299190026 0.277580743021 -2.45304227369 -3.5972537183 
2.12865569216 15.1789751722 6.78043584171 4.16878888874 -6.14314337146 -1.27199009278 5.6667494224 0.878112333647 -2.33762903308 -2.30425713596 
-0.229825764043 14.4658743581 0.579969075246 -2.99025751602 -4.86172121098 0.080104399331 3.54682172234 2.87136053286 -4.85590153351 0.168354166605 
11.3712397971 9.5836369408 -2.18292088359 -8.47606818032 -1.51679477968 2.67127781972 0.464598495994 5.14359744589 1.69967237345 1.8256837025 
9.1970735336 13.3098332262 -4.31453524488 -8.09381604114 -0.245177249951 1.34140748644 1.89147439575 -0.864746975509 4.76993123335 3.17351182587 
9.87439279568 6.53470718734 -5.85747248646 -12.541020747 0.459919659729 -3.63537114041 6.53580653248 -3.51311809199 3.0164465021 2.49408840069 
10.9793133829 9.60634498589 -4.99776766621 -5.2273723398 -1.31107185317 1.2063881131 4.59480948139 -4.45464057783 3.53530552633 5.05232815599 
12.3073167933 7.7035571849 -3.10344563295 -4.81104898925 -2.93749660557 2.67164798773 4.22170653685 -5.3484749303 3.28652100519 4.92109160788 
11.287958274 5.85222159241 1.66477149401 -7.42494260456 -5.47448247048 0.353841641186 4.19838647872 -3.48523995949 -2.19869519807 4.36913090843 
12.763597753 6.10560707461 7.26508125471 -2.74478379932 -6.12995285268 3.08501170686 1.48869206422 1.84195664414 -4.21305562004 3.92919316851 
16.4126450643 0.362771870712 16.6825656695 2.96178393924 -9.91745793899 0.459176599619 3.17462032011 3.66134645194 -7.55964079305 1.98321527142 
9.07624044737 3.20664629444 16.9472220347 10.1274385837 -5.35923214895 -6.2752671826 3.29749592431 2.27161615579 -1.79228096217 0.274810736547 
3.85670338086 9.82848330418 3.37268041534 -2.32562439599 -4.02845510232 1.72209724105 -2.79904464862 -0.332591848007 -4.6555962059 2.48524679113 
3.07033349445 11.1095351601 1.36451815511 -1.79668906933 -0.999018048604 0.984564411287 2.22695192042 2.95449490995 -2.87644195517 2.11818017073 
7.01738985326 12.8692186948 -3.69569769935 -5.74553790896 0.803999089246 -1.36012077628 2.56999124034 1.28600161397 3.51548381096 0.471563690182 
13.2087327166 4.76940802967 -3.95006311895 -3.66730947216 3.78373493821 -3.12344726114 3.86633668917 -1.67113909234 4.20397537721 4.48371871064 
8.22124081243 7.09148196242 -9.73431493913 0.214084754634 6.54438323288 -4.81123760631 3.76503027254 -1.97887013442 1.7750655026 8.57538149568 
9.45169108718 4.82363177359 -5.51047142078 0.432705373439 5.41431661209 -5.52924075466 0.70169845605 0.793253426702 1.35284115121 5.81377381697 
11.4066368487 1.43059845345 -2.09579145681 -0.982550174207 -0.345402975277 -7.01818251785 1.40271305006 3.63324595095 3.12549637297 5.6206123565 
8.26928500776 3.32967428023 3.25368344233 4.70170307612 -4.32639865103 -3.29220758013 2.56745933497 0.291601658662 0.136184475735 1.98544047932 
11.2943271084 1.76938425374 3.02974156576 5.07298485154 -8.74971962913 1.9634592749 -0.132250594845 1.83018079457 -1.56235872627 0.945087999293 
6.93305097301 2.44143569891 2.7047488533 7.97920360665 -9.29622926986 -0.147742783364 1.87578234133 1.64594012645 5.4656589382 -0.788850315962 
3.41214471171 8.79514394947 -2.26903424688 1.52138701369 -5.1303647243 -0.231263152047 1.16133650427 4.82548040681 0.49109318527 0.969563951728 
2.94338568291 7.54918975277 -4.61783676844 0.444492566009 -2.81254468108 -1.35201500453 3.90203323337 10.804412705 -5.0184876528 -3.36518809825 
10.0464708648 -0.541386771014 0.150200259332 -1.359426949 6.64836756488 -3.79736200951 1.96936763623 8.43380856679 0.342555071359 0.588163182861 
15.9067552656 -8.54904346934 0.899344366321 -1.2950213499 5.0059646121 -8.16205460022 6.34208607509 8.85123028508 2.59622967639 4.67324673665 
19.4075675847 -9.8922938662 -0.574127543566 -5.67116445945 1.35128191089 -5.35426782559 6.15817713969 5.64312478857 0.665814145711 3.29057233306 
16.3319226491 -0.168480847806 -0.18627326941 -4.24441916861 2.42253794927 -1.01815674776 0.0435404109317 -0.795119748697 2.60149986959 1.04634360864 
15.1231719923 -5.74219992071 5.9514776206 -6.70280633083 -6.07322610711 -4.05185799793 -4.01722379771 -3.96920635359 0.211633385074 4.23732859879 
6.53720879331 -0.552281271312 2.1501811821 0.112977949771 -0.430919494927 -4.73268704093 -4.36709301854 1.62827997934 4.79111662888 1.89648260846 
10.2256565008 2.81642054431 2.13440292377 5.97036718122 -6.1898075443 -2.8058166589 -5.41759707166 1.09631620623 7.25239596688 0.643033418126 
8.28095375714 2.53302567524 1.82356870519 5.46869369813 -11.2747118772 0.424253617388 -3.00957273546 0.292961302894 11.9132284733 -5.0413454459 
2.16516694276 6.08505970962 -0.330652780118 3.58818017718 -1.89143387027 3.12829336665 -5.22682100642 1.66876109782 6.77177004052 -0.399552270968 
7.3126164119 3.34027757097 -2.79851169402 -3.40076870823 -1.83595646627 -0.018806278372 -3.7217219343 4.18634605818 4.67494028816 -0.0830997775895 
12.502172007 1.40759368392 -2.89777835569 -4.48217636068 -0.908729156317 -1.62911803009 -2.3225298932 3.27475416231 3.48177606356 -4.35228814736 
21.9813249082 -10.4767826713 1.8003713248 -4.83169537156 -6.0305256086 -2.3175711452 3.73552083733 -1.89697437866 3.45309783991 -5.01354372523 
26.1267093887 -16.2691332736 4.68571573709 -5.71679458169 -8.17597630208 -1.43138862042 2.47803617336 -1.76359379903 0.894567819024 -5.25588089471 
16.119084895 -13.00655714 2.16916701129 -7.96055317581 -6.50826290917 -2.75680669816 -1.65754454335 -5.29648382753 1.63651163651 -0.848122386996 
16.0645972537 -11.6437459653 5.01695123023 -9.18852714852 -12.3042445536 -8.10521442507 -4.48850803167 -5.94061541068 2.3220690933 2.14362923873 
12.6467700928 -7.56787889236 2.12071919018 -4.10614483356 -14.9302134511 -9.01709997102 0.14647636577 0.178418657359 2.83036939667 2.06257218926 
1.20576454766 -4.19491865482 -1.69096001078 1.85563275917 -10.2511961524 -8.03022720117 -4.35103320489 5.39976930432 0.47090325886 3.69525060627 
-4.90271981318 -4.30932819132 -0.37072844823 -0.884032403742 -11.458294285 -4.02632650135 -5.97742146618 6.40177985139 5.24775230918 1.58733209705 
-3.26191004602 3.54770634104 -5.37746507732 -1.35801521853 -7.77842159701 0.338051285801 -0.540671715755 7.84207557468 -0.461764208448 3.19146844507 
-0.408865663652 -0.317881728374 -9.12583166313 -0.818491841833 -2.67360214776 -3.50373184236 0.372035939649 14.2910490197 -1.9725853507 -4.8645212135 
9.06651117993 1.45275771915 1.59424606423 0.92216192809 0.598210961871 5.54177518711 -2.6988744135 2.44156196506 -2.39221283469 -2.20835887883 
24.6216389724 -16.9528111869 8.96701095102 -0.852714740377 -3.57638439215 2.53706656661 3.06953510615 2.62988366537 -5.90602855293 -3.16338375878 
25.9452098703 -18.6758973783 9.55124021649 -3.53445667791 -2.18195832423 2.05508584828 5.11120973904 0.577319740785 -8.0165652544 -3.09790161304 
17.0666327133 -11.8859870523 9.11440763647 -0.382206087951 7.25088449717 1.78228561939 1.23050054456 -2.36462028521 -5.50373838762 -0.672435909524 
11.4014058311 -6.59609186875 3.98536716014 -7.85854129436 0.686761563263 -4.75370192236 -2.19120968285 -8.69941435496 0.856392518571 2.46627612488 
14.2533147227 -7.84973151344 3.95069979517 -3.43072249095 -3.48685646092 -2.16175226239 -2.76126557615 -5.91195212389 1.12060503294 0.816694342697 
17.6305681582 -4.21326583518 1.12006572886 -1.0863533093 -9.20763121688 0.807329393164 -6.03683635886 -6.659938628 4.56275571211 -5.47053232468 
6.66194675702 -3.42344738436 3.97802900283 5.53527090115 -14.4501239956 3.41639041056 -2.92957722249 -3.57445642913 10.4679852496 -8.27699683467 
9.69002970085 -4.44535606825 -0.760242599199 -2.31419481011 -6.31696979552 2.03771694025 -7.84726486713 -2.82260358367 6.56255471327 -6.20655940545 
13.265544847 2.05556243839 -2.17242415911 -5.72660865831 -1.84504173354 5.07600796427 -2.7475302633 -5.20693238955 3.9915680267 -5.37319689815 
12.3624239529 -3.76534547638 -2.20852230866 -7.69679115629 1.1659646901 -1.12256551592 -1.54227278666 -5.88042758153 1.75452968412 -1.96694121804 
18.6058863248 -17.4541087095 4.37306824048 -7.7072893785 -3.06005906976 -4.91539003058 0.962240110491 -7.75514830586 -1.33113424398 -1.60964200262 
17.2809193343 -15.57371868 3.22157248224 -8.08826649365 -3.00168433397 -3.63438049232 -3.01432037536 -10.7795646886 1.29703814242 -2.682772177 
20.6032601485 -13.77017151 5.0852763172 -3.01451521211 -3.51812079529 -2.54967189051 -2.90828327297 -8.3149447598 -0.31514177259 0.137200345047 
16.6843391041 -11.4058784086 7.84531210474 -5.01261422174 -8.26769382346 -8.12593386633 -4.20617554553 -9.84762148851 -0.464297078843 4.39840628964 
16.6319443639 -16.7041304673 6.31726046411 -3.78851652311 -12.2336450259 -9.9348651211 -6.40467260774 -4.02934427664 -2.59275272556 5.46001111745 
12.9426836539 -10.8960882261 2.63925897019 1.94514372868 -12.976440479 -7.85577854966 -8.19763093383 0.565034647382 0.942859153006 5.2545444188 
3.24347802158 -6.58568782121 -0.20176009765 11.2016168961 -3.39353018903 -6.1759005924 -5.01652156368 2.31929805349 -1.3783109206 0.196128303132 
7.35419151231 1.40583316865 -4.19334526515 3.5580198758 6.74754607231 -1.71656023877 -5.99150514117 -0.6059266229 -3.07085693293 1.32166123588 
3.18578898393 -0.28786601604 -2.39039934184 4.87809056237 11.3024734955 -2.00736214207 -3.72610361106 4.48680744211 -3.49269875768 3.7199542853 
6.59179001047 -11.4899517 -7.92423085351 8.22964558358 9.87573096812 -10.5025504615 -5.72455062121 8.38139113386 -0.889615939445 4.46338201382 
3.80960423674 -16.5582779021 -10.7632540673 9.56966744867 5.53621944866 -13.7715458593 5.65734880493 10.2025084808 -5.52514716494 4.68942457187 
2.41050772574 -10.2504911419 -11.3505620826 3.50102398364 3.00998932349 -9.21611307847 5.15035047237 8.65737832709 -1.4035646732 7.67364028452 
4.04838638843 1.07460454416 -10.6111103454 0.463842831312 2.24315594363 -3.40936516528 -0.158527465192 -4.53881858369 3.25984649397 5.83649911177 
5.46023632286 2.76301683783 -6.25288990026 -2.46029845191 2.45213232366 -4.11766126995 -4.01848100463 -3.50704685816 1.24030246661 4.74996057041 
6.15829173319 4.42984000493 -0.592073195788 2.40045486723 -0.510629019743 -2.67945043655 -3.52647929635 -4.85913918556 -1.19411016004 2.73911297053 
7.0412972735 2.33943336476 0.89832213518 7.4656452703 -4.9578552607 0.459834503073 -4.77099934688 -3.51192054045 0.773592396992 0.295988830231 
1.34552686864 6.1649762321 2.96543924168 9.79631306479 -2.12787832861 0.366077313768 -6.09963741039 -2.99379229914 5.73096251119 -4.95515674344 
4.21599314966 6.73002188082 -5.27295877378 5.38097388333 -2.32166609571 -0.741093530712 0.375304457953 -2.67733411939 -2.9433849674 -3.07946536099 
8.63825983809 2.69559040435 -4.58094306002 -0.566717018894 2.28863452235 0.546496593048 -0.619674979179 -2.50353984971 -1.21120411627 -5.58574865696 
9.12944204768 -1.05826898304 -0.97985453976 0.761032435537 11.1129915694 1.60702570946 0.246776489768 -1.18540410562 1.57952840832 -5.95362100227 
13.7850066339 -7.86551365855 1.68578522602 4.24700847719 5.07509957906 2.40628791274 3.66738637352 -2.6684368642 0.704507415144 -7.04082554133 
17.8463196406 -16.1397663782 2.63663713625 7.71470529218 12.2509908771 2.22126355845 0.945281899483 -0.394394878622 -4.96713312503 -4.60525917189 
13.91699948 -14.9597246312 3.68844955027 7.41139200725 9.43877513368 1.12076399821 1.0571081966 0.617805069981 -4.30569594603 -1.34559792516 
9.62490128181 -6.6602501815 1.1069406914 2.07815044315 4.52282370109 1.71937584828 -5.74043001921 -3.26460605071 -2.95279963803 -0.0608752602411 
10.7283571314 -4.69092798168 -1.5316946469 5.16875200557 2.14683835981 5.80208038684 -7.06916026916 -6.8222382729 -3.84568639164 -0.300468093282 
9.89031259418 -3.18912976188 0.856105251249 12.5618760244 -3.00031233447 9.17729265382 -6.24404212375 -3.59360749215 -8.09817944769 -2.1945649702 
5.63560122599 -6.62230142787 9.77635797626 16.8429797045 -3.35717765467 6.86144112234 -6.24036676695 2.07205701967 -2.06228372932 -10.1053710165 
5.28433623583 1.67113394806 -0.464453337081 7.90597112336 2.08157483439 6.3633906307 -9.82383869423 1.69929219681 3.17038382942 -3.83306704312 
7.49344523208 5.09659507348 -1.71065487427 -1.11670289574 7.41023283521 9.43325540838 -13.7573648019 6.68707560862 0.940015773383 -6.2827388473 
10.7167227192 -0.350927779309 -1.211056656 -1.03132912927 9.62791909509 9.06023206847 -12.5607359272 8.36337296887 3.22021992236 -4.42331562633 
13.4832169961 -8.96427821308 4.30660534513 4.83427284626 11.00844692 3.64184770822 -5.57480709128 10.7293388963 3.13048263493 -3.12050322866 
16.1243051468 -21.8812872332 6.8069522258 6.49667238605 2.73532277087 -1.65487110512 -2.66106907284 10.2500610265 -0.487485792922 -5.84808318076 
17.6555681937 -21.0169876835 5.40886195388 6.58100015025 3.50852281481 1.82092400266 0.868028682498 9.80147164034 -0.63264413328 -5.23786523321 
15.2661730426 -11.2245326805 2.13577039573 4.34620533974 2.06564339494 6.05781705605 -4.34739847188 5.65024485612 -1.53880128195 -4.30711474378 
7.73244054743 -1.83539058452 -2.7481506638 0.0176397084548 3.71014864081 2.40234729338 -9.9064949307 3.52456287493 1.66418105022 0.743093619521 
-0.734939588289 0.57996334946 -8.24855479813 1.37337818299 -0.552241753131 0.491687801511 -10.2426223145 -1.64850220501 1.80714263131 1.92276168729 
-9.85842323971 4.17733128083 -11.6410805062 8.07750826441 -6.25964607607 0.736070531831 -9.78867112713 -1.26477883681 -1.56500170709 0.885165267113 
-11.7809621909 3.05720202662 -13.2756511145 9.45113989012 -7.34920712149 1.64958582615 -4.95063993416 -1.2561485884 -3.79429519979 0.75184489405 
-10.4498648009 4.45652729657 -12.7393585669 8.95350820204 -7.42191341235 1.71957601825 -7.2864664271 1.21355954398 -1.39847637474 0.258187272705 
-1.78560539632 0.948450212909 -14.5680002815 6.44107665874 -1.08034815594 -1.14485664467 -7.80586990685 -2.26514319903 -3.71508579475 -2.06782613152 
-1.33557929365 -1.97147775684 -10.9293643566 6.12833025588 5.43103246992 -0.198446952464 -7.39512680692 -0.0482488993562 -7.71983538872 -1.61564850843 
-3.32647401282 -1.17729009141 -13.7907810642 3.12580630013 8.35216340174 -6.34955129928 0.961918768544 5.32277397242 -3.90636049502 -2.47134193235 
0.768548575622 -4.86872315361 -8.6298836712 8.58143597515 8.64153281265 -6.385059969 2.55539657499 4.87779186649 -0.484669186061 -1.74925553766 
7.24543575783 -16.0580446812 -6.3843869777 8.48813889109 3.79501751973 -2.95523742863 6.30482352097 5.35718096929 -3.44902469457 1.4967518093 
8.27031513488 -10.7671044926 -2.53521314557 9.12325129512 6.62557279858 5.05905777489 1.73306751491 0.174201714849 -4.9051016119 0.607329209804 
1.87184148647 -5.5692509686 -1.68498533272 -1.87485169721 3.78691686409 0.735938947301 -7.54856230289 3.86780029586 2.91379815634 3.31512762529 
3.76515558379 -3.5006580849 -6.06394092655 -6.05783546869 0.152308222043 -4.64182454863 -8.3055270686 -0.273865461136 1.73590774074 5.30563632967 
-3.13795449707 5.67079043226 -11.7013930808 2.94275006235 -4.46961191171 1.79730991328 -6.26209127307 -3.35480478421 1.54038288185 4.24251765693 
-3.67227423589 3.50840863367 -11.5983585219 8.86251132184 -8.63270095402 4.93055139903 -4.54707562734 -4.7259846983 2.74069850242 1.87598195137 
-3.25397820165 4.73947748561 -12.7063041336 9.3808821428 -8.04268357845 -0.631516430226 -5.46531790009 -2.86741114328 -3.26668105135 -0.290006837475 
-4.02850529346 4.87346244308 -15.2224833894 7.35762111399 -1.94550690759 -2.96332144199 -7.83713170182 -0.0534125727966 -7.04607567732 1.12560727653 
0.14392535905 3.420685039 -12.2593645844 2.94551570689 -1.97541975389 -1.01065219169 -6.41812065232 2.49940187231 -5.52609901353 0.210291069531 
-2.50882758955 2.37279713082 -14.9651079442 4.18948025156 1.99093518784 -7.67299753462 -0.287884386559 7.02007731099 -4.63572465151 -1.87987086918 
2.67584996332 1.36058588978 -14.4841032656 4.96943744481 1.68118004939 -2.93119287276 -0.853029537588 -0.539385578687 -2.26194728413 3.55557592053 
5.61329878609 -1.69350743601 -14.7520718174 12.7483946224 1.41534694017 -2.4641270822 3.67315514744 -3.26232022038 -2.61747954908 4.10461630465 
-1.40681865741 2.75575163392 -16.4691090087 19.7930092914 4.36850669623 -2.83843575096 4.40297774762 -7.9153509785 0.733115439397 3.00839279443 
-0.403930968696 7.01056898274 -15.5978330679 15.8843771201 2.29342522333 -4.84073080937 0.779500339649 -13.0223715145 3.05287871061 -1.88796422877 
-0.403661184521 6.85794787649 -12.3432584198 10.9327787282 1.82194080796 -5.84786603323 -2.86234720766 -10.2526928596 4.31969731421 -2.00547792021 
-4.80154528115 7.77544676404 -11.6543717404 11.8757721552 1.22402508879 -2.58845779317 -6.87471559416 -6.87615546726 3.44762008992 0.182403618539 
-6.68242113733 9.66137342922 -11.2943494445 13.0236803794 -2.49120552486 -1.42138972832 -5.13606277427 -7.00699527949 3.03475315171 0.0645055472034 
-7.68634338615 6.5374763166 -6.97704319517 13.8059333507 -5.80547000268 -3.49000289534 -3.81544278021 -2.9739285429 1.05660333241 -3.14480481522 
-6.58598165172 7.17303373588 -0.718715833987 12.5128990778 -4.37195565983 -4.04741302503 -0.70400110114 -5.31307401055 -1.03081228687 -2.38985511321 
-9.28761454375 6.28346284431 -5.60095131514 1.00604588052 -2.30331129413 2.36635728004 0.241311825948 -5.29258121691 -4.49592809532 -5.15086146969 
-9.27141077627 0.595225343541 -3.47510130056 -7.4642917874 10.9778733425 1.78083459635 0.185164964279 -0.0654287058354 -4.75761354954 -3.31679051733 
0.156941727676 0.367051154853 -2.8827877105 -4.9765673477 17.5354992441 3.80744955275 -3.36846059692 3.19032437042 -4.5498520069 -0.82616316596 
1.49116647886 -5.44273934559 0.644104261791 -1.61320804495 22.3927609429 0.0684781920619 -7.06244942826 3.42484478333 -0.865546429721 1.90425268737 
10.3479269322 -9.91179459025 -2.34915150249 3.52504141741 11.9299405022 1.39746746098 -2.01272457137 2.67675783368 -0.373469727897 2.9093885068 
10.5903586499 -7.71782626575 -7.2123220848 1.85074334562 4.83821450503 2.48184030986 -0.366799930771 1.84618451965 2.38892954766 4.60090651849 
5.77931289023 0.773387008261 -10.766128022 0.948771491498 1.0030409018 4.05564475567 -0.288027609142 -3.14888608135 4.04216382869 5.10895355229 
-0.129624561167 3.80583198368 -6.7570132913 -4.23544073501 -1.43257174389 -0.335226336341 -0.849838577993 -4.48366040308 2.13072527848 4.6903413206 
-5.61661357852 2.12225433838 -6.74090740612 -0.403457828158 -3.29399894698 -7.56150270465 -0.62953184439 1.78862279585 -1.85167473848 4.57365400662 
-14.5570563663 3.63551509838 -5.1928037491 -1.31473938867 -5.96234192707 -6.11487438235 0.0949309709598 5.54826900724 -5.58351152156 -1.68802907701 
-11.8207037515 2.03734452444 -1.78566341707 -3.11526893356 -7.39174427894 -1.03483280585 0.105848516503 1.11668710064 -1.71173981353 -2.65843760392 
-15.1294863059 2.61102415929 5.21380904418 -2.20965206556 -1.76732030931 -7.67719575339 2.98141294573 -1.74163386271 -1.79750985614 -5.05596495305 
-8.9558599445 1.96908105103 10.4457926946 -9.26623748846 0.122978969363 -4.46188563035 -0.642863251305 -6.10009727581 -5.22977823364 -0.508506995904 
-8.13118916221 2.99244754112 2.99102110212 -8.36375745064 0.171225618019 -1.13690998845 -5.45637314597 -1.71865853023 -0.279408993405 -4.84742837673 
-9.73726731179 4.13943409581 -0.26557110838 -16.7265510581 0.0392665500273 -3.52923555561 -2.62888333559 -1.75424187427 -4.15254993475 -2.60436996406 
-10.2875035709 2.37182769874 -2.50693491003 -19.7106832945 3.0213434952 -0.527011080017 -4.90085498072 -2.47295589663 -5.78664217971 -2.05576299674 
-7.45329209473 -0.547778486597 -2.91624753745 -18.3405535496 2.8543039177 0.429314143651 -5.52200732361 -0.19939656805 -5.29947423138 -2.42686835693 
3.9271499181 -6.66684194081 -2.76664653075 -9.89150796075 2.28422163385 -0.542822008953 1.4081667237 -6.18442181826 3.6342054596 -0.0907401280221 
2.08107986271 -13.4690533972 1.13309704935 -3.67262315916 2.2273356339 4.15241322111 5.24192374502 -4.09023307633 0.994463542046 -0.465436520606 
4.41025666015 -14.4761222469 2.07581960413 -1.91547260167 5.55282421061 7.59950357769 0.989944639747 -2.51972178485 -2.75932161185 -1.00693008727 
-0.101172371072 -10.4066338146 2.85806405216 -4.74958291605 6.56623309659 1.59860380028 -4.64252145116 -6.94723507596 0.00223776944058 2.43408411974 
-5.21850105633 -6.86147648615 2.87554250565 -3.36416801585 4.17563702884 1.65541924106 -4.70829836301 -5.50483209796 -1.35490109026 1.5586704267 
-2.542617712 -8.6066570862 5.57727014961 -4.39920702385 1.37500111528 -0.707324628296 -6.82956275528 -5.95073031499 -1.13307557755 3.3957568069 
-8.93754345311 -2.84856044642 8.4072594886 0.772858852458 0.606664403361 -1.7475285091 -4.73923315203 -0.387397373477 3.88242337488 3.82212628492 
-16.4512382611 2.07240592637 13.6172898639 8.41694230335 5.431288209 -7.65271537285 2.11100932831 -0.765353011303 8.17582693792 2.57300711051 
-10.0570085817 7.20201449067 11.0304855934 1.96456235864 2.95104063878 -2.66988471439 -1.42153732913 -0.90727700169 6.58446570058 1.12088574288 
-11.8822346269 3.68945191177 7.92827103409 -5.6059403647 5.02827000102 -2.74910101494 -5.12969240532 0.735162652793 0.801147871695 -1.58115516755 
-6.31996023422 1.15308247111 4.09737683768 -9.90929994322 8.81672412469 2.95557530467 -3.62913609435 4.14760192927 0.494517312786 -8.53351313059 
-5.57886843376 -3.2563595501 0.67339340692 -10.749095243 14.554432183 1.29695965595 -2.73209029922 4.38159943507 -0.391202382493 -7.16794061601 
-0.654118526237 -3.66540758616 -4.36524337903 -8.68382099374 6.24758505751 0.881295473154 -2.30095623014 4.51868499972 8.51945160047 -9.83189427857 
-0.346416206347 -6.58342552467 -9.68547965184 -4.77994148525 -0.304685926939 -4.96385646282 0.337027365008 5.09837390927 11.0122902823 -8.71773604291 
-4.99575015916 -3.23294093802 -11.7851833554 -3.55906614144 1.60373157957 -4.3305501587 0.445601336034 3.14760580299 8.94737969287 -5.53159035193 
-12.1390399993 0.953728009776 -8.09544379775 -7.84388521549 0.119650282446 -4.29271257699 -1.45251797824 4.95473361974 2.55080133553 -4.75590752078 
-16.654825807 0.616155179761 -7.7272878704 -7.2879691868 3.76498075405 -6.9468124064 -3.72076865019 3.35007516016 -8.15382283199 -1.62233094399 
-17.232688866 2.90628151576 -3.38674975445 -3.38866253209 2.99131834841 -5.75383074429 -4.16750133951 0.0183187612057 -10.2110154722 -1.57604968689 
-14.5014557272 1.05003733529 -1.19433936306 -0.433515749273 4.16608782171 -8.6653123288 -0.0267269932046 -7.09493248267 -10.2052174422 0.308082362919 
-16.6709494693 -0.754028601754 7.74244123942 0.241483440154 -0.298962553874 -13.8247673171 1.47380768949 -8.44302306712 -10.8399674598 -0.83474265042 
-22.1224148245 -0.617013584076 4.53419021032 4.84169898625 5.1184053946 -17.061304491 4.06357833522 -7.9172527508 -9.39845880377 -4.25124734945 
-18.5093727599 2.41244208651 1.06492039332 -1.2799229749 -0.646097469719 -7.07490125719 -1.7499597898 -3.97751005565 -6.30546632198 -2.29687279107 
-21.7866884857 2.15833821552 -6.15002615082 -1.93920349882 -3.15842852893 -7.22552880309 3.89015404871 0.0564872306256 -3.76039118677 -4.22832545059 
-19.4055629055 2.56781188976 -10.9802041761 -0.946382533389 -1.88242326338 -3.87464657468 4.17572222568 -0.339145997453 -2.46780718048 -5.06164981928 
-15.4753904594 -1.88035079729 -11.0980723797 -0.856526074905 2.71455118734 -9.53944082518 8.95537927053 0.508628140131 -1.82569787684 -8.03808633283 
-11.3241634434 -7.35999142497 -13.9338394215 0.0333751493412 -2.95185982656 -13.281520848 18.2207212532 1.96317238841 4.84979478642 -7.28711114424 
-11.9754801505 -9.2471751465 -12.3847110473 1.54328101148 -9.43324405102 -8.71950493969 18.8842237386 -1.1818775761 6.94148347 -7.20550773224 
-12.6324602276 -4.66779719061 -9.35481446287 -2.76621301592 -8.99257193091 -6.11555186986 12.5633737797 2.2661141228 6.94851465582 -8.26830950292 
-15.6982666434 -2.81061645921 -2.5319933916 -8.03208601952 -5.24963422016 -7.49475428183 5.64663106936 5.12834741458 3.6585807002 -5.92883733269 
-14.5620969483 -1.0660824042 3.05411467972 -5.94575917705 -3.19338719113 -7.19383665281 -1.82227173141 2.17785337597 3.74313729929 -4.62067367674 
-10.2453757512 -4.71936328804 13.1207464364 -1.18968975896 -1.23482544017 -5.44479175403 -4.61420598769 -0.0224629926303 5.96590404769 0.297005281739 
-14.0038879318 -1.88333941108 17.4494607194 3.00207483024 -1.83081960519 -8.04156153432 -1.28608816887 -0.0254040172363 8.02708564459 0.932943944454 
-14.6711188287 -0.489137929285 12.1087333889 1.04922388474 2.62390335975 -7.19115891575 -2.68400347376 -4.02038027733 4.26217060339 1.37610257975 
-9.73181409064 3.66827048776 9.95918216593 -2.731818342 5.65879460407 -0.831794377637 -5.58668448942 -3.22538929912 4.25532734951 0.658716327991 
-14.0637727854 2.48673453491 5.79541584053 -4.65108118473 7.84872295693 3.77787402869 -1.77407280314 -1.89178620146 2.20598643102 -2.62905351541 
-10.7922597678 2.92447232121 -2.86762111466 -4.76677848361 -3.06199311559 9.03658088374 1.07949613542 2.39482149105 2.81217609443 -8.07839479655 
-6.37137905213 2.09771639047 -4.32601330998 -6.27183531532 -3.26555871095 10.8263609511 4.20815402922 0.447152289982 -0.179964451157 -7.17977486978 
-6.11235102138 -3.33283064054 -5.28181401123 -4.27280241481 -3.28743082446 5.41063523241 8.27369506593 -4.61405503883 3.71268903905 -3.20586182723 
-0.320568813182 -8.00813893136 -7.36548984968 -4.76941938642 -4.25641516331 4.07178619004 5.25665425849 -2.92587289889 0.85659783711 1.19941526198 
-6.18130791078 -10.1906952197 -7.63002174085 -7.37382813259 -7.59689716511 4.58784974461 8.56414655673 5.42808945085 -3.61588563674 4.76113311368 
-12.2817671185 -9.13564047737 -1.77446224922 -7.55178852577 -6.14053796437 1.51887784256 7.70897633935 3.61811039064 -5.48369545751 -1.24399961786 
-18.1928129246 -8.84596029533 -2.10308701243 -7.92450763564 -5.77582975225 -2.75787743637 4.68546036388 5.69890454761 -8.75781457942 0.00131611412392 
-21.8326556773 -7.45158130697 6.52836931754 -4.81614710275 -4.54055848144 -0.687892600496 3.44484566748 4.01936679312 -11.998682057 1.72218910963 
-17.5197889178 -2.57247851563 8.98780144418 -0.510196915729 -0.295596367297 0.278586482449 -1.03821662174 -2.81532663767 -9.70575597949 4.345457187 
-20.7274605359 -0.338396443411 22.3738850933 4.52214916923 5.31520803122 -9.35243809176 0.411450362282 -3.02399257269 -5.79711484308 2.08397557784 
-23.8077397163 -0.703359105196 23.9093329302 6.49483508703 11.1452468353 -13.3518146086 1.18065524716 -8.25998515905 1.14367478014 -2.47484386481 
-19.2872680168 1.85885290278 9.60734876766 -2.25246975655 5.19864089448 0.629852956971 0.361187206778 -6.27981183841 1.35327193616 -0.651556673647 
-18.0533789781 2.40971094675 2.93813889179 -6.51523663714 0.834688254271 6.02724092372 0.0992038905614 -1.71575762621 1.82082377974 -4.22493768616 
-13.1451455405 -1.23868986626 -2.16424455986 -8.19503536818 1.69038506181 7.00244879434 1.50298683097 -4.28577216177 -1.20272848023 -6.07714107163 
-8.46109621724 -2.60168537603 -1.31157465245 -1.58147527442 2.04700717529 5.01051600801 2.47535668626 -6.93701923436 0.52222371912 -1.21618836051 
-5.89815963349 -9.6054445867 -0.475494056956 6.4687424205 4.9754856828 6.12929282011 7.10925551635 -10.5369687805 2.25320532722 -3.56072976034 
-8.53297759108 -14.7359227622 -2.99154206833 4.32574785782 1.52679338695 5.94225102105 7.94501912411 -3.3280455779 1.00871004612 3.64313088705 
-8.24575111992 -11.5487592874 1.16111465023 2.65134548978 6.42564874818 7.28850342068 2.56727094546 -5.18165989691 -5.95520649484 2.7404404154 
-9.70145043045 -9.12257551526 0.596704326141 -4.88254171839 -5.02520238614 5.97215522009 -3.4864385252 -2.53832061669 -3.54028389286 2.41683976079 
-14.9399836811 -7.3992418067 1.18252998585 -7.31297645418 -8.1783913386 2.6058997949 -4.22929259629 4.84219912051 -7.99819978496 6.09005357883 
-17.7646677903 -5.47777260429 -0.86448252545 -3.98632446831 -9.89218295806 3.80218135642 -5.90421981717 9.29535855475 -7.14352131071 4.46993479371 
-16.1001037533 -0.869767615443 1.62878629313 -1.94566931927 -8.91569677786 1.43676864127 -5.69509031257 5.63053689538 -0.202539053643 4.02251706916 
-18.0507174402 2.95943259083 7.16228475864 -1.67556284973 -3.69101112918 -1.746348888 -4.61165633287 1.41453804453 1.09628308416 5.04645725593 
-15.4103442432 0.790468667785 5.35162600477 -4.45171812323 2.05063976584 -0.534879211756 -2.20641060587 -0.815528880693 1.55884842106 3.98642164782 
-14.9337260751 2.27759683584 4.76872405391 -6.54608422021 6.79674059938 0.705416108612 -0.68731275876 -5.90419167336 1.70573296958 0.740737177131 
-15.1501948022 -0.294127350149 0.725462779368 -2.71528913183 3.42596864201 8.66118313459 2.9371793973 2.32081184728 2.36335742721 -1.45882690416 
-9.54921301571 1.48649342921 -2.14980812805 -0.573795998526 3.74280042052 8.32209817914 2.59161732794 -2.25328368851 -0.000474168123212 1.44540031837 
-7.72937499342 -2.78902146454 -0.972195341852 5.82776344495 3.60879880553 7.39998612081 4.47804976827 -7.03695180229 1.20693512576 0.231870047708 
-3.54212486016 -8.73303906305 -3.92649242595 3.38961321236 1.03623921641 6.87542866498 7.93185608104 -3.53597819017 4.16829440763 0.0352584708626 
-8.42225394234 -10.9924024472 -2.01147820625 4.72454922696 -0.784568198862 9.04835379503 9.78088131477 -4.21533406261 2.50692837865 0.560161076544 
-16.9679046052 -9.69476402359 -3.85834916952 -1.41470722681 -5.93535456934 13.5948911681 6.52989247718 -2.00980064512 -1.02459747234 3.99044100501 
-16.3974245067 -8.81640407665 -2.74369521359 -4.70913048966 -8.208565103 11.1026386474 3.95669457904 1.23509333122 -0.990779384672 2.95579406063 
-16.2833267244 -6.04914560791 -2.08525966817 -4.19618733931 -11.9847254594 8.76273090304 -1.45923436096 5.729120692 -3.31467909395 4.36564964961 
-20.3222929636 -6.57596708721 -1.68342479169 -1.52997966365 -14.2135739453 11.4031896594 -2.03307614256 8.26974702552 -1.71708665785 4.05262258162 
-22.4173419921 -2.08720165084 3.71821226088 -1.14067103796 -9.26887909967 4.6089817474 -2.81614457189 6.55640588769 0.690154265572 4.2681516139 
-21.7667898742 4.30362017085 6.0227340472 -0.917891054696 -2.51299406805 -2.52603773467 1.24383304237 -1.26458710464 6.17436771791 3.33825884971 
-17.7652442958 4.97715013686 2.56285882715 -6.16549589561 -1.20498136058 3.00875106779 -0.356063481635 -1.37158676405 5.58416697413 1.1227867297 
-18.0971663583 1.07819811308 1.04098099134 -9.2864958833 0.224993317319 1.00907650104 -0.296254019829 -0.8312730377 1.97340156475 -1.79748290647 
-18.0164445909 -1.11079114051 -2.87462863429 -6.97712067182 3.01798803737 3.93551663319 -3.12499064929 2.36990048531 0.428373716981 -2.99099871069 
-11.0803523665 -0.668508827321 -5.9234670648 -3.16675301442 3.02340486238 5.71673782945 -0.528085692243 -1.10500810443 3.15025468516 0.0589936621925 
-2.2578959617 -2.54253303729 -6.68224289361 4.17162089469 6.36842419511 8.12616553568 2.65112062406 -2.13041605341 5.63813729999 1.2123519921 
-8.49052437087 -4.16171001249 -5.41568188679 8.99716898972 0.981748668298 13.367536069 6.89698147162 -4.09865404596 0.955673018126 4.16463009909 
-10.3435466473 -7.21741077943 -1.37114767647 5.12990534823 1.38784178737 15.6718722389 6.43292942174 -2.73836324266 -4.14287370753 5.29161375382 
-12.6697746956 -3.42719188779 1.06395568555 -1.06173078272 -1.00223162052 10.3177804179 3.15182754081 1.02816246199 -0.694991602613 5.82548911781 
-12.0632983171 -2.10807793852 2.68140258586 1.14257789566 -0.752898222237 6.92747655498 -0.892660287239 0.399459281448 0.716706716901 5.94259262415 
-16.9554024026 -4.04392705766 3.54814305979 -0.587850194635 -5.11653342872 9.05490711888 -5.83123229594 9.66542425233 1.70761420983 1.90393940679 
-19.8555266798 -0.850555276981 9.61677024772 5.93737732948 -1.06949794067 3.24763288229 -2.02469966723 8.22860052431 4.47228607342 3.3684079169 
-20.1201606192 0.260526783866 13.2447394036 8.75021373168 4.42450059512 -2.87317035302 1.93733875326 3.10757678275 5.48147109799 4.93903373498 
-16.4376610806 2.02393690531 13.9896030252 9.37692615345 7.0004620018 -3.36207340761 4.69621631609 -1.37061088845 7.6409577043 1.01744197224 
-17.3100522618 3.19331624658 4.28390852407 -3.03460817991 5.45441046981 -1.09775229076 0.121512129449 -2.84368470535 4.78941249512 0.763731687575 
-18.7218723456 0.483889883449 2.72890058875 -5.62865478274 2.5322704592 2.93455085399 -0.414039653096 4.7926575042 5.51101651133 -4.94405230249 
-9.86760338183 3.23603293325 1.37930815527 -2.21202105581 6.16753797085 3.65115785319 -3.51144577061 4.47903563393 5.2458463214 2.81171268961 
-3.35256050172 0.226660073249 5.53174304009 5.94278214732 7.79533364018 3.92748511101 1.57939751003 2.93050133085 5.94211453557 1.19742841664 
-1.25525571794 -5.2726669021 6.83345763283 13.2895816344 7.75635744916 5.8892828902 5.80193477854 -3.1507059721 -0.0147698808273 0.917201962903 
-1.49859363621 -5.40386460051 3.68093882411 14.881975992 4.48520754721 9.20627058362 10.8238073793 -1.66512250049 1.45274014331 1.94629046496 
-6.09683421434 -6.89549376598 4.43759792274 10.3772917382 4.9712199584 10.4035289732 9.06652300685 -0.0103867715669 -1.54856478141 3.37877819698 
-7.40602930356 -2.93187106758 4.65974948512 -0.0825277081173 3.0291503471 6.84663992364 0.859377180092 -6.126570938 0.979402279595 5.2722665723 
-9.01309615903 -2.45171176359 4.42226053921 -2.69650703373 -1.59444539655 6.78203994522 0.636523880077 -2.56132829484 0.337644734586 6.94826337495 
-12.2728600272 -3.415411045 4.58384394789 1.20312607244 -3.35842442109 4.78825969459 0.216429104395 4.90433807622 7.24097452604 3.51046439423 
-14.5465285309 -2.48381631316 10.3025520046 4.23353496298 -2.77416337235 2.04649725469 -0.890627960817 6.78433727103 10.3695407014 0.212825576704 
-17.941462635 2.27702126442 14.3385271914 9.34124831136 1.75968027175 -2.88430614767 1.93186590954 0.393232927653 5.63272227509 4.36041413598 
-14.3510591507 5.14237826471 10.8540675954 5.57814166161 5.72545224324 -0.530637721996 2.21935498069 -0.1614814129 6.98737620047 2.26421864271 
