3.0734748122 2.18628654865 -22.3394855003 17.4210474838 9.49275742651 -2.15400389421 1.12531167751 2.16787058789 -3.8844787671 -2.20087667339 
0.310779250025 2.60930274056 -15.7760547178 13.7013971205 8.261351208 -4.08529676776 -5.96756866968 -0.439639969015 -4.57593710428 -1.94286240842 
2.72911065673 3.0812738462 -9.23618877122 15.9622129342 7.31274305885 2.15601803508 -10.5004140011 -2.66259178036 -5.74850576262 -2.533309815 
0.559940789755 3.82294670311 4.51897203722 12.9162317062 -1.3941329188 -0.157807001735 -12.6336951319 -4.67262695627 -3.66140850064 1.40670347241 
-0.553908851245 3.26350398935 4.79284370087 10.9488009783 -1.74367628338 -0.194007170897 -15.26443831 -4.0920958095 -5.1373148225 0.280043474903 
-5.96835921857 -7.55242479976 2.85090077625 11.4167474911 -5.21811525315 3.69198871238 -4.77364307515 -4.86863233082 -0.37300128666 3.89058082832 
-13.3861833361 -9.43927900855 -2.14921455783 3.63562333591 7.2311837381 3.2512300372 -0.224928238171 -2.3459041207 -4.73731522957 1.15301757515 
-10.1504732902 -2.12301701497 -2.51813962235 0.821443083279 4.20060038863 0.760045589911 -11.2705020419 -4.71232433377 -8.91211188352 0.394777354719 
-16.491511756 -5.61992698304 -2.15750486888 -1.75673132823 3.64157675249 1.58276851761 -4.01133305681 -7.38171162617 -2.17123678579 -1.66263879482 
-17.8142530896 0.0187080980748 -4.95747552855 -5.4020345106 0.518898744376 5.01723904129 -9.51822738413 -8.82641506427 -1.9202961038 1.78911073211 
-12.2121050427 5.64891858279 -3.9454465649 -3.16097664794 1.01953428015 -3.80743724359 -6.76180843378 -4.66544982774 0.200057356193 5.42143544682 
-0.419836324027 11.3960188646 3.28618414794 0.627919077095 4.52101994931 -4.17642530081 0.771934312893 -3.75741672181 1.68035380817 3.91966150457 
2.40313129134 12.6981137048 4.96646620274 -0.621198421647 4.91193396564 -2.90571171702 0.889534070577 -3.10040398733 -1.23180773994 2.13964973588 
2.06805506884 13.0651439374 3.97411288338 -1.86614920192 5.52138758232 -3.68019327642 0.881049464354 -2.5563625303 -3.8933558768 -0.237820664173 
4.34521737523 9.09928056563 6.6315134953 0.142757249427 7.56652179144 1.02102303736 7.81414533187 -6.90751516406 -2.25482062131 1.17277703034 
5.47456378045 6.03112086813 0.966057591132 -4.02051292225 3.32724752945 0.96269089738 3.29241474813 -6.57453403554 -0.939466932827 0.47242793985 
13.2432943806 -0.155713397303 -2.50690765129 1.25180865465 2.59722544811 6.45068597837 5.17442905643 -5.3462682904 -3.56936520631 0.488066958112 
17.740091384 -6.94224571685 1.49409322871 -0.877366086654 2.36923684438 -1.51296318355 -0.387963522936 -0.0147385001271 -4.89382685685 0.43255770176 
18.0098054344 -5.39165204007 1.04564629169 -3.50807600334 3.1607696448 -2.41354310608 -2.62665517208 -1.09573594449 -3.26215121806 0.734471259792 
14.8617836859 -14.859690686 4.83242565248 -6.85538122846 8.02480573027 3.11014485211 -9.15181673165 3.22734444003 7.81127758922 6.41612876504 
14.3103197943 -13.8624517043 11.0635778499 -1.75475339983 11.9280621491 -0.376939685646 -4.21369301299 6.04786898902 10.5243360263 9.63899796011 
13.2206072416 -10.7258159029 7.73700681241 -5.6328634098 5.42469419914 -4.97371687223 0.904938950001 0.0262910958804 5.88421421052 4.56946605696 
11.9536803671 -8.98323937478 0.447035966471 -6.36032734812 1.7610345953 -6.73582429964 2.73223834923 -3.56317072048 0.782330502901 2.42146437357 
13.9947424049 -7.71632042146 1.34245874463 -4.91040197391 0.0629809871635 -5.82426434984 4.38076628076 -2.88380297158 0.341842530921 2.69894693388 
7.37799622721 -4.76046534114 -10.2036670307 5.95640727637 7.61290018031 5.51991636371 5.1617716971 -2.59706416733 2.62783902127 -0.501375752046 
6.90550892228 3.320615686 -11.7363886905 10.8715215593 4.4410097609 5.85272824847 5.86195719317 -0.289741462625 0.414514475517 0.739151231033 
6.3579195715 4.82621396327 -11.420909253 14.2511918974 2.69938985015 3.88930340912 3.81517031949 1.51139572195 0.373184539831 -0.243591625717 
2.30053048532 0.305012583895 -12.80650595 17.0755632088 3.98947768784 2.97231500526 0.846438520442 1.17872791662 0.452371116557 -2.04525348678 
0.825312087131 3.96274246222 -9.90023326863 14.7541419142 4.89747336108 -0.603339906982 1.15036748898 2.73240774078 -0.937999301751 -1.43449566951 
-2.85460484404 3.2777576895 -5.26045796492 13.4641861893 5.77597931417 3.81900664951 -4.01410147396 -2.21776576181 1.51416151634 -5.37513243081 
-6.51354651635 -1.00972193088 8.25526233355 5.0003144 1.76127007668 6.71570434809 -3.55847021324 -4.25488030521 -0.494916012002 -6.17847423382 
-3.81196336061 -6.43243668879 17.8426494274 12.5441338977 -4.15551378647 0.761283810465 1.12948669584 4.25219509967 1.68718298819 -5.07943677804 
-9.48875110538 -10.3429213036 11.236710069 8.44713895632 -6.42681253367 1.7664374523 2.13122053713 3.25696533093 0.722473895616 -4.53602720829 
-11.6741943276 -9.83233887133 8.63202465068 3.3717418576 4.50599071923 -3.20559067604 4.79693391568 4.81309178281 -2.88653046219 -5.40137308482 
-16.5944503345 -3.63883358699 3.81985398327 -4.83564823126 5.87782959652 -0.538405376768 -0.970536936632 0.944280478384 -5.49221697347 -7.02149942245 
-13.7302992593 1.28977078715 7.74594880804 -0.746430196173 4.38078026184 -1.72321883626 1.56601315066 2.19498326701 -1.06456876641 -5.82292062203 
-10.2905539831 6.46231982872 6.33299888222 -1.16866876286 5.02100176186 -3.04400088147 -0.892959011795 0.972026390852 0.43769584892 -3.64606642112 
-6.02988961293 7.16055509518 1.5265022615 -2.7579102848 -3.27929698116 2.55061566866 -0.838578032729 -0.735246978481 0.0264834190343 -1.04782857775 
-3.41055251293 11.4598752957 1.14962481947 -3.39952677601 -1.89581979282 -2.48190829166 2.2085011807 0.787354152204 0.648527234734 2.67682790856 
-0.128121104711 14.3841119236 4.66252843112 -3.98009652376 -0.704284594072 1.72506412673 3.87343690578 -1.72283620416 0.236593174786 1.8762352446 
6.28189325576 14.4859070831 9.54457847006 1.70885813792 -1.99676092685 0.388337224972 7.20582321153 -1.49402753749 -3.57352605266 5.34499552548 
7.88294292782 16.0401954833 4.15762170578 -1.86243395597 -4.85065814099 6.6279136394 2.96503506839 2.09049221441 -6.06348862319 0.527401468205 
8.5410821038 15.9474110656 5.13345680558 -1.33828652627 -1.81178053864 3.53022491965 1.08367208673 5.21168729361 -5.44701737919 0.122892160907 
12.0423257369 9.25908485113 3.30874428613 -4.9812045514 0.398460951175 1.87397191571 0.24441036302 6.03711744463 -4.13070223487 0.287699993726 
13.5985702362 3.02399094689 2.83988450297 -8.82386127599 6.14969915679 8.34496502207 3.06853153856 2.04097548073 -3.74516261258 0.835723210282 
18.7956452558 2.27738438979 9.42737065169 -6.37019623329 7.61003097125 9.46667129157 -0.00418885178134 1.93242050669 1.83280670522 -0.0693090596391 
18.2636210378 -6.14087541409 5.72687691431 -3.30118510501 5.62870535701 3.75189541501 -4.99666093462 3.86472599922 0.644699876424 0.471371990468 
14.1847662703 -8.30157568796 2.28007923003 -8.05700076514 3.34617837378 4.4538169139 -6.7797875924 4.17668019327 2.47446565598 0.667517860995 
14.9802611938 -12.8652989347 6.72961054969 -4.85771208411 3.70069584992 -0.897492494467 -3.11232872438 4.09391620555 3.25857502445 2.93243464335 
15.6829460976 -2.57457321071 5.79590294766 -6.74344171632 -0.157287142673 -2.0707243838 5.72688508406 -3.35022952486 0.797539009617 2.7075680293 
10.845118893 6.2380979626 6.51746862573 -0.460994233679 6.28411799624 -2.65751417909 5.73006066679 -8.18486286968 0.998250874789 -3.58116048225 
10.4918299734 6.42582070902 6.17264932 1.70506711376 4.76071196489 -3.07926648824 4.70394122172 -6.26143616712 2.37736770899 -4.4770589435 
5.36859729964 10.7460010744 9.7721376581 6.06398080391 6.53166580768 -7.36338088681 -0.148489048413 -5.36269160967 1.88941948387 -1.66316388422 
0.664963736829 10.1786547989 6.05310388368 6.10439303284 6.08818492127 -9.00623678149 -2.02796749332 -2.51492529451 2.78468635919 0.254515815214 
1.38119236563 12.3695600058 8.70097609943 8.41111171382 3.64665117249 -4.1226018693 -3.80193579705 -2.09308112232 1.10484819003 -1.70742693633 
0.878559770438 7.11914222544 4.09520362789 13.9830003592 2.93344822 -2.18793373998 -7.53984246281 -3.70598787722 -0.660541048214 -3.53661036616 
-1.83016875934 8.36273163976 5.4159275764 10.5576565867 6.07462996285 -6.44594018577 -7.40445705981 -4.23305387437 -0.147544732053 -4.68269891419 
-6.90985158035 -1.54762424195 6.96133001469 6.39902506707 -4.47036311119 0.841769389293 -7.23410174801 -3.53503145513 1.44304567126 -1.32590500135 
-7.91951079869 -9.99440122166 12.6738087408 8.32965781494 -2.70767628588 -2.94922803551 4.80532489886 4.73260544788 -1.42116585089 0.651437363021 
-18.7715036978 -11.3630038532 2.09281979626 -2.4639640213 6.0693306158 -0.534963480893 2.14771312718 0.296554412955 -2.43495164568 -4.36815451824 
-16.9492191065 -2.4214157766 2.35926922041 -5.30265054136 4.17471897215 -2.48716156267 -1.36006223706 2.34979732835 -4.21760202276 -3.87496509488 
-17.1552488747 1.95227064935 -0.409544327594 -5.75858897141 6.78320598521 -2.88623255132 0.612888287303 2.59906835974 -2.93187960444 2.69941301722 
-16.5514977627 -1.11534224803 -0.205385192218 -4.67602218715 6.27096207708 -1.02455546213 -0.373422527169 0.115668322126 -0.591582827113 0.819260938539 
-8.18072857478 4.12699738727 -0.998467916955 -3.10431547748 1.83388162166 -6.22105081625 -0.720471338087 2.91375590422 -0.381271717271 5.59464817369 
-8.88592967479 5.03527763727 -4.77437461958 -7.19780037522 0.408771636505 -6.59675963894 -0.327663187472 1.60070443758 3.19137200455 4.91463106623 
-4.14007175051 7.6805534134 -4.15442903778 -10.1408719802 -1.07056489112 -3.076338301 2.09535623046 1.49164145027 2.82748160999 4.29644066435 
-0.0456500850266 8.23571792709 -4.81760641623 -4.53694441159 -8.48735790208 1.27200311735 1.57797026153 -0.376983841652 -0.197596319279 1.0646961318 
2.78083424204 10.0988985094 -0.856712025883 -5.68725392087 -5.03792963881 1.705157976 2.58084263344 1.09473481233 -2.1643214422 1.98723211836 
4.53063042646 7.06312622204 -3.16550534333 -7.73392355957 -0.469497677907 7.85043683128 1.57869461939 0.782177730326 -3.91150696526 0.136303678873 
9.52531001655 3.89781559526 1.06793096117 -7.40840155627 3.7592159968 3.26780477278 2.65988085953 -1.32597722054 -3.30351010363 0.51105033933 
14.7776782469 3.72599544559 3.97929662729 -7.34846943107 1.74213572092 7.02920514782 1.58075111341 0.374778956122 -6.07447187204 -1.31981540979 
14.353138001 2.87492173695 -0.0386788870923 -7.49790571623 1.99997571263 9.75981768891 -1.98662905082 0.744956521544 -6.9785126044 -3.19976842256 
16.4858218146 -2.02498058865 3.33620314196 -7.78289668666 7.44441284716 9.50117427207 -0.624276633563 1.22322945371 -2.16095386849 0.392564643454 
16.6318988731 -11.3454313998 1.7226031753 -5.73725423425 1.93597352515 -0.842445348729 -0.199201162324 0.802415118634 1.25897094139 2.25168709613 
12.6551180021 -9.65569029872 0.969262759644 -4.38570686571 -1.82821911785 -7.87881835909 3.22868867557 -5.77437371806 1.86919940938 3.87668682875 
4.76559587615 -3.91851815575 -3.70395952152 -11.467681167 3.64227394938 1.25271799197 2.13181031104 -7.71569742596 2.32185214174 -2.16366428923 
4.82346082842 -2.55198489297 0.884186223003 -9.24924239975 1.76944390064 0.256714689233 0.921519395586 -6.41345959545 4.20286616605 -2.10605220158 
6.22090793739 -2.16401295367 -14.1530353933 10.8217068955 6.6474571206 1.91605726438 3.86817219297 -0.0144754395243 1.86046957904 -0.251273637169 
4.31735424267 3.684028347 -8.47519678201 12.6250685045 9.07336096043 -1.54733760741 2.3905906446 2.43684661628 2.52481713026 3.2173496449 
5.92390259004 2.9590247864 -10.2627771641 15.3836612899 3.86839679079 -0.47946090506 1.53254119526 5.1348808169 2.49991695697 4.79776344877 
2.13376328881 1.70437649607 -8.35365909916 16.3201330831 1.36144194918 -2.16445636908 3.34919206898 4.7945009925 1.99422931916 5.55582384835 
-0.75509258012 1.76217778119 -5.03647550042 14.0434118766 3.36372532562 -3.79320140743 3.3892214713 6.63875114478 2.53878873743 5.74689286734 
-2.41213999567 6.96692776908 10.4193015991 7.22623764782 2.53547954022 -4.31072551669 -1.31622247564 4.65676641893 4.63015026872 -0.443640758638 
-6.44424352835 -0.245851873312 9.9977722004 7.88214550594 -6.97477075492 -0.442780248594 -3.63045770569 -1.37323902761 3.84484383877 -4.15198861045 
-7.49382436709 -7.70029300416 17.3559746232 9.40592020284 -4.44198777377 0.37354705354 0.374582577205 2.54527806392 1.67124182174 -3.60705799866 
-6.9909391844 -7.13604045262 12.537005541 3.02924686523 3.89386683779 -2.21227931922 4.51603472097 4.21143775418 -3.5538752988 -1.21842766261 
-11.1828866887 -4.08447492043 8.33782934835 -1.42025622151 0.703030304388 -0.21071965419 1.99129665809 3.2438796055 -4.11691054521 -2.33874910461 
-12.2287836687 -0.0224432390672 6.01450642402 -3.34873393111 5.00886126397 2.54062920757 0.13961335573 -1.81372803611 -1.06254922911 -6.03073912096 
-10.8625863765 2.20335318264 5.68850892883 -3.37472255574 6.06186370205 -2.05770677208 -1.39400814505 0.293453614371 0.0903231760903 -5.52168787869 
-13.4943282277 5.66171313313 1.05517114231 -9.27349624044 3.93782119647 -5.62634421657 -0.823237757966 6.76050401205 0.0297579702629 5.83509558968 
-12.2356672528 4.07645537878 1.90354970192 -6.55129399558 2.38368803397 -4.54097827214 0.0118849296273 0.771691575374 2.41255523666 5.50219231081 
-6.11658400758 7.51780416676 -2.977298139 -5.76416662731 -4.14226019244 -1.64120355473 3.1672459979 -0.506194958721 3.40072548042 4.26828707033 
0.924816714777 10.9789690021 -0.393797339819 -6.3074475989 -1.28708416002 -2.9850947013 3.85430094959 0.800859850015 -2.24063305569 3.31411738277 
5.93705099174 14.2828529664 1.8868728909 -4.73018515046 -5.05627503121 -0.711626779388 3.6641008251 0.273464885535 -1.30648777488 1.2687300058 
8.99637684666 12.4274154154 5.55818831411 -4.13692988099 -6.28302739807 1.37665180842 2.35004400211 1.2441888494 -3.11312482078 0.228285201274 
9.16047053114 11.7110706042 2.36356261598 -5.55482100455 -1.16224880995 4.27566871509 2.18958695586 3.05922070177 -4.76978737984 0.498841529463 
8.9128619081 1.91486473557 -3.26209468061 -8.39541683633 1.35156688639 3.53345743822 -1.78437138981 1.29150475484 -3.11197394646 -3.78961569226 
15.0377880471 -2.21358246971 -1.28183580532 -5.02220967463 0.76635060802 0.388095381199 -5.45643361644 4.98130138498 -1.37755215667 -3.62814709931 
16.5484441777 -9.43414569148 1.57439282464 -7.40143981305 1.1268849242 0.4906708374 -8.96271182399 4.79063223434 3.95422850614 -1.16452821318 
16.9623770673 -15.1466241627 4.30451530528 -4.06536083763 2.15371181593 -3.64642026622 -5.25936453058 3.5166831638 0.250047602702 -1.40080128175 
15.4016959699 -10.1357867647 3.6579038816 -8.84799877254 2.79999766237 -7.61776754868 -0.458445951178 -2.10052105769 -1.82358530875 -1.28247199243 
15.0970987978 -6.22476906195 2.03065362558 -7.16266738142 2.29010909285 -3.67185818961 0.898730490883 -1.47622000705 -1.19413529144 -0.638139564243 
7.46182735765 -2.97114439346 -4.7678644111 -4.47978951233 -5.89286762328 1.39857138383 3.72811137036 -4.6761363738 -3.4422189484 -1.28852096444 
4.08745671505 1.49953430656 -1.70384222458 -0.833952569437 -3.11427471158 -0.107743499763 4.67472002423 -4.4085438768 6.01517353405 2.11640215876 
2.17703112505 -2.45071274319 -10.8885818745 2.42649111023 -4.47222956143 6.03276302895 4.68342584194 -6.0330747519 6.42132238069 2.79317827656 
2.53130585622 4.89528208372 -5.12060376603 0.659884704484 4.16116663798 5.00154672994 -0.263000175181 -4.41419642222 8.80069125664 2.16991518995 
1.02233797805 5.21272693942 -3.66501377641 1.83156737563 3.98631816815 -1.41806802345 -1.08173424338 -0.70940679063 5.02607066757 1.20373618779 
0.0985432187866 10.2871554223 1.05375941077 0.798148439297 3.15470075572 -2.29652842693 -1.41815490197 0.126403012361 4.69499608117 2.51312006724 
-5.08199373895 9.01302606978 -1.63463455828 -0.751902814953 -2.04028215805 0.614506163094 -3.37772520898 -0.60434033804 2.21714234925 0.892633367307 
-7.74634240819 7.89889888072 -0.229066553842 -2.6865192537 2.33963170227 -0.373490330847 -2.24564234898 0.784442909967 0.105207467269 1.21239532515 
-8.83515691092 5.53774707551 4.40873787749 -2.19293876029 2.01399487263 -0.595266992114 -1.95162578619 0.767163098616 0.0713596214682 -2.38203348429 
-10.1279407481 -2.23828223648 7.2684924809 2.39309215208 -5.67300073388 4.9978160751 -1.13317988127 -4.7670199633 1.23660094373 -1.32588971821 
-10.0893266301 -8.39015080349 9.06466907187 4.91027093051 -12.4280269081 -2.54518158138 2.06363757445 2.74644831812 -2.53511479132 3.19836081553 
-13.2879017471 -5.25672310492 3.23183572298 -1.46551794739 1.86071851525 0.0741226708642 -2.14600322253 -0.643083704346 -3.33320134349 -0.985692686417 
-13.8485863844 -4.48538092069 6.04159994018 -0.753742954712 1.03177723895 0.127376305716 -0.314343792761 3.08593110475 -3.50310350267 -4.70496915949 
-14.2315831226 0.921720160054 5.00075593734 -0.434516448909 3.47768936566 -1.2475433069 -0.745929545412 -0.862848183699 1.25650272728 -2.78231697125 
-12.8588312628 4.24425917672 -0.427374971259 -1.11952875958 0.0736754924952 -4.40763466315 -1.50945647765 2.23989493164 0.927401639153 3.60662064265 
-4.75776392283 9.18038050912 -1.73681909927 1.75226293603 -1.22095037607 -2.00197715706 -0.734415642383 0.897175800503 3.19440705619 2.20976875661 
0.574063572919 10.1141039783 -5.3379100125 1.91363084067 -3.44129015191 1.15885857777 0.434102956678 0.294999649199 2.35708720524 2.65125353682 
3.29069590663 15.2059944937 2.54317230719 -1.56754841782 -1.25526949555 -0.719050190113 -0.661143542767 3.23071985839 -0.657157385807 3.03473932896 
3.19011704353 12.5249983526 3.10726386326 -0.731172629813 -0.0655913059656 -1.30309365481 3.33057539894 -2.38912404615 -4.02086013176 -1.27553548184 
9.00815314731 14.6040648246 8.23738898487 -2.33632650918 -3.2611901618 2.71339022865 2.66846821142 3.50734777446 -5.89146600234 -1.15739848457 
8.61228845097 1.40819931328 -2.51927958941 -6.68117463163 -2.42974403301 1.33088401247 1.08955410969 3.67522872685 -6.37149942733 -2.63563819727 
16.0592374931 -3.40601995775 3.87346134279 -2.38841858022 0.321653175545 2.50466670197 -0.355500149693 2.83900857415 -1.97376167795 -4.13066300603 
17.8846723476 -14.0667504806 8.98494613649 1.80497110789 7.90419151643 0.603541216333 -4.84172188706 3.59638056887 3.74839618303 -0.229338453858 
16.9893201417 -14.0386547337 9.71377777729 -3.84692732201 5.37619895998 -0.993557014837 -4.05026469604 4.79152982553 4.3446744053 -1.97789100565 
13.2611751045 -16.7737867337 10.5319124112 -1.69269188496 9.76998955492 3.20650206793 -2.10001623165 -0.325151893091 6.91214460235 1.45152082939 
10.0221948985 -11.1949674608 -6.48049868181 0.0458381983394 6.57719048136 2.3165778324 2.55567578943 1.62946294823 -2.15233836625 -1.1356846653 
11.4782529478 -14.1094346199 -3.77652663537 0.329102052898 4.92504236624 0.0542995234246 1.42587268383 2.95110578481 -1.18774265289 -0.00669118097322 
6.27602445914 -4.21945517592 -9.92251295016 5.79394059651 1.69350917869 1.33112130342 2.2475514999 2.75227866358 -1.01605484106 -4.85268267768 
3.53415489761 0.599264441765 -6.44007955251 9.49716044187 2.59098572032 0.922036130109 5.6016351767 8.0284295247 0.539418228265 -0.507963884742 
3.49600589259 -0.770855630214 -16.5268115176 8.69883814299 -0.882113334862 2.33141141695 5.61679084887 8.60334086024 -0.882825381009 0.99749654829 
0.0509628996626 5.47927873916 -9.65301569005 -0.188575066171 -2.37355404482 2.09582742404 -2.42336612044 2.57786671643 2.5144631088 1.63409336165 
-1.41914204818 6.02231723693 -14.2993424856 -2.40603456886 -0.0620254836225 3.4443178349 -1.6813999245 6.83457617328 -3.88402485628 6.48082758459 
-2.76336046029 4.60079585202 -8.55149822667 0.538050756114 2.90638282447 2.04833665533 -2.75848166675 6.68331224383 -2.20092526969 5.20123476377 
-2.53609103419 4.62594855886 3.35469060274 1.28922784106 5.43228413851 -0.574350082048 -3.90358718656 0.221363578697 -4.80199163614 9.87464773835 
-1.89458641317 1.07036116302 5.78009832731 7.20367337305 1.32149060219 0.289139297758 -0.800060123015 -5.60098101753 -5.54365682662 12.7399775504 
1.26483191138 -5.26910649505 9.77482400716 9.26838739935 -8.53253356098 -3.17536969303 -8.23215426048 -2.40990590296 -10.5009467935 15.4256925535 
-8.50803711426 -9.27280106895 4.04612975992 3.33387561846 -2.09342663513 1.29711941459 -7.39239348059 -5.60251832322 -8.36287533448 6.72159625911 
-8.71422526609 -11.8604081827 1.36426553776 5.3779814481 -3.62083539924 1.79983748748 -7.84636821379 -4.04205892742 -7.88757689886 6.69608524352 
-13.3274656831 -8.09697654873 -2.58688345873 -3.62830997545 4.78976041311 2.81203716563 -4.09269580297 -4.43023039708 -7.27267201532 5.21722625822 
-12.4737291188 -3.79546332582 -2.82482035967 -4.65813912101 8.98433961385 0.498407134775 -2.23528511997 -4.91012430696 -4.93714762346 2.8432740461 
-16.563330963 -2.5928973936 -0.0928768910289 -6.92398341107 7.40187550833 -5.4522093673 3.57742273421 -2.64866014424 0.991990138096 3.07089632497 
-14.7047391503 -7.75979671087 -3.192399358 -6.32949615302 0.301538241777 -4.73941398944 2.78327522552 -1.18898143568 2.9937622629 -0.708618731756 
-16.2155108378 -6.50055476135 -9.12003287765 -11.2051754796 2.53891147713 -4.58903592206 1.64085524861 -3.43603354538 3.47820193582 0.29003196115 
-9.56551081466 -1.32832733714 -13.1511141818 -6.84472280552 0.396616719965 5.43142128807 -0.516251405957 -3.48287758937 3.17708495538 3.14232276822 
-8.7481714965 0.243740704225 -11.5323025077 -10.3348446517 -5.8654168964 7.76043336256 -1.5197646491 1.64280799672 0.40050587314 1.69277064883 
-3.03083706139 -0.506912413104 -13.5507410596 -8.17865575709 -8.47143561934 8.79389612048 -3.58819733628 1.87083754299 0.237666977357 -0.445249209618 
-2.87045812606 2.47894575696 -10.2345668102 -7.73792415455 -7.15539821631 7.530982033 -1.77951019884 0.280749325028 -0.532276326386 -0.809950447277 
-1.92374764858 -3.7345056981 -4.78844363447 -6.69896728632 -1.38240296132 7.14508080567 -2.58576177976 -4.83658405664 2.64692096381 1.84245784904 
9.19538741215 -1.45439561734 -3.91566969205 -8.3833142623 -1.08598182951 3.3921367676 -7.05106521908 10.3372151572 -0.543537403101 -2.32819724768 
9.57482533641 -9.80905572911 -3.58739341206 -0.889489432704 -7.70409978906 -3.25765429742 -4.14841813416 3.11457461793 -0.582976041025 -0.799856998794 
8.4883056556 -6.58053858576 -11.1383922575 0.485071088185 -10.6259371238 -3.45634267762 -1.68144457 -1.38711209727 -0.196075152822 -1.03041073387 
7.08735317011 -8.15465505097 -5.98634815676 -1.09013756695 -15.0138697423 -5.97173599045 -3.80336498722 -1.35407246333 2.67953848953 -0.532114244453 
3.30224807016 -4.48656377486 -8.86118662214 2.81409529152 -8.691731719 -3.96250258054 0.0272305519848 -5.47144242311 4.90205319664 -1.30036757814 
4.24613516342 -2.30361418798 -11.768256839 6.0610733284 1.63758513673 -1.80277422305 -1.40982362003 -2.36427759675 2.33430485271 -3.18141905502 
4.88243565895 3.98566036843 -7.68839727808 6.326419629 -1.61321876897 -4.51600774685 -2.03462161188 0.0268311228982 0.602169380864 -3.69833434412 
0.0721955917313 -0.488789910444 -7.12855375682 4.29003075578 -4.11826712348 -1.68512758627 -0.658465354949 -3.0010217413 4.96393299183 -1.60507825947 
-4.64482074289 5.35947043937 0.240661321063 1.29982159136 0.829272797576 -3.02401033856 -2.29479685968 2.14003352857 2.33643451707 0.457447109686 
-5.54073001936 7.34147734881 6.9446105021 1.89012192843 1.88267207046 -2.15649879112 -2.53391904022 4.31799698755 3.0335212343 -1.12753746469 
-6.19866804799 4.14599913015 12.3143042552 5.57072031633 -5.6576573839 6.21178084198 -0.437380625428 0.680345441649 6.70893172787 0.584830650339 
-10.8248444724 -7.84759289348 13.1469645825 7.32652296761 -9.24508058284 9.06270639497 -0.231191265169 -4.27974086507 4.27278576388 -0.644296077382 
-11.0827057671 -5.10677880566 9.70510982538 4.8282943485 -11.6581627544 6.36794839673 -3.89150560768 -3.20551811216 2.69837137117 -0.523199166935 
-15.1189662807 -16.2237042909 7.47479152225 2.39538162076 -2.08550015188 2.03270850081 7.84455965522 4.32476197614 -2.22120446337 -1.30698420121 
-11.6361989714 -9.03763686284 4.65544960954 -1.49964957859 7.35059130434 -1.73672541661 5.17990731386 -0.0812019735389 -4.20913469845 -3.57290204538 
-18.618621999 -8.52728374119 2.18661359697 -5.57554049619 5.70820671332 1.64556608437 7.52046832232 -1.27324356367 -2.18859495209 -2.13704179843 
-16.6267286498 -3.05720449974 0.437263533027 -6.07961852121 6.49560036196 -2.63877776923 3.64109871427 2.33590412029 0.334380734577 -4.42418560543 
-19.3539857409 -8.60483970116 -10.0086012621 -8.39786966532 1.43527094061 -0.884324999061 3.30849714164 2.0213926722 1.88534699642 0.564626190496 
-19.2251922714 -10.2995842816 -11.3324468827 -6.28518232149 0.273002473168 1.06862095223 2.6591312412 -0.840369364816 1.46181454032 -2.3529694166 
-15.6447472744 -9.42395424392 -15.1195576264 -6.95730363984 0.562107593928 0.128963394422 2.69619538633 -0.111438248512 0.657078843606 0.363844454428 
-2.55552067945 0.208283924804 -7.75541908981 -0.542717783296 2.4724897735 1.56539382801 -0.40590718057 1.20417367511 2.93644576961 1.66730281149 
-0.206929242984 0.642517053856 -6.34554708595 3.01158882378 -2.36783925527 0.325795832886 0.923152528484 -1.88852496227 3.94328872699 -1.10532856899 
6.35583155119 4.09094407277 3.10581705938 0.387314457486 -7.2833728148 -1.5364453396 1.45869437904 -1.04415164361 0.568296261661 -2.16858792585 
5.11539848903 4.69783167699 5.13784443123 -0.151542352276 -3.21038780606 0.604360656685 0.825638697674 1.51323345758 2.77089342493 -3.16580025614 
9.63763218095 4.72122047274 6.28870802235 1.66215685306 -3.74310065462 6.12920244425 2.69866293304 -2.82466963422 2.22226436656 -1.36126406929 
12.2878291961 -7.46205599844 -4.78887558613 1.57790495943 -10.7877321453 -4.66110448664 -1.90237249859 1.29390164797 -1.90054892346 0.329330582771 
8.9806862055 -5.77119291629 -8.63114957118 -1.45915545421 -15.3684682696 -6.85348177072 -1.78633956821 -0.920353015251 1.72951013342 -0.638211618277 
6.28744490124 -11.1461143165 -11.05150105 3.90875672312 -11.6931107525 -4.78477864828 1.25168037696 -0.596302081571 -0.0777955168189 -0.0540975970521 
6.56198746973 -1.90159972616 0.0594638234133 2.59438674417 -9.85268960838 -8.5627790663 2.31322427605 -2.468799823 -1.9748850183 -2.72865376036 
0.316792472167 1.10285584226 2.10018127692 -1.31947341671 -3.17251711946 -7.57221776723 0.0480581554437 -4.68818600681 1.15656298461 -6.76541119272 
0.509090499362 4.25004733129 -2.42204073393 -3.29131538349 -5.17630002746 -10.0210629432 -2.12048030209 -0.107803567903 2.28378881138 -6.01660236082 
-1.35224483567 7.08881109059 -0.878462528654 -0.466620406074 -7.96673210863 -6.01941616248 -2.37968938251 0.928093523729 3.35329511504 -1.83995563719 
-6.64560538102 5.59556976169 0.240521733893 -1.7960930402 -4.38522734791 -5.78483734295 -0.519922362426 0.644549305743 2.96214705616 0.0121140851103 
-9.2420087139 6.21294802173 1.32121605174 -2.86832301931 -2.07494418699 -1.79457236516 -3.35102955651 4.78499017544 3.93677749369 -0.599388306136 
-4.2028085393 7.15901421409 6.2884734708 0.042740403634 -1.20139011661 2.48806448414 -2.04788252546 5.9972372183 3.05159544318 -2.93818530961 
-7.69239345167 -8.20850323512 8.06448987114 10.5925629914 -9.48435245413 10.1248292578 7.03532094799 0.209629507898 3.84260178624 1.83082587829 
-7.25649828585 -11.6145892298 12.7002210751 11.4965745495 -4.73604080294 2.05030543098 7.04262993641 6.04098346875 -4.92976459424 5.36071317751 
-11.8345522743 -14.4789346049 10.0411254533 8.72695589318 -5.86739240036 5.74857071314 8.47433583487 4.77357003509 -0.219204244895 2.26978892356 
-17.1561460361 -10.8314290935 0.707147749342 1.01252922218 -0.257084236418 3.68732773048 8.78239903283 2.23124296246 2.15250854473 1.71799783526 
-13.2235964608 -5.89860675705 -4.84241510967 0.516589457529 3.00232914611 0.553437101972 6.12389128729 1.46869107861 1.21166171782 1.43320776431 
-15.2479929414 -1.53424860851 -3.02622312114 -8.73711939278 1.49861514995 -5.33044064487 0.601818598571 -0.485170539867 4.18737869483 -0.735326783827 
-11.1548604123 4.27812243363 -3.75389571141 -11.2822582777 -0.178936078484 -4.27725321511 1.95331755909 1.11849575999 3.89362127622 3.73332626846 
-5.1819458281 5.08089903889 -3.51033658889 -5.34505276293 -6.21593351946 0.0292843497871 1.17449052338 -1.69367540965 3.43749150798 0.71770123299 
0.309559568879 12.2689355743 4.54858824071 -1.92817980325 -1.94355987443 1.45757291545 0.98937415956 1.11014049243 2.37039170449 1.59469991882 
0.528901404836 10.2619492715 4.15893982584 -2.531291843 0.123795075772 6.0466220679 3.40880028817 -1.44063033661 3.03051169617 0.937077609808 
4.04638587609 7.39573678814 10.0201492162 0.829396228548 -0.159108289427 7.21051606058 5.6381127723 -5.34137005941 5.47394263025 1.64725942974 
6.69649452073 1.14584652199 7.0886895918 1.44347190994 8.68465715084 7.62950837297 1.89322386512 -10.7995523118 4.72211893805 -2.00272142483 
7.40250334985 -0.430252643958 5.3060714019 1.71733930418 10.6677966186 8.53066420419 3.58954747958 -12.4686016344 4.79192244216 -0.924763109614 
16.1290726191 -12.7831742056 -1.09655341826 2.57509467584 -3.20054828762 -2.967144441 0.610001047379 2.57883630525 0.699670975791 0.858492650868 
15.2713460627 -10.4767771416 2.70671578943 2.20505798775 -6.21894372024 -12.0532249286 7.07129446097 -2.1495129232 -6.86846669553 1.33435331472 
14.7794422517 -8.99426372148 7.85808537211 4.26141996905 -2.06319253537 -11.8731959757 10.7981849979 -4.19216443196 -10.5540269083 1.65119689745 
11.6876048462 -8.36169178997 -7.62470202072 4.0616880203 -3.55016854864 -5.0334159607 7.09591195323 -3.35675885084 -8.0371238319 -3.26714286027 
3.51837328421 -6.57140625412 -14.9676893143 7.61484903598 0.464051773745 -0.653090221488 7.79926099168 -3.81959918071 -1.39600388484 -1.8992434811 
4.37184880913 -3.11621810532 -19.2031134301 7.98710473172 1.33547707288 0.76006886401 1.38740566173 1.4650056596 0.271326748346 -3.4198815626 
4.62618977341 1.62582906503 -15.9441654716 7.9186946587 -0.510663979846 3.19012903556 -1.62963556645 1.41311498459 2.86769144893 -1.01007762152 
-0.030190787448 1.9836490757 -12.8697811479 7.15082831993 -0.681883522766 3.90067460305 -0.657289200349 0.245344306796 3.62466249199 -1.07545834173 
-2.83018131398 4.06652023707 -8.85129867848 8.0029619462 0.606317950049 2.88032841857 0.967458402849 5.24412991501 2.56155252056 2.32860437481 
-2.3728900836 10.3014515468 13.7683165549 5.87081023309 -0.74215190939 1.11923275104 1.30992670512 3.82223044184 2.45376538939 -1.92920347544 
-3.61356215509 6.76601824767 16.2403606277 8.23485384775 -4.30452318823 6.0570854362 1.88175718653 1.55721652507 3.29341128689 0.0689129950486 
-9.26453213935 -7.37904367639 11.4369663377 5.60734927788 -12.20361443 4.92222057396 -0.138768423707 2.09475149679 2.24649053358 2.52395493338 
-13.7523041124 -5.61264475233 4.32855904686 1.52711673766 -15.6701192705 5.06089200039 -1.00598278487 -3.34556797694 2.0778119921 2.77331582961 
-18.211681471 -12.8298129074 -7.87643036018 -3.61286288102 4.96147445932 4.31253435964 -0.209952424204 2.59562609043 -5.68362679046 -1.12432775659 
-15.7073444462 -3.32900093129 -6.05508013382 -7.19674109216 3.22030151958 4.24731316856 -0.467896043846 1.71557421803 -2.71382529034 -2.86508390971 
-15.4626070278 -0.226382331925 -6.2073064008 -11.9341819497 4.30422961837 -1.85594569689 -1.53207051777 4.12199526897 -2.20048461631 -3.33345068165 
-10.1792076578 4.09824060995 -2.46882288339 -9.26834515218 -0.78484524026 -2.85048251264 -0.0969569900025 0.503896619221 3.15964750613 0.915647906716 
-7.08627093611 1.12780876979 -5.96761430772 -8.70556414215 -10.6642608359 0.908988926983 -0.936719767331 -0.648837572242 5.21773925381 -1.92061887516 
-2.98674869232 7.37266008995 -3.18996162781 -8.91331040201 -3.21348596091 -1.3810178864 -2.07560710743 3.18902321542 -0.749755406636 -0.811649267286 
2.53463329695 10.3222023506 -2.74555000294 -5.46614703112 -6.94951635917 -0.944716359113 -2.15159970106 4.02002143329 -3.10112684457 -2.64544017507 
7.23358521148 12.6748816449 3.94892715712 -4.49324506453 -6.30950445839 1.00374534317 0.984464490179 1.89441668245 -5.2747396144 -2.60729290442 
7.44694938488 4.33858897117 -2.61749945449 -3.32034964083 -13.8642726618 2.32431295702 -2.06569309664 2.23649762364 -2.51656327456 -3.51993279615 
9.41385706563 6.37702797706 -2.25011866667 -6.14586630753 -7.60652664254 3.66400771352 -0.751656745562 1.59558672176 -3.5249831599 -4.71471968349 
11.5516311035 -9.29094421934 -3.5131443426 -7.6801772164 -6.32988804341 3.36710712537 -9.71946832768 0.416674527965 1.49624597258 -6.17047524971 
12.9923469157 -9.50362746225 0.402059095606 -4.20174065059 -8.48754192376 -3.9420863232 -0.240426050228 -4.08774282917 0.893284597997 -0.842843595613 
6.90488528018 -5.18654918194 -12.7715417107 -3.30202870721 -8.41286204787 -2.92307378737 0.413912903941 -4.75245766571 -1.74759591619 -1.78776417303 
6.13419766639 5.47066250295 0.125164404426 0.433015218422 -0.959170797283 -6.62809953312 1.36768042397 -3.88293694585 -1.19272289076 -2.97523948605 
2.75548225038 2.25708481693 -5.05729932189 1.95353186826 -3.16886746794 -1.89625009375 1.39843180451 -4.50244049227 0.778393077875 -2.6702549709 
1.23446886042 6.53211724015 -2.26156575653 2.42451200013 0.359815561003 -3.03454737891 -4.63990585111 2.20632126976 2.93365424729 -5.80261805328 
-1.17943775408 7.37886373817 2.54026520907 1.03292771648 2.61945738089 -10.7517687081 -4.13685934781 4.0563846728 3.73139003446 -2.47746576215 
-2.34591197348 7.36988461942 7.492749594 3.34506994396 3.34902293019 -6.9212915563 -2.4165113035 6.83000910872 2.88616719355 -2.63878885403 
