-0.276778750191 -15.1444758848 -19.0622080748 9.58117680753 -5.43792951064 4.02968518054 -2.80260584428 -15.9319527176 9.71988967355 -6.9451480122 
3.04274538245 -20.3082428728 -17.6067556249 8.46152715646 -1.85106583582 -1.09978689983 -3.6328011745 -16.0397653837 11.0519052746 -3.89015762787 
1.10315389747 -17.9798319525 -15.6731713487 7.96661305133 -3.48533477441 -2.3077452878 -5.2518878647 -15.284530403 8.63992662269 -4.38346486093 
0.590917958132 -18.2295664179 -16.7028901645 8.51766877471 -0.725297327825 -0.993879611039 -2.56904361131 -13.5525832143 7.75213721022 -5.6277488608 
0.478071812487 -14.5130457541 -18.4260409159 7.23158172246 -3.18962593255 0.294100962519 -1.05049943293 -13.2617821659 5.78709025485 -5.96786527596 
0.228225350005 -10.0684634953 -20.6813211351 6.39699905944 -9.01905389483 2.13315154088 -1.30054447212 -14.0211534553 3.59222231968 -6.52152029921 
-0.029511056141 -5.48348617266 -21.080615474 9.85756061783 -10.7090958034 3.87980115194 -0.507294687851 -12.5810325003 2.56997093587 -8.39015031465 
4.88067535013 -3.65268612432 -20.2482783744 6.22568839409 -14.7925343263 4.02006455454 -1.06555412983 -10.5372338046 3.41327013966 -6.37470414545 
0.699422535935 -6.07476219309 -18.3928546524 3.73022768888 -8.85251539851 6.46699037102 -3.33605752203 -4.4044120137 1.95165388589 -8.26953010735 
0.122309510164 -10.0852249365 -16.7015453847 7.73710963467 -3.72807954196 8.59840301245 -7.32688379186 -2.98000686915 1.82760440708 -8.0009060026 
-2.60216118678 -11.7638820922 -15.003218827 9.05677266193 -4.7740878805 8.69695353784 -8.52551662189 -4.41070668015 1.99168818471 -6.92533054903 
-6.81129869747 -17.1553794322 -10.4281802819 9.93843654 -3.41136666376 6.49867831955 -8.68675622327 -7.29996884235 0.425456228272 -4.71902011437 
-9.71742981697 -19.6914015972 -6.36649505856 11.557194352 -3.95889819041 5.2808060323 -9.51523889363 -7.0727620694 -0.868626114815 -4.53932658811 
-10.3004338236 -21.8909735464 -4.51510141035 10.6491069588 -2.97072920376 3.39394258924 -8.06507874713 -6.28457951123 2.48201186193 -3.16756467509 
-11.7890476968 -22.3051683906 -5.91282701629 9.62853389331 -4.54580918312 2.41280288316 -11.0345833252 -6.65117882166 5.55080123717 -1.64573804935 
-12.419394425 -24.4556105783 -5.06829140954 10.5620060236 -4.9098145503 -0.0631590353131 -13.4013186998 -8.32820148204 6.45477230166 -0.663166996588 
-10.7574893021 -24.866314312 -4.803864315 11.4374390979 -3.99786340766 -4.40926000409 -13.5846267358 -8.13597300513 8.71841151302 1.30984759037 
-4.7165497383 -23.0831825239 -4.74013968578 8.26728177904 -1.95027044585 -9.08703651057 -11.114576445 -5.62159038703 6.35350917414 2.69391493708 
-4.28792716417 -21.0214106157 -5.50765636284 7.41278777695 -2.76615244053 -8.34829991461 -9.71528022169 -8.22638146375 6.70165090489 -0.0378059771163 
-4.34446419488 -19.1860968886 -4.81449198127 8.3320295358 -3.09656904523 -7.80654283601 -7.38800162528 -8.72079759525 6.18323133202 -1.90091920376 
-6.19282105945 -16.1044558375 -7.91550833463 5.53928103984 -6.33085888645 -4.25714615778 -8.01344267554 -7.21797623627 5.04648441559 -3.32890120673 
-8.33015976801 -18.0364970078 -4.85500571939 4.77549350024 -4.42430289385 -5.04527703481 -4.58190758422 -6.9786849971 6.43872128484 -3.11413901975 
-10.3324675289 -13.9794658351 -2.50846848611 4.95078971219 -7.78620232531 -4.13994510026 -2.63162437553 -4.98889262703 4.9425104777 -3.64212502103 
-14.9190253212 -11.3708680181 -6.23051271187 1.36476653273 -8.06744833034 -2.10518942346 -2.27844439628 -4.93351716368 4.12522712134 -4.09992342991 
-14.625848991 -9.61607160049 -8.10862396285 -2.60856020278 -6.93370030975 -0.691463419732 -2.45325446472 -3.95820310616 5.41478006818 -1.84134449209 
-17.001279338 -2.79830566164 -5.39294182373 -10.0306342927 -11.2046909763 -1.40442207682 -1.42642638335 1.70606302174 4.68774439999 1.47231700869 
-10.8341456662 1.73496799225 -2.2430813289 -15.1727613224 1.95628689692 -5.00098093511 1.3546634646 0.353100438141 10.394195966 0.444992275266 
-11.1977703323 3.37094789538 -7.40914140738 -12.9187681676 5.55500194072 -3.5088571146 0.708633066429 1.77998384849 7.02632736924 -1.56690702182 
-10.1971176536 5.42805498254 -14.1473988983 -7.0199088828 12.9059614464 -1.62117487297 -1.41826168626 -1.24535588661 3.18249295505 -6.28368280671 
-9.77333428082 5.24111191011 -10.8183709588 0.0368812580768 10.8869901013 -2.74250563606 -0.636471501758 -2.86309249262 -0.341450580955 -3.22804593969 
-10.6642427221 5.76747201386 -4.80329564402 7.95046433898 8.59283485644 -5.64492199246 1.64651820081 0.617743035487 -0.0681292394327 -2.26864236701 
-14.1946319857 4.89177411231 -2.70620461396 11.4233291241 4.88150947491 -4.36548304552 0.67128729994 2.39166419327 2.46061463252 -2.14660988046 
-15.3833075331 7.50219998913 -0.436320681388 14.7743192203 -0.601910112954 -0.140993640423 -1.69964001789 3.47495088058 3.31503676703 -1.79243714591 
-11.5219166961 11.3492739085 -0.440424294912 13.5684968418 -6.74299013153 -1.65286520165 -5.38975742329 6.14310149401 3.36355761301 -1.97017729995 
1.09160908662 12.5389415457 3.11044485195 12.4100847204 -6.2365738819 -7.16980370789 -7.37232638573 5.72774855954 0.747524869661 -2.34745342852 
8.75265770413 9.04700595043 4.18385486989 7.14917490065 -5.05445926726 -9.98243431169 -5.8425711068 1.59184230109 -0.238624239971 -0.3005737328 
17.4050201697 -1.82213197288 6.07359059369 6.20753524565 3.08321504561 -14.8890732964 0.514071803457 1.6737889025 -1.23084109531 1.14067569067 
21.7721610117 -4.39946420537 6.56978254929 3.85214969612 4.729028196 -17.0021157167 -1.86586569777 1.4877653415 -0.402259034168 4.37216275421 
24.0731757372 -3.02526928651 2.89853691787 1.64103812227 4.14945356355 -12.8366815264 -1.09231168214 0.771070923642 3.1230211883 0.829557900581 
23.1654232574 -5.52622579486 -2.45631696286 3.63278131331 9.2789437273 -7.80060720118 2.07384294822 0.304345936899 3.67204239833 -3.26456687811 
21.2720819111 0.729933599897 -6.72318573574 6.54519180245 -1.14925560001 -2.60488514904 3.93480368027 4.39811447924 2.80011812459 -4.45180924003 
18.7767259193 2.08156448947 -16.6040678351 4.03770606637 -7.31696786062 0.514852352395 6.73590284446 -5.88683027987 2.79520426847 0.521078539854 
11.6861513199 -4.49855781878 -20.1571320732 5.76460814771 -7.32944928629 2.38383207289 3.72215258318 -10.7561114596 2.7782182039 1.97292569809 
8.78755419709 -5.61299819236 -19.7330156212 4.36691047557 -7.34313354385 2.53955143714 3.48127806937 -9.86815503229 -1.97230960985 1.12526888209 
9.39554093331 -1.82544530644 -18.6080991506 5.05048178535 -15.1181578087 0.515023468692 -1.29247861995 -7.39965669105 -2.62964385674 0.50559075779 
9.33125383585 -0.741867703043 -15.3228964365 3.37972952066 -18.4264492873 -0.204194560415 -8.1416511057 -5.64390427625 -1.49137601638 -0.895179263264 
16.6466956982 -2.10845296794 -8.9630907146 3.02149601184 -15.6782645301 -4.36109859207 -7.38689737742 -4.13160091514 -1.53141813876 2.57602908982 
16.3710804415 -1.25187618978 -7.32851069237 2.5195723635 -17.1115071291 -3.45393192231 -10.6859590184 2.08927498136 -4.77502499944 1.12151889421 
17.837241466 -6.54590213326 -3.51448394448 2.70486258006 -13.8285305563 -5.79583023361 -12.1710659062 9.45212373486 -3.40523527506 5.54328195654 
14.923011343 -11.3170457026 0.512085425062 2.86456581815 -2.2567376712 -4.06895461484 -8.24538694113 8.67706542854 -5.49030245901 3.95056735493 
7.88047962337 -16.3018381928 5.77028434703 6.16388380006 3.67288193443 -3.65902223524 -3.99144029033 9.97588057442 -7.07533081334 2.69588299276 
0.849792975962 -17.9483700963 9.89657701427 10.9260305264 3.81462116892 -4.40046554764 3.14375909311 7.74970179653 -2.24499736353 5.38573223089 
-5.58965630612 -19.245102174 6.39235582673 11.3282692969 1.06805773381 -3.49636974888 3.57321205884 3.46031327294 -3.57490736155 1.04151839835 
-8.62290262389 -17.9240713491 3.83752589975 10.4968973637 0.118297453545 -3.03121568809 5.84568973471 0.371109688203 -3.34129185793 -0.96348292552 
-9.53933526872 -18.6074896505 5.76416898701 9.07371446063 1.03800743654 -5.44266231748 10.2316655717 0.361763680911 -4.1835577136 -2.12255397809 
-12.9002636375 -14.7456925647 3.11528321316 4.78819478069 -1.39813756335 -6.00414301218 11.3890687245 1.28852659166 -3.11429235159 -2.59386193147 
-15.065818501 -18.2198424558 3.2771805739 4.89441456824 -2.70242461952 -8.81538035438 9.79215232897 4.15052648253 -1.04962367408 -0.45510306008 
-13.9576625156 -15.1458931518 2.41296144492 -2.47796548093 -2.39448879976 -10.6366248249 6.91268091252 7.10063774827 1.04479673305 -1.18159363531 
-15.0705169861 -7.49112626194 0.367119295878 -10.1538583306 1.59725383459 -12.9642827182 3.62766779289 12.4045185964 5.31677916566 -1.51185496641 
-16.9500893289 -2.55045282355 -4.75912748425 -8.75931461378 5.11826301571 -12.3494112832 2.40287214309 10.2410599254 3.06969025171 -3.60483794717 
-18.7982608168 3.33066435239 -5.95001437664 -4.75884959216 9.7889268093 -9.24520745466 3.01354789615 8.01481432892 2.40830999953 -3.98761821715 
-21.7887089393 5.42464149486 -7.62817123413 1.54523774792 9.92125990326 -6.49909388068 1.21708033674 4.71056369007 -0.632085422962 -1.38642975916 
-23.9403561202 9.3168926882 -2.51555483344 8.73460012769 7.34556834379 -8.26569503183 -1.56576409861 3.36677399967 0.910133147404 2.77315057607 
-20.808261067 10.9766280837 -1.33055616992 12.6849802762 6.9770669777 -7.02149087071 -0.359693452245 3.58689925081 -0.990435062209 5.20726545813 
-21.645865142 11.1416871956 -2.45249683203 11.5160074683 2.56632955988 -3.06452583524 -1.07712952019 2.7732220764 -2.50763800653 3.31369358402 
-16.0071276981 15.1057836669 -0.605054999793 10.4987280054 0.112507687312 -0.557204045575 -5.62456374759 -0.964906452593 -1.24116930589 2.21636298803 
-17.5697027649 14.0002161685 -4.07510446596 11.3513857745 -5.65259090588 1.63779728397 -8.64516966315 0.239434348412 -3.55533804923 -1.60191966081 
-12.2716564495 17.9228199149 -4.75256159963 5.02488685785 -14.7009331574 2.65446154545 -16.9593911348 -0.0937218106526 -2.33929467291 -3.69689496485 
0.675232074243 16.7605448457 2.21565434464 6.8182762818 -6.89755579581 -4.24574847237 -13.4498166449 -4.09313101425 -3.50907522337 -1.47841335119 
9.40303207193 19.7042709304 3.17907503444 -7.49383961211 -13.790847028 -5.00832333059 -14.4833052832 -6.06513386322 -0.647162099016 -0.598638254435 
22.4345983215 6.50290284822 6.45345482603 -0.204601682708 -4.04750983046 -13.5052240875 -4.5154587987 -2.47449906051 -3.42923184729 0.673099064099 
20.7499353432 4.44089803263 3.63425837104 -0.325309137067 -6.61970411023 -10.6431013444 -5.04465080271 2.09003694283 -4.41009038944 -2.43065223318 
20.9912779062 5.18322761833 -2.84736340666 0.479275260343 -12.4509586918 -6.96362023873 -4.97469207707 5.66902424236 -6.41069811142 -1.73084741588 
19.9703637693 5.24175825053 -7.26994003216 2.19337704239 -15.583166458 -6.11063768518 -1.12830035783 8.23153396865 -7.01506397286 0.436644274978 
20.4905124128 3.75080324458 -12.2747167073 3.95649627543 -11.378397398 -3.42142615265 2.58259410495 3.64717229132 -5.13760090928 1.4116029045 
15.2526033551 3.21105581062 -17.3863094034 2.00058517673 -14.8468215326 1.55060733916 4.27713448708 -1.12839872053 -3.24241585358 2.06511507135 
12.8707962804 -2.31198802761 -21.1275493442 3.42430720896 -8.25567831973 1.86927146629 7.38699069179 -6.96121386214 0.404971266665 5.62534063157 
13.5927296223 -1.32141608693 -20.0862879743 3.13270817868 -9.2691032314 0.268131371282 3.2449337338 -4.27123458402 -4.20595341638 5.12421740066 
13.9875986239 -2.08322716042 -16.8535758838 4.59847992038 -12.3158062293 -1.81484902287 -1.48036851141 -0.0618335517949 -3.65698745408 4.79731492424 
14.5034080962 -0.325163779861 -11.7047416629 4.9651063042 -17.3999414665 -5.06214930908 -7.16963519253 -1.26836618228 -4.93983322881 4.15306987601 
12.8464991886 -0.219100579283 -10.030700474 3.27352214885 -23.284946404 -3.99638530076 -12.2720241161 -0.385939995085 -3.66175003328 6.61771993711 
14.2987876723 -2.86349616416 -9.06282890137 3.53809336775 -16.8294888651 -5.29363084561 -12.1961538865 1.76068059192 -4.22560090257 5.06032151166 
13.9764787227 -6.03233354227 -6.18242020502 1.16264024656 -10.9631902059 -3.36868667006 -12.5880074656 6.98924057657 -3.3247187949 3.7545662719 
12.1913043954 -14.3271858773 -2.32901119005 2.79104291672 -1.59804361483 -3.62059497884 -9.16517972696 10.2965196059 -0.452652299001 4.68725301605 
2.99138722905 -16.5736453872 1.23205319895 5.95802438031 -2.04911971989 -4.8110726819 -3.56126365975 11.0645108191 -4.68162643545 2.61674272492 
-2.49556055455 -18.9441995992 5.42704042317 9.58068749241 0.628926864766 -5.39227350986 2.21158403719 5.4510448234 -4.24856158963 1.59488126683 
-6.81740904268 -16.8865462765 5.83983336947 9.45226039785 -0.829817389594 -5.77098042816 4.95993229086 7.06002568841 -7.06096272086 0.180549665769 
-10.4772035593 -14.9294366803 5.50529529147 5.34002109616 -1.86830661372 -7.10270775527 5.53874570039 6.40726794326 -4.92857885776 0.106386620025 
-14.2460819211 -13.5406148692 6.3934695279 3.51087645546 -4.49763708998 -7.5007262536 12.1759590849 4.74595789838 -2.61950199733 -6.96398204613 
-19.2582313005 -12.6667009886 1.32970773562 -2.65682403262 -8.41334906251 -8.48067159906 11.4468068893 5.19941668318 -2.67942911347 -6.63909962218 
-18.2307802402 -13.4669019884 2.70871222945 -3.54714759061 -4.42670859976 -9.04999886395 7.9361287399 5.76490622001 1.25024078459 -6.7498704891 
-20.010141685 -12.223892057 1.58234599042 0.58882791624 -3.22268067182 -9.96110042377 6.67168860549 5.79481400499 2.95271854706 -5.12595987072 
-20.262753313 -8.34908415981 -1.1508512416 0.927319635407 -2.04938612778 -8.87505010683 5.71684091468 7.72836745295 3.97861696366 -4.37400928736 
-19.8839416978 -3.88332504706 -1.04274150614 0.885275942774 1.05220091782 -8.832293798 8.75890687134 8.90060872119 4.78085437213 -5.42463671543 
-19.8523422258 -0.381098715451 -0.973596912898 4.57765873885 2.22111926136 -7.81640144724 8.9136352164 7.10454244839 5.7256425281 -6.88834769625 
-17.008856618 1.39015735136 -7.05796916761 0.419964406271 7.06946580857 -8.04371219912 6.01463255287 6.03504800472 4.51564761904 -6.41241287737 
-14.8705407471 1.94597093714 -15.3354006966 0.309683911594 8.60438581691 -2.56421078012 2.07000969862 0.942085766122 -1.82110083559 -9.07646368615 
-14.3507770883 1.98558009431 -17.1001675723 1.51366178798 14.8182915389 -0.730891230093 2.15473656466 -2.93303528028 -3.82463340781 -8.16075278346 
-15.5093246339 3.90963746782 -16.8576878527 0.772525580072 14.6583160137 -0.942919886996 0.80589596406 -2.45350783373 -2.98425939133 -7.23969184521 
-14.6731181129 2.26438931535 -15.5518033831 5.42829086259 11.7258489706 -2.60214175619 2.6664416551 -0.736903343121 -1.4648389489 -6.16627352946 
-15.7995066553 0.219993492357 -11.6740451072 14.9079488744 7.41907208569 -1.31318901267 4.54241306023 -1.99112360062 1.05815871506 -4.4433229774 
-17.7817622444 -3.96711350267 -5.12560995263 20.3089016907 1.91521809682 0.0790962399267 6.67660331984 -1.76743259956 6.4652520011 -2.85959118112 
-16.627826488 -1.01839377575 -0.50551786994 22.1911259502 -0.534561921121 0.12617458067 6.57784280562 1.69868406394 4.37059004592 -1.93269256179 
-14.9363061307 -0.104122547602 1.91863015322 23.3543683988 -0.1268258919 1.02291684141 4.50965482324 2.39626289724 4.57643458167 -2.68833867119 
-13.8301692521 0.979963882364 -0.437397835302 20.57757778 -3.0991395947 0.183871062333 0.265109800125 3.00842462058 4.37481896345 -5.48018408937 
-5.97513069979 6.33836993587 0.262705109671 18.4616246713 -3.67095780195 -2.8124279371 -4.50873111882 0.364804888267 2.78613288016 -5.71331238427 
4.58768063499 11.0632960403 0.612518408351 12.0935168212 -5.25026508597 -9.10250188037 -8.83407358286 1.41571453719 -0.244159757543 -4.90464513711 
20.7894614499 11.4142624765 12.3600775229 5.50449685005 -4.53042136561 -17.1816193481 -5.57202103881 0.531442757443 -0.144383660353 -1.19544598556 
21.4480213961 7.23330095112 8.21420966862 2.48782871639 -10.4573596339 -17.5829265181 -6.33255638593 0.643292804898 -1.99826128411 -0.995727010664 
26.2919378411 1.4200614752 7.19817505697 0.761159172853 -8.59149662508 -19.0434332029 -3.28573073879 -1.83979405353 -1.45897669674 2.73320941994 
25.6488394002 -3.46715895997 -2.48072595167 4.23819141684 -2.28531449508 -15.5125560982 -2.32086664196 1.94639498508 0.38971297304 6.59457588955 
24.9310828011 -1.66325166967 -6.82612613501 7.54603407713 -0.935110910797 -14.1833123952 0.814154896775 -1.39224690238 -0.0565365269174 7.13913228465 
19.0315257373 -5.54108242091 -11.2312203509 8.35656358818 4.19707296235 -9.0297144832 5.98076735156 -7.23368650605 3.25419624932 3.61583403359 
12.8809365749 -5.9642530723 -16.1772606611 6.85019424819 4.95793907633 -2.06881823058 7.0525567413 -13.516889071 3.5701578097 1.17426349349 
7.98667600739 -9.16994662794 -20.3002269197 7.79414734506 4.23776582046 0.7483690261 6.87538781268 -14.6765129068 2.01996562451 -1.68231380343 
16.619417404 -9.25456447441 -18.1414440053 0.396619179549 7.18425993003 -1.83470081124 1.66495992683 -5.72769564027 6.27203820786 0.769695953908 
18.398788422 -10.593565348 -14.0863281249 -2.32743041631 4.50568016635 -4.02370759198 -3.44232988537 -3.09079949273 8.49278550916 -0.169601554241 
18.7782645427 -11.8466449406 -8.963318153 0.965853385507 -0.499302713999 -7.83147562753 -6.9734395516 -3.05232214884 7.8498577058 1.45545027856 
13.2444324162 -16.77530817 -12.4650751713 0.0473167740896 1.04387991194 -7.29439214323 -8.71795484361 -0.761937758404 10.268028001 2.9077090899 
10.4725693488 -25.8044970705 -6.98281167388 1.81503397845 4.28144679707 -6.88642604431 -12.7547302274 1.71676082943 12.8136761625 5.41506381649 
3.18657484647 -29.3142395489 -6.62331800922 4.68056862544 5.84031274117 -2.97140241728 -13.057660794 0.40962694552 13.9917342683 3.93242291144 
-0.909049336613 -30.4408958016 -7.49104218668 7.78635141678 4.77858622919 -2.44715936865 -10.7619024317 -1.5694103783 11.367109472 2.00529514129 
-1.37337293184 -30.8835103746 -1.68486627076 6.90923495713 6.17192596458 -4.14152315889 -8.19210372018 1.62264965381 8.31063207793 2.14018754486 
-5.35236694393 -29.67661914 0.980492011553 5.02793270503 5.70680603001 -1.34497049816 -8.23367909633 -3.71293248388 8.25683133115 1.32615218367 
-6.01558735314 -28.40586961 1.63064297395 3.72276856224 4.92995554921 -0.581942019554 -7.45852876249 -5.77219695389 8.01679629549 2.12291953788 
-7.89289373225 -25.7639937194 -0.348799817962 1.70746947958 2.63485633306 -0.335962524902 -3.64790064939 -7.60693481366 6.09123587036 -0.400957755852 
-8.18570212728 -22.3261773831 -3.37677711916 0.772827674926 0.430796972058 -5.18884199347 -4.18927484775 -5.18208520273 5.84141068548 0.439953266883 
-11.7286195552 -16.9478961066 -5.92522633917 -4.59262112896 -4.57267959771 -7.12408443747 -3.7208251027 -2.72731799109 4.77995870763 -1.15961256173 
-14.427444157 -12.6863388365 -7.83279556166 -5.74321487406 -0.930851843351 -7.55486376729 -4.65000263031 -1.86424414791 6.23614357063 -4.71096484898 
-15.0545988978 -10.4143494029 -9.46507590577 -3.10378297278 -1.37561592238 -6.70525527532 -0.408972469519 0.0149442767791 5.19748113183 -8.030193476 
-14.2469303639 -6.10511895765 -5.23861577883 -0.596060767748 2.42095964953 -10.3290350236 5.83562277236 5.65714388453 4.90730711859 -8.89666289992 
-12.0012576787 -6.00191229257 -4.31628273037 -1.94328343485 5.95441664039 -14.8492958202 7.18748063867 9.78835117388 8.31175220739 -7.119858233 
-10.4891716464 -4.43127079772 -9.6645010246 3.47447684537 9.94461326189 -11.5453756425 6.19496971056 8.03676546319 6.25394322572 -6.23363561152 
-11.8710940639 -0.196970120538 -16.0616906247 2.4985361878 11.9934182114 -6.06246564698 3.9849900244 0.935050698153 0.265884933463 -6.81113103552 
-8.86180494626 -2.21616865495 -13.2672384425 7.88137053137 13.843686059 -8.81089131821 3.84736633253 0.664678533416 -0.384748815354 -2.8014730027 
-14.1774701119 0.524772756411 -11.3922085651 13.2968923167 10.7597690448 -8.32915918961 3.69180172842 -0.339710554365 -3.12554662771 0.960964108148 
-14.7055256433 0.110649081859 -6.88840049132 18.5862480668 10.0311401452 -10.7778853967 2.2241386858 2.64146328306 -1.6628593419 3.90673703372 
-11.5826326698 -3.64326580703 -2.09260834624 22.4872518316 7.61745943641 -9.07936776287 3.2188975212 2.52436716887 0.765049940346 8.38717014767 
-13.3899777745 -5.47368443149 -0.98130381882 21.0975374014 4.54840231212 -5.50144956703 2.10803925595 2.41746327098 3.2397603772 5.34965911332 
-15.911445115 -3.39220098794 -0.266596696176 21.3745435883 0.552526808458 -5.17606086358 3.41070249326 2.90648987097 2.27763918788 1.45754796371 
-11.8646020414 -2.18926333806 -0.596039311933 18.3749107268 0.731906131729 -6.89861861493 0.728737165751 0.327817240327 0.304631921192 -1.86407563486 
-5.97093472889 -1.4977464753 2.64157238671 13.9382191089 2.13959832449 -11.9869327852 -4.35799988287 0.126611586357 3.69641716751 -2.25539918337 
4.58717288282 0.583418479767 2.2524328706 6.76473568335 2.57111873629 -15.3982263922 -7.83625018388 -0.879191751403 3.7254192592 -2.57962015556 
21.9718440051 -2.3217816402 8.23554666058 0.294964447826 8.29433594812 -18.9182951919 -6.60983664106 -4.43153335454 3.72456253544 3.17106721305 
29.632028237 -7.15692034191 8.24973337147 4.97342665986 8.90417108061 -20.9260866178 -2.2081375126 -0.568137609176 2.72617427434 7.00079355641 
32.5376702454 -4.4515337192 6.45861124404 2.01679575697 5.64870306648 -20.2022099528 -0.525114836768 0.0499095819808 2.39615038697 7.65361617912 
32.1140986067 -1.88865408169 0.744848440319 -1.73147565011 4.36471047185 -17.6548528391 1.28839929571 -5.19916443329 1.97219656253 7.56321548589 
26.3764411692 -2.25341563783 -8.34762179452 2.39031090291 0.528848166984 -11.4327636068 1.65466180576 -2.59442825031 -0.219425271178 7.48864432833 
20.8353787224 -1.62832018448 -16.0904891253 4.52696041499 -0.0628762783015 -4.98842845644 7.85019317706 -7.94546964373 1.78203461493 8.85688297909 
17.2597187673 -5.83310824838 -17.3804662064 4.5350786999 0.832836242753 -5.28972426348 6.23536597552 -3.19647589349 2.00905730036 4.60806462253 
14.3505994765 -6.59771474265 -18.2812993109 3.63199988925 -2.36173946115 -3.24848573961 0.93367601102 -0.770080981359 0.783330361376 2.87952049283 
14.725950666 -7.32313662486 -14.0286586275 3.20277629725 -4.01203295721 -7.37139297108 -0.889921365855 3.25861690265 0.377198232098 3.84636130851 
18.3334386335 -9.97129206145 -7.83316264719 1.23447167317 -5.98494566224 -10.919818025 -5.19922638093 2.56954381486 0.950325455461 6.31941567896 
14.5130777092 -11.8967388035 -9.35762059052 -1.45425644094 -7.93474411823 -7.60720061847 -11.6030871862 6.70344133103 3.31979171165 6.45123753002 
9.24980993159 -14.9148923026 -10.2785347336 -3.52800903213 -4.90535103873 -2.58314230144 -13.403485834 9.77383193488 3.86933333495 3.90445176169 
7.32485061871 -23.8711376199 -5.10223482242 -1.51741702735 1.27520463277 -2.8323301411 -12.1867197721 10.46533022 5.24945786136 3.18682921397 
2.84121455255 -28.9259354387 0.00504866209473 1.52861666582 5.262216317 -4.28514672752 -9.81531016939 8.24934485949 3.6300916876 4.31890211958 
-8.40036745948 -29.4028252714 5.54142073063 6.90233650415 0.375055661855 -3.83401129436 -4.26951400038 -0.673408342935 1.07038240862 2.26197460874 
-13.541100064 -28.714917085 8.94443249669 6.10066748719 -3.17637686631 -0.54596788754 -6.06958229643 -4.82762590285 -1.6090747638 3.98263479044 
-17.9875958874 -21.7250180974 8.06368683589 2.72642180824 -3.90601261144 -1.38742690988 2.655244739 -6.03341926818 -2.65344990916 -2.51742909015 
-17.8955118601 -19.2493337835 7.45665159212 -1.10877037682 -6.20926107682 -4.6912636252 2.26391417945 -2.7700361619 -1.49728120133 -2.74555557029 
-18.90861474 -16.4252433465 2.23428038624 -3.08965261742 -7.92387726164 -6.20620213114 0.138216446415 -1.97780010619 -0.290023714448 -2.33983004877 
-19.6052060728 -10.7484788883 2.16554946449 -3.63453592827 -9.52447227413 -7.90091401295 3.16633384273 3.44188084444 1.03853826517 -3.72873808507 
-19.9123218276 -7.40958455343 -2.09387329535 -4.63513391595 -9.17493651486 -8.15213656605 2.85997082718 4.31411416257 2.36301512065 -3.21793322949 
-17.18621894 -7.02354763934 -3.34944330174 -5.95066509177 -6.02973639839 -10.1836904577 6.21085050395 2.77946549235 4.09226917488 -3.09271209544 
-16.5232505892 -4.43784956119 -7.74962764442 -6.46260004061 -5.11606999104 -9.3890616342 4.86915448602 1.17266256113 0.81567833123 -3.75599154757 
-19.5452515802 -0.414031712251 -10.7443170533 -6.32803703916 -3.59607399764 -11.116643009 5.01612626078 2.38639894278 0.988220827838 -2.04645218507 
-18.9723841015 4.28071810327 -11.0706192636 -5.83283079454 2.51677368718 -7.89620456474 2.36335978942 3.1388104392 -2.9286872429 -2.60574869252 
-17.8653409617 9.37504003039 -14.1644094279 -5.47259434053 9.64562102892 -4.52269810994 -1.7578986228 1.51066164643 -2.78313962152 -5.01499768666 
-16.7008733599 13.7283882504 -15.1651476788 -5.12784027001 8.77533627574 -3.18626568135 -4.32828651689 -3.57906459543 -5.06436170975 -5.32910161045 
-15.3297190035 12.5763131057 -13.0665556352 1.892782101 7.5520813113 -3.01952658982 -4.04328372698 -2.54784954811 -5.14299018231 -0.290596638716 
-16.8899067553 10.5684748939 -8.43248239774 9.64225516511 3.80684812617 -2.54510613535 -1.91980376975 0.746210967414 -4.46886407259 1.32847436211 
-18.9509482637 10.7855900974 -5.82677815526 12.2538480192 -0.305287343561 -1.50889925815 -0.432600244215 4.22259548192 -3.63822415201 0.964916231335 
-15.5233525163 10.398889235 -3.04785112056 13.5156231056 -3.02500516474 -0.650581115803 1.88012907406 6.33865436495 -2.1279778058 -2.14958148252 
-15.5128840521 11.1609121682 0.240130405698 13.2664011027 -8.46328543278 -1.82950077134 2.65137680171 6.71114381859 -1.56437806042 -2.90251969782 
-10.3467197481 9.90724209695 7.47607628985 13.9966653489 -3.19684458352 -5.14711629615 3.174597646 6.05852822215 0.624597407194 -3.85954153576 
-3.38468720816 9.51269216036 12.4718664644 10.39689338 -4.43548754346 -7.79878104211 0.312615764451 2.79530875097 1.918233952 -3.86769360977 
0.0723480963535 9.38832020237 13.2245924846 5.91634042549 -1.17366545717 -5.55553854008 -4.38491500969 -3.75695509597 5.62462799753 -2.52912693106 
5.81448032619 8.82885107545 5.8930644629 0.214986743297 -3.03450149543 -6.2236199033 -4.73902562251 -6.47424030747 2.65782693181 -2.06046729928 
14.5113832282 7.7304337099 1.19120913995 -1.31656042601 -1.07940866811 -2.62072890599 -2.95281488018 -2.5371389832 0.280070010242 -2.4387939041 
17.9446962117 3.74696297092 -2.90933022505 -3.45360759126 -1.91983752184 -1.45988780158 -1.63341471562 -3.25757908208 -0.862820884609 -2.0097470972 
19.4912439916 4.32830369911 -6.96055791189 -4.25243035173 -3.55643829261 1.5229686108 -0.908225659329 -1.1199698471 0.481333694423 -0.299622100624 
18.9099543449 1.8516207164 -8.86428890807 0.606563931025 0.479397810106 4.16734153412 0.761227943803 3.94345372439 -1.68679694867 -1.61198911069 
23.740409206 -0.414922544389 -10.2073364452 3.03012440455 2.45766812491 1.8867597425 7.43229107182 -2.37905145298 0.700436797581 4.73469847312 
16.376766489 3.05200220569 -17.5728074871 3.51831463863 -9.70485394387 2.92385097983 9.13114136008 -8.88409276718 -3.43974820009 10.1460002797 
16.6444402784 5.51783760281 -15.9859514207 4.12654226864 -7.50694362685 6.39323963261 9.85234058513 -6.91510473476 -1.98019604495 6.65120924978 
21.2063363236 3.89890739343 -15.1144366803 3.74450623612 -4.88371904033 8.69686415141 9.44297444346 -3.3922914168 2.07967653764 5.29065392838 
22.2255899399 1.77996645079 -13.9216260785 1.57306948096 -8.05449141355 4.95282917948 7.92226154644 -0.29957858169 -0.897058380517 3.76421934562 
15.0476898546 0.327582330709 -11.043554784 3.7652848701 -12.5954497497 4.18193020217 1.60263760461 0.741805646664 -2.79192876973 -1.51685894008 
17.5065859467 0.657495562106 -5.58909035483 2.88252695323 -14.6921744099 2.14390507333 -1.54927333318 2.7308358317 -3.0464271613 -2.48819199766 
15.6893140871 1.18729168326 -2.96611002903 1.68548777018 -16.200160883 5.73059463996 -6.58691004404 5.45978446916 -4.38055130879 -3.13082046425 
10.9593877242 -2.00513361838 -1.52459191403 2.42717199109 -16.9803974255 4.79197387965 -7.77953428997 5.66611351739 -4.6427084331 -1.46263720192 
2.81791140762 -4.43281072704 0.45744151433 4.8516563766 -14.9031174762 8.61835526826 -6.48412726858 6.33297337454 -6.15450950176 -3.05291649282 
-3.6271334633 -9.06370705246 0.338972244354 4.86456840366 -10.7959298795 6.69343705087 -0.448504307286 1.21957344408 -6.66183538424 -5.38657104755 
-8.1687370458 -8.53274660982 3.24265345384 5.5812288794 -9.3332752646 6.24467795286 1.83634539327 0.82986890003 -9.25133647305 -6.64259305513 
-12.7746907611 -10.0960289348 4.2725904936 5.34662160636 -11.3885088833 6.79877449195 4.20042757087 -1.93715320442 -10.1618663862 -6.20923984253 
-14.4832532224 -10.1400430471 7.21869933755 3.42167691224 -9.99785182227 7.32564304741 5.40265097606 -6.41861720947 -8.548958864 -8.74050507741 
-15.1826105058 -9.86763043309 6.54832038329 2.43120874669 -7.37235808642 2.88145482219 9.17471578675 -4.90306051191 -3.9891068593 -8.15860435474 
-19.6725273782 -7.52995868151 3.55903823931 -3.95961354789 -10.8938824892 -0.887773545181 8.48376485966 -1.93792597318 -3.20801792548 -6.62898512023 
-21.1211856488 -3.51915626436 0.832675946923 -7.19310127555 -11.6984529797 -1.50382088933 6.28547710295 1.67709873563 -3.49242366757 -5.99021638397 
-22.7035604825 -2.7995221462 -1.73814979849 -6.08919326104 -10.1432365233 -1.78269347043 5.57687130281 4.52660664312 -5.39567034486 -4.85624269582 
-26.0551726946 0.430009387949 -5.09097666296 -11.3613475245 -13.1527806511 -2.13600459408 7.29975873579 6.17292564459 -3.19740365762 -2.92481886918 
-24.4918832103 7.55631483838 -6.34208263489 -13.4707679451 -10.3506340317 -1.32405719122 6.38198605501 6.66396921081 -1.05393302418 0.039674976811 
-20.4717810104 11.8313774809 -5.09885592565 -21.5124622198 -1.68954754242 0.665103762691 4.79295109539 -0.000722311466703 5.03899190033 8.40691888118 
-16.4105877008 10.560501579 -7.87491299509 -18.0525561633 6.17151876438 1.21635646094 0.562817937507 -4.06906985659 -1.57085763059 4.92616422207 
-14.9580684131 10.1377651681 -11.1226439993 -10.1567433688 4.84240667062 0.960325528154 -1.5021715407 -2.91577055893 -6.33713033043 3.1790933162 
-15.9247546753 10.3316261167 -11.4728195485 -5.13996198272 6.68544756937 1.25080405188 -0.348099820382 -3.94471524041 -8.41997918105 1.20798347567 
-18.5935975615 11.061037818 -9.20044330188 -4.80518043781 -0.328702086469 0.115979182559 -1.42396155448 -1.51793332081 -4.23805706568 1.71321101892 
-18.8778377861 7.53683960584 -4.20727150034 5.44940149129 0.521937222781 -0.994767034362 0.091527123881 0.816307637848 -1.79638052857 3.87255382797 
-20.3387038928 6.75478428223 1.66484525102 9.25726630288 -3.90142061166 3.02323380414 1.55659938245 3.26657522637 -0.0512773891652 6.16099779921 
-18.498978636 7.26493736444 4.77484883088 9.06257694443 -5.88568146535 5.98981293999 3.54521649389 3.30013094172 1.76383259535 4.60836848016 
-15.2252139256 13.7560994849 8.85440960968 8.55008991913 -8.9025053625 5.78769000878 -0.640542914776 2.32737192075 0.315590366098 0.0858210150589 
-5.47528655922 14.7870622319 14.2229884619 8.47378467981 -4.53285325131 2.08503257633 -0.494910523828 2.83604663351 3.4364124385 -2.8663865838 
1.77497013059 19.0946183563 11.0227747712 1.21899333551 -6.39535461836 -0.578646232338 -7.90605806537 -0.795718773482 0.495805447519 -3.89546042805 
16.1628097237 14.6902920963 16.9391965358 -0.628881768654 -3.8283729664 -6.69738537477 -4.41188917725 -3.32588440866 1.07148159375 -3.96187255162 
26.2452649047 10.6293446875 20.4071696651 2.17397081687 0.537213962843 -9.88338545877 1.6142031105 -6.1411200701 2.01188087825 -5.30359503314 
22.9023918768 8.67971979054 12.630397828 1.53612723935 -3.36834610783 -5.57351104082 1.6509515568 -1.98206666007 -2.51132160111 -4.99692680833 
27.6150803986 8.16520804599 9.03459733332 -1.18312147008 -2.62435093255 -7.9567492459 0.730375593082 0.58928021981 -6.97886948746 -1.36534489682 
27.3072108728 16.2378311475 -0.49354305887 0.600934112704 -18.0900156274 -1.03684769964 -1.46211177481 2.93282142096 -8.29919919686 1.03032635203 
23.9288382486 14.3022522103 -8.27649324327 2.70800884751 -14.9415073304 1.72358057354 3.08963677886 1.46309970858 -5.42818461438 3.56236774999 
23.6336252485 11.9228663536 -13.3447952267 2.16740238011 -7.73413792978 5.39912834311 5.211682658 1.90165247965 -2.17065163807 5.84252442603 
21.5721767311 9.14598821724 -11.7325336704 0.716406883722 -5.51387041178 9.04732530868 3.30964770364 3.15560175395 -1.66478398082 0.450170933997 
19.6838982136 3.85332483612 -9.13855298519 -1.02497045258 0.612955711388 12.8181558055 -0.325493513331 7.00634060368 0.319957504949 -4.7653194265 
18.9806889625 2.86513116899 -6.08336058165 -1.88757522216 0.266125831507 11.5444936386 -7.41848412921 12.3725325377 -3.10285148774 -6.82459719674 
17.7414566758 -0.980463395776 -1.08348488862 0.13228384586 -3.44293466995 6.65764531364 -7.60855483756 7.23914412071 -5.76420116482 -3.47865937973 
13.7501344451 -9.11457938447 1.27389107455 0.367966236127 2.12763174577 6.05192326449 -7.04535638747 3.71896462041 -4.58863544026 -2.04121334052 
10.598531626 -14.0324164281 0.522009398441 -0.440760747651 4.16246947261 4.30972027393 -6.77154163494 4.51358140166 -6.1776854496 0.556393348761 
12.2714810606 -15.8799820829 6.28102762744 2.36135257569 7.62778176857 -0.0385315269268 -4.27862219318 2.59512584255 -5.61087410009 4.53101961577 
3.22671032791 -18.3026707859 12.5499801934 4.11741598418 3.53400039327 2.57310464036 -2.63055600071 2.28807860607 -7.78576589385 4.39669023239 
-2.54684533203 -15.0921724152 12.9263826011 2.91529250502 -1.83792247834 5.40675891216 -0.791224566585 -2.14747760616 -8.76255399896 0.753664900243 
-7.47893129486 -15.4893772409 14.0884897412 -1.1984058568 -7.19743959601 3.4838301613 2.22237769683 -2.86222304115 -4.36385793872 -2.60257045264 
-5.83603394687 -10.2242405917 16.8778791284 -5.69850963805 -5.66430053849 0.434969863716 7.50507982719 -0.889322239344 0.266628582887 -2.11711070982 
-8.06433938955 -9.84932127547 14.7714499947 -4.30695046638 -6.77636223512 -2.15354108122 8.37917813266 1.6068714006 1.23649597752 -2.91722533155 
-10.4319333099 -6.02619114658 7.25405803728 -8.98876265994 -5.78480761225 -0.980199164712 9.47291375202 1.91084646518 1.0186939459 -3.64154850382 
-13.7112990589 -6.63657178978 -2.39312416994 -12.0297813895 -7.11453489805 0.116533115709 1.93747113092 1.01257060364 0.503009998376 -3.45978595637 
-12.4934490547 -1.30233892809 -6.33148442008 -14.4511343654 -2.86252680195 -1.41647775283 2.5465958022 -0.0955051692124 1.35826815138 -5.31373981423 
-11.2625189216 3.72958133773 -5.5993842524 -16.5304329083 0.391263143536 -3.02150619311 3.21099598315 3.13639014769 2.62307499889 -5.84253010663 
-15.5542750519 9.87702019624 -11.3667819115 -13.1473098963 -1.48771763447 2.31610782191 -3.81721219791 -0.041669340007 -5.92620868403 -4.60944893614 
-15.150710857 8.64500840656 -14.1905718366 -6.40663170435 5.62798618991 -0.600080601 -4.99324177907 -1.31612657835 -8.8059349684 -4.2107347914 
-16.4396332771 12.9957181614 -13.2496978104 -8.03020667313 5.10415893401 2.25107937599 -4.161148899 -2.52120195932 -8.32657833856 -3.39479899826 
-17.1345990649 11.6144257532 -9.59866172741 -4.00857578213 7.23458971932 -1.94020889492 -3.26645462194 -1.69682526449 -4.75429549438 -2.60009176404 
-19.1542888594 11.6869046156 -8.57709749339 4.71088784642 5.42479409606 0.18077849417 -5.05020484652 1.67006623693 -4.2127954674 -3.58480757809 
-17.7455794731 8.48990055977 -2.47368784667 13.3325864737 1.67278070082 0.227061543925 0.187374756438 3.07855942579 -4.06640290824 -2.18582422862 
-17.9996776963 10.5824482166 3.53834275415 17.2604556541 0.141331126545 0.583555339782 3.37755133804 4.43303870871 -3.7858245751 3.54875143988 
-17.2126470345 11.2146905782 3.27803122942 14.1932529517 -2.37549015636 2.12046849246 -0.346966927242 5.41430379104 -3.80502789503 0.801983006387 
-14.497263798 11.9412293803 5.77069806317 11.6266392091 -4.26265767283 3.64598979223 -2.02553154629 4.12658930844 -2.37103726196 -2.48117340117 
-8.27939796437 14.3730214144 10.2691473338 9.16724994827 -0.991470385615 0.891365942941 -2.68013904787 2.83550630401 0.21455732809 -5.13111854393 
-3.64522874877 19.0219241417 7.68866427026 3.45455643335 0.17840730924 0.212332120782 -9.52572536787 -3.28568345885 1.6511426035 -5.16589272639 
6.80424835342 24.1750638121 10.4356024872 -5.21154648919 -0.311953300962 -2.81233828586 -11.1086471504 -6.26951500168 2.40152354934 -6.15610568894 
18.429773234 18.5177578994 12.2543967251 -5.83597341591 -4.40591560614 -6.02304207051 -4.84044800669 -3.51388556915 -0.245657704385 -5.04082138802 
21.1857191405 11.1965704628 7.64213203886 -0.410565330161 -6.80661484683 -7.37913549005 1.73345768298 1.16984952807 -3.70947427892 -5.02478534413 
26.5305440483 8.30079580424 3.74729397576 -1.44572253258 -0.272257795752 -6.90284439507 4.59853744454 -1.80159566012 -4.54898363028 -3.67820042125 
25.4751673133 7.23438035112 -4.20070499901 2.16255809747 -6.67166441122 -3.91550614131 6.50184831819 -0.958853513776 -4.3139133422 -1.82153966747 
26.4823178048 5.59724279492 -9.72041777594 4.50264018976 -8.18900486261 -3.85719648688 9.62986571656 -2.21957447926 -0.611652099177 5.65409014088 
25.5855234018 5.98758616062 -10.2693266088 6.83776049077 -11.4789133632 0.338567215349 7.54815307585 0.193729075619 -3.01365375403 2.71550801961 
22.6850647776 3.42510639484 -8.60827380151 2.22924029887 -2.02504666332 2.63331614283 3.69593536065 1.52068750253 -3.53032680201 -0.667044924364 
17.9994732385 -0.257813015171 -7.84557176819 -1.28932372263 3.53196731344 6.50405173031 1.80271015466 3.46773646148 -3.86203234893 -4.07989247383 
16.2341865758 -1.01352495089 -6.02864479605 -1.1337479395 2.06328061903 8.41562641222 -2.98593702779 7.20816978353 -2.41005899298 -7.35434651663 
10.8831587455 -6.51113694514 -5.40700954946 0.771749880679 1.45326223897 6.39792052745 -5.13034839774 5.86208614378 -3.18634781159 -7.16050676294 
7.44584033939 -8.19980620612 -3.38502802318 0.908836018903 -3.27358605123 3.89372070358 -7.51593283609 5.44790698642 -5.5251228879 -4.2902281787 
2.44912168374 -10.6843759628 0.273612962944 2.16757620236 -3.656485052 2.32765740448 -4.03621615094 4.69750627843 -8.54121553053 -1.14604346607 
-4.10299356801 -16.4266422976 4.40585710118 5.84400655635 -4.2939498347 1.36003658486 -0.413594258926 2.68293415624 -8.47584532835 0.19048687198 
-6.98699457071 -20.0248667569 5.90840699355 6.26717527247 -2.32890281864 0.985877698881 1.04269782139 1.43006120424 -6.35424526239 -0.85950971815 
-10.3998878619 -19.0432865231 11.3462693832 9.3942286178 -0.932720886278 -0.899052012734 8.56769727448 -1.38043291463 -7.05878398633 -0.629992696688 
-14.0525642862 -16.3900598519 11.6531506029 6.55380775567 -1.31945400292 -0.343774137601 13.3337525354 -3.25902955868 -3.62659411642 -4.42846904971 
-15.0201116056 -14.8380299692 8.970283058 2.93723061843 -3.6889443579 -0.439195915606 12.1352820736 -4.28964341855 -2.73864938762 -5.33254514346 
-15.9424741896 -13.3038584847 11.2032024295 -2.8290813809 -4.30493346403 -5.31431149398 11.5438655937 1.6496645975 1.03020477955 -1.23641099328 
-15.5843395246 -12.7325995042 8.40932926701 -3.02343630549 -3.22036365445 -7.73142751052 10.1586081385 4.37932857611 0.724914849087 -2.12370037033 
-9.3808363277 -10.765410192 -1.42986894685 -11.470326914 2.52562013244 -8.46421257886 2.61869020218 6.03189031555 1.69979822922 -0.520938220762 
-9.96868055497 -3.54459163428 -7.30544767134 -15.0885247563 -3.93798544146 -7.51452965806 -0.885591252347 5.91533793364 1.96725103771 0.508622541659 
-10.7181533797 2.70087990443 -9.69417717209 -13.81294525 0.50256394642 -5.42340684258 -3.97384581943 2.60243791246 -0.286135533712 -1.36199741463 
-12.0122626416 4.75160035158 -11.6161179386 -8.70587094841 6.55978440336 -6.22238579982 -2.45219593561 2.84052789219 -1.80395187844 -1.92142504699 
-13.2289853484 9.27108044268 -14.1272825165 -6.51905867627 13.080820377 -2.34491258399 -3.69619793161 -2.83340843862 -5.18444356676 -0.999490303643 
-12.3853786654 8.01485128064 -14.061242706 -2.75798132718 12.3853475142 -1.05427353478 -2.81903349876 -4.15980695615 -6.03523674179 2.55612546765 
-13.7528745773 8.99074875069 -9.30564498648 1.27759495748 12.5899122966 -3.36495088119 -1.16124410512 -3.98832301083 -5.61047596447 5.94520917902 
-14.4158998842 7.36024836385 -2.41264108322 8.27461639976 11.2450964011 -2.63455101718 2.55042586881 -1.08986667284 -0.853691724975 8.92123103957 
-18.196658888 6.46224051935 3.23061425819 13.224949458 8.946752278 1.46561528729 3.56509881335 3.2088686373 2.35920820381 11.2843484821 
-20.2574811892 7.45406473555 4.41054123001 16.354000523 4.34780725665 6.46618672242 6.09438343591 2.76285857349 4.55574435329 9.46423638083 
-18.4216702926 8.49597485141 8.16294129 14.341666419 0.494815036134 8.08180036568 5.21777524857 1.95668781029 5.55584633002 7.09991080234 
-17.141661206 10.6126663683 10.45834884 15.976001696 -2.27080395807 5.33924699813 0.208968776184 4.74256595175 8.86145896039 3.93159419104 
-9.61225838262 16.726616423 13.3510087239 9.24709937596 2.49175477829 2.6771415543 -6.30762272086 2.40006183349 6.32850411394 0.924557948704 
3.95658376924 18.832301783 11.9513284619 -0.665111508399 8.76125656804 -3.99045979035 -6.16259907941 -1.60235544625 4.81439162368 -3.257535412 
12.197822615 23.2182404989 13.4694418153 -7.88823825724 10.7424189649 -5.47450237335 -6.24389687939 -4.24486799346 3.5430483234 -2.25574376983 
22.4761721322 20.1610884331 17.6919615096 -10.8866808999 6.77065863883 -8.14727350003 -2.8185101003 -5.68188503935 4.24426807107 0.636841303764 
26.1220254314 8.08582650101 17.6566767443 -3.96011965753 4.65161285966 -12.6156351116 2.28325296458 -1.72022140711 0.450250192349 1.71779223168 
25.1346377742 3.26657801367 10.8113580556 -3.31560466737 7.07017815441 -8.99896576112 4.78788427058 -4.24455892181 -0.0200298718668 2.2054677351 
26.7580998559 1.60858714551 0.716828817552 0.308201753348 5.35940193301 -8.41441807362 8.23590214482 -5.01930644342 -1.70259453863 3.71236183886 
25.7334408326 4.06371147387 -5.99682527898 -0.0679014153046 1.79491954795 -1.53855575925 8.61472194682 2.43818412056 0.326707318116 5.48128757733 
23.492102033 4.29036266881 -10.0367615194 3.41391401202 1.81601795863 1.68442266298 6.77967270415 3.3071147769 -1.23020479125 3.08914444782 
18.7691449866 0.641055940108 -10.3094543268 0.148371599626 4.65012197481 5.93335853328 2.5791843941 4.04878710711 1.38106108312 1.05081663768 
20.1647382855 -2.40280345055 -5.73794716149 -4.54675311859 10.8690421737 7.09607601537 -1.67275475683 7.37886424199 5.68728675202 -0.89812926264 
17.8788935869 -5.14349086502 -2.36376662319 -7.4148458501 12.5424072622 7.03930419252 -4.8655227425 7.5295180823 7.59162700023 -1.62192654419 
16.0651098952 -8.41495635623 -1.51433843576 -4.8163837555 10.0528091423 5.20321661665 -7.43673865295 3.96624908225 2.88733368156 1.67938987088 
14.630735812 -13.0555962052 1.75401928236 -9.74898755059 10.5572920911 4.45077369542 -9.52239949045 6.21071344488 -0.0904413964645 7.00081459135 
11.3008780753 -17.4214227504 2.12711049664 -7.67021289377 8.24492395103 0.589652710664 -9.47954418257 5.2222669075 -0.0949815603063 8.0278521589 
7.42361142956 -19.1321555795 6.1790624732 -2.57218962135 5.78162795177 -0.341321325612 -6.02315487012 3.46122585233 -1.7899002518 4.4041251672 
1.49734163132 -19.0504106744 7.45854173014 -2.4157405439 5.34520452437 0.748065700303 -3.24812081793 2.44456968769 -1.3767408517 0.484835455725 
-2.8751447977 -20.6212719095 9.81540669643 -0.118446249666 1.63799685782 -2.78505323014 -1.11913617508 2.29047549385 -0.934323815888 1.57972473548 
-5.56392636473 -18.268705519 11.9227003102 -3.63350318079 0.86958336259 -4.9586557992 2.03370071217 1.58726310276 2.17899929541 2.53523851963 
-8.20743691425 -13.7738878329 17.6709432648 -4.01153496928 -2.13654719177 -7.73865558584 5.53706835948 5.87353483362 8.12358058831 1.66213392442 
-8.3040044797 -15.2926613105 15.8908664841 -1.95524107848 -1.52914717799 -9.80479913012 6.56527677097 7.62972097341 1.23903792444 2.62895123945 
-10.8812902071 -14.6846057773 5.18788961698 -5.08033282186 0.583078130802 -6.57482617978 6.01733401342 4.4634187867 1.01261049066 0.0579764085845 
-12.7680334959 -12.2516518687 0.134663485161 -4.43933455665 2.42878752175 -9.18200110597 5.48471207271 7.3074570889 3.73011233382 -0.0111205236298 
-12.5241559517 -9.50410606078 -3.72987295085 -3.33340683512 3.11479091988 -7.72167236722 2.23040886836 7.98262993381 2.49197946537 3.5970835431 
-11.6891484083 -4.30352612016 -6.27463496969 -4.9906098854 4.01921410912 -7.0055428648 1.81056813629 4.66033548813 -0.12161621575 3.46854740735 
-11.5494462185 -1.22966749946 -9.48746887516 -3.09471958931 7.83785398696 -4.77406578281 1.40238885059 1.75832492024 -3.21938882778 0.856053182491 
-13.4173459494 3.4703957793 -11.9410200681 -4.26919803068 10.3359523523 -2.08148285297 0.230993208772 -2.38600817529 -6.0724969039 2.03191396507 
-15.5363064668 10.3733816363 -10.1107188673 -4.17363189211 11.4958868773 1.27764839044 -1.8181448916 -4.74947674532 -5.161529082 6.18403456223 
-17.6235298067 11.0836154009 -7.58550579075 1.98901439243 10.2294586794 -1.43562501971 -1.28970458261 -3.42827864897 -4.19273870211 7.10092590834 
-19.2165280383 13.0702798737 -0.99126530025 8.1417820198 9.42506465209 1.19799413271 1.23352066569 -2.3700909815 -1.4961942403 7.84389477661 
-22.5326006688 7.38175709473 5.25308187443 14.6790911884 2.12694185662 1.36078048846 2.79270299791 1.48866830548 3.58015876902 8.36740074434 
-21.1477717891 6.82837950181 6.1995292995 16.5395313677 0.0291610681693 1.90298507979 1.16885144253 2.16619930534 3.63331627919 4.25224527528 
-18.8690352846 9.55883847301 4.99704559957 10.4925863233 2.15152953927 2.64886753888 -4.00290135656 1.9393622801 4.71540309776 2.97299760231 
-12.575945562 13.1415438294 8.798173033 5.59827420022 2.53534755142 2.74450700671 -4.33348277617 1.79852800759 5.49428233467 0.680306099984 
-4.92557637523 15.0722295838 11.029357983 -0.661713018472 6.87196570484 -1.04399995539 -6.85419629915 -2.41414112128 4.52674038496 -2.70339378099 
3.66297942697 15.6712255429 7.89328876177 -12.4727129584 7.98086728498 -3.12432188512 -6.49462162453 -4.21530114653 4.29483278196 -3.51649119001 
17.6035802642 10.34317565 13.0292190098 -10.2220748384 5.07729102287 -8.25728618186 -2.42987455277 -6.28377551295 3.84719834762 -2.62279693567 
24.9581955134 5.86716677522 11.6008176907 -4.02995833994 6.45463004885 -10.7436659048 1.82311591148 -4.11842331585 -1.79484597402 -0.864988304141 
26.6818546501 1.97603181914 8.14672341758 -1.12247253745 4.92256363429 -10.2478858087 4.54875903294 -2.563211124 -1.61384505342 1.76665989033 
30.4958564047 5.88690951532 1.2531741182 -2.10775099441 -1.31989993099 -8.09723615296 4.052970026 0.190357453425 -2.3614872713 8.75545102024 
27.6329938215 4.34882048764 -7.63763954721 2.75154342496 1.50700286196 -3.85165957028 11.1507578666 -3.0249615943 -1.00774748087 8.93316998245 
21.4483767242 5.14651465378 -11.9880045453 1.04112077842 -1.66979910542 2.66274736735 7.77915234716 5.2434397486 -2.44873020522 9.15129205774 
18.5667205215 4.59165311515 -12.3642577664 -1.00744050678 -1.27157687563 8.89354967171 2.67690864588 5.6229919859 -0.405801822972 1.66444691756 
21.6069345693 -0.722736609312 -5.7384339927 -5.38530828239 9.91865793772 10.2124870257 0.8917202227 9.11975391016 4.96298426556 -3.93277047016 
21.1538689273 -4.4173421375 -2.08406286941 -5.20498176329 7.12465249599 9.22502158267 -6.53643227848 11.295395825 3.1118502354 -2.57860756669 
19.3455261225 -10.2515723683 -0.233808708063 -2.58795737395 5.84472291411 2.10741066181 -8.60643331394 7.22178255642 1.40042241332 4.08340911637 
12.0383043046 -14.2795523167 2.4583600349 -1.9277786761 4.46879518994 3.84255005126 -10.470228908 6.023078413 -1.74196456799 7.77500986317 
7.65078787627 -18.4987708787 4.51348733095 1.84765953885 8.97080122812 4.11334438421 -8.97326279383 5.1702011663 -2.5254261317 9.75062095811 
0.992605890447 -21.4098952568 8.17905174041 1.73712580739 9.31666462792 5.9566570191 -7.17540839657 0.234914539527 -2.3004532219 9.04829970756 
-5.49688931905 -21.510066414 8.0005882067 2.1770002253 5.12952712071 5.68084474191 -3.24209481366 -3.06197877385 -4.69560172783 3.29743656031 
-9.59610102632 -20.5780845692 7.18858535103 -10.5472740009 -0.108239632184 5.70299085734 -6.18431846008 -6.28792899077 -3.42309340822 5.4541515699 
-12.8834797772 -20.3749585413 5.55175099458 -7.34360830354 -1.64525414245 0.745905244727 -4.34963907075 -1.91589776866 -1.3098484919 5.00330373508 
-12.8917778133 -18.4034529419 5.10718190712 -10.2346051842 -3.49984384926 -0.878868435022 -5.07168538112 0.649013583102 1.09213629796 5.20189421341 
-14.6470270006 -13.2850151582 0.701852906871 -9.06877614403 -2.41773553593 -2.99957781257 -4.02375814549 2.5199634449 2.20210368092 2.97725223965 
-16.1427168721 -10.0818256637 -2.56598368022 -3.96307443976 -1.43386738591 -3.55067364701 -2.18760627807 3.07147001364 1.83969848301 0.0368341798431 
-16.3655031741 -5.38070309446 -6.10778210614 -7.79855518214 -5.1989194807 -2.99262614182 -1.87471191082 4.01244672866 0.791744880851 -1.17865738808 
-15.5786038981 -0.417860887431 -8.99690663913 -8.40322310905 0.0360727993758 -5.86186000366 -0.0485819924234 5.4413907857 1.37533279387 -0.916138411863 
-13.7250600231 2.61834945591 -9.09012509138 -10.5948024947 4.9259736581 -5.35540710405 1.08363945206 3.85222825707 -0.772056759609 -3.7185908921 
-14.5319649736 3.8726702288 -12.6089713884 -8.83715108464 8.6523692536 -3.1735273477 -0.576450478808 1.13470086978 -4.92385217979 -4.45006326557 
-14.9926979685 5.06201117486 -14.2288996608 -9.02291458084 8.69771917226 -2.84547226472 -2.18334867698 -4.46379195145 -6.75912654159 -0.814272454196 
-16.7884909499 1.78564057239 -14.0849272753 -1.05719426008 8.42848463088 -4.2160722225 -3.78179906799 -4.08958739634 -8.19635947305 -2.16315502226 
-15.6585168845 3.34741800156 -11.1783579283 7.48887932097 9.82785015063 -4.18576258418 -0.566152833033 -1.73687455208 -7.86811447841 0.750359205278 
-16.0056528232 1.720665311 -1.04158615398 19.3793603336 7.87504716643 -4.35038906383 4.91250293024 3.35713411949 -3.55701639081 7.48372836319 
-20.2811433831 6.17904790423 -0.166429546274 16.4386685347 4.97139672416 -0.673910144307 2.37053622186 2.95540322173 -1.02381846081 2.48849889292 
-18.671482219 7.15575840929 4.20538314403 17.6052928717 1.1740764505 0.703724329785 1.91465678213 3.22764966933 3.12869263686 0.780850714289 
-16.8808300105 12.7071264925 6.25296464752 13.0676142045 -0.616233063794 0.264433184929 -3.27287681765 4.10987160962 2.57682521543 -0.339602465928 
-8.54394405481 16.9942012515 6.89756837317 3.70592131252 -1.53061468084 -2.95046438616 -8.81391819323 2.92630759715 -0.908017451714 -5.21375310682 
-3.01730561144 12.6389610116 11.2631164738 0.848192304256 1.96123602468 -4.85741747673 -5.98727170906 -0.568255344412 1.37389410816 -4.4260559114 
15.2063792957 12.5189568634 12.4577530443 -2.09843155814 4.60360024161 -8.97853098888 -1.38326359491 -5.83326668547 1.51320329776 -2.07631650543 
23.0510541609 8.84480866069 13.7314860907 0.190238039673 1.82883233601 -10.019146948 1.91343150345 1.63508337769 -1.68635552501 -3.12606447984 
26.7457731973 5.33176567238 8.20555281419 -2.81741439748 3.37531080532 -9.18069238285 2.38030687464 5.02992950216 -1.43683962148 -1.41627094106 
20.0784757731 6.54685355069 -6.90367682697 -2.25020337613 -8.16110233892 1.23701416163 0.95108830877 6.29474182202 -6.22198482545 -2.22257309835 
23.8753948591 4.59788317257 -9.66888449084 -0.378011204602 -4.1030768169 2.22999827607 3.77132896585 8.91616032501 -2.55427902471 -0.386410498951 
24.5723172221 1.99057200985 -7.86014798293 -0.590724667097 5.65600273095 4.49264864568 4.90736051918 7.9152711106 1.19760797607 -1.95463591179 
21.1394679616 0.0688664037114 -10.6222636244 -1.87305296728 6.40105154786 11.7258398687 1.56021585841 8.84943239433 6.97120994875 -3.67199789717 
21.3642113982 -0.795778700761 -6.90118720711 -1.81209603887 1.27065691996 9.83204620082 -2.28538074212 10.2335683175 4.55403377048 -3.61449918724 
20.2229418565 -1.20485994371 -3.51598820378 -0.240065029502 -2.70067431181 4.45356794871 -5.1302774174 4.60641294297 -1.16255626722 -0.21860432813 
16.3535537817 -1.67676671206 -2.45408340426 -1.79977246057 -2.80981852235 3.65971624546 -6.22146536589 1.20255746054 -4.21051621333 2.00892425918 
14.4644765171 -6.53533179284 3.20782029432 -4.8137656561 0.44714858708 2.15932418453 -8.63404452108 4.86373886303 -3.47378189542 3.957094295 
10.9701738095 -11.2316060978 7.24617631272 -3.43303506512 0.449188936162 1.86747763358 -6.80168190306 6.34947789572 -4.02384683297 3.80761264138 
5.14763350981 -14.0939929378 11.8619271236 -2.18168313287 1.21844968863 1.14533834282 -3.16351772448 6.31176771317 -4.65893622587 2.05005007327 
-5.28913231466 -13.0352975869 12.0696386015 -2.4254161629 -4.20264886507 4.45456378108 1.73513481841 -0.328429579353 -3.51584697114 -0.987874115401 
-8.37528652646 -11.1310889791 10.5573398164 -6.50755556886 -6.42922336714 5.37256947833 0.409943362701 -1.00459013698 -4.24119491299 -2.11397687751 
-9.06453049815 -11.3513596102 9.03713932799 -12.5179606704 -3.1965968005 1.78013019752 4.39142798056 2.43064738818 -0.254439573731 -2.11895250552 
-10.0190204965 -7.46886760561 4.3724937258 -14.8403027045 -3.90918674114 -1.04973840438 3.20051616437 3.85073234179 0.708973735444 -1.46478547868 
-10.5687152709 -4.87446726886 1.81189924798 -16.4289544144 -2.05589750542 -0.708378464931 3.26702363775 6.15241883373 2.59382334092 -2.74461955264 
-13.4589872062 2.60701456801 -5.84274685239 -19.4603246873 -11.7509278632 -2.14609393697 -1.93212997091 5.26525570162 -0.0417764144727 0.12995076081 
-12.2534696704 6.74527796851 -7.32419584146 -15.8539046095 -11.2492922138 -1.76309490173 -0.299237903229 5.87073999861 -1.992523788 -2.38074940842 
-10.5817873957 4.14865249859 -7.26100457673 -15.142555429 0.175371894388 -2.91812486678 4.47195459914 5.16580605849 0.0561848240395 -2.45762240271 
-13.7177613789 4.81369303803 -7.52723767443 -12.5432145443 7.27769126749 -4.98000686883 4.48433779742 1.97780462418 -0.50750490542 -3.36430433168 
-15.5301123663 7.04272228495 -11.6969385566 -11.1687842723 7.9593629846 -2.61491254923 0.15634003715 -1.30498976156 -3.6818275084 -5.12717230476 
-18.2916319366 7.80968562078 -10.1340669471 -7.1831809424 4.66427015719 -3.7352272375 -1.09315610728 -1.38048352428 -4.34875832121 -1.58703537518 
-16.2088342064 9.37918503558 -5.40763922086 2.7520408179 7.58416089051 -1.88668098994 -0.200144490948 2.04415411931 -4.12931972306 -0.250972199939 
-17.0616511372 8.55376696158 -3.66369410056 14.9942200053 0.475472924194 1.30450829098 0.224447385633 4.26330076615 -2.46308941031 -1.65505483909 
-13.1567257532 10.7353361158 1.29988880358 15.6891500209 -0.266677664646 0.547166667049 2.61272842936 3.17703397973 0.406569139838 0.518908227268 
-7.63665533719 14.1935115645 7.19356196742 11.3478558328 -2.25347525216 2.14531173067 -2.88119620004 1.19010906036 2.18513555559 -4.48888896504 
3.15306244657 18.9784477037 11.4169681278 8.13552182401 -6.36572922602 -2.55605446699 -5.77750125944 3.37935459374 -0.301423278138 -5.45676259332 
5.84018410074 23.515935627 11.1824860632 4.9155286825 -5.8022055271 -4.12426458552 -10.196660598 -0.742218040902 -1.98045125072 -7.60488163787 
11.2550489151 19.941548582 10.2908154489 -3.01857631819 -3.65574284997 -5.68843955598 -8.13444756857 -4.96167235475 -2.67003856682 -5.4362863202 
16.4083080981 16.5080385664 10.6169807672 -2.562728903 -8.57651139209 -6.7239989907 -5.03037155054 -2.1822721971 -5.79103980774 -6.66046639758 
23.1761778969 10.9744637585 9.97062044307 -0.534852325945 -3.54251304057 -5.71001324029 -0.0216686979574 -3.09190584864 -6.86769851839 -4.86305094464 
29.2633272482 11.0485009554 8.29713868373 -3.75465115251 -3.16704319535 -3.96571548643 0.0965432446245 -4.81474235442 -6.6109257884 -2.35571793712 
27.7277332752 14.7236903659 -1.53241583155 -4.11051274236 -9.06776040445 2.65418808755 -0.523012183079 0.723909104031 -7.1354771458 -0.594044484628 
24.8948823923 9.22863247899 -8.3063096023 -0.0524192101478 -8.24540407808 3.77903383566 2.21472303218 0.0286518511276 -3.82106263916 5.20251731881 
23.1132668268 4.5433131086 -12.8714810659 2.99811842635 -6.21070254379 4.96901536823 7.33424561358 -0.486502660626 0.293308165359 8.68010509306 
19.9919570183 3.82154670472 -13.5702252243 -0.112401016197 -2.49402506088 6.72383273474 5.79259950107 0.922608906568 1.53159098708 6.57252298532 
19.101390193 -0.701421040633 -10.9222342023 -1.8315174463 0.578538450367 9.16018707745 1.18880220507 8.61201828807 0.395669849118 -0.559263225764 
19.2435736975 -3.34266353361 -5.8081170282 -1.99036605517 4.48740502896 9.24692661095 -3.18558957993 10.3235698273 2.11083665064 -3.64741791186 
16.0168101887 -1.57972618487 -1.93415123314 0.516345845374 -1.75667375346 6.87457776223 -5.5653899926 8.5981641907 -3.4439423956 -2.94278990672 
14.1634953584 -5.2776007953 0.335225542345 0.506793158415 -1.37217486064 2.9558143488 -2.85020525298 3.34209444034 -4.05762428871 -1.93415362897 
11.6616710653 -8.7740648114 5.49847449716 0.576293000333 4.47762898821 0.486847405256 -1.73421084767 1.42261363054 -6.09618113218 0.252203949495 
9.56505433435 -8.86932769628 5.86755707522 0.327521144385 5.65195583987 1.41086445402 -4.46517713253 4.27354647831 -10.7605115392 -0.604144495922 
5.47211980005 -10.2507668855 9.63564933191 1.38029853156 2.19206459366 1.27266618893 -2.79268877532 3.95962475231 -11.0617148209 -0.84206977669 
-1.74499460092 -12.0210614507 14.1329124013 1.33625337463 -0.997673981294 1.84203963067 3.93126234085 -0.501588130196 -7.62575915921 -2.34679286114 
-10.3068553586 -10.3924190117 10.2197066719 -0.273066090268 -5.58559838773 6.08453996778 5.63607324563 -5.57522514005 -7.35121802089 -6.74739247202 
-13.0208289864 -8.81286713478 4.96217416269 -4.39414117192 -8.39922373249 3.21699289651 3.01638038876 -2.80660978022 -7.85155401464 -7.79513881665 
-13.2353009859 -6.80272724635 6.18632365258 -8.74725080419 -7.72258778022 0.0374641549121 5.75451231159 3.5609608393 -1.05541447833 -5.1442636754 
-15.5872464883 -5.51889388471 2.53295476944 -9.68542961664 -11.4053393757 -0.813510990248 4.7434923196 4.86212648957 -0.699374855098 -1.15290525293 
-16.670860989 -1.55142124296 -1.73175760299 -10.2828442582 -12.6644910308 -2.71962363836 1.82265250099 7.8775573274 -0.980388546466 -0.918179346694 
-17.2142388532 4.15770013933 -3.96526458121 -13.2043280093 -11.7714801937 -2.81958926353 1.51857249692 8.67105693382 -0.201737890279 -0.683645630037 
-15.7671255558 6.44900025515 -7.85715779299 -15.0847758674 -6.4961346683 -2.80690435061 1.41207250285 4.18385900815 0.191115560015 -3.78401454783 
-16.8037444106 7.64887561183 -8.86113615337 -10.6370988028 1.42638111382 -2.34472986313 -0.961656641476 1.75861806928 -0.779002318572 -1.79300661396 
-19.0925760787 8.70849607263 -11.2229031268 -10.4427908172 -1.32840541021 -4.54776335175 -3.4657256472 -0.17956649371 -1.13037840787 -1.9998498083 
-17.1395035272 10.5331125843 -5.75499868837 -5.28692127035 0.826861880694 -6.3742057058 -0.175409102349 0.681082330203 -1.48707394137 -0.692575050986 
-19.552627688 12.1878262467 -2.06313688612 -1.72173517219 -1.94106473557 -4.72174715528 0.193194160286 4.11488985642 1.47206316421 0.918826333226 
-19.7787899209 12.5386943368 -1.58410782341 4.35348153375 -2.05130265228 0.331222745205 -0.764047080985 1.66506933404 -0.253485871632 4.55013568966 
-14.7252548377 14.0127441343 0.88642740592 5.64944646857 -0.661555786879 2.95633241917 -1.45491576102 -1.47227313309 0.121231762426 2.41016726808 
-18.0973126001 17.0557304728 0.470023189709 3.95606669959 -6.46142387891 7.26622113841 -2.96511583028 -0.467321271527 1.22061846683 2.63718344993 
-9.84229460143 21.099932467 4.34105824656 2.35656539504 -3.83923667103 7.95082344628 -7.08403874902 -2.17780927151 2.81089731482 -0.682620597445 
-0.491657595931 22.0657419259 5.2352951638 -1.75035582883 0.137547922133 5.4630517054 -9.63399059937 -4.59983456317 1.62035777702 -3.58748261806 
8.15124412095 26.7638236856 8.21289566271 -10.8916716791 0.970055171169 4.61053537564 -11.6451436559 -8.14906425586 2.73822620281 -1.99956137762 
14.8024819095 20.5759295839 9.98059016385 -7.68278753645 -3.05008024117 -1.75536016813 -7.87701412233 -5.92612227606 -1.20765252409 -4.08278758762 
24.5301751836 14.2379790272 12.671158681 -4.94675581181 2.28452416704 -5.40257550281 0.0348546600299 -8.03775001276 0.401301036846 -3.70566702976 
26.9660117359 8.51757985781 7.86717411732 -3.0773741649 -0.40766517403 -5.46280667395 3.84173689964 -5.9188415924 -2.4409645597 -4.11442627503 
32.1416310609 9.15601479938 4.5916072485 -2.05661270491 0.34761456597 -4.90575268431 7.69676505308 -7.52118131264 -2.4927080744 -1.7110349649 
25.3157737554 11.5711386361 -6.46055724503 0.137591334362 -7.45926721884 1.55964962787 10.5769897628 -6.6228114257 -1.31886495484 2.3083705116 
23.609281681 9.45805517339 -10.4744489348 3.50289908446 -8.05054097585 6.10725471282 12.6831733535 -3.56219878423 0.918234244151 6.08837217134 
26.6131052028 6.89524021263 -9.62414666526 2.26717866853 -5.03588675977 6.73601536164 9.69794901769 -1.43302773854 1.890627091 3.44273622628 
23.6774544604 -0.0610168117236 -9.85088186748 -1.16538347432 3.39109952507 13.06700081 3.07607453432 5.44241156947 6.26736359349 -3.56119520764 
20.5137219081 -3.42493014301 -6.15160355812 -2.5791628175 9.60518457351 16.663153276 -1.14228899341 7.77844125928 7.60553341 -6.78038530076 
17.5279732544 -4.0463017553 -0.586723669893 -0.728411332427 5.64180527518 14.8414804341 -6.06507818832 6.38240578731 5.02147763856 -5.62770964517 
15.5832689772 -8.46728270123 2.79018320108 -2.91202697131 9.84012568832 12.9443809533 -7.831483765 2.97341164464 2.62652155434 -2.77348996556 
14.571557469 -13.0495031812 6.70760230756 -4.3860300399 12.6373937495 11.0013771568 -9.06538150807 1.92311918481 0.668872075345 -0.720410101898 
13.2384877627 -9.58169850332 7.7043536954 -4.76709155315 10.8790491077 8.39711370475 -5.94394820063 2.94379525403 -2.19331280813 -0.882195180367 
3.20666902421 -14.429330046 8.98009187205 -1.5282665133 7.59694452796 4.32809419379 -2.10012128625 2.21062636028 -4.2164695578 0.651390258823 
0.316021317456 -15.0032664294 14.256287235 0.219711668151 5.60284707396 4.70507239525 0.218801648172 0.592096801292 -3.627186179 1.45903327179 
0.423924727482 -12.2322160211 14.3347595548 -1.8168535447 5.32242538896 6.19167011049 4.12342066223 -1.73387886328 -0.240406743771 -0.879659377882 
1.24098850027 -10.53360691 15.6327914266 -5.21352090415 0.89400753769 2.65288873025 3.50765326199 0.160909239948 -1.92251615355 -0.449558803217 
-10.4130289532 -12.769387337 9.5010730503 -7.78635150952 -3.62136638362 4.73052265585 1.42315010141 -1.63406599576 -2.51501213288 3.01595256375 
-12.7746356032 -8.45972331563 6.40544332714 -9.90577541558 -7.46055975578 2.63204468938 3.24048556737 -0.256679701519 -0.777672192422 3.76204851465 
-12.4028947184 -5.59623762613 6.72769234075 -16.7560425669 -7.62476286734 1.22561430741 4.70215430655 0.421821217477 2.55198682719 3.7971887091 
-13.1829744466 -0.481672800602 -1.93785377344 -18.4005446385 -8.56496627781 0.821309674236 -2.54833333831 4.77066883918 0.730401952898 4.30623392505 
-10.5136127617 1.6699585244 -6.33473380147 -18.8670124068 -6.97371440067 0.736338431002 -3.04325426822 2.45041674201 -0.421369114101 0.936601049951 
-6.96321985595 3.75486094441 -6.0804097942 -19.8775122605 8.28713376774 1.98515046156 -3.24450921944 0.358621364663 -1.47370465494 -1.34786589198 
-10.1480300705 6.10961162196 -8.75325741229 -15.1817877414 8.21021404001 1.06642817072 -4.35487167863 -2.03639449971 -5.96590636465 -1.73476797266 
-13.3070785947 9.19199391515 -11.4052276439 -14.5541859047 7.59732381131 0.615326021637 -7.01750788125 -8.36053079861 -8.5209772487 0.175791773696 
-11.7681277124 11.8842528595 -8.47544492447 -13.8714672754 7.22130660211 -0.00749540231878 -4.50599981983 -7.75217641955 -7.97628201733 2.41918184416 
-16.9051449446 8.94909384304 -5.94147339888 -1.57965480165 8.67590904895 -3.73218368561 -0.523149332118 -2.49691638761 -4.56924574009 3.16628986515 
-19.9975379566 4.6869863043 -0.0939715771693 12.9587180025 5.07461489524 -2.1337070232 5.28920701029 2.40404736354 -1.01410533677 4.22563718916 
-24.1906950883 8.97059917013 1.99377630665 14.7298968894 0.412143154276 3.64758369707 3.49642041288 4.25033458844 -0.212265143577 4.44578090795 
-21.5740939206 11.1384678606 4.64345756032 13.155233524 0.0150990790168 4.42634809001 3.58451996469 2.95190170422 1.49497131294 1.88931533907 
-18.0475108235 11.4660868545 6.78610782642 9.7987936027 -4.75904365468 7.28188838924 0.0426911109517 1.52076161275 1.95013640996 0.782365070718 
-14.5221692583 19.3384615246 8.14605638363 6.75510963604 -3.8849091847 9.57417360548 -3.64586825653 3.49676325779 2.42417151758 -1.41482308077 
-6.77678860945 21.6206329936 7.62438684854 -2.75351658894 -4.82515850828 9.53070885699 -10.3575042986 -0.852502859358 4.09681137195 -1.04310580689 
13.9933763389 15.6708364113 12.7481761841 -5.13054999364 2.02982915246 -0.910417714149 -4.31431378513 -3.5169544924 3.65766279766 -1.17314633593 
26.3895112575 14.7964678574 13.8127110099 -6.38024930288 1.66898141953 -4.48784271945 -2.61162372335 -3.65835362869 1.89599343359 -0.205853164738 
28.8962858992 9.11330923326 10.0663983713 -5.83317657343 4.52926998857 -2.46249157872 1.66597653657 -5.38669151962 0.526748875071 0.523583391579 
29.3098274767 6.62007917826 3.86713859179 -4.5699366551 5.96717231673 -1.95921820229 4.57049423949 -2.91829026986 0.891933330863 3.18448934982 
22.523472686 7.88253860729 -7.47638139595 2.01850140113 -4.67973277135 3.59407621282 9.27859156185 1.85685510977 2.74371489721 3.17820160588 
23.8027055376 9.98738080619 -9.07079391349 -1.59747415891 0.183052306164 10.7221143062 9.93586270909 5.39078304952 9.26586631524 2.93451663602 
25.8667010718 7.69185860625 -6.18496805897 -0.309314995713 2.83860515426 11.4372457682 6.6252350269 8.67510798048 7.67592794935 0.0415086321806 
26.0445335756 1.49850479566 -2.71041061663 -0.926411417979 3.8080642501 9.09029819237 2.28342095329 6.87645661203 3.4060414787 -2.10477287464 
22.2435294787 -2.21953407323 0.47502583827 1.45114897395 -1.27409521734 2.99962281094 -2.52736994847 4.09479658269 0.737972780263 1.87850207762 
16.7053759049 -2.44965700373 3.19592096414 0.751561115296 -2.16674131834 4.86704339378 -4.86682299361 4.68967931432 -1.74452051987 1.41966606153 
10.820457594 -7.27687732147 2.62170988734 -0.382696701745 -0.500016985664 6.65558088889 -5.52619515051 0.350428896994 -4.23005218558 0.251071053178 
7.96556176219 -9.96219936017 8.02639325525 -1.23347222077 2.95078908173 7.02152057575 -3.14345659227 -1.43272804183 -3.66823588054 2.18229756028 
2.51410826311 -13.1430492306 13.3377682821 0.634426312911 2.9459559186 7.92412933569 0.143310041891 -3.59212433681 -3.469739347 0.681641811172 
-5.81843102181 -12.5360959441 15.1647552829 -0.513781221061 0.970918535202 8.10289179479 3.2060897752 -5.99107679528 -2.85165818284 -1.80101814793 
-9.5169421742 -14.2348924193 11.1764327884 -2.40518745428 -0.22480591808 11.2104208301 4.81554250624 -8.11493067068 -4.00048216048 -2.3963129663 
-16.128772152 -14.160734965 10.4289449839 -8.19297286714 -6.85216796337 6.76426971984 1.94958100577 -7.39703073713 -1.73640570098 2.18037997811 
-12.6978559046 -8.95874957818 9.58243135749 -17.5499028049 -6.04248638197 3.75186473788 0.53733467775 -3.98759330211 3.85201351906 6.61899618072 
-11.8092259688 -6.27151029642 9.77402446367 -23.389486851 -4.8808002133 3.06733705478 1.07385403413 -3.176937761 4.96264817517 8.23128203247 
-12.1184860277 -2.07073546814 4.64661487739 -23.6130120572 -5.80619484502 3.08264858013 0.478789364234 -3.78497020796 5.92928391579 8.50601743445 
-15.8630591221 0.346510863155 0.713296637591 -22.3305565431 -11.2224636838 1.37642300061 0.492772297063 -1.70909029538 4.85047423042 7.17216695611 
-15.3146698735 4.65936223291 -6.06463877613 -22.3368665901 -9.09704849468 1.10985934713 -1.49559808048 -2.63990142549 1.58028962582 4.52165525127 
-11.6688676391 6.846457769 -5.50392183882 -11.770190497 -0.339157812844 -4.47437880751 0.666859498996 1.33026041882 -2.53611954309 0.714298563035 
-14.2751109559 3.77426201996 -9.62648547003 -6.19570599894 7.28934876856 -4.25322112813 1.72902124873 -1.65224724191 -4.39419998306 -0.59507245695 
-16.7084175549 6.26131626075 -9.60917241191 -6.44380058545 10.7100109013 -3.5650850057 0.914758930652 -6.73838876478 -6.29515271101 2.43371355053 
-18.9912026427 5.05595704545 -9.77873608481 -3.03264619049 9.13220617858 -2.32742490088 -0.102404290923 -4.3579522071 -7.22556790768 -0.91734939611 
-19.4057451677 7.06450977748 -6.96859882327 5.38160121573 8.02266456784 -1.47039230925 -0.295897763635 -2.06194806675 -7.25813985932 0.917568472845 
-19.3564308131 7.1305515894 -2.98978551227 13.6961126441 3.89849438914 -0.649415892598 3.85418968507 2.50828048098 -6.93112769879 4.1424430898 
-19.2152097233 12.1985735093 3.42909735113 16.1894137139 0.137544831729 3.56125158815 2.40265329555 3.94350015752 -3.68555466832 6.9004024556 
-14.9274567658 11.5620409055 7.64937901205 16.6749388164 -0.979007800023 3.59970708278 0.495648066657 1.49085139884 0.310593650871 4.32607929792 
-13.5211950173 15.2830670712 13.7973681561 12.8794268866 -7.06724204901 4.13037354492 -2.64449032198 5.29082876612 4.45577779565 3.70449683029 
-9.88279334234 20.5478369747 15.1728621839 2.78355803422 -4.45959140045 4.21587227366 -5.12329144762 2.10179850806 6.58596582443 1.08572283023 
-3.82549328116 19.1553437868 13.4586252562 -2.67818048867 1.67927904302 4.61520742549 -8.57303214115 -4.1592180482 2.34201386331 -3.15342241512 
5.62212553797 15.8641557537 12.5936301318 -5.58987280169 0.722670267023 0.305184064836 -3.83017914784 -4.45842225097 2.00238895255 -5.28394209378 
16.8170299341 9.49247656719 11.9695632976 -5.57538012356 4.77671626463 -3.3146533456 -0.113577707956 -7.39029507569 1.13580358666 -4.23170059258 
21.9655301187 3.12143178331 11.4020167209 -2.45208651473 9.62138310997 -5.42593561558 6.56230122762 -4.43683729028 0.696571322214 -3.25150612914 
23.5697241136 0.892205786848 4.55763981823 -3.2479281013 10.1226814671 -2.94466407465 6.46411207369 -4.45725232538 -1.96794036912 -2.91462356279 
22.982367309 -0.829841755733 -4.20078443033 0.430371994035 10.171228747 1.40396714108 9.28683393158 0.0321353340797 1.52558593276 -1.8267520599 
18.8733182294 -2.17692834522 -8.89162175097 2.58706400106 7.91918863955 8.19548509316 10.3224708598 5.47287515867 4.42857195188 -2.13690778511 
18.1566228989 3.61432311271 -10.6633336213 -0.00442557644798 1.22400742001 13.594453501 4.92251811423 8.51482711552 3.43078502517 -1.47026447435 
17.9323631328 -1.75728895413 -7.45772052734 -1.72766208157 7.18095001221 15.2332497534 0.378502285478 10.0244964375 4.69144665186 -5.65065340984 
21.4676803678 -2.42154565684 0.656090053067 -3.39296500974 8.39837229308 11.192091976 -0.907023168963 10.322527226 4.18421777949 -7.75521955776 
22.0136773964 -4.18161616043 5.57554930849 -1.09758503206 2.57689868581 5.05614651855 -4.7492890939 6.21658179572 0.731598653495 -0.880078339305 
16.3118190971 -6.55158181241 6.32105847545 -0.875984600944 1.14044287814 5.76044375094 -5.86272207631 -0.128019527912 -1.47748257063 3.00684785268 
10.3559065046 -8.34551344171 6.64358127828 -2.08594351761 -1.8609950573 7.71751720089 -7.83428827752 -1.93431809356 -2.5405077709 4.56122478881 
3.38668522821 -13.4088142302 8.21921823194 0.53046708817 2.73850860615 9.32720210068 -2.65977631887 -1.93742502978 -4.13835128409 2.60544642152 
-6.04312485307 -16.0663155537 12.0187152024 1.79238655309 2.76707236613 12.8763718522 1.46685931844 -7.88124328528 -4.40203108607 1.53138606286 
-8.60416951207 -11.8619904672 16.1802923676 0.0194163357289 -0.329280827133 14.1110691169 3.1382877138 -7.9599080699 -3.99823498702 1.62198674787 
-9.59368774035 -10.7116109675 18.1791690635 -5.45824770462 -1.4479594276 9.00254355173 5.26618585843 -6.1659010075 -1.63058199614 1.52826188643 
-8.227886211 -6.78108680721 15.377083452 -13.5738279646 -0.642437156746 7.10176064605 3.41385680652 -2.74880609699 1.99873330707 1.43024408772 
-8.66986431877 -1.89802614487 11.0420583123 -21.5168074342 -3.67413872398 3.98511751727 4.5239985846 -0.0329280123319 4.50129530925 4.04999553331 
-10.0029434803 1.36326144521 5.97167432777 -24.421852954 -6.824417473 2.9318910937 3.34232473881 -0.564708444674 5.81287525269 5.60320972136 
-13.1285813418 3.5408647363 1.6745886381 -24.7553317673 -7.82188869487 2.12180078733 2.7300408404 1.25510400891 5.44260205627 5.00940984484 
-11.1596648742 8.94023065748 1.76556695647 -24.2947589716 -4.76383542178 1.01981184768 5.3977935047 0.547634266907 7.06028548217 4.67559582462 
-12.356688482 10.1640271917 -0.232916529058 -18.155408847 0.759902221519 0.258593444772 0.943919398855 -0.799858995345 3.40361993803 3.54767731165 
-16.2858812567 12.0076447635 -4.90185038896 -11.1414249221 4.77781164628 2.3512563884 -0.882842154828 -2.87968057485 -1.92119526362 2.09994166018 
-15.5686995159 13.1504879792 -8.27539063905 -9.52165648977 8.57411692219 3.31371034412 -4.13130642856 -4.45572376709 -5.46881863261 2.61807626752 
-17.5628712787 13.0855204522 -8.10263854667 -1.83545912686 6.67012016182 0.404777355275 -4.08904360497 -3.44957781942 -7.53205453543 2.78062754643 
-19.7401718794 13.4957096473 -3.51645399691 2.57546486914 5.4042589968 1.38079698741 -2.06645957056 -3.70791530306 -3.84830372114 4.65222332852 
-20.610473686 14.3558677013 3.64065924689 9.4006919773 8.61224566195 4.27841260457 2.08811876879 1.92981236652 -0.738879799056 7.91710663413 
-20.0578149104 16.3357717421 6.60305251867 8.4516784792 0.0746181754458 8.55811964336 0.174215288823 1.04533295566 4.0769349538 9.58725153454 
-17.5901940685 17.4975780461 10.9461213903 9.65330725217 -3.48277356726 8.3587110937 1.47951518636 1.74601440144 10.0967913041 7.69986574232 
-14.0709103638 18.6805382236 9.1812535714 6.15132368203 -3.07358503867 10.8710040258 -2.47562192247 0.15294560356 10.1201496892 4.4525140883 
-10.8165021901 21.1674827466 14.4979924337 5.59155110062 -1.0496171815 8.51275982836 -2.84997474609 -2.42489090827 13.9732927412 3.35019986385 
-0.0504646939934 22.8021758932 14.7358460225 -0.02008198007 4.06086432804 4.29921791404 -3.4701761217 -7.0424979145 10.5610113556 2.07720940136 
12.404573514 20.4300100203 13.7868741552 -7.22212498265 3.95494450965 -1.12207042559 -3.87267651427 -10.4223984281 6.36518598863 1.45621862691 
27.5498634325 11.2954222235 21.4898896393 1.06644173838 4.47100654949 -10.3451315649 4.03505672039 -6.78550561393 3.45036753329 -1.75225506241 
29.9792889338 9.76308360592 15.8423667125 -1.65345264019 0.318901419463 -7.64754069807 4.03587308446 -3.82694832401 -0.133902165268 -3.38997463187 
30.9565715223 8.08770345332 7.24589337732 -2.9113265452 7.08523854711 -4.53898386128 6.59252597995 -5.55902500818 -0.418319685296 -0.964320736507 
22.4435468755 5.99487191024 -7.5688086866 0.464473834261 1.90231661597 3.03482755885 11.2359002456 -4.22166578813 1.40907636581 0.455892840802 
23.4386076774 8.53249319461 -11.0588800073 3.11246812996 -6.18654211129 6.39705901784 11.7384223982 0.156137393137 1.49812928509 1.47335661844 
26.4075861545 4.4760131118 -8.66494320682 -0.231024975602 2.35164948349 6.48107684089 9.73163559323 3.54768616724 2.43365588892 2.6185855364 
24.7323083895 2.05417708793 -7.15071595501 -4.71863385834 6.90891289119 14.5148090647 2.94182036191 10.8923578945 6.91228781161 -4.80134522031 
22.8833449574 1.18434642607 -1.93618032639 -4.9588517195 2.03152514675 10.6707635978 -1.65322623777 9.81387828331 4.01054604452 -3.6656109132 
19.0462021584 -2.20881116624 1.45439151483 -0.674782217291 -0.92943251163 6.46274925343 -5.27369491403 3.98710639008 0.822621512309 -1.75999524093 
10.6930109935 -7.68547066838 -1.23206636444 -1.14198531046 2.70988990017 6.52253977094 -3.33518357827 0.489279603408 -0.460493105997 -0.594162702569 
11.6988485214 -9.57214322075 6.50171868068 -2.66923082339 6.66790373684 7.36625906831 -3.67158279649 -0.0441697680997 -2.59760832207 0.291478000659 
10.6953268269 -12.4917767628 12.1499254345 -1.22918506238 8.10459397702 5.34141585339 -2.24186377886 0.459454719791 -1.29554183289 1.95272675085 
4.64551991584 -13.5301338562 16.0192755371 0.998255810383 6.9601636757 7.37795610306 -0.453290839314 -0.749515833295 -5.81693277427 2.4662922656 
0.767808205651 -11.2203976391 16.3104827253 -0.00659913917496 3.24457457628 8.32061680407 0.698821100031 -1.74112071043 -4.64204123911 4.07161488355 
-4.03780475547 -6.0358672029 18.8143793584 -2.0560624501 -1.25918436452 7.1862380438 6.30380140969 -1.43628636516 -1.06632016023 0.925722190804 
-7.83670910179 -6.1198873877 13.21914415 -6.95786807814 -5.62800011834 6.24686603564 4.09007046643 -5.23967803921 -0.590378657626 -0.676568331634 
-10.145840913 -4.78873317374 9.44201579959 -11.4999054835 -5.93981737783 4.24204492407 5.63553333746 -2.18215196864 2.21111007438 -1.47334498372 
-13.5421205126 -1.38872691829 5.23862900139 -15.1044402112 -9.53765270155 3.90203954109 3.96715379642 -0.559499890252 3.30906601735 1.81314632772 
-16.1661357982 1.46150741585 -0.0204588631031 -13.5398000982 -11.5440848083 3.87345745067 2.57709787658 -1.16551147304 -0.545708441493 0.323989756103 
-14.0529585852 4.3660977964 1.36897913942 -16.2218178172 -9.04857692342 0.301323210306 5.06091464274 -0.182129354408 4.87590164474 3.40935446991 
-14.7058519582 4.87140372974 -1.62035191493 -15.3859428645 -4.2787875457 -1.7970179116 6.40396662886 -0.685507164881 1.98954410021 3.88890984634 
-13.8914478195 7.60022332622 -5.22349868411 -16.0150583803 1.37058114518 4.89474467504 2.33693974888 -5.8315644534 -1.20356218351 3.66861373139 
-14.7343902844 8.86986005579 -8.48794385221 -11.8914713426 9.40276924597 5.83872379135 1.72235030499 -5.58925300923 -2.37254590412 0.993639518663 
-16.0909919065 11.4559814673 -10.5581446157 -9.20256868149 10.8271480505 2.37115276633 -5.022821024 -6.26992190437 -7.45082632611 2.0447177536 
-20.2493976947 11.077445269 -7.84901717437 -1.17974368357 8.87478520465 0.975653918318 -4.41257684434 -3.47228435001 -9.12154407771 0.260515092781 
-18.4826353338 11.5151307385 -3.30738913362 4.98217850624 6.04766548442 3.92243479754 -0.777570427796 -2.79929861817 -3.22897329376 3.9193552847 
-21.82550728 12.0660650201 1.5966185429 9.13056918303 -0.00229396404402 7.71995430853 1.0363110633 1.04290158819 -0.42670827068 4.85628130975 
-20.2825388262 12.4770588808 7.22467045825 10.056559049 -2.86855707529 7.66881666242 1.99696854038 1.98343104751 5.21897987774 6.45299941273 
-15.9320103125 11.9393115289 11.8825039775 13.9066443537 -2.16431437207 7.60841295934 1.83062959128 3.636012999 7.81837102183 2.686999618 
-7.62435119558 17.5093423735 15.2167329409 4.50836990814 -3.85703515029 3.51509799013 -2.13435863496 3.58472653369 8.37799836524 -0.439235658178 
-2.25496378642 19.2586812796 14.4538183161 -1.34620149631 -3.20401566836 2.34624289895 -4.05847752817 -3.99385556857 8.36427164021 -3.04067604537 
12.0378602444 18.0445691124 19.1107230274 -4.09274929738 1.63277903419 -1.90775568917 -2.23835000097 -7.40171242704 8.45597720487 -3.948968048 
27.3656066361 13.4979913592 20.4948487291 -3.97104257939 2.72693280503 -5.93547985211 0.932951763184 -6.26497685922 4.9324916615 -3.33640084123 
29.6032649478 10.3555850966 11.0254070578 -1.53388716013 -0.314506945902 -4.05843162731 2.70628461471 -5.76504120423 -2.3101889221 -3.28302909628 
28.9184663427 10.0995376534 5.33336970572 -1.76379627238 -2.98335427942 0.160041775979 2.70239472184 -2.86186387209 -3.70821743118 -4.26900543914 
26.716167298 12.006580663 -3.20987766514 2.47296182755 -4.46248552345 2.60984449688 5.1633535865 -4.44080082076 -4.18198294996 0.656190568563 
27.8265007556 11.7521901557 -9.00625145762 3.30664501462 -9.69631863775 4.65101391495 7.99690834785 -4.8940427949 -1.0539462258 5.44565905745 
21.9622947292 7.10667909593 -12.3128619195 5.79463841391 -4.44422709603 7.91772409864 9.59425548055 -1.41474652559 -0.90835863725 2.37368599473 
22.126837527 5.20329604803 -11.1258640372 2.69230460731 -1.71918874824 12.0251234316 7.16109154135 3.58568587561 1.83551614469 -4.12282150412 
21.6243797234 2.63310033847 -8.64168882832 0.353840675412 4.9874130453 12.8562937356 4.48056302725 3.33290333394 1.39056481226 -4.71018861629 
17.6212419953 -2.41636877315 -6.3548226979 0.209117267016 2.33345597774 9.11619875354 -0.0508666251633 -1.3504396567 0.924299977731 -1.20389674414 
17.3628784187 -4.65968406232 -0.308881587071 0.241512197341 8.14756991609 6.65715926014 -1.81801065664 0.549848283892 -1.28606265923 -4.30248303592 
19.1132903802 -5.98840820104 4.17669831722 -1.63205333063 8.85135605701 3.34217524993 -1.06118405073 0.123427932514 -3.02545902398 -0.613072080445 
20.9607171634 -5.50197782292 8.6068205978 -2.54746054029 10.9962899574 1.80401180893 -1.65869752627 0.211411567993 -1.3453877293 -0.540343589352 
16.59380069 -9.2593951467 12.1027247748 -0.561175187508 8.45465051777 0.239536674568 0.220728486849 -0.0631558422357 -5.26892888156 4.46370617103 
6.07204729732 -12.8375612639 16.4209658348 0.269935474034 5.05847975583 3.44401439707 3.12648336822 0.0627631901647 -4.11207488989 3.89129241505 
-2.80025504347 -13.8468002182 15.3067535815 -1.05141578722 0.431359750576 4.75848258063 2.35550546515 -0.737857339832 -7.98717565463 1.04950318924 
-6.61265686095 -15.8078294949 15.1093090572 -3.1920902601 0.361870685246 6.42310149478 4.73309608131 -4.57945791821 -4.37622529316 1.65247035515 
-13.1441185784 -14.1582100665 13.4888905053 -7.97552710992 -4.50689891002 5.13638877599 6.11750868932 -5.76099777489 -2.52434405501 2.18812093573 
-12.0032701552 -7.5925979127 11.6432904411 -10.1869443294 -0.805348695672 2.75916867242 8.49736197936 -2.07741290968 1.26145108743 -2.44957340801 
-10.8891383195 -4.85769193852 7.96150597867 -15.7224712307 0.787715616924 0.508272294437 4.27519792107 1.09116935012 4.70231661796 -0.679327042947 
-14.509827344 -3.60027559237 0.681798703013 -14.3097476327 -0.997224260408 0.631332997406 1.44642101214 0.973335780854 2.61515723454 0.517539425033 
-11.4510311975 -0.0982386103465 0.0551410942136 -16.8944485904 0.285271332099 -1.76173975398 5.20321795577 1.89625985739 3.55867615447 0.0830562650119 
-8.66292172686 4.83666707271 -5.76539353002 -13.4031797367 7.88193275572 -0.790701309694 2.4284910266 -0.232359330482 0.351453615626 -2.99980576661 
-11.6896916312 6.82548649384 -7.86125965073 -13.1532334561 12.6221655419 -1.07400427136 -2.01182308693 -0.827895681366 -2.63491876414 -5.35757367564 
-14.6099344397 5.83223886716 -11.7315197498 -6.50268859785 9.25181978238 0.0754219751265 -3.54436402402 -3.03197513014 -7.39695065699 -4.17856014182 
-15.7341685629 6.27539100046 -9.96121939146 -3.98249301702 8.00517166123 -2.27613878209 -2.08992910255 -3.12836640193 -5.7304631053 -1.78751349792 
-18.8622635514 8.91489596049 -9.20040579125 -1.05408342123 4.62710797662 -0.999202703714 -2.43187689426 -0.99476157767 -6.02237833534 -3.41026492061 
-20.9517915875 6.78383443521 -4.49067372971 5.98926098728 4.06078102473 0.935588764001 0.621635692937 0.790819984651 -2.85164122397 1.61462903616 
-20.6760846395 9.59557522867 -2.02895515479 13.4464278342 2.63731191551 3.07749541594 -1.97868528485 0.855401201619 -3.51403826726 3.26656959463 
-19.9520750774 9.53457753321 5.22680817754 13.7991575256 0.988844714027 4.2494309364 0.309485808099 2.2527832761 0.629964556858 3.48423608931 
-20.2287273811 12.9625514531 10.7661939802 15.6435382954 -2.12348632697 5.68096323221 1.13027598552 4.78417007794 4.63764978149 2.19854677538 
-16.5453509481 18.7744100756 10.8985484159 10.2467355111 -4.21840471088 7.02577659134 -5.66333095043 3.30034666475 0.152061746874 -0.0230337023978 
-9.06271747513 20.7823596077 12.6493621039 2.60910472496 -2.97239246749 4.65092461017 -6.84316105725 2.49627571329 -0.228615162395 -5.68635270819 
2.43783125484 12.79631563 11.9822841596 -1.05714649496 0.728037091137 -1.49173519438 0.480481150775 -1.11062745564 3.14725671353 -4.64782647394 
19.2286758589 12.9408233086 16.5907158446 -0.220777047429 3.60422056818 -5.27061862692 2.29237715177 -3.29470835327 2.80729483847 -2.93248092195 
25.3512696734 5.5311469507 16.5148384989 2.55797948899 3.6571105041 -8.30258171978 7.25892452321 0.760165814102 -0.0622728736061 -3.69515664237 
26.4303811435 3.29879782961 12.410529846 2.10388552764 5.13223588278 -9.23502256237 5.77202187506 -1.56619280675 -4.5282902604 -1.14615652006 
24.8199796939 3.30937553295 4.65604899796 2.85941953894 3.01099665673 -6.67902761147 6.76917631533 0.036608314094 -4.59834850155 1.79014184293 
25.1312611573 2.39750928618 -5.97269986992 5.05708568743 4.10056581862 -1.2344488113 11.2983548296 -2.76366988695 0.28143146461 3.96528931442 
22.7865524469 -0.651072723188 -13.0566052855 3.6692253438 5.00701135207 3.35598907727 10.7613644413 0.325753751657 1.08903304509 2.56970257947 
21.7061665777 1.11966355567 -11.4792346593 -1.36179652869 10.6357601782 11.3117993101 7.49282775935 2.8924979822 5.00828122794 -4.67303645393 
23.8598017614 -1.54534896097 -6.45518266847 -4.61325929156 16.012686208 13.2128662114 4.35160630531 5.90391523919 7.4115655915 -7.8651894539 
23.1105301948 -4.90643160933 -0.316961541124 -5.81081255866 15.7579648475 11.961855565 -0.102983964446 5.95825233777 4.21249602493 -6.81858069273 
22.6239253097 -5.22396121123 1.63830123488 -5.15905297073 13.2238304604 8.35790977879 -3.71170206078 3.48474356942 0.441915414637 -1.54050741536 
19.8850685475 -4.75785111019 3.37347388416 -5.13422238992 13.4596623488 8.69856764305 -3.36291784263 0.188883057057 -2.10860821298 -1.38823805953 
15.21947975 -7.6891206602 6.68297229056 -2.33475151565 11.4193941676 7.52165458204 -4.13988609089 0.0826123950071 -5.20816775294 0.842996515699 
6.0172094175 -14.2724175422 11.3501557505 1.80033837868 7.97407402002 7.34339036993 -4.24002197064 0.306086225126 -6.93387300428 2.05988613143 
-2.17769279008 -17.1801521883 7.79540625523 2.26520487305 3.62730349984 10.0323255196 -3.49577335916 -5.23523802424 -8.24701405144 -1.44845171784 
-8.46845566244 -19.2225443976 10.94972148 -1.86851929437 1.00371947581 9.53895522732 0.439202112656 -9.01602816228 -6.99484906862 -1.21056732615 
-9.50733080331 -17.0534468316 13.3081841596 -4.99453921542 -0.2712385869 10.8561684283 1.62280362628 -10.3900122085 -3.80595135619 -1.13227211087 
-10.5871025124 -14.4112529454 15.8496089731 -8.05429299275 -1.80425761217 8.44162197607 4.059074726 -9.84508828003 -2.76624028644 0.98672423784 
-7.93627493546 -7.94260668028 13.0769673404 -14.6562961852 -1.94276628082 5.49629835277 6.31575837704 -5.94922929719 1.92956631287 0.0549515044076 
-8.83316163498 -3.75888197552 12.3530131969 -16.9423637362 -3.18622313898 3.56625920358 6.0826248237 -2.72456700552 3.05537358277 1.44505730578 
-10.4424679794 -0.626491546418 5.91129507905 -21.3191930851 -3.35218493203 3.32154865003 5.77725239088 1.03632465777 5.97661624269 3.76980683896 
-11.9961026472 1.86713316549 3.59213999893 -19.9139321352 -1.61881125521 1.37486724261 6.86763342314 2.63661377825 6.1562376938 4.14683736719 
-12.4970147947 5.40241062946 2.49274104355 -18.8409270348 1.8098118577 0.787297623907 6.70674526892 1.43023970624 6.58244881937 3.7817526837 
-14.6460699634 7.38644335221 -2.85357725505 -14.1225012005 7.24015111777 0.79666621116 4.45220626993 -2.07661631136 1.29072952652 3.54315677694 
-15.9898526724 5.41465020037 -6.57489258475 -7.2151005923 10.4104537925 0.534561818046 3.41535016889 -3.22189139699 -0.926569921887 0.510577622384 
-19.1003591579 7.5684395531 -5.88709500247 -3.46110745304 10.7660957296 1.78745143869 1.3531056063 -3.6158215543 -3.33183837133 -0.906950991601 
-17.1017717238 11.588944327 -2.9193914462 -3.19364028556 7.65646241545 -0.749966449257 -0.788203891805 -3.85337083222 -3.0510403755 1.2368837677 
-21.312363912 10.5687749357 -2.13992557765 5.54566755438 4.92876388198 1.60732684554 -1.49928284468 -1.91463071561 -2.06482094944 3.06158248282 
-21.6962459144 10.509374105 1.09014070555 9.61389082727 -0.930972540471 5.16838911122 -1.44194632961 -0.623257978961 0.333391400123 4.17248047922 
-18.1741320638 8.51898857222 6.24624179734 9.85769915628 -7.4315797678 4.8379765279 3.49282623948 2.85551505628 3.76623786366 3.80410226705 
-16.9379742022 9.90695707125 10.9890775354 11.1787787161 -8.15546352792 4.65956152047 2.52623313925 2.33825231777 5.33450315735 1.64436851581 
-12.3825414112 14.4246064988 12.9924625886 8.01717374006 -4.23028953382 4.07460544754 2.09229260565 3.27363082226 6.37709518851 -2.10943821301 
2.92435762071 21.0324123396 13.1880456717 -1.67203959356 -3.59623167052 1.73895324066 -2.01524244885 0.155418030019 5.10988796733 -5.24135758789 
16.0938125451 15.5746296074 17.5579414715 -0.933892783883 -0.317687197517 -4.88999074838 -1.14450200479 -5.05627202829 3.20533043777 -3.65347667813 
27.1795169976 10.2162773106 18.9422283334 3.22976642754 1.97203944826 -9.435891683 4.2246180647 -4.0994932711 1.18751075847 -3.57884943168 
27.3081976733 6.4407977676 11.2945079389 1.70400162051 2.21371702669 -8.7951287293 3.90005650319 -0.682258184311 -3.46812167343 -3.38115824787 
28.3754995697 1.41922128967 4.60466192865 2.16104192678 5.79593622516 -6.98100442496 6.91178547621 -3.1589087792 -3.30984774395 -2.50268981366 
26.7041499779 1.98915720311 -4.36531494268 6.24835361867 2.08494334714 -4.76950539649 9.68722810588 -3.21129859499 -2.40082164773 1.68661739514 
29.6006521255 4.50830438881 -8.60285686307 4.46805566225 -1.846086839 -0.975347929391 13.4487651187 -3.81968108122 3.72307141636 8.55278460426 
26.0154515748 1.44010892254 -11.0574389799 5.92623644566 -5.94986141785 4.91002090457 11.1086846491 1.59515212752 6.58565553033 3.28637816353 
25.3913867098 -0.489351878464 -8.55724827173 -0.477878322302 1.89007665538 7.58334346442 7.13294810106 5.50049082092 6.99001998471 -3.71103144742 
23.6771290649 -2.49103436113 -3.00326425056 -2.43822994787 6.70791904392 9.09605982747 0.146720185628 10.5359606518 5.54296933443 -7.04546111024 
16.1246041088 -4.58491212492 -3.66630241567 -0.83271250542 -1.76841107566 6.30285177828 -6.28933022972 7.32708457311 0.641120899795 -5.03995699734 
11.1081231397 -6.73827617966 0.173170305536 -0.152480497594 -1.88221780928 5.23837215989 -4.90497853891 3.8921616801 -3.75931581679 -3.00320124779 
9.98772115147 -10.9300403368 4.5278193159 0.806405568581 3.77056941708 5.77579225734 -4.51516959299 0.61206823065 -5.70604079945 0.90806201182 
6.78896210858 -14.2468888999 8.32922312932 3.92942318858 7.10006051437 5.48406765633 -2.03544868981 -1.72120282324 -5.15394505944 2.85259697667 
4.86462842674 -15.0297380686 13.3412857107 4.39323326496 8.12066918528 4.10524096991 -2.35073413261 -3.03481801524 -9.44709939059 3.63452275097 
-3.13828192439 -20.0806949798 17.8640845596 10.8909104115 4.64716917867 4.87776832681 6.22212983393 -5.69085403657 -8.79365964791 0.123934438063 
-7.14629915641 -17.0235133289 18.2307454827 8.41274217905 2.48220780823 4.45867984642 8.48213689329 -5.73145472229 -6.77641095967 -2.48009060696 
-3.03681850844 -13.9351749797 17.7375478579 -3.49345754269 4.37830015787 2.44196833065 2.86967799548 -4.23658267895 -2.31685448962 0.631205260246 
-2.07685535149 -10.2845297006 12.1219067604 -12.945121335 1.04378461203 0.418201714294 -0.63637530709 -3.60612786838 1.5155808359 2.75157275975 
-3.22186029564 -7.74938830386 6.68220421389 -21.8134683157 -0.140716980739 0.41798735945 -2.08616201839 -4.86975648535 5.10715881531 8.54091208493 
-6.54111290048 -4.95566690802 2.43590899114 -23.542553198 -7.26323013977 0.250241823238 0.0397642427196 -2.21510930862 6.43042691329 7.01960658195 
-9.08986868362 0.996769131415 -4.59872589254 -25.270965619 -12.6608259477 1.83289607956 -1.50513426112 -1.22683883583 7.3885914228 6.90874686197 
-12.6709628773 7.30296994218 -10.1061591937 -22.6402391008 -13.3333378855 2.45438574255 -7.63039525549 -1.27299108085 0.670125405715 2.5899704895 
-10.4186017084 8.55148582624 -12.9510205873 -16.1521205804 -0.124135651528 3.40867326233 -6.35967113648 -0.654998798921 -0.205800274095 0.714850660616 
-13.5103538301 9.43514491773 -11.4261725597 -15.7172539444 6.41086307937 1.32693564105 -6.52889263637 -4.66776236423 -0.415077460361 5.49225979895 
-13.9691376247 12.9773803133 -8.25423572572 -14.9050669834 2.57071417243 0.724242779962 -6.29533369738 -7.3368049103 -1.31213945363 9.69928626443 
-14.9082277404 13.6968273521 -5.02956767766 -10.098774682 -0.119177715722 0.00214726221127 -4.03659745292 -6.33484026501 -0.511774059545 10.4838559478 
-16.4885655004 15.8159963435 0.170103715775 4.52125065612 4.9184837737 -0.168935993302 -3.2359553817 -1.58984537541 0.0199127938766 8.49483333909 
-14.7095483433 19.5377645034 2.90875065535 4.64215134398 4.2307721384 0.329183061708 -4.95571006342 -1.86689226558 0.170742197353 8.80569304836 
-19.4601909888 17.3417322012 1.95916721138 9.67577969436 0.842546300633 5.28450916585 -4.80923338233 -0.239300727175 1.83292686662 8.35617080592 
-19.3931832291 16.8606389955 3.20935150186 10.7552003201 -4.13580453847 8.50998716642 -3.85670154554 2.46785039883 -0.902144942659 4.02011627072 
-17.6847977663 15.0366832582 6.02252893577 9.6790334853 -1.27841440897 10.4577555662 -0.440790381442 -0.227438019522 4.97605034211 4.15506667244 
-13.0590760733 12.0711962388 7.18361784338 8.93186387455 -5.25170986498 10.737250534 0.0617984397773 -3.72534083206 4.68758250485 0.601614012935 
-7.47637835905 4.2624962626 8.57433162963 11.4072199503 -2.39446283214 7.65141077615 7.15227494527 -4.24327482064 8.64128724308 -3.93655892037 
-4.57556825538 -0.714137104899 8.49763457419 12.3771476737 -2.0070854982 6.44424189717 7.09897227244 -4.10071792524 5.39461176051 -6.07479847003 
-1.55275624741 -1.32627562475 5.97587676159 10.7736566603 2.00338367444 9.28139960116 7.40601395731 -9.74062775861 4.43788597409 -4.34210052661 
0.612135590101 -6.11763238318 4.12328055044 13.9324683244 3.48264720398 9.41926912866 7.6992163542 -12.3852271706 5.82691092627 -3.49505029306 
-0.84057454862 -9.83744032516 -0.475433295528 12.8774898983 4.82845995364 9.66931590143 4.55978335719 -13.8804954949 2.78705132759 -5.19530345789 
-0.0218124496394 -10.553229873 -5.03787594309 11.2986389087 3.65455620049 11.0298514903 1.78954297355 -16.816027233 2.66538503231 -4.22074561529 
0.665179905773 -8.53727807366 -8.92675335437 11.6216849627 0.942426844625 10.3687760329 2.39743085199 -17.5483185895 3.12711394619 -4.82897277842 
