17.8125960119 12.127381167 -4.81488811862 3.05608029969 -5.71052195436 -0.0368603350109 -4.5925840799 9.06484692405 1.8548278073 9.02488071698 
15.7707300232 6.44555399057 -10.4370588246 10.9164474672 -9.25032322971 -0.782885168392 -1.93277136712 -2.67100981692 4.47284773203 4.52300180012 
16.0058598817 9.2831392755 -7.69471406263 10.4905291125 -10.2056026845 -0.688106887448 -4.69754696363 1.22932061777 4.32480884053 6.20987609196 
14.1009965475 -4.01092783496 -5.97556566852 9.00479398455 -8.23759239842 1.20945352904 -1.23597333429 -2.28939242705 -4.31042009964 9.14691675406 
8.63898570528 -14.1247300286 -1.44687124146 6.60426558896 -8.38370145497 -0.55333825829 0.244679264308 -2.70389005931 -3.41834517621 0.756636556408 
-2.09280151251 -13.2699961184 -1.0265481983 3.9946549364 0.993807550482 -1.26824411809 -5.44007193409 1.83534806025 -8.60432701906 0.010175592901 
-15.2943844834 -2.53688254109 6.16463054634 0.0186162672205 -2.30368040951 2.95234087871 -13.9342908632 4.07206381276 0.284401545576 1.41237138574 
-11.0902742992 -6.43885318646 7.85277297651 -3.11523480039 -0.204064102521 5.00192027131 -17.346383773 3.57149105895 3.09983738375 1.68225396013 
-27.1635169319 13.4980794908 9.72688126908 -0.931730282378 -13.3989046591 5.50405128087 -3.75187428342 6.48722190775 -2.21056293528 -2.22193065242 
-21.9922690356 7.67256397582 13.4464594025 1.92928256707 -6.93638795427 0.391477915968 -4.55659495991 -2.20262580203 -0.0254192961013 -3.80819611303 
-23.7896607271 9.48160360825 12.054317893 1.78439319933 -8.78438730631 -2.62965902683 -3.52318242864 -2.01300229563 -1.79284788291 -4.66098640307 
2.34051457212 -15.017971824 12.9409227908 4.43702207448 3.75800499781 -0.151474474178 7.06625045932 0.158186328572 -1.42355038061 1.25450784907 
9.15206770864 -13.4436184081 14.1040017805 3.67254565781 -1.18069048486 4.25725157215 11.0727147824 0.406438642212 -0.792354653866 5.92801347349 
11.8604952158 -9.84100274548 14.7528431729 -0.831178831474 0.0571926369166 -0.907029118107 3.41601347596 11.8314623566 4.97515908516 3.58818005375 
7.25746363102 7.32645333115 11.8034144837 -0.0692501281696 -3.80423935384 -10.6427674359 9.6243168452 0.398340490706 -7.58974518043 5.78300876849 
9.46725356314 6.78134865093 9.46127010032 -1.94092248943 -1.35106074868 -10.0711527361 4.59431430813 -3.99066877306 -4.12219667465 2.27889157642 
11.5849456507 12.7619443574 0.32579411567 -4.75905395587 -4.1632311395 -4.18933148841 -6.34774714795 -6.01775067774 -0.0216010811627 -7.82195995597 
15.5419777321 5.68683929291 -17.460062677 8.14669616772 -8.94961910749 -0.429308575091 -0.237409764033 -3.77447006821 3.67831913014 -8.77205380426 
17.7876036709 8.42753280722 -17.3332208018 12.8500836586 -11.4009278566 0.774002733237 -0.999747750957 3.21844423878 5.02341692172 -5.38949081688 
18.3035290268 -2.95197431507 -16.150084729 7.41093322532 -8.03068925555 4.91401216993 2.79966624087 -1.03226182072 0.741647938954 -3.91868139673 
16.5596805322 -15.4189942675 -5.56127943677 3.80576994271 -12.6064176597 11.2736297599 5.67751795672 2.9428866957 2.07166079134 -3.9386786503 
12.7203173586 -14.1276824651 -0.810101046414 4.71748192151 -4.43314460511 7.27949218126 -0.411241845746 5.75094151611 -4.34367438342 -4.02359463949 
-12.0397445458 -8.97704791412 3.1445695975 2.10763745547 1.97865153361 13.169553832 -2.42274138146 14.2948377937 0.282611294114 -3.83332997247 
-12.0502556744 -9.47138013456 5.98743546522 -2.53354606347 2.12309534639 13.9980403702 -1.92641696653 11.0298606135 1.66056986293 -4.22671023064 
-25.7701081807 9.27346956522 -0.696255457756 3.10661263727 3.32911454742 11.2136476761 1.59257666928 6.7197127694 -0.0634269852076 -6.17494768309 
-30.8657418727 16.3414751922 -4.27302049953 10.6313574735 4.30850817941 1.07511057179 6.3502034526 2.13911148975 -2.92946980756 -7.46638415365 
-28.0580344038 16.553828695 -0.710365021664 9.73050229101 1.1227190408 -1.84667030554 4.65913981898 0.433930523745 -4.88556120644 -6.97166601436 
-6.55403950497 -8.4101586475 8.37997900208 11.3218646972 5.09902584022 -4.58463622568 3.9616028577 -6.84132433229 -2.78496720859 2.37228185911 
-0.372495328575 -10.0681124021 8.784033052 9.21340616108 1.61025051944 -1.82417480302 5.1920032752 -5.27129034042 -3.15201936972 5.96820476181 
3.10522856264 -9.48065556371 11.9550067242 5.80176204787 -0.431893881643 -2.81575470299 7.94689496152 6.98954554763 0.353828058006 4.93174588786 
11.8442662211 -1.60804171641 9.1802429231 1.26805103003 -1.33418945475 -7.16909385568 7.18790957355 8.89726308179 0.680248760722 -0.345486414219 
11.0675280767 -3.28940055395 5.93283258493 -1.02868611239 3.47998235855 -5.93929938642 6.31434093683 7.20072848733 0.438676152028 -1.05481375467 
14.4347858485 15.8078259313 6.5423902077 -8.41712129127 6.7984229409 -4.38241397712 -5.99029080314 1.64495238396 -0.0762240421225 -5.1551029017 
10.0355907525 20.2816985166 -9.25090904564 5.32403329227 18.5961136993 -2.89029285822 -6.48697479704 3.3794590852 2.6622830307 2.6249507311 
9.16585640239 24.0565457454 -9.27540069054 9.92191636296 20.1022457351 -2.87004469992 -8.80622818303 6.91548788446 2.22877849215 5.41312229733 
3.35889388401 -7.24200810419 -22.4713099391 3.70501119201 -0.91802940041 -5.49623356774 -0.904563044895 -0.449804877504 -2.06916449474 -3.75591417836 
2.30440860624 -14.9009708548 -18.2788476075 3.09645263018 -2.57809363633 -6.90058352323 -1.01039818638 -0.612793830076 -5.62014191491 -3.48937901729 
3.10503546676 -13.7263053076 -23.1359649807 4.24916923374 -0.995136824572 -6.28209013231 -1.81606786314 0.285863847608 -5.86083132106 -6.08799736143 
-5.21042760115 -20.7791571048 -12.0660304466 -12.7928285855 4.32605441758 -6.85933546568 -0.663566499196 -1.59796291768 -0.861628429137 -1.62028591542 
-4.31381720013 -21.1539350771 -11.4686057736 -14.9107746183 1.44101523073 -7.6517368176 -5.62003789803 -2.85478165338 -0.440352875635 -1.45950950038 
-12.036357224 -17.9863720609 -16.9190234876 -14.7653713589 4.75840579887 -4.55170461271 2.31959445366 1.10384662425 10.4840422775 0.0176224111292 
-25.0609339458 1.64893542699 -19.7232179168 -6.40642111799 4.49432461443 -4.71835521942 12.0977856492 0.659326093902 9.66087557262 4.65911387824 
-22.1142707192 3.61953453033 -16.4544884277 -4.09034540081 4.29574896863 -5.78559827236 13.1518426285 0.361032504282 7.36963983058 4.018839861 
-25.5330320289 6.09557533309 -5.95907683733 -6.53971278731 -0.13971726236 -4.02463482595 0.851035856236 -6.50687452408 13.203164334 2.74554552013 
-16.5913712686 -4.58782462508 5.62846304683 0.643213123694 1.15263497891 -4.72639134725 -4.82078190077 -10.6324537251 7.60377646263 2.25073975724 
-8.7026541459 -8.66101018021 8.97413965504 7.20584203173 -0.463881554152 -1.58037310108 -1.32506271196 -15.1511812174 2.1860938785 1.95105707634 
0.192960115473 -15.643314638 5.79027847124 3.00515861793 0.638912211364 0.309100643896 -2.83346696824 -1.5942348743 1.60136869298 0.901354027312 
1.59461627473 -15.222241094 4.62825041892 4.63254733706 -0.436105897387 -1.39067456086 2.32797889423 -0.973188995947 2.43549151468 -0.398901606465 
16.3483350883 -4.82334829745 10.9451954577 1.72567973379 -4.2604622226 -3.76582306956 7.00384227846 -0.782646734882 5.84208551965 -6.27980653129 
17.6899858499 11.6497020801 11.7279720332 -5.17066800976 4.66803835095 -3.74776919259 4.601282714 -4.0027966503 1.08404848564 -10.9675205929 
18.0620028895 10.5593746315 11.1535908377 -9.99881689985 6.89602883264 -4.47898646114 3.87849125983 -4.53016121171 0.322489719358 -14.3406358514 
19.0565001022 18.2700211509 3.58771685042 -2.61616718318 8.84760161372 7.7658829446 1.92851333444 1.83466073094 -0.61514582155 -0.164031254017 
15.8605888089 7.24787112983 3.43105001728 -6.09980910471 7.48211222264 1.73643380186 -0.274506100166 2.21485870195 -0.735120623316 1.8070154512 
16.5305628374 19.1052190016 -5.25570178686 7.82754419199 21.3822139567 -0.174838960516 -3.95843122159 -1.7335738473 -2.32814208989 1.78151509161 
10.1811604704 0.583137139594 -7.30884699017 -0.839384307014 10.6954858559 5.87248043112 -0.644374524282 -3.42586805143 -8.41846840905 5.03971020291 
10.9700287942 -5.94594946807 -0.0734846388613 -8.21237385686 7.34642331283 10.1357289688 1.58719971449 -6.38994968747 -7.54686798986 2.76982529726 
5.64647598178 -16.2025598481 -4.97051875202 -9.35386974288 3.51634110018 3.14490250616 -8.01025228771 -5.00467763814 -11.0201153915 -1.23896514931 
-7.17258967237 -17.1298634665 -8.67625539705 -6.82240404572 5.3986979955 2.99658506643 -3.79525996201 2.34925205278 -4.15974015704 1.06576945159 
-10.6896667746 -12.6305444324 -5.13574362529 -9.29510920948 1.66336112014 5.96264679585 -6.04098642349 4.38009684659 -1.67349151897 3.42379511853 
-25.6585541621 7.28781002569 -1.54902204535 -5.40399493061 -3.30677440508 -2.60422095366 1.97644274646 1.25722864351 -9.097154408 5.31946954531 
-25.0486201341 6.05968724522 -0.268340852892 -1.91882781948 -0.229534393704 -3.41963490606 4.94345943039 0.616886756688 -6.32526203471 2.6261741837 
-27.5566620623 11.4592684904 -4.76979277304 8.61262172975 1.11222709515 -2.51491518627 7.05027705812 6.34319609434 -7.2568234595 0.413685458099 
-9.96304058016 -1.8201609256 9.38305530812 18.5008075072 3.34874343828 1.87760811188 -2.9960953517 -10.2826122124 2.64768771231 -0.937025560964 
-10.1735692569 -4.83332676098 8.87783946107 16.792076277 3.59540450581 4.03991926667 -7.48932715215 -11.1251949174 6.62486793446 0.818539677921 
-1.67272137905 -12.8614743592 14.5984647858 -0.487263371146 4.43574186534 -0.210683852285 -10.4859403561 -5.36046337654 5.95884828648 0.431245381377 
11.0375290094 -11.3410914708 12.3769982447 -5.20545030636 3.02673517173 -4.90101967295 -2.17413018094 8.52210890259 8.06656281878 -0.362689621557 
9.02501473448 -4.85780310227 10.6854873393 -4.53377807847 0.0235586322584 -5.77798667702 0.474351718517 7.29842741403 7.50828126111 -0.992474461323 
3.48244932431 5.58901227664 4.72806026691 -10.2164325538 -5.041744978 -13.9809375034 -1.73298319282 0.283074101498 -5.73409904029 3.38494100972 
2.8422929485 8.25822075305 4.93938105712 -16.5506059326 -6.12507811044 -10.0946419701 -3.17715812314 -0.402837928999 -1.83475952573 -2.26540309388 
3.790426676 26.4060007359 3.99806516349 -11.8915949785 -17.3081012281 -5.75414907331 -6.66988029774 -2.13057252231 -3.73392854815 3.64569247232 
3.04038028781 20.9209559238 -4.60109597895 -9.77779684769 -9.70459856391 8.02070533431 -0.397688473627 -0.055912788627 2.13274625197 6.68622084957 
2.41376807889 15.1829161639 -5.90193683742 -9.16921928591 -9.53620411259 12.1096289989 2.84136891284 -4.20860325892 4.27456555022 4.09946251244 
5.39991704206 9.40293720965 0.0113477137612 -15.8220471174 -5.51968307468 19.6622774022 5.69797171263 -9.29412334871 0.239017076655 2.95815026542 
8.14000868958 3.6832290037 -0.101503601709 -8.74507172082 9.76146914906 21.4179723463 11.0494481065 -10.2107844217 -0.201624571221 -1.57995136427 
