15.5743817178 15.5284012783 2.27036880997 8.61448050298 -1.86576285974 -7.38171025988 4.11776573847 7.70526533135 -3.63548470856 -0.298966930233 
18.3200469192 3.9696161108 4.50304864629 5.17058862665 -1.00221809322 -5.89747907157 5.86395353154 4.74122553725 -2.36564400685 -6.3594222772 
10.8288490616 -6.91692889474 8.58327539351 10.1954036936 4.49505898587 -5.12662247964 5.03382600273 5.50919421652 -2.91678517925 -10.2732135175 
10.444042033 -11.5351720071 12.7514276964 7.50101213099 3.73480367423 -2.35538527196 -3.18770412911 4.05615943202 0.853250732643 -10.1051199952 
12.7302581253 -17.404308746 12.2925464932 10.6205385317 8.6820489302 0.132469324919 -1.43648579517 2.75234300644 2.38619826788 -10.2867928483 
15.3230421083 -11.4062681589 8.28406788018 9.96277514389 7.27069551716 -0.522330430278 5.24891103882 2.92925982276 -0.881084742574 -5.119029472 
21.3510202636 -0.779545009092 6.20745071759 9.97545063847 0.989608581805 -1.37640175566 3.05824097157 4.39097917718 -2.71928359851 -3.46654648475 
14.7584141895 -2.10411278354 -1.63872678428 10.3695043941 3.91919236133 3.59471348854 4.22140728767 4.96351621791 -4.73082004592 -6.76062821072 
16.8014631049 4.43552254983 -3.10702272904 -0.193429236254 1.41132317156 3.11680707453 1.7727172129 3.11484421101 -0.482748113291 -7.53796722856 
16.6033391908 6.92545754903 -4.6297090149 -1.87318372879 -0.802577080701 1.72554621107 0.106017300343 5.14084790304 -2.69935537433 -7.09465757424 
9.64912015633 10.7173153117 -2.86543360792 -3.3115276821 -1.15291233727 2.63934597099 -0.982180172329 6.63343246702 -3.61927305433 -6.30459201475 
5.60544215094 12.4813636683 -3.50285681666 -4.30737015079 0.255906645098 2.75195909419 -4.66221118284 4.78929930627 -0.484947563442 -7.27173428984 
6.02229134259 21.617386697 -2.29788054889 -6.55997150087 0.36041259278 0.633682493202 -5.63089476606 4.15481584792 1.42334608249 -6.6779868232 
1.63868345902 19.161771151 -0.646477746905 -6.24920008295 -1.4453923049 -0.25768250477 -6.53380710391 4.20660086822 2.0499228574 -8.21313843961 
-4.05869955014 17.2332737545 0.671485525166 -3.9046898362 -0.606396391595 0.18424699233 -3.55662577018 3.33478673951 3.20479689401 -9.28428570655 
-9.42241631917 10.7722535765 1.13513575875 1.33741556168 0.815069460917 0.148757158007 -1.12753978678 0.879173478472 1.94960383935 -10.0553504263 
-8.87553157466 6.88010477352 -0.422264311137 0.541688617228 3.01733443698 1.18977855069 4.99609311568 -7.33474306268 1.70227117813 -9.80249042336 
-13.3489014202 2.02643084495 2.75721421348 -2.10749231823 2.83379260005 0.266916602824 3.56718527871 -7.42820084968 1.65941526533 -2.90238462435 
-14.9681322151 -2.51077122166 5.94260787652 -7.1993843564 6.55577060608 0.00893395137719 5.6642813305 -3.94964798806 0.331668561707 -3.70470941817 
-14.4577184949 -6.56254702393 7.90605360206 -13.8301791262 9.79422127016 4.88383330763 5.33884025422 0.112812398187 3.45478120855 -1.49432142848 
-10.681124809 -5.0880361221 10.2114797182 -17.2384102312 9.74372596987 4.37770863393 1.73673653517 3.37497110066 5.30641882738 -1.38573591004 
-12.8918341597 -3.45775467427 16.0661779313 -11.6914360998 5.7216165989 1.31743595061 -0.973569296157 7.71429019359 0.584668213832 2.12868321743 
-11.4893534707 5.27062179239 9.70352485539 -5.6076162846 4.79447032289 1.81595351325 2.29608583488 5.66100590864 -1.68644893099 -0.00524522700101 
-15.5005968037 10.5214801815 3.59952899235 -3.02986689831 5.9229984104 -1.67103102485 1.91962856176 1.53971394657 -1.26716284289 -0.0902360145501 
-15.2027179429 8.17818960604 -1.92282263093 1.54232018773 8.51647314115 -4.43259749387 5.57912258927 1.10609848061 -0.901595541511 -2.78934068074 
-7.86783187507 12.9321453486 -4.2018573501 -1.78323563162 10.6952368177 -5.50877519497 2.76107790716 -0.584564229822 0.129915762714 -2.08259098218 
-1.34735200851 18.1682666948 -4.74083015631 -3.28001626879 10.6808042146 -6.65785893411 -0.331517407024 -2.33911636328 0.179042284371 -0.353703045563 
5.39958793889 21.7975707335 -5.10270380028 -2.03502422626 8.30545106397 -7.58652679877 -1.25756600663 -1.11076362832 -0.367156725003 0.637418848725 
13.7976209179 23.4895187369 -2.39018444221 -0.356418862511 1.86123359662 -10.2965232337 -2.7399484845 1.49932898156 -1.43885923361 2.5265099802 
15.3548314199 20.1721136155 -0.470587686233 -1.86885661914 0.658816510131 -7.64711487346 1.52434525153 3.44575048866 1.40193156088 4.09770629184 
20.955753881 14.6927874807 0.177208229596 -7.41188872366 -3.06873118983 -5.87162180878 7.42938186733 2.98029945665 3.25568023913 4.46267289734 
23.9711053554 9.22557733735 1.54426247401 -5.51235501428 -3.69979440091 -5.7390674445 8.14112492148 1.13427460118 4.21455395075 3.71666021818 
26.4794214005 3.41370865019 3.38272723806 -4.71242670644 -1.4590347766 -4.62860101671 10.259831619 0.465904735634 3.59010954263 1.94783572332 
20.5024335795 -5.85816592423 6.99947218247 2.95013382841 4.47358286369 -3.00089695866 7.81307983563 2.11271838264 3.81237056019 -0.870540572608 
18.1876009169 -12.5158965458 14.2981522301 5.9580114258 5.63780347416 -0.926956741431 1.45157905368 2.71790864748 8.63863373369 -1.77865464934 
16.9647601441 -11.8358859876 15.3686346182 10.7458207541 4.05265153424 0.0535710406637 -6.17938555259 -0.0153154835345 9.15275385058 -5.21140320369 
25.0806376299 -5.55177245636 12.8559401384 8.51962378437 -0.827423761081 -4.75515115694 -3.61099243088 -2.48657368385 3.07439545917 -3.8218175118e-05 
24.8828645484 2.15141915463 8.36262213176 7.21505975577 -4.0984552382 -2.03470014989 -4.7934455048 0.255155225092 2.73557648394 2.04695252255 
21.3446934362 3.10423608397 6.02913700407 13.0633809357 -4.64408457122 1.15687947749 -6.66449887657 2.31365341588 2.66410088714 1.11362145663 
23.7948149707 7.04616538897 5.39137263654 10.7342163374 -6.60630055183 0.641458453152 -8.76581087659 2.3444433732 7.19734677007 1.9012104076 
18.8010096441 9.51874629971 1.76913118527 7.62434304626 -5.41820839896 2.32475616367 -7.33901745987 5.04480128864 3.13621052645 1.84053878033 
13.5925656763 13.4599693019 -0.82029859546 3.72997739906 -3.98334685883 1.78967338867 -4.98750262592 5.73204103055 1.26873314604 -0.300379055635 
8.40048832508 18.0753522998 0.0139705061121 -2.25424405767 -4.21163544846 -0.863574446167 -8.40781981592 5.17989759057 1.05396990116 -1.88951282427 
9.6279047608 21.3098435404 0.381768693362 -5.60588501175 -3.5265185391 1.09231345221 -9.65474474227 2.25513168053 5.380829099 -3.13540601456 
6.38900215842 20.4094392358 -3.59925544294 -7.49226278372 0.44829770376 3.46814406253 -6.2555648713 -1.76828523397 5.07439209269 -6.31471391509 
-0.422339308111 15.546215468 -2.88444156804 -5.5387557493 2.48041600706 3.69228892958 -4.14749842777 -4.10818536444 3.99418003171 -9.01125777582 
-9.15222766874 14.7953614931 -0.151007239644 0.917357818358 0.366831712592 3.16733619496 -4.98984763223 -3.32159615913 1.53604187052 -7.28074115293 
-11.7267024626 16.0163310334 4.02295834197 2.16129075529 -1.83990687681 3.31398243194 -4.66727765618 -6.45778905835 1.5791747372 -3.99682141716 
-17.5111185638 9.08186376523 10.2586886875 0.160577363192 -1.20696451459 4.17822016085 -6.9110082801 -4.59477414706 1.37040738314 -0.0683062221167 
-21.1036599241 0.165404411341 15.4644617713 0.413232848788 2.22506030915 5.35675372721 -7.43918878654 -2.20518281164 -0.920284718246 1.53875417853 
-20.1544331556 -4.76421701495 16.7744697814 -4.78738924858 7.32591706597 7.73077708523 -7.29125533784 2.27389001613 -0.0497925775532 1.347885065 
-16.4238980786 -8.64796086622 14.6621616787 -10.9382617246 10.2161272367 8.12493510356 -3.21066288992 6.13337522977 0.641077887078 0.961486984416 
-8.71786572697 -7.63700930282 12.1751383339 -11.1092285451 6.49511376592 5.2597125527 2.09815452859 9.81305349665 -1.53543489519 0.115014002082 
-10.5335883769 -3.66214992803 11.2021278294 -5.04458604404 8.77303281886 4.63774820691 -6.54786426472 9.07926057438 -5.86971528805 5.03886743675 
-8.52896688559 7.40046704987 7.64403382214 -3.47421960975 8.91820563112 2.58350993671 -6.78535846804 10.4245979491 -5.89252021468 7.88819674384 
-9.0742080803 16.3907643125 1.99996583427 -1.99252811549 9.21818128626 -1.86531768022 -3.56485429387 2.71311094241 -4.39790204482 5.41459029069 
-11.6563550247 19.3161850754 -0.619591713193 -1.65815932167 13.2376551846 -3.29814223388 -2.15556698843 -0.132000677506 -4.11105269411 4.85128358316 
-12.5781004113 19.5997077927 -2.6480689795 0.300185702996 13.2281546378 -4.7303588651 -0.658880672389 0.344970779302 -3.78510574009 5.22949051113 
-7.94213823375 21.6446611325 -1.34923144625 2.7857822342 11.3624130731 -7.31985553204 -1.48194577099 -0.735358690983 -2.08688790065 4.70750980656 
-1.66481021463 23.9019134334 -1.80120931659 2.5534306962 8.26538266853 -10.4914573766 -0.312426807746 -2.63067461579 -1.75219370206 3.99690441884 
1.6038800513 19.6203243335 0.33785818361 2.28969637682 7.42245584821 -9.4442736338 -2.71712315563 -0.775272749266 -3.18285446956 4.36914071335 
12.1122789202 13.9379723586 0.513089682313 1.04622533055 5.46944691102 -8.35231200727 4.48204530355 0.295545875781 -0.947194971372 5.86165801624 
18.7197765853 9.08944149503 -0.237772277144 0.102543027705 3.25744933741 -7.00986914237 8.50322138593 4.14629514164 -0.0586426294664 6.94073526523 
20.4762960465 2.95309865311 3.07709057233 -1.12079112075 3.34736969092 -6.0522951297 6.07688689837 0.439425359012 -0.963478583483 1.4956269706 
25.405666612 -4.02782848887 7.94367356731 -2.28604297843 4.22263900254 -6.8476997753 6.92016626519 -4.78537620104 3.54429481158 0.353700875538 
20.2995437102 -12.873912876 9.40528830551 4.52637632633 10.7531030131 -3.3392187378 5.3122141199 -5.52601095252 5.65906498985 -7.52254599453 
17.1519238299 -21.6215351627 12.6137411408 11.1697945062 16.4949757876 1.59313281149 0.36490149938 -4.71137435576 6.22117940377 -10.412914181 
14.2747847168 -20.4696723817 14.7228119657 10.5792318106 14.9924668148 0.305018434674 -5.68921607048 -7.79317648804 7.29263967332 -11.105116199 
20.461579692 -10.0819032253 12.3973083032 8.33388383128 7.25286246623 -3.50818300863 0.267999451404 -10.4417287805 5.72592259808 -8.78581691904 
21.180557683 -5.57118626071 9.05233114622 10.343585506 7.26517607704 -1.43707789353 1.94762786799 -7.78775861824 3.97669242102 -6.88204867572 
20.3864809077 0.855548796669 6.05990900502 12.1932059545 3.59908340221 -0.0938981388211 -0.894695138618 -4.83950978946 1.40912150456 -5.93254209098 
18.688307551 1.63299846321 2.36229055437 12.279137816 4.45436352184 4.3874125513 -1.10107364992 -1.76350301114 2.5836340993 -2.61814909588 
15.3102515378 2.548442023 -0.215123083304 9.86048943037 6.183786285 3.81992594388 -3.10636653052 0.269705003036 0.902772596766 -1.42098543215 
13.4903016747 5.71411866092 -1.66060064974 5.2480123576 4.45756233011 4.04689338663 -4.75016685488 -0.0329088070665 0.188439682086 -1.82930872675 
13.6244043698 14.5134807865 -0.492114723914 0.689078713481 0.298288557424 3.15027407169 -6.78141358389 -0.953064224902 1.70225496697 -1.92372788007 
8.31132042731 21.0238645631 -3.62562845123 0.414717898704 1.93083847065 2.39118248011 -8.84689516688 -0.509454858482 3.79029863471 -4.02696190345 
5.66321616047 21.761110259 -3.96257874336 -2.43462158728 1.03727701159 -0.0847282236515 -6.18582494558 1.30502898076 0.895867816666 -3.81163726995 
0.277797538306 19.0279247518 -2.0410036219 -6.7496494241 0.166322278093 2.01606619466 -7.19728339753 0.472954353416 2.08018308497 -5.83975806443 
0.138288019209 18.4229568751 0.513093060282 -9.85259600766 4.69210307854 -0.572872303106 -6.26162712399 -5.39194046982 3.28458863018 -3.23967565695 
-4.89928947686 13.2127436521 0.924188236505 -8.03443525074 5.3410144085 -0.116076358395 -1.54507892812 -8.75819483091 4.90165401804 -2.4023509661 
-8.32019016149 8.41949357334 1.59205982549 -5.24819853018 7.1016006533 0.441879178874 4.48633625133 -6.96283708078 4.14137417424 -1.94455651885 
-6.46754232967 4.83938537853 5.67633479555 -10.1167388495 7.02638536558 1.52542468305 6.39365618426 -9.7676962272 4.98920665779 -1.02961185485 
-6.98207678505 -0.425590518545 9.58011423453 -12.4965890576 8.43726274186 0.871896369539 7.30803228211 -9.83218240654 4.56613062383 2.00567667904 
-13.0748995396 -4.86669935026 12.8072070519 -14.8301335975 11.6713061136 4.74763561761 5.04225894053 -0.942101581306 4.45406762142 5.82376997544 
-12.3164506257 -7.25288960607 16.6727203025 -12.8854156478 9.65080382294 4.96493708031 1.94742860146 6.84937163261 3.01952041858 7.861225083 
-10.3480298284 -1.34637797819 18.4815876066 -14.2297544059 3.36302771185 2.44993003415 -3.50060805609 11.5594956367 0.449542691605 7.18072481666 
-9.05712630632 4.64826971496 16.8864811917 -8.63266113793 1.31225971201 1.19887714182 -4.75528437803 4.03469735549 -4.39675136824 6.65552008406 
-10.8307227368 12.840696003 11.8907613743 -4.08308997361 -0.416305812517 0.324420823357 -3.08889399876 4.50620201443 -6.25387816032 5.17802695324 
-14.8451284194 11.4722800067 6.53027888822 0.824168061577 3.95984383732 -1.94709711066 -0.611417843583 4.18795243487 -8.93931006774 4.1338759875 
-14.047293074 14.1666046566 3.03398003623 0.0491079579028 4.68853440184 -3.19578776647 2.16195244893 2.50202327918 -5.885466524 3.82109861747 
-11.8138647675 19.922272391 -0.908093208809 -0.198638969114 8.09773292518 -5.07614125578 1.20072488666 2.16978882719 -3.29987928982 4.65123840051 
-8.04477940966 19.6795321433 -0.0967853052329 -0.182039769827 7.37865556953 -5.07545646037 -0.359992271252 2.1591413627 -3.15028736776 5.14750844745 
-1.44599406338 24.406341801 -1.09097882845 1.50928793125 7.22277423672 -6.39274279127 -2.24788283214 2.8085686351 -3.79551765791 5.14950500698 
3.25172004377 22.7242147298 -0.0780149252186 3.18816754117 4.55359702643 -7.74370842385 -3.02373535943 3.22588279978 -4.31406066261 5.06302628898 
5.93853583246 15.5883360368 2.16772449297 2.84189563815 1.29964595622 -4.79628733163 3.05056137554 4.49911227142 -0.197524258959 5.75351448287 
19.8406337402 8.01331544722 3.17311027486 -7.15505101916 -4.14470047002 -9.0402833215 5.61476457003 -1.1011691059 0.546508385525 2.93619833397 
26.2222044069 4.62782513748 4.03686567441 -8.69359737605 -7.37599423873 -8.8022699983 3.75904761723 -2.567524328 0.446609966818 2.95731285287 
27.4975439691 2.371679872 7.06304916693 -9.75164028641 -10.2328298659 -8.25063494346 3.12204801848 -2.04109177792 -1.12472280563 3.3841491212 
31.0334341719 -5.50928438117 9.87692664549 -10.2156839398 -8.53059815431 -8.76313586531 3.65426763907 -5.27192265293 3.11202590288 3.0418901735 
27.2004812926 -13.6574474472 14.0626315126 -0.284640332072 1.54680833065 -7.30570401936 -0.310720521271 -2.97678211074 8.73039769979 1.63666327986 
18.1275935358 -20.6651989793 14.3860442175 2.65685061891 7.40452887846 -0.684108453868 -4.51965612678 -3.05375923151 8.02916033948 -2.34384965007 
17.6086188188 -7.37475606027 8.54408844227 -2.69182110051 -0.131772925122 -1.45418526755 -1.57976629226 -2.82386500108 6.61895586813 -3.04641308081 
23.4678848328 -6.07274224262 8.726028838 0.0405254050588 -4.88665573587 -3.27810008114 -1.7569418239 -6.35008233787 5.97870623862 1.24272860031 
23.8500005934 -2.53984233247 3.51481731627 6.17895611832 -3.60706296356 0.0574895662661 -1.98704470979 -5.05490573044 4.04005492155 2.8350090119 
21.2580036558 -1.92359561444 -0.391324732967 7.5958935906 -2.98435341529 3.17556374563 -5.06297996005 -0.742650605151 1.04338747971 2.13460325691 
21.9672300227 5.43655005608 -2.24095060804 2.5645092276 -6.05787111486 2.25576201304 -4.77170989884 -1.83135546925 2.18281246094 1.69128120506 
15.7689721086 7.46316704744 -6.28539552363 -2.75965573868 -4.73891412822 6.24485540343 -4.75655801668 -3.65077687406 3.67754097442 2.81353957274 
15.2845937946 8.25293795686 -6.89406251056 -3.95032285145 -4.17258850666 5.84455721585 -4.25394025782 -5.5555055772 3.46973515342 3.19561508853 
14.3322183466 13.2770400955 -5.87518086244 -3.18907675761 -4.50236248506 5.28512087184 -7.87098564045 -4.69533192347 4.07877556753 4.81305916593 
9.61708976758 14.8130093592 -6.2439111157 -6.49441396206 -3.17807700632 5.3041445873 -7.72575069611 -7.92882556623 3.39100107033 2.4508026451 
7.50123896401 15.0802989609 -5.75588103861 -12.0673197076 -1.93175685253 4.75721984887 -4.73617457519 -9.88499769973 6.56696486661 -0.225725343353 
-4.66061576276 15.0948769006 -2.49243104289 -7.10907599759 0.272785141483 4.38253700022 -4.28378444333 -6.0927003807 4.03801100813 -1.49546092044 
-10.9577117189 13.2105361733 -0.0715496606142 -2.83507876671 1.39884933626 3.65681349478 -5.58637197798 -8.57870143161 2.34373909811 0.341025313197 
-14.9495480268 9.73744170452 2.06536401382 -1.18788321751 0.440598339801 4.31858728309 -4.28625157757 -9.82306403263 0.51489275872 3.13004097352 
-16.6874528472 7.13688461018 5.12591236385 1.62373334272 -4.1002073605 4.11693170871 -3.73661618522 -8.18679202135 1.61983528176 1.2550126143 
-20.2682611688 -1.69231005109 11.9517172819 -1.06626202513 -0.301912411851 4.94140655491 -4.99709158297 -10.7689909182 3.80306742823 1.34419675993 
-19.5468084005 -6.40888886292 12.9488958873 -3.8464348736 4.51339415017 4.5473810147 0.540167516393 -9.54086782006 3.10599611411 2.68838350691 
-15.9002678156 -9.19711838832 13.6383427731 -7.19532008893 6.13555181006 7.6785017185 3.58017919802 -0.929389517906 2.36569713176 2.05375411779 
-15.4701360837 -9.50433395813 15.069391396 -10.3977135289 6.81097632364 6.04156150859 0.734441078625 2.39798271021 2.86968457365 3.36495141058 
-14.5680655721 -7.39879826365 21.9924001536 -2.97790240385 6.96762575618 4.47289258954 -12.4825516482 2.20988075315 -2.57608970057 6.63353340784 
-15.2385602228 -1.73128980946 20.4327528141 0.0696904190501 3.88508239843 4.58301358824 -13.9345353556 3.42149933826 -5.83426571765 8.07761792635 
-15.1296306153 5.038845724 12.9370949126 -2.54623204565 5.09953990235 1.94442295117 -8.15337580506 -0.527109514552 -5.87652477725 7.76891957487 
-12.9676272749 12.143379606 5.53919856621 -0.765081508071 7.58708358992 -1.04914625437 -1.72925190884 -0.342579694972 -4.70391904246 5.06430050602 
-10.0895486979 18.1625009438 -1.28657327703 0.692890164383 7.32374394119 -4.23589911142 0.552324280692 -4.4997731343 -2.10875299691 1.77611369363 
-9.63479483245 15.7252728225 -3.33265631385 0.142973870213 10.2277936821 -6.72832362044 2.49535741205 -4.48904519183 -2.41127235876 1.77772300783 
-5.04212503291 20.2426000367 -3.71090980321 1.27757991222 10.2586851626 -6.76307381543 1.6809878127 -3.27567496769 -1.80275290345 1.60288278146 
0.957951797256 23.6710089823 -2.86484239235 -0.449341080598 9.19551954958 -6.07015313147 -1.39292945967 -2.25207199561 -2.18689758519 3.22840465571 
4.24912723254 21.0440117059 -1.59152387706 -1.65053021328 6.9998433146 -6.38186201636 -0.2261122717 -2.62769834063 -1.64985780253 6.33095126331 
13.1816500943 15.4217230821 1.46153768617 -5.74216850662 3.03006914514 -7.99451022929 -0.550634897876 -3.92361023493 0.530383346424 6.26159930197 
19.4058920483 9.17214614346 3.91167754415 -6.32657235999 -0.769877528545 -9.82540664034 3.05538772137 -3.90277191282 2.01700450042 8.08085826719 
22.8436522873 6.85397675865 5.49180210016 -2.79806196005 -2.75441363759 -7.82996703768 4.24100553242 0.0695400375097 0.641627178435 5.26165983304 
20.8685541979 -2.8711367606 5.52691408179 10.2115133856 4.11832430862 -0.365259670181 7.9619382301 5.63598075798 1.44825866257 6.6876072029 
14.5245902741 -13.616642822 9.69032114308 19.3417006778 11.5445565353 0.263435019534 2.97715852492 6.58306363977 -0.295997591074 -1.2855392205 
11.0043136196 -16.8839044646 10.4092247477 13.6167636957 10.0861940037 1.58644230432 3.87123378848 3.15325460485 -0.590647135108 -6.0892487818 
14.146446892 -21.3959126254 14.1951767959 9.31897411587 11.7383742662 -0.00620999676125 -2.26063401924 1.33081872765 2.44211562635 -4.38098177696 
13.4234434817 -18.5345072968 11.2392860206 12.8229827446 11.6215171529 -2.14538069281 -0.930919096969 -0.217332819717 -1.53145236917 -6.93788168121 
18.632242321 -8.69812703187 7.13370262395 12.1436692806 4.5848589409 -0.518410460119 4.12629117228 -0.99545630047 -0.390801166642 -1.50204427517 
20.030634005 -12.3233375875 4.20346206961 21.3780192541 7.63483245309 3.8309677465 5.28721969956 1.88457345757 -2.18494608715 -0.00511446548157 
20.4521545638 -9.54808389295 1.2550125026 16.6298989315 5.40194131777 4.86672629135 3.26604072031 3.95239424783 -2.93937623159 -0.534586796725 
20.4759466184 -5.98920409006 1.33987946753 16.9848489525 3.14359824416 5.57693254929 -1.72515503582 4.02180147905 -0.513662679622 3.2689618428 
18.0228310494 2.07954972979 -2.22321475349 9.57621951051 0.552832609956 7.73079611058 -5.21830256168 3.440725085 1.19488335616 3.76164579525 
12.059433726 5.75246467444 -4.22114769989 3.60028580692 -2.17271467966 8.77297443041 -5.69490212005 2.29987019403 0.282335771638 1.25745555962 
11.0635927646 13.0747813816 -3.60199600006 2.55448955321 -1.46761990105 7.69294396728 -7.60652910391 1.43566667248 2.49969601958 -0.470128368966 
6.89605149579 14.6422998002 -3.29298082958 4.80617900528 1.58905596315 8.12472293732 -8.74702212679 3.24513749691 2.07914388567 -2.44645110859 
4.99166927202 19.3457676894 -3.35558031945 -1.02424612054 -1.25241830199 7.32009744184 -3.93885833699 3.57194452299 3.3200598048 -5.19194182727 
4.53521680186 19.0270365177 0.137562794879 -5.28125017252 -4.44710020912 4.72435563354 -4.38550088627 1.81585729535 5.69715822956 -7.79963924897 
-4.30244530857 12.4693921139 0.686457405638 -2.03911470792 -2.0739313464 5.45184316073 3.40815341084 0.551279267829 2.31158342773 -8.23436997247 
-7.62109012368 12.1252390468 2.59274188339 -0.109469128493 -2.32192876526 1.92152571116 5.15960771987 -5.43999865716 1.38977724912 -7.05465084651 
-10.8458436264 11.9859609284 5.78089344804 7.91899637982 -4.250871962 -0.515005467984 3.75541205418 -10.1741032746 -1.05541763481 -2.16224489707 
-16.9124323963 5.01895026817 11.1502158271 10.2056260913 -5.40895509328 1.30322646509 4.397354548 -9.14999242222 -3.10282780451 -0.172057432865 
-14.4779096159 0.861357099507 16.9817177701 3.71286936984 -3.56217899199 1.94317025667 -2.34477612349 -9.7453442505 -0.752550022621 3.83941070005 
-10.7896607276 -3.24918567688 16.5208581405 -5.25413209823 -1.16596368079 3.2634061319 -1.56473365153 -6.84216059769 1.52034114042 3.2569758163 
-9.11466056841 -7.22419327378 14.1979498118 -13.6327301724 7.25961248455 5.1417796124 0.115543184781 0.203790855226 2.66226289693 3.57446877886 
-8.36797516377 -7.75578677396 17.1554372334 -12.2143395134 4.9794443416 3.23305559337 -2.33795630855 -0.0410291123479 2.70224847619 0.85363197452 
-12.4520438646 -4.56899659656 21.7538817765 -4.74514904102 0.226947432016 3.33197583635 -7.69962232889 3.87598365619 -2.53219328982 2.04632127993 
-12.6471024813 8.23164575578 17.6086228652 4.10997781529 -6.88165967714 0.81801399697 -7.82980695919 1.77028303769 -7.41244556169 2.87321826052 
-15.5503366104 11.1778747302 9.67674049173 6.41628375863 -5.87127618113 -2.18689756586 -3.26085305786 0.861061270923 -7.16001257146 0.183641582593 
-14.8132664079 14.5386143309 3.73376511211 4.14748670338 -1.57514082473 -1.64995380774 0.00658064501194 -0.751487964471 -4.83599992467 -3.32437462829 
-14.44781694 12.7515097888 0.862735622121 1.31754897626 1.09215641205 -1.23825045757 3.34954225321 -3.55364901721 -3.99406862702 -1.83707443675 
-6.58968538921 19.3170782191 -3.91917285506 -1.39950276644 5.14443535556 0.768138253483 3.18976932937 -2.41676806182 -1.79036292348 -2.00003816549 
0.546062989428 25.17867652 -4.26832634044 1.24589628074 4.45920309358 -3.97982446 3.70694966183 -2.48885669504 -1.11181312549 -0.0719569751116 
4.5583930687 25.7707886821 -3.16648554902 -1.49798741089 4.30262367134 -3.89249877944 2.22248136801 -2.55572861146 -2.56167552504 1.18813259949 
7.78446568578 16.6367733549 -2.29680941265 -3.964826289 0.691585898821 0.254040077121 5.3590809611 0.156621037821 0.0563061896923 -0.27168786183 
11.2255374781 8.65197070838 -0.858905859845 -8.26411395218 -4.56584729529 2.49142340714 7.92268115992 5.7800977927 1.49446981877 -1.13260346116 
18.1529006432 6.66581054392 0.303408445475 -9.36057806235 -8.40405418361 0.428883826341 6.65864622587 4.29782430863 2.29534390382 2.97303181241 
23.7946792173 6.07693538053 2.05241384996 -9.90488300266 -13.0492150189 -0.844838462441 5.72262268726 2.52769916827 3.08268735499 3.87371455004 
25.7004393846 -0.745456845083 4.86378329886 -0.640259346678 -7.42960836631 -3.00198037239 6.44783009468 1.84094367271 1.43576580295 7.61887996477 
27.8400657218 -2.49795905511 5.81084592835 3.38798243099 -6.8703921661 -1.61436541441 6.22758221353 1.47400674527 0.955271292646 8.1489993833 
20.8991286988 -5.93540901623 7.61621184325 6.08631292298 -2.96327950697 1.5875482069 5.51732833943 4.10180375363 1.27979709458 6.88923339338 
19.5778621744 -8.37916462288 10.7129668356 5.12375533458 -0.0246564229223 3.33517137256 0.482603258509 -1.01874545993 2.9877524897 7.61348274837 
16.7045972632 -15.901372959 12.064414392 -1.35756541718 0.792801105268 1.35118934084 -3.57549032802 -5.94969250145 0.272838229984 1.88783286583 
15.1339553605 -17.4153023046 11.9079499521 1.00245039031 3.24533431932 0.420533266963 -3.02630127061 -4.52973946883 -0.873605653623 -3.00949019293 
19.2987170359 -10.1019108466 11.2874613332 2.82573274076 -3.36124477486 -0.999645321805 -0.446839191131 -1.71005965242 -1.91426422406 -1.97401858443 
19.4807020636 -4.04043025775 5.42268832355 5.4749562336 -5.70144512769 5.01278193018 1.80234474823 4.22478760045 -3.82943746524 2.42319833395 
19.685063672 -2.92646232557 1.15260239583 9.96616520947 -2.76941102117 8.10721526221 0.515255391673 7.04764688807 -4.48921251796 1.35901717634 
19.2272502951 -1.79108166383 -0.399520193422 8.04480168897 -4.62233789075 7.40976005957 0.613077546304 4.71923941207 -3.07448668832 1.03870160775 
16.5962945775 1.82698597777 -1.53794687487 3.93677895969 -5.7413457564 6.51802014852 1.19200630796 4.00878653503 0.140083633473 -0.733346379393 
12.6936246397 3.42600840115 -2.51898396444 1.9645160299 -5.69862795786 6.02188429112 0.737753780013 3.51769518343 2.43405357287 -3.35272221224 
10.543383937 5.72662458952 -2.3252380817 2.06628663765 -4.00858111787 7.32317028844 2.3133228415 4.17031516284 2.85136945307 0.099761805983 
13.723051121 15.1975674621 -0.789547290356 -6.77466488458 -8.63981354565 3.68933762278 -0.984329467661 2.58496837328 6.82948899136 -0.947977964015 
7.08001260989 14.1337038938 2.71925534105 -8.84420481892 -7.68688273175 6.62953343782 -0.0922254121871 2.42238389839 8.26102093411 -2.95816209734 
1.26412674141 12.6087706948 1.73548032152 -9.4036154952 -5.35752048555 7.18379048481 2.07268182829 0.982738655242 4.49989760568 -4.49945937356 
-10.5806845379 11.1152381932 6.6906299652 1.57052675324 -7.79089541889 2.26522590591 2.43254615381 0.216820935105 -0.449921984436 -2.67186845153 
-18.1415001066 6.53864331321 11.9535148481 12.7817228696 -10.7911892433 -2.77695364876 3.81883583039 -5.41356493779 -3.36946922 -0.520605894743 
-21.7632853854 -1.01991746597 12.5348061142 16.0270992334 -13.7947524128 -1.60738933935 7.71342279768 -5.63939748417 -5.52548063605 -1.88836808416 
-24.1177467331 -0.238131705606 19.0247559386 18.7521033585 -16.003031082 -2.09915918096 1.31240843444 -11.6078323917 -6.97568297241 2.49998875692 
-19.8222011863 -2.55189267915 17.9102087562 10.8536241246 -11.869152709 0.49582406918 0.283544978667 -7.78984532534 -7.30677179414 1.36184666169 
-16.9303059545 -3.96210329272 13.294364382 -0.702634733446 -2.58996585853 4.69729744039 3.10337796711 0.455173750113 -8.3419068359 0.273389739743 
-15.7084258385 -6.8182176606 14.1032495124 -6.86616831223 0.413161030295 5.87063123898 0.736039060961 5.85235528021 -7.15951628392 1.17246404425 
-14.8485732147 -9.23793681117 15.8655727935 -11.0558764324 4.68485199347 6.84038292289 -0.81447217043 5.25624377458 -3.16214058047 -0.317351404191 
-15.130598209 -5.42802910054 16.9171928354 -4.15434147778 -0.407488249556 5.59937070651 -2.8368505679 4.9344977836 -6.75311588382 0.300893983512 
-16.4282512313 -2.66463416798 10.1335373508 -0.367436580508 -1.23031375018 4.77993761475 2.63571995174 3.23938142593 -9.2958180749 0.00101914055171 
-17.223099198 4.07809135774 7.56503743337 5.59308313013 -4.16859469781 1.67269166066 5.70664735536 -0.812575880462 -9.17805593578 -1.73077003192 
-17.8649115144 6.64860945721 6.59072439782 7.98442322257 -3.40565572931 -0.28523281733 7.5543222557 -3.77314810561 -6.99465117618 -1.01111177523 
-16.1400636339 7.21266390793 3.33303446907 7.01976484928 -1.67535007549 -1.02932918509 6.29672844031 -6.64709089517 -4.70036021543 -0.642333349871 
-10.6790172863 13.5051356888 -0.38476310811 3.14294387421 0.744023337534 -0.534163540464 8.57039186131 -7.21968344098 -3.18803745731 0.671736619703 
-4.38981949334 18.8324803961 -3.10114100047 0.952504759648 1.76290865243 -0.141971284517 4.79851338184 -6.32511126449 0.281263433353 -2.3090542067 
0.39026787266 20.9736413207 -2.58876060513 -0.745523558289 2.77200131763 -2.12923579638 3.08968878778 -5.88016476674 -1.31855437226 1.06735187762 
0.899757107912 16.1880880785 -2.34576589306 -0.688075113245 1.58071830044 1.24574833694 6.15103912919 -2.6311965758 -0.298748919756 -0.443340345263 
8.78320635548 12.9055086644 1.25743781672 -0.599403859655 -4.38110384343 3.75685626957 6.77718490489 5.54817099476 2.28318730319 2.04153214774 
8.0587071886 7.6352390402 1.20966694609 -1.69510305454 -7.61549390424 6.61449117496 7.22167744192 6.81735263969 7.50000927335 2.89255364165 
13.8814123289 3.04584897839 0.277474295479 -3.33766067903 -8.57260651781 6.7176761793 8.86719741125 6.26148206485 9.71898134547 6.25986014398 
19.8080531555 1.90349281905 1.48522018361 3.21696257651 -6.300675416 4.9899882932 5.34305499249 3.44220477175 6.44099328705 9.98531319475 
25.1929035819 -3.91665609441 4.05027842619 4.80369672243 -6.02927349506 1.38063726938 1.79598373365 2.48928794369 3.15789093893 7.72052057522 
24.2231799463 -11.666716598 5.2824805984 6.6979817172 -1.06652538907 1.81016983115 4.93956685529 2.37039019057 2.00712020371 4.20569994008 
23.6227864028 -12.3185922025 8.01556967787 1.31319241241 -0.37082433801 -2.08276957 3.45105601095 -2.47543870556 0.620928074815 2.56263669105 
21.4930871331 -15.4347281382 7.67445089251 -2.78764414066 -0.569848980889 -0.797855421183 -0.214132693313 -4.92278972345 -1.2477747367 2.47791113284 
20.5651048908 -12.6366280286 9.39370823783 -10.0867235865 -5.33035212091 -4.0365026909 -1.26114863379 -7.15205500224 -3.20931288732 1.88135592225 
19.734668828 -6.25622554944 11.583174208 -5.9153316608 -9.29127890051 -4.30615201299 0.177334162317 -3.03261422174 -5.42380737132 1.78865618689 
20.5996293676 -0.828201943118 6.05552372641 2.17303549109 -8.86049138311 0.422050571935 1.29592039281 -0.222114915354 -5.15157301045 4.3758134329 
22.0990098414 -0.449714027924 -0.234838580158 2.71953281025 -9.18970138762 5.41857519138 -0.58013852993 0.585074012924 -3.48086481498 3.88089203368 
20.0749848065 0.787031363549 -2.06549829692 3.08361342536 -7.51372180281 6.45552164538 -1.93481453307 1.64815620821 -3.5407269133 2.68398194162 
18.2681247969 2.28924229292 -3.71877661341 -0.362067861984 -8.37989588165 4.49296001352 0.822054115044 1.84517391649 -1.72320106939 2.10544486212 
13.4071359344 3.55008083237 -6.44845442302 0.967935188724 -4.48566086364 8.7700828534 1.47672182347 1.59803524885 -0.0560133674548 2.86593886237 
13.7943447468 12.4803259915 -6.33347581605 -4.58108437287 -7.90279298912 6.95030804195 -0.578046431278 -1.62808113728 0.764324684986 0.418649412525 
9.88543169913 14.0514363527 -5.89787926622 -3.3738071454 -4.80486450337 7.29564569018 -2.54499821124 -2.11641868059 -0.333709493817 -0.681308523867 
4.97438653081 11.1305855341 -4.38101927908 -7.10164809018 -4.41932578755 5.50186331797 0.871313051988 -2.3753067773 -0.382447425637 -4.06737237794 
-2.98744820767 6.5238805189 -6.31764503721 -7.35030963864 -2.75088206701 8.27513297903 5.45038643949 -0.410258134773 1.43511529711 -6.6947268864 
-11.6007606247 3.89894856937 -5.0065937171 -2.71819835072 -1.03889615853 7.34753670835 7.09939667103 2.37470792002 2.75578304244 -7.04215818667 
-18.1054874661 1.01846723048 -4.9704506366 2.20975096944 -3.8460992371 4.10518376071 6.8115885013 -1.83284559214 -0.497613950173 -7.83240919968 
-21.2480197736 0.415603921343 6.0894818475 10.493350273 -10.5998740677 -0.704214818231 2.26852504558 -5.69503913062 -1.36583011536 -2.02971285929 
-22.3371787997 -1.70799150271 8.55038941657 10.2665415229 -14.0602512727 0.940737406998 3.03344867327 -7.67471353838 -1.53602734951 -0.402114351041 
-20.5275371266 -5.56274847388 7.69057517358 6.15704093241 -9.8811677591 2.21116938037 3.46309149913 -2.76189316011 -4.00749035963 0.636541706436 
-20.6255148309 -3.39466021617 11.9939315713 3.50267918182 -10.2558734339 1.23710862773 -1.69113156899 0.0547883582077 -3.03851841739 1.85269591044 
-17.5133875291 -4.72192757259 6.62518320542 -5.23013633584 -4.33437447254 1.99962919365 5.05626638879 4.881290029 -1.56228288228 -2.06747074572 
-15.7327792305 -8.52043703759 2.57185797689 -9.12785239261 -0.252605165307 5.45089794493 9.65456361118 6.26523554706 0.980789021456 -3.55681894637 
-18.8833445649 -9.68636495976 5.4927329083 -10.6840030496 -1.27146231416 4.60124287903 7.12284296866 5.32842049195 3.81092751113 -2.5663908238 
-17.2819656936 -5.19690610595 1.06318046748 -5.73612244264 -2.62156652772 3.80227870327 6.32551269964 3.95026660767 1.66206666226 -3.1036805271 
-19.18491248 -1.75922605197 1.61144210903 0.546050990561 -5.86103377479 1.1641443403 3.8420767317 4.46361642971 -2.02451041875 -0.757068154264 
-21.0255934443 -0.957547650604 -1.82655785034 5.83958794502 -6.27531352143 -1.88727466942 2.55079138958 1.87112558123 -3.41252046794 2.1100416599 
-23.4023430524 -0.54324289861 -3.37938205301 4.99082941164 -5.70210059417 -3.98256707831 4.36432105679 -1.0693492983 -0.207208189274 1.05652315844 
-18.789229742 -1.00539461503 -5.62683363102 3.61797332374 -0.449329164506 -2.33410529821 8.36515563226 -0.722670122899 -1.04549334435 -2.48440356997 
-16.8387030056 4.79639865758 -7.71435773302 2.48004248056 3.001717694 -3.39365421422 8.76141854213 -2.99151108687 -0.934418985319 -3.36283097654 
-12.6182101089 8.5144941247 -9.25174006974 2.57417546129 5.23924058198 -2.50652636927 8.19979958974 -6.03385136506 -2.6620710664 -2.29150795145 
-6.47574700101 13.3895886915 -10.9491717632 3.26603109925 7.67059217141 -1.04913484831 6.88147859515 -5.91816572126 0.426618505863 -0.0221613084888 
-3.68391804878 6.87126751555 -10.0400491925 1.95611635034 5.72948796807 2.97877267224 8.69508261672 -0.122845773716 0.0309333233581 2.50789789968 
0.628608847958 -0.446122208339 -9.79613021457 -8.04227419105 1.7563799875 5.4138087102 6.79613761635 -2.85508585176 1.74925051278 2.88315440191 
5.92506509498 -2.80248035932 -8.69105891644 -8.13787616644 -1.13550897732 4.15147746704 3.45221706217 -3.14242564865 -0.85300038904 3.62578197112 
9.59656620859 -6.09437043078 -8.14462289698 -5.36528838281 -2.44929227747 3.27806668814 5.68061472454 -1.1979099262 -2.43803344686 4.34934831878 
18.6825344311 -5.90294507988 -7.48646852552 -3.22813063186 -6.55423550156 -1.4358785965 6.38863836896 -2.87922078345 -1.95934346426 7.34033477526 
18.184365971 -9.24933637206 -8.05805800291 -3.7073415404 -3.66250573624 0.661216236697 5.71314133373 -4.77161263323 -1.08800800424 4.56864475553 
15.9272948524 -12.4026845987 -4.51803517416 -6.45244134146 -3.17812472726 -1.52869048498 3.85560493531 -3.90744799583 -2.82360175705 2.01998699156 
8.59599506883 -21.7247146524 -4.11739037678 -12.8778172711 4.39393633455 0.332351053207 0.246823693272 -7.56370845911 -6.89775859299 -0.803059372215 
9.70786268206 -22.3519980575 -3.3357698376 -13.3259767149 -0.0497447544287 -2.75770211907 1.38022274554 -8.90434003954 -9.49340121172 -3.35832865223 
9.08119963351 -17.4882120229 -5.32323113354 -10.7601530244 -0.527540498345 -0.708715955281 4.61307076559 -7.63431691505 -7.38037498816 -4.15542525549 
10.0275182873 -11.6369156959 -6.5610156045 -4.69944122342 -1.40675407313 1.91334129463 3.4335598512 -5.63770617862 -8.54744019788 -4.6719553741 
13.0074629675 -9.24457089785 -7.33302719524 -1.30117632453 -1.73141533596 5.00430663631 1.70929751971 -3.62823527578 -10.7399122644 -1.47188387458 
11.7138445134 -6.75051485161 -5.71456959289 -0.125645511058 -1.97906522576 6.03320264686 0.644144205277 1.03844567581 -9.71539586994 -1.63133961456 
10.0187086112 -5.08369567026 -6.0137354435 0.467721419729 -1.30235109661 6.73471080262 -0.430493727299 0.905772101446 -8.14054157232 -1.86306272808 
4.73427836149 -0.443740590419 -9.35795957795 1.56242218764 -0.474415920734 10.8825108969 -1.14859909752 0.487191042392 -6.502346837 0.196006913987 
3.10674993487 4.54097649642 -9.85393433971 -0.255730063866 -1.04433305064 10.4839087268 -1.37125622318 0.0825017093007 -4.76980761822 -0.0596224867356 
2.80756466135 6.49130203194 -10.9703842992 -1.59536940493 -2.76608579706 9.72245968658 -1.50912405133 -0.244754260029 -3.29882790788 -2.08341103562 
-3.31158464173 5.20876561918 -8.17875997458 -2.65664355549 -3.62953290565 6.12711703477 -3.00979149115 -1.30989287036 -0.86129581062 -3.15150824441 
-8.27919144132 2.95738206016 -6.08536674852 -3.88457931067 -5.25443220299 5.31837855529 0.887945540273 0.104893148678 2.48942904857 -5.32110304194 
-13.0145650716 2.64454978161 -5.94821471976 -1.2776355524 -4.81581064495 3.86343433938 2.93732053755 1.85134845095 1.42657363701 -6.67520798917 
-23.8854498796 0.852701921023 -2.97376074211 4.97190522152 -7.20930252975 1.82164438328 0.478697995865 1.20143913679 1.11759194079 -4.51427924509 
-26.1190986026 4.54579396564 1.23982212948 10.6865575878 -13.2619759538 -1.23050755316 -0.606450058573 -3.58905164066 0.680270461137 -3.72120002775 
-28.6188321334 0.101608359303 4.79267937531 12.0493522156 -14.9220297152 -2.13806350379 -3.29615370535 -6.18279037295 0.468418264541 -1.60488243081 
-28.7198665577 -4.48754012758 5.34855151664 11.3765421329 -15.8564342706 -2.79764435776 -5.3916491951 -6.8380652033 0.0332890094089 0.744823755859 
-23.2715056206 -8.40598759873 1.54140997503 3.71679882747 -11.2305668898 -2.23943865556 -6.46098477328 -2.53524902697 0.531224481212 -1.80742630769 
-21.5387382171 -10.9975167068 0.0897887373193 -1.79700338648 -5.58123661523 -0.609864379316 -4.4183309205 -0.0776890096094 2.19232068205 -2.28560943683 
-20.0021239597 -13.2876488326 0.582575764124 -7.33724734752 -3.14293552018 0.848817790292 -1.17472205094 3.64531775446 2.07991207671 -4.03872586237 
-18.951252075 -15.5536643799 3.26595780338 -8.62375438765 -1.25248412509 0.184550314235 1.83519758261 5.4988077162 1.29860791458 -3.92826343653 
-20.9351984983 -10.9117831612 5.43228002368 -6.50296543611 -6.02504170812 -1.28546926986 -4.04801213633 1.42506731536 2.78976239058 -0.347864268286 
-22.9392465892 -7.47556881313 3.86838212401 0.370052224175 -5.1499703398 -0.241930984677 0.113866978599 0.811698271643 0.6754093664 0.558789164021 
-22.8125728185 -1.90407687336 2.05522667048 4.70317214114 -5.53427027869 -1.92566245202 0.96316657709 -2.00059826852 -0.674150954621 -0.826883303306 
-24.8257901917 0.103786870213 2.22845432194 10.2129131329 -6.78565722462 -2.77735964858 3.27050060948 -1.58129008462 -2.33863323195 -1.05538982995 
-22.3302498892 0.977755298083 -2.70980096042 10.0586976306 -4.05825513314 -2.16047532105 6.90361212803 -1.98492260269 -0.515249193403 -2.96906035456 
-20.1288889574 -2.19317843583 -6.24404272043 7.28217701877 0.498738184806 -0.0150612215162 11.7509750087 1.74864513255 0.133483869598 -4.71959275064 
-16.403518883 0.67024966453 -7.82344049748 6.76646611399 3.20506647216 -1.72153680812 11.1576551797 2.35839824054 -1.40249223225 -3.01404708407 
-10.9233937165 2.53073521231 -8.44802814439 0.289416976528 1.19925341744 1.80781767139 8.53310089553 1.59278183889 -3.50885044278 -2.26799777721 
-5.68252445315 0.0124075918846 -10.1320850053 -2.04898951718 2.6888307978 6.40175194963 7.37917898952 2.9323446817 -2.63624299499 -0.343559695994 
2.03311803161 -2.3772250272 -8.13454669828 -3.9810264222 -1.69432709707 5.10136408273 6.49567903974 3.31108775088 -4.29181221569 -1.46324186318 
5.20963234207 -5.98339806426 -9.49301343684 -3.15922805675 -0.484390651834 5.20303175614 5.73794699367 2.17884169337 -7.48344124162 -2.02018693086 
4.65228370695 -8.0348122505 -10.55124972 -2.79022525586 -0.205971894722 5.41207825455 6.29281247093 2.79751473571 -10.7425188935 -0.369217100334 
6.15532448841 -13.2212375575 -9.94624721284 -3.37015271075 0.0504893489294 2.64649051216 4.48311000914 -0.292906240407 -9.01208638448 0.372881244186 
8.68085538859 -16.4026416329 -8.38101437002 -2.94988380827 1.16118904938 0.10187235701 3.21421940912 -2.3475354394 -7.45779259914 -0.5045097832 
8.60801791643 -17.7484373889 -9.06217558506 -11.21024853 2.12081784975 -2.50017259393 1.43425754085 -7.2463500079 -4.84242421441 -1.69680813493 
9.67825418826 -21.2713318106 -9.49417223053 -13.8592418422 2.27783679359 -4.12164054135 -3.18992867857 -12.230678274 -4.18947883272 -0.084755758878 
7.56679922734 -21.1190947545 -9.90265441249 -16.4556553096 -0.112226524709 -6.20966540424 -3.59355580982 -11.5252357468 -6.18138111343 -2.94359578962 
9.65939173728 -17.675934563 -7.56664462485 -9.7343858978 -1.89998748329 -7.77346390951 -3.83088398552 -8.94074338473 -6.91275596712 -0.52763909453 
12.8850709531 -14.6777991186 -7.85609773948 -4.21489305986 -2.1146280198 -5.24497832052 -7.36830746834 -5.96378819638 -10.162984273 1.43797848935 
12.2279996971 -11.1852488537 -10.053635782 -3.77835498324 -4.07478626292 -1.51470834846 -4.1340568465 -1.75114420184 -10.171973894 2.04515784581 
11.2380434034 -5.69577877212 -9.53399574084 -1.71980567335 -4.13727301479 -0.462903598484 -6.11300219547 1.00013528635 -9.77812680991 3.66924476991 
4.81948311865 -5.85336391805 -9.30028864187 5.09696427322 -1.87721908805 3.71026394626 -7.19949772036 4.45809221974 -9.86417203701 1.88621118535 
1.50624724738 -0.526064131047 -13.1608572418 5.10401234939 -1.8932246223 7.88242685718 -2.26433331235 4.50329597569 -8.03744523724 -0.287612310269 
0.0441987067085 -0.581169705617 -13.4567636939 1.8119829656 -1.76721100573 7.86181177838 -0.651514962871 3.91428498487 -6.26950746051 -1.34309463653 
-3.38637115064 -2.75066652221 -15.7035489463 -0.954287256745 -1.54046129487 6.93134633629 1.08077953368 3.3286041822 -1.62610665513 -2.64711357305 
-7.40452585476 -2.13569339867 -14.2797245636 0.317684473135 0.021407587371 4.12933065569 2.45895672247 1.20133459843 -0.861238327335 -3.79520058919 
-7.85808590205 -0.190001622386 -14.3352838703 -0.879886375468 0.58454565396 0.413216300184 0.211188223426 -2.25391647329 4.46409637311 0.227238303785 
-13.7171366546 -3.46500335791 -13.1834632433 2.79346439061 -0.247353213121 0.201408724744 -0.974033374206 -1.49447758506 7.42983968861 1.62919103504 
-20.0783789651 -4.63299755264 -11.2346934194 7.13766695739 -4.98836965423 -2.8204346518 -4.11932093398 -4.16131993906 8.57409458407 5.87851395314 
-20.0733663217 -6.561601139 -6.31386323804 11.0146500008 -7.72744659707 -5.0751644209 -5.65918928338 -3.40528143822 8.03166895883 8.04608405733 
-20.8368424829 -11.6240872152 -4.48125526395 11.4568998358 -6.88956153287 -5.49930426932 -3.36152210978 -3.61306682135 9.5984325737 10.303585183 
-23.1412816914 -14.2898031379 -5.65461759528 7.08580448901 -4.1119205526 -4.45141775397 -0.771758534895 -1.38499771511 9.74370416216 10.7223444756 
-22.0600282724 -17.4954891378 -4.62844941052 -0.00515104461732 -1.40260728906 -4.032511811 -1.88132768414 1.42828329648 7.36126795219 7.19862424844 
-22.0989985467 -18.3672577474 -1.95304716761 -6.10142328263 0.69383833787 -3.91471583788 -0.314866759362 2.19092626439 6.81023421327 5.9341881436 
-20.279314756 -21.7066969432 1.63706393733 -9.2369090074 -0.234610333004 -7.20166162448 -0.85960034245 1.45248531858 6.87414677153 6.13799836577 
-18.4441400743 -22.7036127567 -3.29336977115 -5.4832805096 0.0991209663326 -8.61251170987 -0.699232144834 1.1021830852 5.5115582762 5.24677660896 
-20.6250063921 -14.0609775098 -5.92359252218 -0.478205237934 -0.49069671501 -7.46985271911 0.0712629518697 0.933126494287 4.70991197031 3.71468506769 
-20.4353356933 -10.0400654738 -7.70961034796 2.83711975314 -2.20754541383 -6.33211159057 0.680533971245 1.34987000189 4.47504779544 2.42036531019 
-16.8260982892 -8.22162385144 -13.8932972933 3.44188476596 1.97547936166 -4.41366852062 3.68067243975 -0.185790748369 7.52070276621 1.81549233377 
-15.6890358792 -6.81716050774 -16.2994173615 3.98428363679 3.87369438185 -4.52206991389 5.25726040127 -1.49636583022 5.55132340672 2.30958666508 
-16.0107634793 -5.79173837903 -16.869344798 4.91223118463 4.69338266465 -4.20758512098 6.38514249637 0.395270001449 6.28960400655 2.24788532989 
-13.5456296985 -6.87354898188 -15.5973925983 3.43556971363 7.43122832076 -2.28369645073 7.78039734788 -0.404296082083 5.23171484901 4.23556208979 
-10.9196737422 -5.06038055393 -15.1626488419 3.79552893434 7.6437821326 0.98064341463 8.62455556422 -0.177764516097 3.25334542132 4.05782828039 
-7.38622912672 -6.74666998951 -15.6965306665 3.02063783909 6.6033499069 1.77346298216 5.95244848834 1.37640421043 3.60263064903 5.01468155623 
-5.1158273561 -10.0787787684 -13.7234882183 3.19657749151 4.99710219079 3.66825572296 6.23676320975 3.78647772396 3.30291562674 3.75749331578 
1.11335209015 -11.5168395389 -13.9205400656 1.14874152473 2.74856302061 3.86545731927 4.53525461176 2.91281212287 1.78008237923 3.53031065718 
8.21095522084 -11.0293385891 -16.5154622872 -3.89423215571 2.19308384304 3.2422979471 2.68274969175 -0.0741092802244 2.87496438927 6.38607744288 
7.35472006515 -13.5258718967 -15.08832545 0.263109151797 3.72595923633 2.54187087034 -1.6842987092 0.275765542999 0.168157727695 3.98409171471 
9.11573627961 -14.4268065014 -14.8857475484 2.88836839098 5.58893855551 2.61724192086 -3.0910112234 0.393617624352 -1.1951197582 2.8398631997 
5.7331293703 -16.8815293272 -15.348069482 3.66239691056 8.5477971032 4.60478733379 -2.14833441933 -1.53391073251 -0.465096287364 0.0563408967313 
6.19345232818 -17.5132653066 -15.6962969212 -1.85122050867 7.06735309868 0.580942256942 -5.93801608835 -7.69681495484 0.436646217047 0.858130532695 
5.56144973341 -20.1679229665 -15.0863508396 -7.54475458762 7.21123369183 -0.5049211306 -7.16431121352 -10.4773117073 -1.03271360807 -0.958515909032 
0.904004481398 -22.9167525695 -14.3685253672 -9.666088494 5.49570719566 -2.85965935647 -9.15690697215 -9.98136896798 -6.09618564908 -3.94217771829 
2.0510273206 -21.5505254969 -14.2217616088 -7.64735444936 3.47038642187 -3.52922405808 -7.8684789288 -5.57326329249 -7.68013540806 -4.15518329958 
3.29632353208 -17.4071709282 -13.9908280961 -0.986927304603 3.26144842512 -3.100357431 -9.23454542249 -3.93002793743 -6.38015127873 -2.52754862089 
5.52136192244 -14.7110611573 -14.4450124491 5.08562135935 3.58178724806 -0.572060470915 -11.2863417465 -1.33011399818 -6.17888649149 2.94123452259 
6.57850552302 -13.2465053902 -15.8793283407 5.72750229403 4.06493970159 1.77981965772 -10.8685307764 -2.08393240731 -4.73648129324 6.33742670246 
4.52235456594 -13.7298863493 -17.9416223421 4.38337649961 3.55654945158 5.32456249873 -7.26926481579 0.271846710578 -2.35594717363 8.10452363346 
3.85355540065 -13.4908662538 -18.5681189336 4.85789376796 2.75188568193 7.96384441243 -7.16966175677 0.318737635271 -2.38649535067 9.64903592645 
1.34210846648 -11.0861916161 -17.9641046015 5.9743195501 2.97662378922 9.79519853282 -7.16548921608 -3.39135343807 -2.06954249306 8.29157189278 
-3.4500034132 -11.7803212504 -18.8126945624 6.32299093186 5.34328647112 12.1531187228 -2.37853891525 -2.72949128149 2.75209214217 6.79733770994 
-7.19887220534 -10.7936363958 -17.2334605983 5.20163537924 4.09774793091 11.5135570653 -1.93173730569 -0.397921905574 4.26382658731 2.51772954491 
-7.97483438766 -7.54829923242 -14.7480943172 -0.450848561737 1.56130570685 8.79002140005 -2.74696303083 2.41643373689 5.79296149326 -1.17802048848 
-9.83300950031 -4.33013734324 -15.8704259158 0.637615945423 0.93859720808 5.00318320262 -0.964843292584 3.75882368163 5.99501679686 -3.80189032785 
-10.5860388943 -1.43445293393 -15.7922270832 1.75531484548 -0.256097275861 3.82251077809 -0.160567238399 4.08581246901 8.98289293259 -4.85581659569 
-15.0987543781 1.84074384295 -14.673746458 3.65067100131 -2.79357688706 0.718372432906 -2.60217938178 2.20284672852 12.2386129837 -2.54454813896 
-18.1329548666 -0.740260698342 -14.3393081707 6.10933999134 -5.21219622701 -2.08410592357 -4.91287453 1.02347218116 12.8344698472 0.458107246916 
-18.8233004865 -3.79989161443 -9.61164639281 6.21888327044 -5.68044721699 -3.40695429941 -2.65862948078 0.933471643287 10.5508631577 1.30178126307 
-21.5399268118 -6.04626708147 -4.38424270273 9.30053050356 -7.69873183276 -5.51060098183 -1.80339932228 1.04334188427 7.80845223297 2.35600912117 
-20.0681257224 -11.7192925775 0.334574238154 7.06923178259 -7.27343382825 -5.74494344319 -1.86450792626 1.13969410808 2.46455347946 -0.952290677294 
-20.6629665283 -14.9893851133 0.507692699874 -0.178663772388 -2.76060705727 -4.15480716627 -0.256602556055 4.18248886141 1.02717199267 -2.23820027732 
-17.9891243708 -17.2095010783 0.789734573472 -3.70766028043 -0.61823744326 -4.44010186277 -1.03634519614 6.12920804513 1.03990434799 -2.42176520424 
-18.3627253506 -14.5782361146 0.254216469934 -8.58546170624 1.66488975354 -4.51800958444 -0.863582893861 9.65396770204 4.17406046796 -1.0085027174 
-17.700758296 -17.3542041443 0.807713158036 -8.53736715197 -0.840461752597 -3.12523470239 0.659831669533 10.2260782031 4.78540647765 -0.444225384438 
-16.0332572554 -18.1733019899 -1.99744634077 -1.94173078676 -2.53519474905 -4.36181494093 -0.610486412476 9.21510065589 4.50165475123 3.07257755782 
-17.737636475 -11.8136770936 -5.82772938722 4.39326133786 -5.5024897902 -6.46654396837 -2.33026539867 7.68946684156 1.45816442847 2.13219563704 
-20.7463211093 -10.3587151223 -7.53458741139 6.18755963941 -3.85285235812 -6.17844250339 -1.41310072838 5.94779182752 1.92379265868 1.23321514866 
-18.009087623 -7.4369523375 -6.98401396276 7.98759048698 -0.626066953092 -7.13012922829 -1.71502744702 5.78021507801 -0.321405719456 -1.0420524652 
-19.3627469328 -9.15034971629 -8.05201895916 4.7990605209 1.16330940301 -6.7235086551 -2.06075135877 9.39896778656 1.34280342366 -2.72884476649 
-15.6223888695 -7.25476459038 -8.20830484483 5.65390867638 4.15147156974 -7.82188970977 -2.65958694063 8.94275396868 -1.31173729971 -1.75359178941 
-9.42128698972 -3.58894636958 -8.55140450264 5.85116026698 5.53400696727 -10.1194117708 -5.77537684592 8.19690979037 -0.534892407945 -1.29274089597 
-6.5373100366 -3.20620966472 -8.69728373556 9.83956421927 7.49052892922 -12.5666401877 -2.75687327076 7.81984018114 -1.86835483898 1.00979918509 
-3.80427370913 2.10193747459 -10.4166940861 10.1342800868 7.08882744108 -11.77547227 -5.23852411223 6.35068135321 -1.41663679516 -0.841451755594 
-1.52772042274 2.71163769833 -11.121281784 7.80968037049 4.55971323135 -11.0018604553 -4.42015733912 5.962927955 -3.28377889118 -5.6311186875 
0.295227796281 1.35330263447 -9.26694384907 7.05304482555 0.0566432482248 -10.4928090122 -6.05207169116 6.94806408217 -4.25833577551 -6.0594362132 
3.64480762627 4.79280578352 -5.19399433609 5.6214976986 -1.73448650062 -12.5724350075 -7.4821903278 6.36223834679 -1.86873910724 -3.60695811388 
3.15157871798 3.22776150853 -2.27425642659 2.73843624009 -1.25111772371 -11.1644554245 -11.6741739359 6.1338077264 -2.21924268456 -6.67844698721 
4.32678191137 4.55201304332 -0.288501934584 0.266038129339 -4.88694653577 -12.5891499058 -14.7124562116 5.7945846946 -0.132151126255 -7.70975350646 
7.97995760413 -1.46075049346 -0.192564268921 -13.5697512184 -10.9557306554 -12.838260044 -11.7694761739 5.34757778054 0.822934099941 -6.57409415163 
6.86880257533 -11.0195615181 0.790340292042 -12.6725040104 -9.13344310191 -12.577873073 -10.6909203658 5.33580928951 0.413368378336 -6.20812584317 
10.0489239401 -15.8378568713 -3.17611039912 -20.0091926869 -6.54321166169 -11.5276292606 -5.24497147462 -1.61176663604 -0.641104787895 -5.60976683526 
7.99510284457 -17.635450705 -1.98958995561 -20.3036049877 -12.6046582625 -12.6334020618 -1.4797115183 3.66588358218 0.264191698585 -5.00724166073 
9.98063785157 -12.5496128274 -1.83108808467 -20.4482694947 -13.781163918 -10.5380324757 2.65477278363 5.76956933464 0.00678196647337 -4.54369055607 
9.7624061134 -8.77732599055 -2.04870468745 -16.2616948701 -11.4157667892 -7.26479334918 4.23744557258 7.53746095317 -2.10295252675 -6.7797554303 
3.2119696745 -7.27175479003 -1.27828465009 -7.47323685782 -4.71239628524 -5.30684060259 6.51784863621 10.6721464894 -5.01991877337 -7.80593034629 
-1.56352413713 -9.17943859733 0.788723396526 -6.47562875487 -2.54833244556 -4.24150688885 7.32876608683 4.62164655101 -4.45504210278 -7.39124819748 
