-21.3831056681 -35.2258795826 21.167653348 -4.42105744872 13.8824898487 7.08102833683 0.145778917617 -11.9578476985 4.6633106438 2.39414253692 
-20.9307593442 -34.9366376647 20.4186763504 -4.38058451102 14.5313812839 7.1755652831 -0.58242072048 -11.3925302111 4.50055674571 2.5911278207 
-21.7802305986 -34.7806956793 20.9866683574 -0.963454176971 12.7955159624 8.69438689862 -0.246596070544 -10.807237218 5.30990723502 0.630768240164 
-17.0116531365 -33.1342243911 19.4719368717 -0.401001119874 10.1151436196 4.71212513122 -0.589488581365 -9.02360698217 4.75302643375 1.462740974 
-13.9145033046 -36.6112250108 18.9117862666 6.99398302236 11.1152723846 7.85019503411 -2.38860103474 -0.293031435691 5.17725473143 1.69958771203 
-7.57779943858 -35.839277549 16.1091919916 1.68250144278 11.933758786 3.37257057792 -0.383419487356 1.62730564271 1.24709318939 3.75456163763 
-14.5419705219 -38.3944193028 21.3804761096 1.68144934388 9.24496078852 6.63431665489 -1.54048915847 0.201917781061 4.76422832869 3.54702801652 
-12.1242159374 -37.4221692591 20.1973083515 2.70325416977 8.90636195 2.26898056168 -0.565719753424 -1.1359866509 5.43299854636 3.98964778317 
-4.99421378255 -35.8728501054 16.1258019334 7.6515203868 12.9223351061 2.43547670239 -1.39552548709 6.77943487979 1.02754659835 3.43763766735 
-7.33050088517 -29.5436460516 11.0876213288 10.4605293638 -1.81232334423 3.47327564032 5.33153364812 3.06030783006 9.61323925873 -9.71317579192 
-3.47844663854 -23.9168090743 7.30302246467 6.34905478674 -0.337996706474 7.13390438647 6.83655098992 -1.61521124337 6.01009121541 -6.02174577877 
8.08919763348 -16.8339094389 1.09288219382 0.921652465737 -1.50685909346 8.58083811886 9.76703267171 -0.721309211164 7.70634142077 -7.6662583349 
7.00233528691 -14.1323072586 -0.782932222485 -2.23241037775 -0.981288714814 10.7145666302 11.9866334842 -0.106257433872 7.66452887341 -7.07251943933 
12.6786086964 -9.68552066526 -1.90361260534 -2.19058122935 -1.11808787009 11.6321749654 12.025973239 5.83070257411 8.17320026262 -4.88247089318 
10.8130217598 -7.38185680351 -6.18990402102 -5.32528677553 1.72233293213 13.5339715173 12.1420452483 4.19962324169 5.57559362301 -1.86622733628 
8.65009515502 -6.70744260214 -7.87833948613 -5.53603273737 1.4084659856 10.6340804657 10.4819663195 3.60391532246 3.36080493133 -0.866977238977 
6.91690279809 -4.66122724228 -7.50232922363 -9.57260313884 2.13654917408 11.0964661473 11.0284591797 1.69227498175 2.84414786402 -1.7224224078 
7.76742617394 -1.62264623502 -6.92811682183 -8.65087585206 4.31144486586 11.3649780257 9.97298563677 0.61996731736 1.75379424939 -0.342860089407 
3.73133552153 -1.98319993871 -7.13253660734 -6.11881461702 4.77860835729 7.87404400147 9.44073725011 -0.93311994849 1.17629064765 1.78369847777 
7.99796882318 1.64950343661 -6.57416808865 -7.21045898622 1.85269548838 7.25557048659 7.65199425866 -0.80857949145 -0.011474820167 2.83605342808 
0.40454580794 -1.7864353951 -3.86027548267 -1.80538111263 -0.0552802549547 4.69390205761 3.7620235499 0.943147916825 2.97971192928 5.91048154382 
-2.09395245879 0.420929914719 0.192948915527 -2.23143326951 -1.6900805264 3.76856066834 1.97613307533 2.72110646846 7.28551013595 9.11877322551 
-7.45217126788 -0.971729565078 -1.54800502854 0.585538478248 -1.34350627221 1.4649621428 0.926966556674 0.593963589415 5.37588740821 7.31578177856 
-10.6537258911 0.74601909269 -2.90374671656 3.90687353186 -0.991611028297 1.27109925698 2.44819500043 0.902218370267 5.69908473378 7.26158238137 
-10.5144897866 4.39064093074 -4.18327297976 3.71101030786 -0.75597850577 3.89160432803 1.34552986238 2.12663639309 5.21047856448 5.59065290709 
-16.5577313217 0.378238891446 -5.35713264274 5.94303388884 -1.20516552985 1.36733830016 -0.111003359487 1.00575941247 5.03459741715 5.28272395312 
-15.4302571098 1.9491903721 -4.7649632673 6.83710909642 -3.47554898534 2.31205105097 -0.0304590612618 2.57224265419 2.62771957979 3.03494223593 
-12.3280918688 5.30093832155 -5.22628558038 7.8162279799 -5.46555290521 3.1441466396 1.96740129862 1.26410375461 2.30264809253 2.19593425478 
-5.01781244136 8.45842076957 -2.7390512766 6.91853685371 -7.54753697729 4.5652621561 3.35764764349 1.22488966878 2.06861039768 2.33281222459 
-0.0154360385467 9.19658856022 -0.957454343205 8.24054123222 -9.20697533521 7.05612240645 5.91785081713 0.695221034775 1.46264190406 2.50432345448 
2.12797070077 8.21478570282 -1.88345566235 9.84712049608 -9.68931569345 11.4410015546 8.51798493299 1.52720700109 3.37267042121 1.86824854136 
3.79083648867 9.65504004118 -0.624891643332 8.10056018583 -8.98575355652 12.5713674181 7.00024558966 3.88771334458 1.81320195173 2.68661438997 
2.10933916232 9.00908477661 7.40671980133 5.64247692531 -4.58290737695 12.6843536208 4.47908811423 3.83316686326 -0.252382224284 1.90181177913 
8.2046782439 13.7658140521 8.78127585797 -0.486079667963 -2.68382232533 9.33848123401 3.50464659181 -0.0523878626834 1.04139468782 1.25155640835 
23.3091988075 24.6760933989 22.5416633858 -3.38743598733 3.57148540799 5.17135730511 0.912653034748 1.06622786338 8.26892551247 0.114352056674 
16.6931185984 19.4307886147 16.6149629772 -5.17588475265 -0.611897101683 0.234063846914 1.38411271821 -4.64372213931 6.80424057034 0.2753394617 
13.9111625412 18.5336071988 11.3237554699 -0.163113287452 -0.946093807367 -1.44356082459 4.20607533547 -5.19617514236 4.04503653974 -1.3358521085 
4.75117438601 13.2241063495 1.71903105337 5.06353366159 3.29023063567 -3.50012219327 10.1305912159 -6.03007902683 0.549826027833 -3.73407511933 
-3.47274850189 8.82537001396 0.775277154325 4.51840399655 4.11827146695 -2.74086175564 10.7919101371 -0.91408991917 -0.431287615299 -3.51091837051 
-8.20318426922 7.85501880525 -0.483343431777 4.83683931868 3.52660287074 -4.39027930601 9.126881687 1.99263270682 2.0303277967 -5.06632246004 
-7.67162038258 6.49123577944 -2.1344703735 0.727968600299 5.45447703625 -3.98631709598 6.90096664756 3.17103218479 2.47082829337 -6.39759702808 
-1.34198927232 8.4844553426 -5.10498347825 -1.25488158303 5.14079082691 -3.58840233558 6.3137060424 2.76820276687 3.80711049774 -4.53765924166 
-0.775554696763 5.97937112378 -8.23889291445 -3.43958318846 5.85788159713 -1.5972880561 4.73905932629 -1.51693245128 3.09740703624 -4.66611201183 
7.40357832045 7.95970458938 -11.7601634842 -4.61585799645 4.02445835668 0.395503715136 4.06000729979 0.345545857852 3.11683467656 -2.0978842357 
7.9548054417 4.90499395754 -10.9187565689 -8.28726683514 5.12537760309 -0.631705002363 3.28378900063 -1.12042939499 3.83661804757 -3.36593815471 
10.4999794239 2.22962112095 -9.30508307741 -9.27074701275 5.9790958292 4.3968688934 0.870804060976 0.245476317252 1.1727476495 -1.73856414415 
10.9565919754 -0.24990227742 -10.8406742159 -8.69482706112 0.883181693141 3.9702398442 2.12383670559 -1.418270039 0.0449124963683 -1.29361934617 
14.7446541122 -0.868551567106 -9.02042670271 -6.36004482088 1.19199455148 3.66410810941 -1.81317128681 -0.590453046445 -0.444456870679 0.644368986757 
12.8472340519 -4.60825483188 -4.73422202923 -3.90693867738 0.753641454804 1.04536929955 -3.73741800324 -0.0451459678287 -2.31460185354 -0.457234880338 
20.5381904514 -4.77300388438 -5.80319945066 3.31638338089 0.604631732668 3.1825327118 -2.9948833979 1.35714158151 -3.20103319298 0.0949719115953 
33.5181584089 3.75277507709 -6.97698904235 1.87934128601 5.35839022471 4.36785620202 2.22865393697 -1.55721476717 -3.42753446707 0.711664745134 
27.4976986519 -5.78351339797 0.352346410227 5.50411778654 2.62612434638 3.20936031403 2.01684740976 0.423435462625 2.55138649825 1.08851114371 
30.106241722 -8.12525087727 -3.00075853754 11.6610076778 -2.31477239463 -0.503226468382 2.76494511728 5.72463119679 -0.930902695374 -2.60731998738 
21.1920665069 -11.4465071153 -2.49166947026 9.46489286373 -3.92323795525 1.61447241075 0.205364217004 5.66495430004 1.56644360943 -1.33426905593 
15.2708616958 -13.6143409807 -3.40598537602 8.30798124095 -4.93616229217 0.48677827894 -3.16173058757 3.30144500705 1.01341660807 -0.562246567164 
7.87012746329 -13.4707627497 -7.40060781647 4.55043349133 -2.82106439377 2.71445134792 -3.15708383553 2.6010723382 1.02356962069 0.627238704744 
11.589110633 -5.07372285046 -8.38050227529 -1.27067062658 0.242503172703 4.94227099649 -4.58831954237 4.81620541749 2.19142638034 1.85225899375 
9.78117222219 1.43451637423 -9.42895935218 -3.89027559931 2.00018462618 6.39935042184 -4.53765332497 5.43444800688 1.62344774579 2.06937055348 
3.63614578918 0.641552506642 -7.24723273752 -4.71253428359 2.54091778172 6.09013209494 -3.46873259202 3.00205437433 -0.450636826075 0.3468815009 
-2.51529658187 3.58143735402 -7.03266225025 -5.2534271113 1.79498912974 5.18763627464 -3.56903503995 3.27363932146 0.35395851139 -0.47643869313 
-3.16932884232 5.59728104602 -8.85336406489 -1.93552633782 1.56150703576 5.97949786988 0.104022021323 4.5209789435 1.01516676508 -2.02741853941 
-7.30998458127 3.22566916052 -9.4642077413 2.78517731593 1.28698001672 3.04342690663 1.34393996701 0.833308868763 2.43057265076 -1.39565179188 
-7.03327823412 0.365949051405 -9.40213448674 3.53761859364 0.823860129673 3.65598843536 3.53777845134 -0.602915937328 2.63645312202 1.77904009331 
-6.56891275636 2.29375083033 -7.72613977257 2.93255336531 0.899603535267 5.36224118861 3.61878477357 -3.11210430999 0.0575688199897 2.57150177954 
-4.02012240774 5.94477241954 -5.94004641816 3.30780965439 -2.08567158685 6.78232594355 3.12407625486 -4.8237957266 -3.96409881958 0.719239485848 
-9.20252052557 5.80774546942 -1.89866893898 6.67652849431 -3.40055874851 4.91801480654 2.11350559284 -4.88044350822 -5.74902570046 1.6121349249 
-6.75464720356 7.60812156757 -2.71503998276 8.10418398787 -2.31498613496 4.20744934313 2.75612620759 -3.40725509333 -6.02584765304 1.12413055638 
-0.633568942374 15.7900611923 -0.662107175371 8.67117068684 -3.94196679517 2.90722729355 2.39255025797 -5.39347127759 -5.51226674554 0.00644767815393 
8.94880073418 23.7085859332 1.64451458964 5.84611234576 -3.73178580919 3.14080469175 -0.95621911525 -3.1285173647 -3.43517610643 -2.15737969911 
14.423887459 27.0585892915 12.3517967581 0.785386866873 3.19280711816 4.78241458392 -2.90712619465 -1.85605262418 4.72300853963 -0.956303212561 
25.6997635158 25.552653773 13.4523960021 -2.14776868037 10.3793951436 -2.62385566531 0.0165073560857 8.82834914423 5.18796495715 -2.69580824016 
19.338753673 26.6033451598 4.70703890326 4.98971385523 0.903920894625 -0.102968021766 1.74695146736 9.30519938036 -0.728444651214 -1.4142997782 
12.9417539123 23.6466138679 0.680504807843 3.52868594502 -0.516163937157 -2.14193774478 3.51526999262 9.04847904934 -0.719057721057 1.04284230297 
1.32066394531 15.8052459241 -0.572370400963 8.42871251098 2.96435232234 -3.45767998427 7.40043625201 5.9328933188 1.11915915355 2.22290734382 
-6.92805538598 10.3517805895 -1.42422383293 5.77221280962 6.68752242769 -4.6536144573 6.02846069465 7.20874399212 0.410376043421 -1.4649484605 
-8.30059601321 8.85305649987 -7.23401267226 4.74535249413 4.94454792474 -4.4317189891 4.63354580173 3.09180758923 2.38551740161 -1.2541424956 
-6.3129914117 5.41510002757 -9.06666757002 2.62601702678 7.74375064242 -3.15979944651 3.58464171144 3.16016445296 1.84802926941 -0.571846683085 
3.87700336637 12.3663130028 -12.3407212057 -0.0148057322621 4.75792863656 0.394870649188 1.98545500291 3.22982296635 1.24902787586 0.10767148768 
1.25544257424 5.07353690731 -12.5234575031 -4.4058227793 3.32099258009 -1.61856225703 0.657371150309 0.0671266035835 2.01847213918 1.00707210239 
5.60553370369 5.92536810154 -11.3376833514 -7.08274042604 2.06390260658 0.512509688111 -1.19073451594 1.26152425659 1.29812997566 2.75651507737 
10.008750759 4.27016827849 -12.8352758299 -5.21140141494 0.352681603285 1.37681599853 -1.02158880489 -0.0697472914841 1.66926052965 4.27204333907 
20.7940030936 8.33256318961 -13.2632930428 -1.48418041029 1.11611169484 3.32648606846 0.345284094813 1.95669290595 -0.360020362091 5.50671246566 
25.5417414188 6.94632452681 -9.81582980901 -0.193432958314 3.48025046553 4.41353584031 -1.03719788726 3.8015872393 -5.54978176992 6.09348262329 
31.4278797488 2.74377202404 -5.58814036533 1.46768388695 4.0700098984 3.97127432569 -1.67284642421 0.192794339363 -8.25352012121 5.51454495375 
32.4704755571 -0.283038691651 -3.48868316802 3.27124755782 7.35094563627 6.09419054287 0.3679945142 -1.10989991844 -7.58585226501 0.40522746243 
14.2665377217 -13.5864122227 4.01976490935 11.5178992718 3.36087357412 0.183900373877 -1.70093280134 -2.06254744039 1.85764539524 -6.47764042163 
20.2321168462 -10.8950969052 2.62352035328 9.88895957188 -2.40648113761 -0.806688735372 1.75059230802 -3.25759828715 0.728969567046 -3.13443716291 
21.4554374718 -7.39275567162 0.644504571192 11.2612457801 -9.2897383198 -3.02570349264 0.724847298327 -3.69951113402 4.67250750177 -0.512009962544 
13.9348981297 -8.34297069597 -3.09553620433 6.19436274533 -6.81712984375 -0.541775781056 -2.52716626476 0.335351940785 4.70804317671 -3.50644247565 
10.8497603271 -3.99745579732 -5.59001035725 4.14922059123 -5.7613309683 -1.19515958628 -4.62347426162 1.24075557523 5.87117621056 -2.14703484035 
7.21792657529 -0.565607215239 -10.2189766512 3.22758059997 -2.36717263138 1.02776563674 -3.54077224298 4.51303560979 3.9468714061 -2.16382050034 
3.62170243275 -0.524706036425 -11.4634228349 1.21579832937 1.94990812757 3.88823238966 -4.35848191126 3.87018947622 2.05901377651 -1.09669117906 
-1.85180686206 -0.832809778379 -12.644737144 3.19682190284 1.89340269662 2.77796850773 -7.34236618702 4.87601110666 2.61982953906 0.0433910448772 
-4.00619794218 2.27645706624 -10.3050848848 0.175809884969 5.71373759652 4.98863954983 -6.00661786698 5.32378487322 0.822528223907 1.14140615146 
-7.40321725678 2.02199677356 -9.19001921886 1.10092020578 6.69890009608 6.96667778683 -4.08504271055 4.74282241775 1.17487464861 -2.03797831925 
-8.44860193379 1.82596339144 -10.0321940975 5.13769183575 5.04636865618 7.62118169646 -2.14214049576 5.37744992916 0.639581670064 -1.91099826689 
-13.1708987587 -0.219994842222 -7.45811114123 6.73606396005 1.98802085924 3.60510362276 -0.888518807424 0.952838918814 1.85535271398 -0.570616866559 
-15.9312055498 -1.83960332737 -4.06908048352 4.74553057901 1.28090406286 4.35227619599 -1.66490258881 -3.34265895615 0.96392002521 0.827378874159 
-17.2339814782 -0.663971201861 -1.43605145478 5.83311953542 -0.807657140314 3.0435487526 -1.08191180505 -6.71282899512 -0.490709316012 2.21311883204 
-15.5589727204 4.14850215946 -2.25519320703 10.960267061 0.645140108239 2.21921330026 -0.956120883544 -2.63513043041 -0.672510143688 2.15545309803 
-9.83742154134 8.85224083889 -1.6099544179 15.0597840767 -1.3190888041 2.16799493266 -1.3229405452 -4.76084833427 -1.99370222921 1.85191455232 
-3.70448722857 11.467487371 1.18578287873 12.1619957995 -1.40080094488 2.01446661614 -1.10053264765 -5.95944362879 -2.38600554101 0.632754427798 
3.73765617387 22.1880879084 10.2278889579 9.08082611489 -1.73751570707 -0.698276882363 -4.39660720089 -10.014975186 1.08727877216 0.713066834118 
14.7106353948 24.789988572 16.734850599 1.7467965508 4.93117490825 -0.545112961616 -0.274628654456 -4.33447237719 4.52752039783 -0.493818057098 
15.0050041125 20.9387389172 13.5646645488 2.93475262978 8.58492208476 -4.35552446324 2.37445443968 -0.37193117587 0.659030659367 -2.46229804006 
1.29729182157 13.9318222163 1.91521630369 11.2307063139 1.18366122857 -5.56091967118 4.96346488001 -4.63680354072 -2.15925373215 -0.914945710111 
-13.299173109 6.38073592168 -1.1750310094 14.1530764229 6.25934861088 -3.34112305519 5.87169963938 -0.116304715565 -3.86616541207 -1.60210940509 
-12.0541677026 6.7170310663 -6.67151420535 10.7994338177 7.47426890907 -3.03775162423 4.81644480704 1.63563196559 -3.51341879291 -4.68385008686 
-12.9334977278 4.94044794451 -6.62799989006 7.8612416712 6.9345015108 -3.54220945205 1.6750589836 1.58714839118 -0.117037603962 -4.16416623631 
-11.1681624401 2.24660011514 -9.25868196992 3.5991867362 8.19077127356 -3.93621801416 0.368257240791 4.23970784305 2.99930078559 -2.79150118643 
-1.91968169102 6.76525634312 -10.0295237594 -2.70841690496 6.49737913519 -3.5314264943 -0.899511866159 4.38922540801 5.4444126689 0.21228797087 
-3.45700690815 1.10222087617 -8.70787902267 -4.45586073422 5.86722876169 -3.71279762941 -2.88741535063 3.37109741378 5.39344152751 2.84809679324 
4.41474859975 2.69084647645 -11.373682385 -4.396154161 3.65500209295 -0.180827503334 -0.962585729471 -0.226259044536 1.9575022997 1.95416521119 
9.25044212358 2.55188643616 -12.2771996785 -4.24878025901 3.66345983117 -1.06565583688 -0.487292185553 -1.13849588106 0.235137462945 1.42450697304 
18.4732171271 4.6833664738 -10.2692423441 -2.97247086294 7.74774735464 0.593388907792 -1.08689673701 -0.733822784079 -2.5167286563 -0.840731189031 
16.8891578844 -1.30829305017 -5.0896862007 -0.442020588559 8.48984161562 -0.413156975082 -3.62262913395 -3.0218508267 -7.20670231329 -0.703387496557 
21.2668875082 -4.73384827612 -6.39674577558 0.281437086167 12.5387583779 1.93591938956 -2.13979037419 -2.53961206028 -11.5656074054 -1.21636426015 
24.1388308176 -6.11954115624 0.430551297971 2.69558296658 13.0641950157 2.54205824559 -3.63965125956 -0.869535226799 -9.86483576432 -2.91913533359 
15.1707906372 -15.8511288441 8.35335200243 9.06742565345 2.51176114765 -3.83853186693 -5.98232586119 1.67387086061 0.274905013464 -2.2780553347 
14.5551456661 -19.0812936997 2.75951732542 12.9640016517 -1.76848506038 -6.56001865974 -4.91366858494 3.95709110753 1.88352612412 1.32329145119 
17.1471144044 -10.9467089107 -1.61858194218 14.5300141639 -6.22797964925 -7.92193939374 -2.88102649833 1.2437411544 6.1618071043 0.366399339693 
16.2988489948 -8.53509023823 -5.40630741141 11.3057912096 -6.41777894016 -3.69581608988 -4.02574299873 1.17351618081 3.48437096916 1.11815648779 
10.5364983153 -6.94624457421 -7.08917664488 6.92405065604 -4.73039815621 -3.49639847946 -4.18539248092 2.11271872409 3.17019205819 0.364782965629 
9.37546770452 -4.71942921308 -11.0715901065 1.60281844149 -2.15592479045 2.26488529125 -4.73864599916 2.00520944584 1.71598225862 -0.468967238294 
1.59931082737 -5.48725485001 -8.37830891898 -2.17052614514 0.245983703124 2.82798200628 -6.58821082421 1.03970230261 1.92658445529 2.33308923407 
-3.40841747302 -5.16597011707 -11.51608862 -1.46014536051 2.57411660055 1.33917203802 -5.25634995993 0.842690023914 0.439659482524 0.241965273058 
-11.2531025074 -4.70554500311 -10.197385326 -1.38766035085 3.80916861175 2.89445585412 -5.56740486652 2.48265513314 1.65885431969 -1.15829350515 
-13.8773097823 -3.02502149497 -9.83505326072 1.53795794931 4.40822543058 4.46355725499 -3.05356441707 0.758223909555 2.215243302 -2.1006768398 
-11.3007630734 0.554533447117 -9.51961432097 3.02738296925 2.79429182458 4.82191058093 -3.1236788068 2.12522240432 2.71983120674 -1.65139492843 
-13.740098824 0.246752262781 -5.9916766254 3.43170864966 3.46651171468 6.41022353235 -3.69745773436 0.418475266391 0.467506049074 0.501447462599 
-13.4203387275 3.12271322002 -7.78340941428 9.09178315379 2.82105998244 6.66710468739 -3.63554245014 1.42725545331 0.333478772405 -0.442517605559 
-12.7158598739 2.06093294085 -7.0010225978 10.7800236853 4.50527862832 6.30619353912 -0.542133082502 -2.64608369836 -0.822042542954 2.50013213988 
-12.0102751889 4.89045257103 -5.12717772169 10.6133399366 4.53887769583 3.51127445087 0.483927082007 -4.80603509962 -2.00873147208 0.291116155397 
-8.28880353298 8.81128276893 -5.14800067348 10.8919527327 2.08700019103 3.63908112598 -0.43866398869 -7.20799469401 -0.774945300035 0.740499975737 
-0.243667763662 17.2352103359 -2.96903886518 11.7776066096 2.01863476349 5.13653536612 -0.559327211732 -10.5455014514 1.33287079079 -0.562658502615 
7.11289689386 26.0031803487 2.03346861729 8.69822815198 0.470555003626 2.57475748205 -2.76949950124 -6.64153368348 4.21439334557 -3.40610611532 
17.9438778162 28.7583814659 10.4685305935 1.06430678046 5.0514483318 5.1499239867 -3.42600982108 2.19554597942 10.3525556735 -5.32216989841 
26.1646253725 30.869831714 1.46841731987 5.55568558926 4.80058820116 3.325795525 1.96018327291 3.32788380227 6.11644381415 -2.36783855461 
13.762627566 23.0087304173 -0.293969424983 10.7598935501 3.69726932135 -2.8681834461 2.98349002238 1.516989996 3.30087394225 -0.136142489001 
-1.7953870582 13.3946883997 -0.124149215024 10.5833647562 3.36999758804 -6.24847604552 1.68010087275 1.92283795814 -0.317856431185 1.25019025407 
-11.9473754749 5.79194573358 -2.99085454274 11.4963643116 5.02826159982 -7.85702806677 1.65963581749 4.82799994409 -0.451830003865 1.076059614 
-13.4869810124 2.12648341218 -5.38800442466 4.9044184771 6.76156530354 -10.5982097173 0.238935967157 1.35942134295 -0.210962915105 -0.933454282631 
-12.7798494842 0.448187629334 -2.04219002905 0.480284234307 8.18453328951 -9.93094806462 -0.749772497175 1.69368540297 0.149383981815 0.798063721444 
-6.78580535496 3.69022151159 -8.30838468452 0.258998147042 7.47250137219 -9.57902305122 -1.005555113 1.31529859152 0.353920829338 -1.42735164103 
-3.04691796131 5.6339889317 -11.8007079141 -2.72442777533 6.35181359782 -7.52489638722 -3.67476325273 -0.890168267047 1.34140774078 0.877571867534 
0.677410764016 3.50866278089 -13.1867325945 -2.68619401893 5.52261768467 -6.75780429542 -2.74655181102 -2.04628538836 1.61061208228 1.99431153463 
5.91138419784 2.56601568752 -12.545053356 -1.74226616151 2.73926319182 -3.94053505223 -3.77894074057 -1.33684713618 0.457026184488 3.98762369704 
13.3620555077 2.15124846044 -11.2863737163 -1.22776934652 6.51671190055 -3.58590252296 -3.34426132269 1.47191554038 -1.73818542652 4.45413547714 
19.0826820204 3.88384822883 -6.14525662789 -1.91161519667 7.98109670596 -5.40091545478 -4.75119377452 1.11055482976 -4.44395330675 5.89389511881 
18.4690214395 -0.641893597595 -6.15937332038 0.304629299823 5.83309909824 -0.027511039824 -2.74567300892 -2.75672287223 -5.01032518327 5.48492124274 
26.4945811946 0.230556565584 -2.96868059353 5.01656003519 6.58807041597 6.4314174278 -1.59267467435 -3.21536868821 -8.18000119891 3.53303513906 
18.0195964349 -10.2358233117 2.03854277656 12.0729221019 6.02705405582 3.28182518232 -4.76002493277 -1.08800745532 -5.79256397334 3.48725909508 
12.4357992947 -20.5752217935 -1.7262935478 17.4229664963 -2.55829760562 -8.2344507797 -5.88361433004 2.207009775 -0.35944442165 2.15870810659 
4.77894985473 -20.660888625 -1.8837081128 18.4091431258 -5.66808894108 -8.58331926566 -7.01644428288 -0.0840115148667 1.45757930407 4.52648526747 
8.36316040444 -12.2718504999 -5.189515261 15.0216431213 -6.19222598277 -7.95053343454 -7.62649555278 3.96229161535 0.694832498797 3.0226655914 
4.37363531716 -11.4819075563 -5.60502854689 8.83092409284 -1.07481800515 -5.81197477122 -7.68581345087 3.13702498226 -0.032373397269 0.61471630482 
-0.328653832602 -12.3121914205 -8.30818200138 5.95758376363 0.569418457249 -2.11226282717 -8.05820402394 4.61660078776 1.77697420029 0.421767657761 
-1.45202685393 -10.4655950408 -10.162337309 2.51207670422 2.22225486527 0.455407727101 -6.66295316791 2.7121610805 3.45395326308 -0.0668095771865 
-5.43044014385 -7.86889416782 -9.19996664616 -1.75098534689 3.36582331722 0.0341450616349 -6.54407356451 1.04900622865 2.7355948203 0.0396904594444 
-7.416414799 -3.45440389416 -10.9253919268 -0.184550762973 3.10415847518 1.75846317164 -6.33896497043 0.708924438389 3.24171779407 -1.06439092954 
-11.8306157885 -3.67017392607 -10.1485784086 2.02041425284 4.44613809622 0.754887813736 -4.74013748374 1.97633276907 2.0985862869 -0.829929994302 
-16.6648571696 -5.02793028187 -9.23867273652 6.41635517834 4.25674861818 1.53764022296 -6.27735402032 2.64802363363 1.52069074162 1.28829693826 
-17.3744128023 -1.48202332861 -5.72764164339 5.53063342069 2.62647309289 2.58987785154 -6.22497629712 1.36464074453 1.08708700684 3.43616244091 
-19.9789517121 -2.11702649554 -4.20137745766 7.39856768902 1.78691298319 1.22146432842 -6.85793673696 -0.125485241748 2.06336760073 2.23692399687 
-14.948787309 3.06246950639 -3.4827283268 6.00420572358 1.90775681898 3.20246204474 -3.95811913101 -2.6362486801 -0.63628999374 1.73274759497 
-12.8768705533 3.51297508532 0.0229127845136 7.33103901037 2.39145414285 4.26081735149 -2.09178980084 -4.66087353581 -1.23235113816 0.929907970399 
-2.86995325301 9.48583936575 1.02743718476 6.96150178287 2.08944463688 1.77766468874 1.38166704012 -8.78027415991 -0.609765579082 1.11592516482 
2.36221675529 17.6321630542 5.99702167646 5.44329693217 2.04189850437 1.85738218473 -6.89242619084 -8.51486371631 6.08946067616 1.27099867958 
17.7328804413 21.6268257197 11.2953234622 2.88698109251 6.85869935178 0.108788968635 -1.63800207293 -2.25211067691 7.07191466605 -1.55193814341 
9.9785565769 18.7416619423 8.46440503923 4.0577877572 4.2899921795 -2.97705023385 -1.16068832948 -3.75586112299 5.08201304152 -0.848763257151 
1.56897300132 11.6050537922 3.09397306253 7.44445368023 6.68181531971 -4.12964477771 1.52894842213 -5.98701078613 -0.720871232146 1.69178443659 
-7.11320768776 7.18931731058 -0.595520687234 8.13171350069 4.83972844562 -4.66634249617 2.92487502491 -5.57286315036 -2.72573967686 -0.0557738164206 
-11.4435043046 4.33893381857 -4.7513009181 7.50644746779 6.70598202611 -4.48098155172 3.18557159014 -0.314500139078 -2.55862887265 -1.4889879546 
-11.9962141086 3.40183633104 -4.62580549139 4.92885661355 7.72945729858 -5.34324834254 1.7138289554 0.137661015699 -1.54724787835 -1.85801332398 
-8.37548115177 4.0585027228 -7.35207962668 2.5393939779 5.32602835017 -5.37736293903 0.283390831839 -0.866574397844 -0.0823322487395 -2.13342491003 
-2.43577819887 5.01735868815 -8.28174235954 -0.276612660286 5.39191890552 -4.83809820736 0.96717179952 -0.461328926791 1.10568550836 -2.33627599905 
3.05112143267 7.60270743237 -10.7894827185 -3.9723186376 3.53155097788 -6.3021300903 -0.404919434243 -2.33097507326 1.31773047095 -0.669703067826 
6.26765703053 5.12318888392 -11.9222344904 -4.54592836061 0.0657871986183 -4.05040239898 -2.51453419825 -1.81230537312 1.97327518248 0.163704833802 
11.23679567 4.90281346249 -11.5017828489 -4.50992247207 -1.73086794729 -1.27497309986 -2.37274139746 -3.20434439457 0.617843231125 2.23171678583 
20.3050266643 7.4386371071 -11.2404266539 -0.287013359134 -1.63834780529 -1.24519083153 -1.30902131477 -1.29430264408 -1.13959065858 0.0696472410507 
18.5019273555 1.72497965298 -7.80155221716 0.852447118875 1.12940444791 -2.70168330974 -2.63456115471 -2.81235774486 -2.12411021048 -0.0376772402668 
26.4783446181 4.73310738442 -4.63216361694 -1.62456206891 6.55991676036 2.64068498925 1.61404992888 -1.4779452713 -5.10515781652 0.892137191096 
28.3380141721 1.80217264324 -3.33487301639 2.0278483349 8.8964887322 4.85691147736 2.79082604674 1.76038400448 -6.96949428399 0.29923502519 
21.0666752127 -11.7244727754 1.60589787914 5.50075331555 2.40584986974 -4.30414001393 2.43646668777 -0.631098566574 -1.89634559891 -2.44186865673 
18.94199803 -10.6315369853 -2.56144218885 5.36837519321 -0.582075546364 -2.96865577657 5.95801426436 -2.71285674888 -1.65059589162 1.38506952154 
20.2711639427 -4.16300436977 -1.95433445378 -1.3160995102 -1.20265498314 -4.27049434712 3.74933314797 -6.6118781322 1.58005125099 0.419512682523 
18.2128349873 0.6417466772 -4.93709527553 -1.30881872375 -3.28594090109 -4.2158280381 -0.800530685234 -2.44345458963 1.25968120322 1.02660613917 
16.0428390576 -1.53706762904 -8.49278650385 -2.76336164338 -5.13054273214 -0.169078029371 0.624590072689 -5.00003178296 2.56822265846 3.04029409095 
9.00012843111 -0.932327422424 -7.79805763803 -5.32997910981 -3.03311568321 0.232338961288 -0.615066585046 -2.97822814634 1.11352031881 2.48459791831 
1.72092347234 -1.06112298566 -7.00698284735 -7.15130226475 -1.61965786018 3.49631153006 -4.52169479568 -0.880543112524 0.310428866593 3.56385232013 
-4.34061092578 -0.717273423072 -10.0482596117 -4.11796247012 -2.27599205256 4.63952354244 -3.07508398596 1.05081329268 0.572471238792 1.37273529371 
-11.4722055426 -1.47809551438 -8.333626083 1.67057076483 -1.72712422693 4.25878741626 -1.59850450411 -0.62209723015 2.17219640076 0.965808851034 
-14.3732325853 0.282107444061 -8.54335495033 2.14020606822 -0.998405815878 4.11413611621 0.516480980274 -0.328977547897 2.63359029116 -1.98597132182 
-13.2319309303 2.11552433694 -10.8909443875 4.04317145179 0.851327694714 6.12901686039 1.5770421329 1.98181104861 1.93423884888 -2.3947733363 
-15.4988359293 2.30920650753 -7.60939338222 8.9058317749 -2.77660259686 4.77565439589 0.589552681636 1.26209435424 2.84674052363 -1.14282876673 
-15.4936936286 4.20580151807 -4.93861298504 6.88091360715 -2.17691412406 3.56824426308 0.596323854358 -1.57690910113 1.86043563453 -2.76014299469 
-14.3950880039 6.0462984197 -1.96550298707 5.29294754604 -1.39145532174 5.26436462429 1.56360225565 -5.51101817617 -2.0854874818 -0.637662792973 
-8.3666776207 12.7066722842 3.33552567033 6.1183998288 -5.73969073306 4.46070390359 -0.323126557991 -7.50692805674 -3.90692217314 -0.214643701233 
-5.42348746689 14.8216229861 4.38051725447 5.22643691947 -3.30668736566 2.68452849139 -0.412519854555 -7.9703839781 -4.17098947984 -0.336527863099 
3.22804490274 26.2805442303 9.6200804548 7.63248864172 -9.21526154272 1.56009463457 -3.88047595379 -9.56593541974 1.9051660494 -1.30244795182 
10.6051471411 23.074077225 17.9303028156 3.15676607042 1.60296273689 -1.99186234374 -0.997821054041 -0.800998939072 2.10173216007 -2.03288037749 
4.10879188404 13.9602112686 13.2780196507 5.41557977856 3.36240494766 -2.56935005309 -2.03621943216 1.05842298464 3.01817967075 2.59825333385 
-6.18692445741 13.5406740799 8.38856995463 8.51433242015 -1.57479906858 -5.13879804597 -1.24931274033 1.05012713958 0.814151416407 3.84914097382 
-9.62051560622 10.6657967432 1.67732230006 7.37550924012 0.254135329119 -6.61096945601 3.59223646872 5.03067057935 0.998529232438 1.37417572419 
-11.3823450044 8.87668470418 0.856790323586 6.95476013528 2.78303529634 -8.92403259677 4.69328386409 5.16189442186 2.14977442028 -0.0901682668446 
-10.0158885685 7.68936761217 -3.06785633564 1.82750848097 2.33421039725 -10.2700325547 4.77248856336 3.16142035241 3.15283175744 -3.94088445549 
-9.885525786 4.28680417349 -0.770547160313 -2.43869656409 3.1714006685 -5.84939233431 2.91712521105 3.58881639763 2.52724619441 -2.73247145621 
-9.88441662729 0.0261239317836 -1.83359208984 -4.37110527936 -0.0958416969829 -7.71690879639 2.19155889091 -2.29265609677 5.17950701085 -1.12679118279 
-2.75612699855 1.28381662381 -4.42081257647 -8.663043343 -0.0296085645587 -7.57212450114 2.13374321689 -2.34338786718 5.32343426376 -1.91819760118 
0.874593832828 0.0098800563317 -6.30824737565 -7.98737540212 -3.18997736522 -7.07919347581 0.871072854551 -6.03719634834 5.44436677185 0.359786535934 
8.63169576844 0.444659294688 -7.12940070259 -10.0174891141 0.479806470417 -7.17795959708 0.855283395733 -3.96639850427 3.54677463973 -0.205307277473 
14.3130391717 1.71469162791 -5.21742273977 -9.04872859709 4.30013302948 -7.68483660067 1.29363373497 -3.70567333053 0.975068848869 0.02735782299 
15.1662462821 -3.48692087029 -5.03006696042 -5.9249443437 4.60243651215 -6.81815320508 1.26765090773 -5.94755871224 -1.58739113001 2.92214129377 
15.5346872716 -7.80869091543 -0.831588528659 -1.20979319143 7.6418360454 -1.42131976839 -2.00621590762 -3.45586484647 -4.31753433427 4.07535797408 
13.7250345243 -14.1732035083 7.57496686876 0.782632888268 6.08484487339 -0.545107355813 -1.23121281617 -3.50720060907 -3.84940327372 -0.786886209997 
11.0233230345 -23.4797890738 8.97533117785 10.1948746082 -3.1531520724 -6.52990775078 -4.63453580126 -1.5598489417 -1.00405946239 -2.47156580672 
13.6610688633 -16.18869449 4.86749420852 9.25410802631 -7.13051437208 -3.90856284628 -2.76241173917 -1.90743646094 -0.189077704432 1.72149048592 
18.4806392354 -10.8896519537 1.09815768832 7.87030008165 -11.4041020759 -3.56596898151 -2.47364025476 -2.4976396755 0.714650813015 0.702017142255 
12.0930811476 -8.76218265088 -2.86106470166 3.93791446451 -5.98048119683 -3.55295258612 -3.87469311045 -4.7659215387 -0.861173795981 -1.95461561011 
7.50728798208 -7.39803207915 -1.16180515244 -2.06600294398 -4.21120170887 -4.82168824636 -5.18130975796 -3.99284573792 0.241113560487 -1.28137166254 
1.22601106228 -3.50994040206 -3.77123125382 -1.31343010151 -3.90040081083 -1.95551974039 -7.3839096679 -4.01145053314 2.34106986693 -0.209729486381 
-0.898351584298 -2.2015308476 -4.44584915574 -3.62463122918 -2.31269369622 2.82953996027 -6.70139001144 -2.60539581225 2.4537973409 0.740635065761 
-5.16594774854 1.87052354356 -6.67305051671 -4.21435507127 -1.65306224791 6.74165601848 -6.79541830078 -0.845384734584 2.04127872207 -0.202156953619 
-9.18865295328 3.00159780077 -7.99938010886 -2.51582433299 -0.944314709929 8.04048856196 -3.64505178055 1.15488894023 1.3805373459 -1.41591417137 
-13.2922795196 2.42599584774 -7.78471443473 -2.0049552783 -1.38382006417 7.16526775299 -3.23960507974 3.50256441847 -1.79259715453 0.351553809311 
-15.4648966164 1.12047833568 -4.60982639146 1.00758691141 -2.48459524121 6.00868357099 -2.89994964105 4.95365893306 -3.04917665544 3.20523185943 
-11.2416566969 5.15070068943 -6.95189250853 1.54427843597 -3.17140555183 5.31912788372 -0.449901347944 6.24396662811 -2.42083851661 3.3493860023 
-18.3458252311 0.510658901704 -3.96185145935 1.77566312402 -0.226344837722 2.58082697879 -1.64421187197 2.04765382786 -4.57424213554 4.55229738765 
-13.4448179392 2.75268868855 -1.54454566676 1.2986637935 -2.00621100178 2.04626113459 2.63682034888 -0.107629077492 -7.8282230492 3.04258189437 
-10.9484005151 5.92383330631 2.12554121186 6.45875963976 -5.22156840598 1.09605278346 1.74062789239 -4.56622863136 -9.27488596819 3.72810258616 
-8.02093531835 9.36306353285 7.95782549272 5.60537608289 -6.65459421535 1.92250986096 -2.09075716424 -5.15100321304 -7.09466838203 4.20179998088 
0.648218459164 11.94787516 7.59837186566 2.94080258021 -2.91661929601 0.474939443956 1.16243810427 -3.44863171747 -1.70116431123 1.70877071755 
12.6079855642 15.6328942093 25.8553008042 -8.70485114467 3.55576569526 1.02041529365 -1.57871814778 0.741297163901 7.24942945509 5.36217156335 
5.70143558034 9.30728913267 16.8048735016 -6.51465984998 3.00350848134 -1.13148721839 3.24235566764 3.56861593661 -0.181881953382 3.43779971777 
4.95727082406 14.3613918271 15.9994843721 -2.69002530534 0.466168199915 -0.932241319334 7.163713784 4.40113518546 -5.3995554492 6.6622431734 
-11.7319374636 6.13402277937 7.32614836378 0.0942715410695 2.04083054514 -4.40883188492 6.55758755601 2.44908811966 -1.8872165244 8.70781431225 
-15.4474932343 3.13252121755 -0.135016286205 -0.0648830771138 2.84198019073 -5.18154927123 6.00652830959 2.5056789151 -2.36599505153 5.27513424835 
-17.973076587 -0.766242086689 -1.51484129948 1.30390449015 4.73518296137 -9.08273071378 6.6619195645 -3.5227694564 -1.27445478659 2.49504779973 
-16.4995492681 -2.14718158082 -3.86652093322 -2.14042266859 4.84407026979 -7.57746868016 6.14954645318 -2.65882565698 -1.11840236798 2.99554230054 
-10.4209415297 -0.909028518569 -5.21088625659 -8.32498014508 3.10487070942 -5.42827619239 5.87727469914 -2.52476621095 2.01392055641 2.15178774616 
-7.85477880537 -2.82925852156 -3.72029804598 -11.5218436626 0.495098294141 -7.48263149161 3.88565863484 -1.09889185783 2.71750058285 4.37640516105 
-0.453528681754 -3.30961431635 -4.51226957506 -13.9561784014 -1.3131831676 -7.12148106429 3.37760182101 -1.72039232309 3.53219683235 3.39921444502 
1.25809824935 -6.45367110521 -2.29256300406 -14.4367815302 -3.82854196997 -5.39029260702 -0.0432389762344 -2.31222266569 1.95345063641 3.81776033119 
10.774487983 -0.960949236722 1.13604598341 -15.665227274 0.40640546588 -4.66348179681 0.17957589215 -2.64613991241 -1.4536286274 3.55289179318 
6.17601268528 -9.29163233046 2.94700257793 -9.49294516506 3.1493180944 -5.22962134688 -3.09532548412 -3.12666746195 -4.39677009443 0.979201432179 
6.90222345546 -12.676271894 2.21364142205 -6.51934463234 1.1601821789 -0.348941433729 -1.38167273763 -3.69255176356 -3.66783923363 -0.891068131568 
14.343253927 -9.25926821546 4.51522173449 -3.22300152291 0.874347245958 1.14854239746 4.27247985807 -2.06580883197 1.23068476513 -1.67435967168 
5.37003331203 -22.5254174895 8.15187534592 11.8850432001 -0.529112276379 -5.92793533829 1.0799181889 3.19994919784 -2.76351407822 -2.23255796113 
6.15582778337 -25.2790930429 6.7055002932 16.1086942359 -7.21807624385 -4.16327039139 3.82377792265 3.22279071101 0.925669616859 -0.150427384854 
12.1269619053 -17.5726348623 3.49951787375 15.7234482691 -15.8070000965 -5.09596448255 5.38539672002 2.11566768074 2.81918427539 0.00596786089993 
8.46175972427 -15.0754692246 1.66536293213 11.7491629885 -15.2253813065 -6.27165245421 1.12914233047 1.71968786348 2.82041922614 -5.3819150941 
8.23351966026 -12.732128112 -4.56350882851 9.48493397259 -8.73065206825 -3.02506884977 1.31158927366 3.25983780148 -0.0638309104123 -2.66175737592 
5.88587715893 -6.75942425209 -3.18689171714 2.6950539011 -6.33906500428 -5.34191445455 -1.46855440809 0.0264751629357 -0.139021342751 -0.172561792599 
-2.17199516476 -6.25157832277 -4.26282703416 -2.38863350453 -6.26328669515 -1.77253186502 -4.55216247959 -0.102315400316 0.122787644856 -0.478757528933 
-5.40425415758 -1.92022433224 -4.51025520845 -5.94496316395 -1.93595481779 0.491939613698 -7.26960922531 0.056106379216 0.90434661224 -0.14972967769 
-10.0110761572 -3.46159652941 -6.22284200189 -1.92628514666 -0.295168546652 1.52877588458 -7.16748752157 1.21956352121 1.28123535778 0.134953739696 
-14.5322353447 -0.837109294073 -6.84017222673 -2.0092071413 -0.234681388823 3.16868060052 -6.06102049637 0.210655492794 1.11207139148 -4.21029912515 
-15.4362057518 -0.507670407197 -6.55786517818 -0.774860877068 0.30108629433 3.05506436362 -3.57405670869 -0.97893112966 1.14763181009 -5.91110903073 
-21.0648388359 -2.63658977312 -6.14938052459 2.02818393099 0.36915284389 1.28610024376 -2.5646326409 -1.66218140277 0.267405951301 -3.35882662144 
-22.2679553296 -4.80501707147 -2.0331221324 2.2352047252 -0.241543527045 1.92826243551 1.00031465481 -5.67544811908 -0.157011000122 -2.45565306447 
-19.7770663062 -3.8485824105 -2.20801859668 2.69869282382 -0.319661845433 2.94084379684 1.26756553956 -7.25437857718 -1.62282414552 -1.23306025786 
-15.135233831 4.26858432032 4.48080852404 2.81285651638 -4.20435806261 2.03272329977 1.5318717724 -7.52500784993 -3.35213859259 2.25677139843 
-11.0733119132 7.18680049392 7.27324910536 2.0272663281 -4.95691910415 1.8967200988 -1.31317395007 -6.36942710144 -2.08431487339 4.38658798795 
-7.42915790868 12.0198439812 18.4781048543 -0.924897793492 -5.7060902847 2.39248886139 -6.734711141 -4.40894035452 1.27408085135 3.29863774368 
-4.45158566181 13.3998953585 27.891434627 -5.35664363242 -1.5225570246 0.989529054302 -8.67307003103 -0.611698096026 6.12358333384 5.95782093293 
1.50327168533 11.7463399537 25.6956425754 -3.12731438867 1.85424468924 2.33925701721 -5.02267775086 2.18174574849 2.30694568345 4.80985836694 
-7.02461612014 8.39928408458 18.9257670419 -0.961089561321 -0.0339074208795 -1.30449336234 -4.06789163179 2.87925121716 -0.49841158115 6.14728520252 
-7.79545432917 7.49286275789 12.2264714499 -0.158520115617 -1.23860494489 -5.22276201013 1.975161902 3.12426080228 -2.5588158852 7.04088804478 
-14.6647408066 -0.798473053643 5.94273837877 -2.42358415147 2.73496788664 -7.98058293616 4.69251562659 2.81018515644 -1.88398303491 6.61803682545 
-15.738060255 -0.132431534579 2.87403903395 -1.87946329805 3.31087078044 -9.45390253664 5.08745278825 3.19751855306 1.17376365788 4.03434558606 
-19.1864981417 -3.99470655903 -0.324609571592 1.28375656188 3.94677461667 -10.9268363155 4.12885849293 3.5296690089 1.30650730794 3.3061401519 
-13.0373627207 1.84671186792 -3.58926662193 -5.49929950745 -1.79629191943 -5.5565874425 4.20117383341 -2.97817894324 1.00573555827 1.30733274372 
-9.95927308222 1.54247367859 -5.15280007232 -7.47460617019 -1.15399957154 -5.12472888671 4.48400326137 -3.87556746168 2.44893660217 1.92591323172 
-6.23125771824 -0.267851216445 -6.40962660506 -9.2986519061 -2.89859788943 -8.69947551393 1.45498546182 -3.23180443857 4.91278342185 4.27576595965 
-2.7501611357 -2.50647989529 -7.75430649653 -10.8973656714 -3.67659848449 -3.73873195289 3.29664494919 -4.19591547694 3.72005643879 3.36687032653 
5.37398505727 -2.3561322606 -8.07753434823 -10.4922767728 -5.0021756348 -0.654076256052 4.03649499596 -3.96090026464 1.0388924991 3.02538429581 
11.8902720989 -4.4868383439 -6.05448894557 -11.0050072541 -0.655406748172 -0.868866289798 3.26834710845 -2.04612744269 -3.81170218911 5.77442963862 
14.1997806489 -6.76285801819 -3.72176472476 -10.7768145712 2.70962553941 4.37532108107 4.39737335239 -0.770871120608 -8.65798288379 4.3924391341 
23.2878460058 -5.85438711119 -0.0423002161673 -7.56553865782 2.51207592258 3.19023947056 5.35852285331 1.17992330949 -4.67932401717 3.38739434187 
8.51481421982 -19.4637047955 12.697028602 -0.225224131629 8.77140039736 -0.670794699906 3.09072568931 2.49173771702 -3.62168538257 -0.80621799038 
1.13284400753 -26.8998619994 14.5207517353 -1.85323311552 9.85680251771 -2.95965263598 2.26473926067 -0.211569484219 0.828380808732 0.726541420897 
17.2248049237 -16.7076577362 10.0389944222 4.54811566954 -4.19363687429 -4.95764839347 10.0569496705 -0.160242635369 3.2344540011 -1.91652196864 
17.4428082363 -12.3934294437 5.64461268527 0.218292665527 -6.80770851467 -1.26611380925 11.7107295007 -3.69512029983 0.920821517978 5.3647517969 
15.0082562599 -9.53945824047 2.13429556832 -3.55603243924 -6.1048239553 -0.0242061735591 9.94692013511 -3.96190023867 -0.731046844174 2.12700644447 
10.0297759974 -7.89940368427 -1.65399627512 -8.0530681107 -4.67101290107 -1.2435615471 6.88130296255 -2.54415804331 0.201953977239 3.97549526387 
7.13090997592 -6.84847423664 -4.78792782151 -9.45678970312 -2.90665058594 0.741446797721 5.67439843962 0.197765488228 0.7004110976 2.31810149244 
-0.14355490724 -6.97655852795 -2.30010825811 -12.3921697394 -0.280323302978 3.02023337523 2.35522945363 0.55952285538 0.711153856364 5.23735877575 
-6.13922932823 -7.22117026023 -1.67248861762 -12.3781887636 0.0665478288683 1.36592008368 -0.242168208103 0.332678822678 1.91513401752 4.92092554616 
-5.60498799166 -2.08987166414 -3.62204548706 -10.7283975503 -0.824522903451 1.78232484647 0.113925836585 -0.0931766942765 0.81937626567 2.61100576056 
-12.9006722821 -0.688643884454 -0.77853883072 -8.13628904745 -3.45330729568 2.61982937524 0.565974795235 -0.383680852738 -0.0835917754211 -1.28999113092 
-10.7030674283 5.33724748041 -0.690010688465 -3.73317992803 -5.56860569987 3.92539631981 1.71612205647 0.172965443277 -2.06496428365 -1.60792413645 
-12.346812238 6.54908360032 -0.374541117156 -0.585447292722 -6.06365578929 1.88646051514 4.12298292002 -5.09333844264 -1.85022623487 -3.09137841222 
-14.7565240554 6.3820878756 2.06250804218 3.58656580744 -6.44304499273 3.29440508706 3.16375470599 -2.16847042057 -4.06434716876 -2.6672776407 
-17.9723681473 1.96871677818 1.75709549243 4.749438401 -3.42294068184 3.33005781613 3.62813054355 -1.27204188844 -5.43531076005 -2.47928539972 
-10.0110563354 7.31449501794 1.9776313978 5.70347164404 -5.6034211098 3.46387578847 5.91517763769 -1.11710357678 -6.70904056127 -2.74541203428 
-8.39297063594 6.5887376669 7.23413311762 3.32712820623 -3.86641975838 3.27244623147 1.26909766258 -0.92219232718 -4.04783717387 -2.67736091597 
1.4476166302 16.1078630357 12.0689288921 -5.80660740644 -6.36208268833 2.36690137555 -1.12672614427 -1.74822941401 0.871275596061 -0.367106616746 
4.52862918487 13.5385584749 20.4689994059 -5.48246930814 0.384930588181 2.02662689773 -2.59725701273 2.4335539471 3.80695052193 0.679124684658 
0.988257432365 10.6591571013 15.7347160996 1.81434096333 -1.6536134362 -0.979643099955 -3.31231401849 4.31504039712 0.143647555561 1.86636261691 
-2.32093548267 12.6408961376 13.423641182 4.08844208082 -3.54822563854 -2.0953244452 -2.12434051987 3.13007433194 -5.53836789554 -0.204220071524 
-11.9502201325 7.66610354156 4.97975513041 6.90831802039 -2.97456526762 -5.17714721632 1.35041033889 4.60058021675 -6.35400084464 -3.39096129338 
-12.8945578481 2.63449217419 2.57372065324 1.99345540067 3.36266916746 -6.25876557361 3.00828471325 3.57233012808 -3.21190394011 -1.14194132391 
-18.850717508 -2.19093631771 -1.10233508471 2.46208936113 5.85652162254 -6.46751297941 3.65188610567 1.47270055734 -2.94942762334 -1.79958502912 
-16.3338062535 0.506687665949 -3.4009055755 -0.310864735264 3.82641883433 -6.13698285991 4.3220910994 0.540577092668 -3.02046381504 -4.55603065314 
-10.5656266056 1.54570767691 -6.60329478062 -3.76881229845 4.0708306638 -8.03588601141 -0.586045425929 0.326087345359 -3.23342142699 -4.38294267385 
-8.58817252787 -0.666989422199 -4.78402013919 -6.82047646479 0.752969875488 -9.43422107514 -2.62254938394 -2.69041539744 -0.68501700868 -2.5231594853 
-4.26372584781 -3.1711502389 -5.8441608896 -7.66388218227 -2.32435701682 -8.31465510175 -3.80800392798 -4.48389203823 -0.48509120089 -3.99092494615 
4.56763112057 -1.26773260312 -4.11200427702 -10.2985403086 2.87243615096 -6.48304810664 -2.7970629758 -5.83339467332 -2.38179732834 -4.72915791107 
10.5206117404 -2.49936569194 0.634916096593 -8.46103382495 7.79728108182 -6.24594104241 -2.53260317051 -4.5460556368 -5.4679910482 -2.83003859015 
11.9319363511 -9.26277914435 1.37576391008 -5.38162884157 4.20637462257 -0.996800649911 -1.34950185731 -5.26236376672 -6.20339565802 0.174348500284 
12.9549065267 -12.2978083916 5.25138156207 -7.49432202447 7.99204740663 3.42510327969 -1.21216830588 -3.56356601731 -10.2613311277 -4.52530037501 
15.6240578161 -18.4611840905 7.2838827271 1.99332204457 4.27122573733 -0.595904733431 2.8609881874 3.01941245766 -4.25542862129 -3.31925544145 
9.20143899522 -28.5920897037 4.90477225171 8.22277551794 -4.64449652148 -3.84600475538 3.5354107358 8.23515620224 -2.82549474258 3.91850234211 
11.7493171989 -21.4619821543 -2.48289948881 8.26736386422 -12.256083552 -2.59043955024 7.35238604253 3.34711125485 -2.67397863965 7.59808657152 
13.0303692232 -17.2341165862 -1.85735403499 3.88255807327 -15.0039039425 0.320447932055 2.69884423337 2.93588330875 -1.9201085352 6.36284216854 
6.34571784985 -14.5698418205 -3.08451434009 1.19454478718 -11.9350797408 -3.53382294394 3.20220407032 -1.31469510093 0.0145687892335 4.23798672792 
3.20227504681 -10.3142407531 -0.722316701899 -6.10608318105 -8.13719236253 -1.77373686685 3.28920086903 -0.247468058805 1.37814375987 2.97313950057 
-2.36404536318 -8.29019806585 2.2106167484 -10.625765932 -5.66499624427 -2.37883482103 0.191651178091 -2.26821694464 -0.39749581712 2.69872230514 
-2.64658918464 -1.57229997365 -0.814815306122 -12.9207843903 -6.16892096829 2.7574306719 -1.43763407229 0.516652645526 -1.31714073348 2.06979108173 
-2.20215504623 2.6649101751 -2.98742760927 -13.1397896762 -7.09357717104 2.09954857778 -1.55581809348 2.1161808997 -0.991428799007 -0.490713167968 
-8.64036661652 2.25781316876 -1.66491897151 -10.5639579181 -6.54309458339 3.01635766534 0.321236041143 1.62732917932 -1.05879755051 -1.07516289695 
-12.757352587 1.76463310647 -1.24002779426 -7.21712263677 -3.68732990595 2.9218206014 -0.513126084677 3.43670021833 -1.91596403695 -1.04563036311 
-16.0589043259 0.462603586225 -1.48850759008 -2.76940592256 -5.01079043587 5.55506014958 -0.49793537458 6.16528114101 -1.7831539206 -2.21697308187 
-16.5452182323 2.36189747562 2.86604294168 -2.84626181687 -6.54894665591 7.34027615283 -1.11418148299 4.04226025728 -1.94772464589 -0.186913904428 
-15.0113478052 1.79569037379 6.17588468783 -4.51295507695 -6.75463790289 7.35926323308 -0.824415048736 6.81972522313 -3.85392048617 -0.278268597118 
-11.8630856414 0.385631055392 4.94524364188 -0.0483847401696 -5.35069509741 5.5136086422 1.96344351181 4.21784355996 -5.50726768633 0.0320101521702 
-3.1504673786 5.10780404355 6.27738095763 -3.01828842946 -3.68405273927 7.04801209597 2.84562116561 6.41512861447 -7.30676634779 -1.76445742582 
1.32265693869 9.01277414168 14.3440805954 -4.29162406015 -3.56662960221 4.44149852219 -1.08435568813 6.14491327369 -4.07175689918 0.591155245637 
11.375920376 19.2911873932 22.2323328942 -12.3869076978 -3.41674640403 3.88693929421 -3.65823534479 3.7622413117 3.33115885685 4.51510843973 
4.18594221666 11.5241055863 21.648167562 -8.24041192695 2.10957848947 -1.1650162561 -4.382792177 7.31684492463 4.51126239572 2.12300887574 
-3.14032723985 5.85576804309 16.3300311483 -5.83493249931 -0.291444200884 -2.41310501196 -1.71104672932 4.47791265264 -1.03727862704 0.765960021677 
-8.66444556642 3.12405972437 11.6419561811 -3.40580087442 -1.64009892428 -3.1180458213 3.85880567692 -0.626359816698 -4.36672347513 2.13834586738 
-17.1638217829 0.81230498994 6.65792195853 1.47965872646 -3.87675329576 -7.334462267 3.400867815 0.839588956152 -4.09858335363 -0.758466581449 
-17.8031359754 -2.26180620268 5.48084040327 -1.81910941239 -1.79508906045 -9.72266275218 5.44236133229 -1.70991239091 -2.69492821722 0.134147555486 
-21.9054131614 -5.92189502112 5.01617901562 -2.72409820769 -0.331669596213 -9.68202286998 4.25155707813 -3.22590730964 -2.59100480321 -1.45286770897 
-16.998336232 -3.05785443046 0.628257721893 -7.27644387728 -0.393599631252 -6.21682616113 3.74398806196 -1.47663524969 -0.293364624668 -1.7246503762 
-13.5549361276 -2.86413001956 4.16330302276 -11.0530925322 -4.04498198217 -8.95303786813 3.82177381016 -1.72371154207 4.10112770632 -2.51588498472 
-13.25921154 -6.09243738909 3.4604956628 -13.0712465166 -5.89109375689 -8.17737349276 1.15231697707 -2.23495033752 4.06032258293 1.83117321367 
-6.73099102363 -5.20319735511 -0.00904285037046 -14.759264805 -5.82200730859 -6.25267086714 1.79316316103 -2.4716162654 3.56603727867 0.958903702668 
4.51398247919 0.564805204756 -0.836286869854 -15.8682252998 -5.29236112338 -1.03318830062 2.74099066051 -1.52119633351 0.10411059591 -1.07672721444 
11.697290635 0.807491958946 1.33709095667 -14.9804728058 -2.96961398851 -1.49002087529 -0.933651168196 -3.64425170593 -6.28773404591 -2.52023151348 
11.9578697859 -2.26247194003 4.12457683294 -12.620305713 2.79607995454 -1.08304773868 -0.352956398007 -4.3699679512 -5.38211652928 -7.94060904169 
14.6562820753 -4.38819815944 8.06913901304 -11.8898396036 5.33707475694 2.04403399617 -0.600899950234 -5.94322159941 -5.91969323985 -9.98621668723 
10.2567761734 -16.9613184465 13.0172707469 -6.08212191705 6.57484902601 2.04121745776 -1.26751908514 2.40796402938 -6.03396871842 -8.9813949659 
1.8267720253 -31.4370971511 10.9276262445 5.41741339179 2.35994530656 -0.239420161512 -3.06431230793 8.60938754361 -3.7853728718 -5.40033510199 
9.96366572779 -22.1251779171 -0.303833892777 5.90078477187 -2.75183623689 2.95609891863 -1.47256018329 7.98608176121 -2.04328981807 1.1676872485 
11.4290814911 -16.7770306483 -1.21884811322 5.19325606307 -3.69276796958 0.147606607931 -2.49271163447 8.08393271906 -2.2531043117 -1.79004570038 
13.2978771753 -10.9991066077 -2.81580434235 -2.78952119578 -5.14141858843 -4.32667707385 -3.18165369348 4.25190015661 -0.249445853534 -4.39041687396 
4.56519359406 -13.7611528221 -0.148976640757 -7.85152721486 -2.44969011797 -2.77189497445 -5.57798795569 0.486862610383 1.49817690142 -1.38415845954 
2.91906805166 -8.14079086726 3.44306893332 -13.9607872928 -4.8182003316 1.04834054803 -4.99959248643 -0.420091119764 1.03675432813 -5.12413300014 
-4.63062417292 -7.17691225638 1.77520698623 -15.945217512 -4.37855811812 1.36320763121 -5.89014580877 -0.0472740449173 0.977678689301 -2.76821465014 
-8.04787245407 -5.76001454722 1.33053346913 -13.7103579614 -6.33455155584 2.8785913095 -6.89316226106 2.22614309725 0.0721715707118 -2.22497335709 
-10.3706236392 -1.17673524413 1.36617729806 -14.2774204803 -8.16135498435 1.50375284101 -4.98377574813 1.43354976565 -0.47068106252 -0.838605236867 
-13.7211679999 -1.2677948769 1.1185293817 -9.72761315084 -7.74107962984 3.86909939671 -1.87026236598 2.3066428367 -2.07470170729 -1.40069822381 
-17.6770421335 -2.99569058214 0.223261516757 -7.07613129892 -2.60675897615 4.07630347927 0.848907814368 2.69004385521 -4.79903632798 -0.196148068295 
-19.5069587008 -3.00263722827 3.10872648021 -6.23382553662 -3.56211322403 3.82283638868 1.58329249229 3.78621588364 -7.09040999967 -1.16311246479 
-18.2680507651 -2.62045588023 2.70773972816 -6.04094611336 -2.64810357434 2.62693363739 1.97790805475 2.79869580902 -7.33028284203 -0.076138125225 
-17.3590837551 -1.38632731658 5.36785146536 -5.96710538145 -4.13405159805 2.94909252812 3.39235261304 3.06383899474 -7.78765361193 -0.78385384821 
-17.4057933467 -0.00391142119503 9.47755002608 -4.21401115514 -5.78069856889 1.18172119398 2.26073340946 -0.768013154936 -6.65110274743 1.60066994936 
-10.8931397714 4.6854233577 16.0382216332 -8.15400448297 -6.82323425998 2.18708062608 -1.63641505063 3.28621488291 -5.99531082587 -1.45757830183 
-1.51661495431 9.83288655906 22.7088892084 -11.1031527315 -4.58898307767 -0.345890298058 -4.57930995673 5.53694262421 0.943738504003 -1.37206011856 
2.82436186561 10.3740638321 29.2307712549 -10.5222972163 1.93208367241 -3.12914892666 -6.58367527863 9.05409401404 2.93202814141 -1.83448760213 
-1.38494923465 5.45274523332 22.5034538512 -6.08797279423 0.476494838019 -1.3375232361 -4.15758546672 10.3406362485 -2.92253068152 -3.18053417351 
-2.37348478283 9.25352347705 16.4981569576 -3.7417931435 1.15669979654 -2.68673402103 -0.0745273827428 13.4997761642 -5.3414368143 -2.39354023412 
-8.59263511342 8.26128200499 6.06985134465 -0.489419698184 -0.858214013018 -2.27600543296 5.34196030897 11.4520848319 -6.73941735705 -2.50817414871 
-21.8704282238 -0.663887408964 6.37637560012 -0.759585450388 -0.328988257977 -4.06427873999 -0.67317114539 8.13910970013 -5.02313527024 -2.88363382149 
-17.6136062957 0.512336415992 3.40855334676 -4.40922808265 -0.517826892069 -4.01708579105 -0.624511033832 7.47988457384 -3.88797824241 -2.28375802756 
-15.5290532353 1.8192324405 -0.795257729286 -6.86965801971 -0.899885866813 -6.44966216936 0.457765891655 6.67519440491 0.293117629514 -3.30348887033 
-8.05316091184 2.6324483959 -0.82217236113 -12.2126382884 -3.50107627491 -5.84805452938 0.410401363622 2.98902174611 1.38837656104 -3.42795887713 
-3.04083921527 3.99091065863 -4.22833866201 -14.8854731435 -2.91337135432 -5.87453205758 -1.17866793542 4.46832733398 2.54503924371 -2.60359660649 
2.37076423779 0.407536023531 -4.13763816974 -14.7034085814 -5.82924021801 -6.09929277807 -1.89806183934 3.24313473671 0.939510792072 -1.45692164822 
7.35108344791 -2.04528654872 -4.314013622 -12.9556464419 -7.54170339177 -3.72802037331 -2.53877845634 3.40677903764 -0.205113929498 -1.61750705855 
11.3222935084 -0.741734881868 0.557818865848 -11.5055791153 -0.696314101876 -0.354381199239 -3.82283793247 2.86062320112 -5.01909552454 -0.13584717866 
13.9244220059 -1.92281552522 4.54149146251 -11.9336602089 0.968068079602 0.435932703536 -5.44927137246 0.259653984534 -4.49715174366 -0.525742317941 
19.6497995374 -5.08071961633 5.39864087615 -6.85777221486 2.20791506175 3.32298851487 -3.34814581432 0.300279994368 -6.07067710065 -2.59159284709 
22.086255796 -5.46028103738 8.18994319496 -3.02990986236 -1.22292372005 2.56894459089 2.29868302139 -2.67901921493 -2.99646495207 -6.77887684684 
11.7105571328 -13.8422305293 9.67157519183 3.41628617883 -12.4407511739 -4.6065927762 1.7667109129 -5.83011809478 -0.927742496834 -7.24776956807 
21.1527985584 -5.36900331273 4.1760334818 3.78126684584 -15.0391811661 1.06152514469 2.33560426922 -5.77170762168 -1.58290665503 -6.18635439783 
12.4275809745 -1.88152831055 2.08142457328 -0.223880295767 -15.2801273989 -2.5498963004 -0.638308678623 -6.09175115491 2.49941940198 -5.18296536853 
8.75198838514 2.4504252171 -0.34035160055 -2.34097647628 -11.4967930872 -3.19150351387 -3.15742791633 -5.93431769894 2.01314260077 -4.16789535404 
-1.83686121807 -2.09444519401 -0.479954162833 -7.45867380281 -9.54430713434 -1.37193897972 -6.80127678245 -4.12283018582 2.84916035125 -0.665913868513 
-7.27713490806 -2.49788706578 -2.61996991642 -8.32103145846 -4.95883451648 1.94625877138 -6.90289273793 -2.81248769903 2.26520525534 -3.25676257157 
-8.79528284423 1.18619763828 -4.95255220346 -9.29097798227 -4.06616728734 6.63982118372 -3.70600046035 -1.07424407023 1.37745329998 -4.17594159031 
-11.605684691 4.2269756021 -4.97301633507 -6.78335647796 -2.96779539426 5.61855604875 -4.86401750192 -0.0119462477938 0.673052657451 -6.13848108761 
-13.5243879302 3.12781174559 -3.81830247275 -6.03205164539 -1.50040988628 3.72838296084 -2.07755786364 -1.65125086331 -1.04857588579 -6.49472729849 
-19.2219717768 -0.290476468936 0.472953654368 -1.0315955813 0.844321624425 0.787961105501 -2.94868294112 -4.10816984358 -1.98847364196 -5.29115833643 
-19.8582917662 0.869445327879 0.0129698778466 1.70872832023 0.304608134284 0.551553407945 -1.86893951174 -3.05249239281 -3.54090397103 -3.33029156548 
-20.9834274578 1.34668852664 1.42697265818 4.67495747435 -3.79883668435 0.566844323104 -2.73971544244 -5.0300510016 -3.47669804884 -3.41999815017 
-16.8866677807 4.34265407469 4.86750988581 6.1020341048 -4.31320512834 0.930342386222 -2.84219708891 -3.80848720586 -4.44214161525 -1.96576907148 
-7.51489196844 8.75513036253 6.3097162039 5.33940945492 0.495896970601 2.24105309271 -4.60787244707 -0.621287899289 -2.84734699277 -3.36433988327 
-1.095763994 16.719212984 7.15109324204 4.44702145737 0.948158624888 -1.20280895968 -5.23315908018 -3.42231547797 2.92369840979 -4.24526225799 
4.39163238579 17.4525670111 8.67235191432 6.14621037643 4.23729099095 -0.952431609042 -5.51730349427 -1.6857689041 5.20533809795 -1.7011149126 
10.2709436546 19.636484666 4.56725308368 9.31139740259 -0.7033167337 -2.06244845307 -7.25680876759 -0.14920923368 0.213970098642 -0.388656946974 
-5.34478216779 12.1331559212 5.52327396638 10.0056694432 -4.10308506151 -3.27711732107 -10.6729696374 -0.81790665882 -2.21736889896 0.922731471971 
-11.4790276064 10.5708987272 4.07910855019 11.7228001596 -2.11528849921 -1.54582088309 -6.28606294804 1.30565451639 -3.57038503698 -0.257417539913 
