-23.6814286773 1.82085361845 8.82744188522 7.6218035445 -2.25974563307 3.82568777549 13.5437881859 8.55786914407 -1.30004958411 -1.10683066547 
-22.1559483472 4.76188402819 10.8118497425 6.20451905082 -4.78295035475 5.35939462796 14.6699135459 10.5743021565 -3.32573914096 -1.70010834008 
-20.4666906901 3.77285547671 16.4799949809 3.2882154159 -7.21082141661 4.94276885608 17.9951640861 9.12175213261 -6.50878836668 -5.08347952746 
-15.5210255342 7.00504860672 22.2787621183 6.84478490963 -7.70376977041 9.47230820057 16.0885892067 11.4550295084 -4.70794346477 -5.16031228257 
-8.83131034706 34.8477747577 28.0042203683 4.57194543386 -4.61078751132 10.2938329399 11.659201831 4.43362311048 0.996819854362 2.8204567582 
1.68604715891 58.253182256 38.0892734807 0.90726382225 -3.83331411849 11.4457093875 5.14559937743 3.10289055541 2.30217456403 8.38547612286 
8.49975053786 80.7266433604 43.4527481525 1.72817021267 -4.23347764726 8.16112187363 3.3566303823 2.59776492577 -0.51112278639 12.0798101733 
-1.87291540676 66.0218984306 29.13978199 5.6991211704 -5.81605844169 2.91895330526 -0.266083693594 1.25640057917 -4.44259532173 4.28702764568 
-2.08860661647 61.354705466 17.4082104229 5.74490376617 -6.35380693933 4.66522754983 0.0555176659788 -0.806363903868 -4.06009690137 -0.312544687369 
-13.0248827697 39.8914686832 -4.35343698131 4.83640485729 -13.0426945199 -0.922914221438 -0.46460936621 -4.47141120507 -4.49972850237 -7.17930316516 
-21.5410757427 32.7727786597 -15.3263067211 3.55742696233 -13.4359131641 -6.61865419701 -4.87296235147 -12.7949845407 -1.99691426938 -6.97576267052 
-26.559729591 32.3659731078 -24.031531725 2.64263218445 -17.5113834884 -13.4049788134 -9.94151387231 -20.7427099848 0.0237945298648 -5.83510396151 
-29.1763362261 23.8044287859 -26.8358644499 -3.50029915953 -19.1344609178 -9.59003958922 -6.23026601188 -22.0157793523 4.46014427677 0.0554659331111 
-32.2267284063 25.0632963777 -27.7314475573 -5.29961720115 -21.6022038405 -9.78718435777 -3.39803787821 -21.5509771591 5.31257713369 3.70015448035 
-32.8668807688 13.2663743422 -21.5474293144 -5.13584749341 -15.3451670917 -11.160106402 11.2838155544 -19.1483211808 7.09050392343 3.18029001062 
-37.2699179199 7.819643084 -18.7709397813 -11.159382607 -11.0817526897 -10.9931448672 17.2122406385 -14.8660316991 5.66198570372 0.972866668488 
-39.9612114995 5.12945077123 -17.4086473365 -13.004423706 -8.13325276818 -11.8056159692 21.4913640716 -10.29011812 6.33047447724 1.32584829164 
-40.1240979628 4.65013978023 -7.013233635 -16.5218005232 -6.16657132777 -9.48679721452 23.7551513886 -6.19904313005 4.30718300401 3.29576815148 
-39.1990246609 4.37809100862 -6.59209675762 -25.2237156031 -9.60951424461 -8.07403201744 16.0694672893 -3.70885470458 2.0332371496 2.03283529326 
-39.6006205087 -4.83437064165 5.9952254665 -28.8473871821 -13.5837433232 -6.523078719 0.382850828467 6.80281937738 -5.37100128635 0.083978939107 
-37.5720800311 -6.32035898747 7.6199376459 -27.592280537 -10.4309429449 -6.81118000832 -4.95763419874 7.53408769596 -5.55707287821 -1.60766303013 
-37.8962596274 -7.91685204819 10.7402158944 -29.6234537679 -8.67102405553 -6.41677692467 -14.1032381351 10.959277749 -7.32786768507 -5.07798641172 
-36.334137388 -6.38524327346 9.25984255217 -33.7440748322 -8.6713117181 -2.36621756684 -16.4986836421 8.79892403576 -7.85305876261 -3.49054868109 
-38.9711042762 -6.0030908361 3.57971809843 -29.9696436769 -10.573630009 0.954887608172 -11.565071208 5.67887963788 -6.40916554257 -1.99287255607 
-39.9972567571 -4.17060394014 -0.956158877558 -34.0283757502 -7.63288526308 3.36758079754 -14.3528026399 8.30022481276 -5.53014757342 -0.940654372276 
-38.2308419278 0.102698239951 -0.657728594551 -36.4480967113 -7.21014494015 2.92015092926 -16.0736218889 7.07855792538 -5.0653649496 0.403821730661 
-39.1373029335 -1.51461495454 -2.45851098695 -35.9760099826 -5.1542539433 3.00553137902 -9.99508769969 7.59804651931 -1.98892719951 0.79879845625 
-36.5857002505 2.57370956375 -6.62214285968 -30.8557847132 -3.43111975896 4.83827908626 -10.1755265599 8.39977196796 -1.38584959205 1.72453214625 
-36.3696914547 7.63488714083 -13.5639138012 -19.2362415631 1.82706155354 9.66833025951 -8.19746302332 7.38722690504 -4.04316639056 0.134765888822 
-38.181951786 4.96852244608 -18.9175715361 -3.38051581124 5.06888226313 2.69573630814 8.85562592832 6.91190961839 -3.41716808686 2.53480190134 
-35.32646778 4.7410368886 -18.2805360065 0.279591602607 7.78911129272 3.24889389768 8.00850144377 9.32747944813 -5.08664402089 3.34456444104 
-30.3955873223 2.30506184167 -12.4981544554 0.884279341512 7.90733564256 -0.0351914501482 15.6132041539 12.6299361292 -7.10131580367 1.88667092961 
-24.6955412757 2.24273899114 -10.1259653472 7.72327323074 11.8522174357 -2.46162421768 14.3870080879 12.2290354535 -8.06605974993 -0.00921593739264 
-3.7608678162 7.55607035927 -10.000369418 7.95700157476 8.67732038926 -3.32090601739 13.5268071625 9.10543298345 -9.36176885772 2.46899207146 
25.0968095563 0.166567762167 -13.2063758122 2.91971811492 6.5904510171 -9.66008906707 14.2742660025 6.80955005937 -7.86280946144 1.35729107637 
28.0478346345 -1.21166003903 -9.9425530363 -0.0252220487741 5.86211819515 -11.8856799295 14.4286790598 6.65161623131 -9.03084404925 -1.06353926502 
36.9306933755 0.414608039009 -4.61002266491 -3.60084993404 7.72086985431 -15.4886160472 8.57505572821 9.25725902094 -7.3838361521 -3.82691793312 
50.1024261859 -3.8212179728 -7.59583533208 -4.81908560091 -0.362188581842 -14.8658806633 2.80932998223 12.0848020173 -6.58290645961 -2.55148454477 
46.6185644611 -2.99831734111 -3.99112389363 -1.86506763168 -7.59632294424 -11.5563487899 -0.409409473984 14.4552274342 -4.71658942851 -0.373859841278 
51.118574772 -8.46756055287 2.23938067009 0.482408614022 -19.378713906 -9.27224472753 1.5239550741 15.915312695 0.603122033214 5.82015207597 
37.3628366017 -1.97880477751 0.186327643953 2.01528646292 -15.7107166332 -2.78460045743 -0.644488882491 19.0702297729 10.6253105834 8.65299356489 
5.69802497177 -4.76212709997 0.916602062667 6.72333825676 -12.0753546332 -2.08061981041 -2.87879934574 12.0063885493 25.9166979725 7.70002142639 
-2.50672683238 -5.89915553427 -2.67493190835 3.31417824694 -3.58126144899 -4.24518112821 -0.139644276329 15.3314470132 27.8610613551 5.37645867805 
34.1352766628 -3.39240196403 -3.9229486073 -6.55039181508 0.721107701219 -10.3638155387 -0.777221231604 15.808533705 23.3555022484 6.1044470386 
66.5801226684 -8.57702884875 -3.84781243994 -15.0645479998 -3.89601130719 -13.1052914698 1.39113513677 13.6810379788 17.2354840163 7.92084977823 
59.7871961803 -3.05916053821 -1.90219218939 -14.0086104359 5.87684367636 -14.8356357502 4.89521680733 7.47865782209 12.3169267102 3.5788873014 
46.8253191642 -3.46924270859 -1.04045310472 -11.4283041117 5.84263138972 -12.8930777345 13.6683905931 -0.875095121298 7.15932160968 -0.576632959223 
47.490236399 -4.45032016541 -1.11742766075 -10.7353916994 3.28386413339 -10.2734409986 18.6312813024 -0.88126204814 4.66004221751 -4.85402293651 
46.0205530759 2.15310776486 5.22842109478 -11.8048426811 10.530971451 -11.9909104487 13.1979592763 -6.01235016837 6.67604917903 0.571349653313 
38.4413700322 14.4070481664 5.56985012969 -11.0554713515 23.2314053913 -14.6414527483 1.28926985021 -8.25494578882 6.35689563332 4.19309739989 
26.4793868349 14.7742200277 4.10155304803 -5.98094741934 24.7079320869 -13.8802538353 -7.12382554149 -7.83792884636 6.89464507661 5.61702711056 
9.33786145419 10.5968064656 0.942922721148 -1.17038740371 22.6972703378 -10.1128419113 -7.53730711281 -3.06417055588 7.22826875121 4.93536570439 
-11.7539786337 1.74952444769 -8.23336234779 4.98244546411 15.3793071059 -2.46960826619 -9.24862883998 -6.36843894687 7.99715509117 0.887514377508 
-19.781028048 -11.8000600354 7.42726836808 7.38251256677 1.20678358356 -0.30181881204 2.17951566625 -4.70653616914 9.12259665461 -0.789468887327 
-32.1561451745 -18.4436549181 15.492059828 9.65928863062 -3.1083712378 -4.86225665844 -2.14684174096 -3.84643676021 4.77992065617 0.120644526282 
-29.9244897405 -19.067614236 15.8020145257 9.48642352944 -3.18794333204 -9.2362883849 -5.12377207538 -5.95283601842 4.11089924155 4.46664066014 
-33.641924948 -18.3996137287 13.1900037714 9.88625790393 0.0485792802872 -7.88441891746 -0.269760080596 -4.0452826795 2.49066415115 5.25738469415 
-31.412180246 -20.7694645207 17.5799211435 9.16629975612 -0.529591257005 -7.00856219765 -0.626234861209 -5.67680097455 0.462776937595 2.25977661883 
-32.9380070928 -19.7156614065 13.1786375578 8.24456060139 -0.248652640382 -1.89670467331 3.70652131876 -4.8332114607 3.91457094353 3.01164133431 
-31.305895093 -20.4149055159 18.9764927605 7.23619912218 -4.146820286 -4.0422637631 4.74178105996 0.693234911672 2.39279599183 4.05317584838 
-28.9746781647 -23.5739902408 21.315545666 4.05479095755 -6.24439189707 -5.74079854152 4.00953279304 -0.881387288348 4.23876397627 3.75566959987 
-28.6855075303 -23.8916946588 19.4130519565 6.60243348404 -5.95302569089 -10.9991436763 -2.0014839746 -0.996199507982 4.68893903254 1.88634425566 
-17.7479231865 -20.2592902727 15.6944309573 5.45182287467 0.836127124759 -10.0193809474 -2.18004563073 -4.86195909998 1.306643206 0.838589963621 
-11.2856717687 -16.5188031321 10.0006734785 4.67310553374 4.11107667092 -7.31551504316 -3.75524371844 -5.03449465036 1.11490101242 2.19239868307 
0.0296030565272 -11.4285279546 7.6266516825 2.27538750222 10.2363172249 -6.14694215143 0.347989497138 -8.50707493651 -5.61043855332 6.17805080066 
0.683727976707 -16.5000714914 1.94430771238 2.16309236997 12.0758926868 2.07545949582 0.825566714156 -10.6039277995 -8.64401404887 3.77288472116 
17.6073698427 -14.2702910588 1.1690490484 -0.943004986035 10.7129429891 -1.21530426345 0.927110895027 -9.87951738275 -9.94026703083 2.02099437448 
19.1778952048 -13.5093567788 -2.33930586414 3.20816997682 12.0058324804 6.0066974784 3.06766427846 -10.1710189938 -6.59553342325 3.107942277 
22.4598793988 -10.7670600289 -6.60966536164 3.79858500665 10.0661780396 4.80842332723 -3.8383504772 -4.66084446262 -4.63091501455 8.30302463644 
33.0026920711 -9.98992298417 -7.15267539124 8.59890384528 1.62956084377 -0.170343621299 -5.24611153818 0.764925007624 -8.76136012802 11.85376783 
31.0202304045 -0.98141410152 -10.1671994032 4.95800631026 2.86738553236 -3.68560499043 -10.1160684118 -0.253301748082 -3.30768270976 20.9615169511 
35.39368706 2.02938753858 -10.57695284 3.22910616638 0.167375644237 3.72604441882 -11.154343167 -1.39840978916 -0.919815425167 25.6348254249 
25.4751346273 -2.24858822825 -13.3909693698 11.1176138597 -2.65290004314 7.56721556361 -2.16982899857 1.14000730054 -2.21792129179 20.0781292434 
-5.41311763115 -2.93669947039 -6.87704993896 9.2300209699 -1.23191523248 17.7315974809 5.07323125321 -0.560210047782 5.30300016058 12.0672796566 
-5.60815974805 -7.93481365892 -9.07817617637 2.7535686937 -1.97423611329 24.6273572937 -2.06118753106 -2.07621706927 3.46109500377 6.40714732947 
-14.5146649116 -8.59921086779 -14.3388529928 3.31023800552 2.64109112545 21.1668665283 -4.84902734389 1.06148057607 8.19582963523 2.07425282491 
-3.71176136215 -2.41391511882 -14.1633948249 -3.61546922417 14.8861104364 13.448791422 -6.17362025123 -0.999913843194 4.1801027828 1.20211868849 
35.4435099071 0.289104373242 -9.92760962622 -10.1204580233 15.1470197378 6.01057457702 -7.83026862071 1.97300105619 5.17485995587 -1.2115336792 
51.8129024508 -0.358133975443 -6.57036373161 -12.5449810305 12.8328725334 2.30817052565 -3.86022205616 0.880054887228 1.31714737454 -6.31130963107 
41.8010776114 -0.906277257469 -2.05514330361 -16.9330309264 15.9278102607 8.85581653936 5.75078750542 -4.11072233502 1.80038242162 -15.1208232833 
26.5209038792 -1.47569619531 0.700315092379 -15.9090409965 23.1989574282 6.32998158942 5.23240320046 -5.40960100441 -0.232453465935 -14.7508192959 
20.4474855746 3.67808714688 3.10923361725 -13.9136275091 27.4454449694 9.05237920591 2.26510562837 -6.66147071923 4.03179592567 -9.1901104764 
11.6414016538 8.00242577184 7.66494970263 -13.8709726873 31.2789573455 8.0698755715 -2.23883313193 -1.67426850612 -0.259847518623 -10.6761823986 
-11.679572797 2.3954961451 1.9831574491 -5.9517555056 22.6501338929 8.73005736696 3.33893453109 4.49910799412 -2.23240665849 -9.13041363534 
-15.2094916387 3.24817856416 -2.96074620587 -8.03349082573 25.0132858056 5.94357647899 -3.9270337648 2.06877641359 -2.72727497658 -7.02316548184 
-19.9038527842 -3.52534444325 -3.40981174612 -1.20760187162 19.1871915153 4.9900261291 -2.4673293035 -0.0918510812797 -0.352350136679 -4.75400953042 
-27.8400350299 -5.3708461307 -9.52957708426 4.24252335309 16.3979147472 8.81413182976 2.45331554142 0.280482609096 2.09369478255 -3.79384319855 
-29.7802200242 -5.47305897876 -8.53978683053 8.58275237691 13.7995693973 4.72611465764 1.14642346021 -2.44786938731 0.777700202264 -1.85482256348 
-32.619340617 -7.44054290951 -6.48946031489 7.30574145215 11.5288878765 7.86376387224 2.09737962677 -3.98162353294 -1.28968694276 1.74229460298 
-32.9401650146 -10.0302866108 -2.55699959652 7.30657937367 10.630709743 5.63325876507 3.21942583936 -1.83428891822 -3.29814634649 4.81333285333 
-33.263437839 -9.33489929551 -0.248212907816 6.91494051316 9.87829812622 4.64574162409 6.05245687372 -4.3782334491 -4.93876634136 5.44729770101 
-32.6992060386 -11.7853070133 0.774531489168 7.3528110718 8.80889222611 4.14951046035 6.27468521394 -4.24089801901 -2.73559042807 5.61753419708 
-33.2737710564 -10.6338451384 -0.292420407079 7.53411236553 6.36925916744 3.46636643622 12.0873258904 -3.05591658047 -1.24553927795 3.07362893486 
-29.309989693 -13.5940458688 5.14895342254 8.63046657219 1.17761838003 2.39301625019 11.9996899787 -4.87201549565 2.34056312688 1.38289401615 
-17.2151353453 -22.5494263468 8.26463414107 8.27545789869 1.15421944553 4.83960817844 8.37007853561 -0.926448240876 3.76132585139 1.49162224694 
-22.9167421412 -25.1676201978 12.3648946569 8.49213581437 1.16161793577 -4.39179670409 4.40661622671 4.14462935572 -1.08807648295 -1.8435227353 
-8.28613514953 -29.8256432478 30.0966202757 9.23329160639 -8.22052288915 -12.9645976848 -4.55918082623 -5.33848178845 -3.57504508473 -6.54809713774 
6.72988179454 -23.6102141702 23.1134629397 5.12847212125 -6.2122114363 -11.0577375175 -1.88733083332 -4.44164165782 -6.91542641578 -5.88299573408 
24.3616225271 -24.4718306549 21.0293069259 1.21661960488 -6.70610612987 -9.17671444817 -2.85365994628 -7.79793476079 -8.12497513455 -3.59074991077 
25.3165116034 -22.8231858453 17.4720674805 1.75912943706 -11.3058049043 -7.60125167204 -1.92668196361 -10.354083214 -15.7100194549 -3.28432108955 
28.8936945735 -20.0197725814 8.70185198535 3.78914752408 -8.69180991892 -2.93883642158 -6.3514513699 -13.4615977321 -15.4330144181 1.37390995988 
33.0228771157 -16.4962689715 -4.27919811466 3.69462150695 -11.4706094085 6.79859774765 -12.1286491581 -4.94465146156 -14.051182396 10.0506104028 
44.514450063 -17.3589733773 -0.755898961 1.1790313975 -13.5862198279 5.74652775326 -3.48731631841 -0.372799297515 -19.3018141687 6.17809605478 
46.2553340459 -3.59518218158 -2.45950855315 0.944550737699 -8.64583774753 -0.0547820818751 -6.68932589026 0.614849142104 -17.052959327 16.5744564765 
44.389326134 4.58979917157 -7.30493424851 4.04246240889 -13.984212111 3.16685296732 -9.06204818576 -2.04123000023 -7.7686637076 19.4309083516 
6.40908206452 4.96516744973 -14.6092596347 11.6112824562 -9.1597242457 4.93718120551 -4.24948554693 5.98051434628 -2.6313014889 9.61502331511 
7.08392899464 4.94205606791 -11.8119698676 10.2494486272 -10.6249205839 10.1089834235 0.557411049523 1.78274327147 0.335967354037 7.38853675908 
-17.6919580023 -6.59742475739 -7.3041460599 5.95625893107 -4.50516075388 11.8538476999 8.00133890194 -0.212181821966 2.11277477639 4.17677999439 
-23.2379518323 -10.6080751614 -2.89856014715 3.30528036644 -5.55008915473 12.9690661538 6.70661799808 -0.335160729895 2.59514969506 3.69507412424 
-10.3025491722 -8.48181627238 -6.15629507477 1.10060330124 0.611248147272 20.3323377326 -1.54201247978 -1.73507633875 2.2373757015 4.36201094993 
-8.83616777607 -5.99687590099 2.34079305793 -2.94184175698 4.14519338159 19.5997541017 -4.00317977537 -4.9680261968 -0.929895750238 3.23494002715 
9.87441746615 -4.5282854654 2.96116277783 -7.10335996801 6.9026067239 18.800221788 -4.96608612784 -2.36774580194 -0.459589398818 2.32558716315 
23.4021550685 1.685075411 4.88868973406 -8.72773729781 9.84074968311 14.7185852136 -3.53703208413 -2.69293618342 0.547867658729 1.08706134897 
26.7924327551 0.628995653792 1.45857666254 -8.65243200515 8.57253586417 9.46835655602 1.84513867177 -7.39086547079 1.28493220242 0.00643677839323 
58.4460365514 0.664018906904 1.97867880209 -11.9054944041 -4.65646500564 10.926520303 -0.528017952055 -12.6861850724 4.55499359101 -2.02719714946 
66.0667571841 -11.7929905643 -7.478370319 -9.03979847535 -20.5875296364 10.4632276145 4.4326647388 -9.82807983028 3.60125703863 -10.377306762 
58.9916387039 -11.4132673531 -7.94548622697 -3.96105469393 -25.7796245828 11.2049535301 6.22772819224 -4.87904639267 5.13129710531 -10.8640360439 
44.1676527665 -7.17352404448 -3.40480151671 1.56705384472 -25.3602623801 15.6716566855 4.88749040908 -4.57633621849 6.60051885991 -12.8962022693 
36.0867589193 -2.79056904912 -1.62871153038 7.22737370252 -20.9490684242 17.5201375951 0.455974934195 2.06821862844 4.49934064147 -15.3031805292 
-14.6924275808 -8.20806248565 -5.17908683088 11.8824772547 -13.5361844727 16.6650231732 -6.2798458045 5.73389005677 12.5014087549 -8.14743370659 
-27.0163002402 -4.5503653433 -0.011943127793 12.3042938343 -6.69199789612 6.37769629931 -7.299165022 2.49737467289 11.5394659092 -7.61787029846 
-28.9005144952 -5.18220265333 2.85486587755 13.2794470788 -2.93360398328 -2.21563954308 -10.670013964 0.925310306304 8.02869374673 -8.13581648588 
-33.4762571636 -7.40701980404 7.06867739346 13.0804667195 -3.86864024533 -2.15050938312 -10.5826306068 0.857109351795 7.24145088413 -8.69462001617 
-25.521165582 -2.97317823214 6.56614084617 17.2134483362 -1.83842426214 -2.00801787826 -12.3054810541 -0.21778040072 11.2108972253 -6.3421111123 
11.1345523037 8.28071877281 4.43924895752 10.8664978002 4.76373738733 -1.16454088479 -22.3556130123 -5.43189926696 13.3820362827 -3.67532958762 
14.6539119875 11.6047879701 10.7478935597 8.34705745253 10.0388379891 -6.9803629245 -15.8912161735 0.209241887783 8.4914026998 -5.66492221783 
16.2048625825 14.0732088748 13.6922116222 5.60386885214 11.5192278571 -8.41129811823 -14.099860253 -4.62697485278 3.38522668631 -4.00307229957 
31.3043894323 10.4356242646 17.4435569894 0.427489243875 1.03898431994 -5.60238143656 -12.1387610627 -5.2480866419 5.13503237601 -8.06240232637 
21.4328134306 4.54465568834 9.210789191 -0.176002072258 0.65150912428 4.23394485004 -10.5218174757 -6.59836133459 0.244353503238 -7.31024074733 
42.5284962758 0.400573943299 -1.2124647743 4.99147802665 -15.091469199 10.3045304062 10.3461857609 -5.75905494965 -5.10099050573 -16.0140806505 
41.560328577 0.953868641486 -2.64153530702 6.64871898221 -12.2591831382 6.22437553388 8.31075985066 -1.07833341499 -5.02992962301 -16.2249319037 
48.2783750545 4.82958724368 -6.67670300886 12.4612485795 -16.2719689127 -2.54121198262 0.511838793376 4.36757094165 -8.03791379634 -14.0649674403 
28.9084609251 2.13628433242 -13.3976335979 16.0912718615 -8.6451441336 -1.34422888017 -1.37494013541 12.0542788359 -5.06803897254 -11.0770454545 
-11.9452879699 1.10207606749 -18.5525240537 25.7489201017 -0.408455159903 -1.75939070781 -8.07011465106 14.5562896531 1.550642017 -9.71799941741 
-36.3510711682 5.29985805195 -21.0178465882 24.6190963993 5.1485365128 -4.67716469156 -8.6230103138 12.5768367902 -2.60976376947 -8.50588950997 
-27.1288262197 8.19648431341 -23.7673347685 28.2245580278 4.31981168113 -13.4245581335 -12.825535944 15.6838791631 -8.25604209983 -11.7065760028 
-9.58662291067 19.3274497183 -13.8811629991 19.2811496555 7.12702290938 -13.717654329 -10.8950597564 4.77405645102 -8.39348072242 -6.93425255708 
-4.85769072986 20.8472114066 -10.2361017531 16.8182900447 7.76600110779 -13.831046608 -5.74130011407 3.0092943378 -8.92586805087 -6.60140166067 
1.09431592549 22.1349086543 -8.58648620346 11.7894344558 9.95798797625 -12.2461440415 -5.28622867278 0.438786295057 -8.07604160687 -2.20594367173 
-3.09525766641 16.3420525105 -2.28635205908 8.00190571251 11.7721726342 -6.69514521405 0.786374457696 -0.471175889468 -5.85959297064 0.267694914726 
3.88077581942 15.49657371 2.77806110875 1.46885852267 9.82359115743 -4.19280637834 4.19154109808 -0.651947785976 -1.84425349877 4.57754892319 
