33.2799653969 2.74453049727 3.12014043604 -7.99937633281 5.83992056053 7.39802283328 2.2888661339 -12.6531234491 2.5219917195 -6.53739687184 
30.9209732737 -1.07774143358 2.49933189248 -9.59624247803 1.93967035005 7.38069147275 11.1902055096 -12.7898007031 6.38278241171 -7.08485474222 
29.488373214 -0.702945229717 4.26905872552 -2.27240918076 -3.7912089332 8.69375761721 15.1272371604 -4.08371719551 7.03966334784 -4.26872785693 
24.9582733755 -4.41287502967 7.89589013953 -9.93768863361 -4.3725929321 4.72302920105 21.3854179407 -5.37943948306 8.23032186854 -5.41024574551 
21.6971012659 -5.0642406144 13.8041307327 -11.2691979475 -8.60552432408 -1.32731167011 24.6609693316 -8.2194755686 8.81486038788 -3.60405547216 
4.118088865 -4.31495730381 19.30286114 -14.8785136287 -9.41608782651 -3.97321493996 21.2957547504 -8.78671354007 15.5559487202 -0.342412184843 
-20.2234956413 -7.01724349986 23.1987453175 -11.0038180484 -8.67964320135 -10.9344828472 11.1578260001 -0.972437999971 4.56174068712 -3.4816571288 
-32.233500975 2.83389344022 19.3097936828 -3.05946318435 -11.7952512183 -16.8320321111 2.26781624651 3.9321851985 -1.73192922085 -8.17682729704 
-34.7562254935 0.955327760805 22.3447358972 -5.77705244682 -12.7178751885 -17.5323278485 -0.481925811576 0.992047041663 -1.15170937361 -13.3678509691 
-26.6575281948 11.3656801501 18.708921035 -3.27898582566 -6.29119752064 -14.9683801437 -6.57506009662 0.791000265739 0.0635481508564 -13.0304137467 
-21.0173959816 12.5920064758 10.7119476718 3.14377063266 -13.5022815029 -7.23812312753 -0.0695107515921 4.81270509806 0.3681952006 -8.51731781051 
-5.30701326551 20.2791629994 6.46819344371 10.9450673536 -20.4774867632 -2.96378166081 4.3809059902 10.5299238511 1.30224265078 -2.888848298 
1.91849959937 28.7461117453 2.98061826963 14.6516481578 -19.6924470545 -2.53986245616 6.93043172513 6.5197959653 2.45813744311 2.26387428364 
1.4121932382 28.2759901402 4.00124249083 17.7570118307 -22.9139517115 0.434808374195 6.6963149359 5.24246523285 0.944658602016 0.84330058015 
3.3633520422 32.2493775201 3.23731989862 10.2871281379 -20.2312607438 3.11233415438 6.43681949116 4.53824196542 2.84036133015 -5.40361309184 
-3.58004136676 24.7046842244 3.21568885952 6.5282499853 -21.6880133577 5.78108093675 -0.138723135867 1.37025956733 5.35103485078 -8.81495759881 
-7.27429882644 23.5541504171 4.33166016311 5.64653510994 -16.5756064602 2.70502073225 -11.8156879146 -12.3044823078 -1.30771409459 -3.94998115174 
-17.2096368948 21.6093767216 5.80216155813 -17.3695592851 -7.32698728366 -0.494827969353 -20.6897343805 -17.2601551692 -4.25830826721 -4.56616346797 
-29.0778147877 16.9235801451 -1.91616269077 -26.032862727 3.80515077289 14.0970218271 -20.4381066362 -14.968042676 -9.20354122121 -6.22638477564 
-16.4537232283 27.1635644645 -0.476181422159 -26.8236184816 3.87511891236 7.56120680098 -23.9212204081 -20.395185534 -6.16255678332 -0.239832623519 
-4.06069107449 19.1421342721 -0.444934521884 -23.5155689179 4.90440399637 1.27680196862 -18.9890187901 -16.7634701034 -0.427766475107 5.17253410454 
-1.18719213389 8.75436831801 4.92218415764 -22.9126625835 -2.08601198804 6.16619226367 -8.41299038261 -8.22515609392 -0.0468840453953 11.7283056184 
-9.20158390653 -0.539840348617 5.63285086668 -14.1363659429 -1.96056394436 11.728381509 -0.06856596237 -9.86840731527 -8.43919798299 11.0676026466 
5.37376258337 -13.6517769047 13.002990973 -7.85028491647 0.245838452103 10.0615709647 4.20666480585 -9.25306044442 -18.7420338562 11.1380997634 
17.120700973 -12.7545797832 4.01313632646 -8.58413416511 -0.48377642622 11.5455461389 9.14634486532 -10.5112456689 -15.9009911729 5.86940466662 
28.7423846389 -11.9293358121 5.75435230001 -4.43086377932 -2.16324145512 9.63604277768 11.2581738472 -10.9422159869 -15.3965530633 0.293050050156 
30.977481028 -10.0241614898 6.52218017339 0.175740511507 -1.32415184206 4.57488649185 5.18376016058 -6.77179301822 -14.9940966149 -3.91520865987 
38.8300034594 2.18622557042 8.74781688548 -2.24218120204 -5.01750230111 8.97102507567 10.2564951278 -12.1636797568 0.570937666557 -17.1833926193 
37.3573029707 3.70960757407 1.50516155344 -1.40043125685 1.13079401291 2.31841833185 3.06069308065 -5.99013436878 5.39589202692 -10.9163593725 
37.5090315971 1.11826361694 7.79716177993 -0.929538848123 2.25311249009 3.47461042658 6.80273368482 -5.22695086231 2.03664017313 -8.51962525591 
38.8237347685 -3.50660751555 3.89330505653 -2.51026565119 4.60080543045 4.00162717948 9.76876668554 -5.90659692586 -0.039050193837 -8.64273925127 
36.4093628916 -0.374699794519 -3.59291901251 2.95930574355 7.26229799435 -4.51077859083 8.16451005832 -3.3257561267 -1.01330515664 -3.22744702622 
29.6678682251 -3.1157665853 5.95665664007 -1.98404782268 8.00460628581 -1.7451167463 14.9230131764 -2.1545206061 0.307750533303 -1.50469925791 
14.451247421 -5.58345695285 17.8305648454 -0.996474615044 1.31276183775 -2.58443399466 17.1293014601 2.10998862403 -0.364359020824 2.20988816459 
-8.03707292376 -5.32236495038 19.6247291832 -6.75693784656 3.19795967268 -5.57981869979 13.5098242377 7.66044708635 -0.873075890128 -0.156710266139 
-16.8640036165 -6.30098064548 24.8930097297 -2.40416202196 8.82729560421 -6.33804524698 3.54810322613 9.02073866894 1.45813366983 -2.18121648509 
-20.6630642545 -5.82063586419 24.6113168868 -3.92981788562 4.7791951524 -6.72119339704 -2.38355268762 11.1320558397 5.74785932517 -5.20902089848 
-21.9742479261 -5.54492290164 21.1489958331 -5.37076696455 3.22352967273 -7.44243498638 -6.14524202483 10.5382295324 7.46646840763 -5.98816164581 
-16.9753955416 1.61213912491 15.7870788276 -7.90573453532 -5.19393265237 -3.48348067459 -8.74456998026 10.30201265 5.6913949146 -6.83690821514 
-6.70864221989 7.06202247889 12.2707013731 -2.32003484521 -12.5241082825 -2.04589210273 -6.41561600986 5.98242230915 7.4264983719 -0.752827856332 
-4.04918913061 14.0437534308 11.7968910428 4.70882579616 -18.4152969665 -3.00176040084 -6.72789106445 4.30011266285 2.83007753992 1.59507980869 
4.83942313156 15.0012649111 2.29966935368 11.1256612976 -19.3109143883 2.9227752321 2.38831649036 7.5525833262 -3.87978102313 14.9745007707 
13.2886122857 15.476955338 1.36166070003 3.24957766274 -16.101618881 4.41477152526 3.68179034997 1.76738801389 1.96214268797 19.2890447986 
19.9318610868 15.7174481232 0.0945755211568 2.47561316916 -9.21187149174 2.78128170194 3.38611132984 -1.29512691789 5.49121684698 20.547924644 
17.0943689512 18.1913138096 -0.811369204555 -7.81049391427 -0.562939673578 0.404748357196 -8.59028618315 -3.39771091204 13.37488982 12.2172719878 
19.431537642 20.8443313 -3.38827939315 -3.19414045155 -3.83048469307 -1.51502335221 -6.46739567845 -4.19995735136 15.2710545211 9.43759305327 
12.5787825792 21.2436750824 -0.143738036927 -4.81122033607 -5.86858903645 -5.07533024643 -5.58600865731 -1.64357704766 13.2815189746 3.45226728385 
-2.96625701128 23.0172010934 0.170273286582 -5.72842082983 -9.02387514989 6.65198295473 -7.54685714252 2.16536063181 5.57186759068 -2.07312575818 
-7.49830510461 17.6687998254 8.94352828347 -6.47724764626 -9.50619589809 8.92537590297 -6.36839320539 1.32566908916 2.58138167121 -4.14920353345 
-13.0386024496 3.25607439916 9.49422538495 -10.6310415544 -6.78896166892 11.2592913657 -7.56232068982 5.27972333262 10.8254459269 0.183984456514 
-10.0956497465 -6.89788153969 8.75283550088 -11.8033889699 -9.22819121126 9.10637339921 -8.05894819937 3.96976883568 13.1553275379 6.92841854291 
-3.35881290479 -7.05339974757 13.4619184498 -2.98575293006 -11.0695244691 5.62660980916 -6.74984750547 3.0751157271 14.7150192636 7.87241391272 
6.57206940091 -11.1776434373 19.1775976107 1.60489445371 -9.19978232888 2.12788322425 -6.21877889936 1.12066988168 3.42936689306 12.1943154387 
13.8174492866 -9.76421451482 19.1280180661 2.96237510355 -8.23489424118 1.23876172966 -6.35310306752 -2.80891491222 -6.57212143746 13.1355164369 
18.2164799954 -4.6692779373 21.0478644578 6.63164642969 -1.71746925454 6.73711814115 -5.22718346975 -4.40038282396 -14.2236165067 10.8968801842 
20.9664396902 3.28252291427 21.8575301404 8.2397441141 5.89259383068 3.20911546463 -7.61412016529 -4.89271415357 -13.9670246924 9.84923067248 
25.2350109549 3.86293361484 16.5365526464 7.29802726273 10.5272430648 2.11663459842 -4.83193092418 -3.35988917017 -14.2000580418 0.370359672591 
24.2086023233 6.2368376062 17.9318269259 7.63580363649 17.672874541 0.698790593903 -8.51680433913 -1.09685448844 -6.72186643394 -3.77937642538 
22.8178254155 9.15997277095 13.0871576547 6.2306424613 21.1305351864 -1.99123839226 -6.7348310895 -0.131090368136 -2.76206437049 -0.213768466804 
23.7518629578 7.04925261766 19.2559324333 2.64729234312 24.2483699317 -0.503996477531 -4.35320785848 0.329569039137 -6.22966856921 -3.68163244618 
23.1969416187 7.81375769499 17.3749324562 4.26426945389 24.1417780966 -0.104813240588 -6.60902355084 1.3517752057 -4.62646188358 1.02789279295 
18.9708269787 6.30684742641 17.0914926309 0.437341423549 24.0842987904 2.26745176246 -5.53551919524 4.23444139571 -4.02152490919 7.74836098824 
13.5632379046 5.66548855302 14.7965865388 -5.10531035969 26.9728666202 -0.825678540831 -2.44466935992 11.4631882228 -2.09427005913 8.13116465276 
-3.9297460141 1.59847521366 11.4215084927 -11.1564887164 31.3548712074 -0.0764756392776 3.47173162537 15.5534460763 -5.98524555361 8.0134455508 
-15.4040018688 -0.208215489814 0.213704522297 -5.1562487868 17.2504585767 -6.98830967112 4.77335149582 21.0088017342 -5.55623037124 5.12809804161 
-17.1246054709 6.92129644907 -1.50887012857 -6.21422699512 12.5522487836 -7.3340764365 3.88061806181 20.293258825 -7.13332464598 1.73870223782 
-18.1039968274 10.1842639362 -3.62473937903 -2.40001257931 4.17421509764 -8.11802821032 4.02541566392 21.5716335052 -8.73833261334 0.23439361324 
-13.7906696624 15.1214687785 -10.4793979567 -4.49009994549 3.33437051725 -13.0209951291 1.5000714371 13.27083944 -8.08675887115 -0.817230127203 
-10.624307327 21.9345350249 -9.36184613866 2.37868330858 -1.22414079438 -14.1121881508 -4.49004877828 3.48342661199 -14.4707528725 -2.70063864308 
-13.8803903366 18.2446702355 -8.88660624287 -6.54366841106 -3.10183068739 -1.57841355124 0.209838436033 0.385632052169 -15.8999551997 -3.94262588029 
-6.30788397528 26.3214198212 -8.58822602702 -9.35358970243 1.06533550635 -0.641227643661 -1.19843646864 -3.57621486298 -7.69820429354 -2.13301748142 
4.22096225253 29.285940959 -12.7465959832 0.685229174497 2.75361225678 -0.469475415688 4.86014047403 1.89141138356 1.42826061655 2.84927021245 
4.63266494429 27.7580931513 -8.79350310669 0.612681947458 2.0246196271 2.45146473253 5.12571716395 8.79159024539 6.17634461916 2.87017760914 
1.1651501304 23.3904231514 -5.63921957574 4.63770172565 4.32781259121 5.90859158663 -2.7417997377 9.28037564654 4.13022007713 0.173654523654 
-16.2719250848 12.2666689693 -6.06231897738 0.623574983507 1.962436794 12.5520380768 0.830924566479 13.9420031902 1.54121746747 -5.79536569775 
-23.5842594881 14.4757092088 -12.4061367383 -7.64487372266 5.84703713638 13.8685891799 -0.839508006786 7.87099608084 -0.502358478005 -10.4134929581 
-36.3243892569 -1.62471638442 -15.1253164625 -14.6958897477 8.31287843713 20.9927249895 2.45009374266 11.5472435739 -0.756594263661 -11.5012229039 
-35.7664741361 -4.39976184941 -16.9649901063 -7.57900775053 8.00788814111 29.2618074184 2.08633435788 13.1113772573 0.0202610628182 -8.60321254305 
-19.214801562 -4.07948533758 -13.8251281512 -6.7414919728 4.75553812971 29.2994506109 2.97537812196 12.9979326911 2.99887974693 0.122237312121 
-5.76496775435 -3.33170649883 -3.52291570197 -6.54624994015 7.94018456613 19.5388958688 5.62627922096 7.93795384808 8.75558802069 0.0619425822142 
4.75593886468 -3.52280102485 -4.85116043866 2.6922414466 6.68040082795 11.189215304 4.21101987536 6.66777764754 2.54620385167 4.29321223595 
7.91078886365 -13.9475310671 3.19694946208 4.29135578724 -2.09353383052 6.50969241143 -1.94543905175 10.9789120665 -6.38436248368 3.97021509901 
26.1040799756 -16.668138351 -6.51664439025 0.802276705131 -4.74326954726 3.5780207985 0.400288527476 1.06965395365 -9.8721495762 5.1669185527 
27.2894878318 -17.6340352564 -2.3877723685 5.84803943137 -3.61094679047 6.85287295298 -0.999103502826 2.09209196236 -9.99463836605 3.31168525703 
36.6963543007 -11.5066698769 -8.10700282514 6.69509564221 0.403791195347 4.63351474753 -4.46498662535 0.83915911809 -4.84565521422 -14.5733699314 
39.1903427679 -12.9682057048 -16.9333430805 2.96726535671 -3.00562664989 4.04285310299 -6.89238283397 2.60195136902 -5.11006703191 -16.3098161254 
38.6081288586 -8.78231965495 -16.4985868581 5.14994113098 1.05907021278 -0.699045328507 -12.7208097962 6.94724616968 -1.18590845798 -19.4168904516 
38.155837711 -2.33386307735 -18.9535377996 2.5865837069 5.43699058446 -10.1114211645 -13.1315688785 7.96913038074 1.60132469795 -21.3958920207 
36.4115505529 4.52194755033 -18.1749834102 0.854025730063 9.69874394121 -12.8832271853 -8.06421752668 6.79252296959 5.59254100144 -11.7067675764 
35.4840064362 -1.92770522914 -8.39048969144 3.50769238326 7.6178398279 -11.1804971628 -3.70649682019 2.4704409797 1.86880511338 -7.54484307802 
32.0920184809 -4.05695215282 -0.795759060058 4.71436340647 3.82858379241 -14.7155347135 -2.09648167179 6.74688879841 -0.507962388658 -3.5520180874 
14.064924372 -9.85157153485 5.89769681388 -4.9399044239 4.32854689364 -16.0072252722 1.90376606397 8.46542652015 -3.44039289304 0.10495694137 
-4.30555345813 -17.7553274672 14.1189075658 -2.22188241167 2.4788183046 -13.7200979602 2.07701824954 8.73663469061 -6.74421115643 3.77615652129 
-23.9096854826 -17.4593571812 14.0507374604 -6.18081807027 2.33370432297 -14.3525550894 4.84857356036 4.61027097545 -7.85584443531 -0.703255973604 
-27.0335985395 -2.55053729187 -0.722418532247 -6.2678743047 2.49376802313 -2.91588889804 -3.81829008012 7.10241055983 -7.24016716258 -0.04456057253 
-25.3678287154 -1.41988134695 -14.8845564214 -4.80365022142 1.34465739706 11.5478346453 2.5438105736 5.94031261295 -6.71344976884 0.072964792031 
-24.0889414821 0.640689515998 -24.4563801913 -2.16928595267 7.13150208464 8.03805133982 8.19225976553 9.04493224247 -3.83408525338 2.78421582776 
-14.8413693144 7.83059684827 -23.4906768145 5.56309310321 7.40393803195 7.38659118309 10.6777980584 6.18753662511 -5.17899992587 2.51396367553 
-10.3047253282 11.9093463885 -20.4035431363 11.8899274717 1.99246467306 6.01648950858 8.75655731172 8.84974507766 -3.97971014645 3.18542389113 
1.81247643976 8.3775512438 -12.6831086311 16.6085156614 -5.31300966552 4.94883572281 8.96813874325 7.0349796 -1.71467461536 6.70051648544 
13.7862973872 10.7995998257 -8.69429939871 17.3677565748 -4.13923485584 2.77188013145 9.94868011314 2.26161904755 1.59102202576 8.54073706637 
5.01489889248 7.22054980323 -7.2799568787 14.538595438 -3.6087318513 0.409646927283 14.9178406901 2.13517075123 -0.732702812899 10.2554553277 
-11.4659803531 1.67964918293 -5.16871235074 17.677935423 -0.501329994852 0.0454583340854 9.4669181047 -1.68962822404 -2.45434744836 4.40944942406 
-32.2151263109 -9.92900542933 -1.29230374956 3.46787878588 -3.35368579909 -1.50118014486 17.9324057824 -7.82436764436 -1.84892060202 -7.75643318561 
-40.081020481 -18.5158920845 3.61393355674 7.83499731051 -5.90725493022 -4.93761530847 15.8620738178 -8.63394133056 -3.42676767242 -9.66585866003 
-33.7107220999 -26.4675223798 -0.382418978902 -10.1210809604 -5.80472651966 -1.13375191178 19.173338051 -11.9907160763 -3.88150211001 -5.58176770648 
-38.7085111212 -32.0324224865 -5.46422749164 -3.11316979927 -0.32602254203 5.94281263621 4.2873725627 -10.6902278552 -2.05852003288 -3.8219602557 
-35.8620096054 -32.6696603192 2.28101429187 -5.66476808958 2.01564221726 9.92507342216 1.39327698656 -6.16649015845 6.5623197493 -1.07571526653 
-33.4928444983 -35.3423135695 1.70858337457 -0.812503910294 -1.20887629474 2.90719175817 -5.91546153467 -4.39014111337 7.99907073232 1.42742644311 
-17.4276676861 -31.3585777153 1.99111205706 2.4144640219 0.358458459763 5.96989971653 -6.55387737821 -1.32986962697 7.52297696877 4.68560526992 
-6.38973724738 -31.4605671272 -7.46688507003 8.97561983514 -3.01907588036 9.30098866087 -9.81730429738 0.00435378900499 1.59864444584 4.16104282614 
0.393369765692 -31.6504412478 -9.18117824319 8.97844967273 -8.56330809429 11.7117169536 -8.39352360918 0.970440077453 -1.05776426085 3.3479621955 
13.4498616368 -30.55878296 -11.4639476756 3.72720401449 -16.1620588404 8.87773464372 -8.66506445952 5.10230157904 2.11634037053 0.646898249042 
27.6783488937 -25.0357827619 -13.5660125173 1.03113465831 -19.1664723228 5.19887962562 -8.44928050556 2.79635992384 3.6337229224 -1.77231297848 
27.0244242942 -25.6072025271 -18.7849117985 -1.28155083724 -21.2905498832 -3.20477895228 -12.1114865426 5.25264253398 3.08312114763 -2.88921937781 
26.2272957849 -26.7058435898 -21.7554920478 -1.92365225731 -17.6433212565 -7.35960899721 -14.6150343064 6.10110894918 -2.5302390085 -3.7077216161 
20.3736014811 -20.465133608 -12.1259853502 -9.95764014838 -10.5786369389 -7.83512653487 -9.72101325443 5.12455909634 0.760028742037 3.30539358852 
20.2897334911 -14.7596642611 -15.9583334636 -10.1304846296 -4.31024417259 -17.3441608659 -1.29270211328 2.99764016808 -1.96689856595 7.05944968977 
16.7507167328 -4.31145311015 -24.6512076108 -19.3049712383 0.596995505165 -19.3732335348 -0.674441784949 -0.740128180454 6.2142462889 6.34259935649 
16.9035189702 2.82993490245 -28.0611327196 -18.5318435447 6.76168786326 -15.7131305777 -2.86214054977 0.0820876703974 9.37095057438 8.8605292211 
6.61691620462 3.92222884063 -35.5223859475 -30.9354507275 9.47987363408 -16.2200747047 9.17714489017 -9.64221833789 11.3388714406 9.5195291473 
-2.7339728058 -2.66487738452 -23.0605210461 -22.0797882481 2.62703578497 -16.3559975224 9.0592388892 -8.44372776092 8.53700700519 10.0325972478 
-20.7510364134 -3.97702827077 -16.8190100799 -8.46854873934 2.43028697776 -19.0134434643 7.02513366982 -7.44459159773 -0.63150184763 6.78477458232 
-27.6831121147 -3.65982920027 -24.8788132155 -11.1246112688 -4.12371020468 -14.3561554758 9.22633614034 -10.6959501962 -12.0156966037 7.06863225452 
-27.8754268147 -1.69283745586 -17.6856657551 8.92189859309 -5.92390384946 -10.7885612941 4.20088389949 -8.04811277102 -14.9623843688 -0.46491107751 
-32.5320524408 -5.08198996866 -8.52747801471 14.6420742031 -2.30419711245 -12.7546115456 -3.67818246621 -18.1502541272 -17.0510437682 -3.83353862151 
-18.0281538785 4.52678081165 -1.82273717699 19.4510662494 -4.66984087584 -9.89806589369 -7.1543686671 -16.4706649697 -12.3900470576 -3.30642796421 
-14.6829776432 13.3779476877 -5.25425953421 19.4089131 -1.58513632223 -1.39457871741 -5.36800619383 -13.9055369621 -9.37885479653 -1.60922324818 
-30.0344945456 4.82975970448 -6.86865935533 21.8148969445 1.94595013215 6.68829074734 -1.00653768494 -7.64352868295 -4.05011744829 -3.49850349028 
-23.1173728224 12.428267773 -11.5059638675 25.8952230926 7.24724755587 5.55029796299 4.13978284022 -8.91311212467 1.41208376002 1.32198202143 
-4.47841306846 12.690178922 -8.18286999647 30.1636085788 14.9736454986 -1.43063369816 0.740050318074 -15.6144678877 9.79149910146 6.78001396085 
-23.473625621 4.88736890808 -13.5587983235 27.2178583988 21.5574875829 -5.95301117884 -2.82701093214 -16.3007792682 9.60376637455 0.612761731991 
-11.527952442 6.01104231907 -5.3867006943 26.1452546209 20.5532420027 -6.30649655105 -1.89092219244 -14.4555731936 15.3910302326 0.555987012521 
-13.9463804806 -3.22825298176 -2.26685688337 14.2206134583 18.0751846029 0.76525431497 2.24482163708 -13.1609668633 19.9551111099 -3.83273241252 
-8.31532663797 2.10653751015 0.948033872162 9.15754865791 15.8130425352 1.35534527266 2.60492070762 -6.55701340106 18.3058796397 -7.088049654 
-32.6612787063 -18.1837290058 8.07356851312 4.69956267891 15.8159192412 1.61397911291 -7.08997461152 -4.7871054684 13.1340929265 -0.792702828936 
-21.1534623033 -14.1799171616 8.74974338874 16.8374052012 13.0865869282 -2.6096914201 -10.0527470799 -3.30263588968 16.9354217371 3.23189039012 
-11.8574765062 -29.2030505545 8.71559061211 13.8826864597 1.4202412699 -6.3540377038 -10.9526203603 0.682752983017 10.6045093279 4.98714721741 
-6.89087881187 -29.736522233 5.76234878624 16.8749908696 -2.87888810852 -5.4227335248 -12.2577804421 5.97736157388 4.85569084404 5.16911488597 
-0.494210202667 -28.3849397983 -4.32405275712 16.519310031 -7.46499765089 -5.32428523257 -14.1828160364 5.72551473929 -2.78455067316 10.0768526206 
