21.5534147998 -26.9468804816 17.2057290054 4.00958266883 -0.484152437793 -6.97223376316 7.09698161683 14.0826843191 -1.8586951461 -11.7092012986 
21.4834547515 -35.6657836493 15.2525906031 1.03431756845 2.45356726131 -3.36999566611 5.28493237217 14.0246752319 -3.45611834318 -14.3535437156 
13.5724996713 -43.1739820694 12.4837811434 -6.14279782521 1.01549744262 1.6428142701 -1.83755718321 14.6546754847 1.19855899871 -6.0274900671 
10.7929666684 -39.7855813274 10.7850571768 -4.8905519826 2.02919028974 4.27380415869 -4.49519424076 10.0077978892 0.0733611006363 -3.36714381035 
0.457962055142 -35.8742550236 2.93510562387 -3.96425745088 -3.27991304835 5.24995621589 -5.44234197332 4.31225409306 -2.05454608349 3.36997609051 
2.70670669663 -37.0290364132 -1.05435951526 -0.59484826278 -2.12813406556 0.323907555299 -0.212393519419 8.6961970835 -2.36815606569 1.36685901178 
3.45098770496 -18.8255489952 -13.173449369 9.01895322531 3.10066848677 -1.22177714734 4.24876138623 4.58626367269 -6.31226210858 2.30758615423 
-6.28477467388 -8.04667412382 -20.4582322828 17.361001972 0.571919963491 -0.0928850393039 6.32583039489 2.97941842156 -9.86542482627 0.52600295789 
-22.1721397936 -0.871282861512 -32.1928349114 10.3747813296 -2.75018006528 -5.53783319484 11.6550862549 11.3851020198 -6.83856206317 -2.25428994685 
-29.320422895 2.83130477305 -28.7459356228 12.0252039305 -8.93323880897 -6.24821056332 9.67269094551 18.7993000745 -4.34600169476 1.19360097394 
-29.5153329779 5.20710882608 -11.1244903175 11.439472214 -12.2685987295 -5.25105315427 7.08706471999 17.0217288693 0.746223906228 3.09813437242 
-31.8414406115 6.59112712067 10.7385222967 11.47898457 -12.8693271071 -2.30987888587 6.21088878094 8.72456604507 -1.542075057 9.31585430441 
-30.9519811607 -1.0967112785 23.988658711 13.5267683165 -15.1073968746 8.32279795797 6.78791815812 -3.95738409551 -2.74720921813 9.08470332981 
-20.8811759601 4.5067131437 36.149888429 18.7611664845 -19.0962971749 1.06221400548 8.95138555868 1.33815757615 -7.52431259105 11.1604705374 
-10.0828045851 8.05096302062 28.4410013089 15.1678165702 -10.0674133311 2.70599558933 10.0544739772 3.22174322441 0.139308560098 5.49415861329 
0.603992785788 14.6504963272 14.2486587328 4.16365880699 1.4950142099 5.68603960977 17.2573134301 5.40905433306 11.1943329672 6.00934556752 
10.7213738078 20.8163717965 7.75062807014 -7.2564916115 6.50852344346 1.53873738637 16.4825489081 8.92905223512 11.1952078888 2.45173604278 
10.6579517114 22.4973547101 3.56478281115 -9.3725654163 11.6677977 4.23779712987 10.5781947262 11.6653909756 9.01194471236 4.84059842671 
18.0692620409 24.8143359075 3.84103136194 -15.1215332034 6.9807669323 5.79790666385 7.30084538387 8.17978096317 4.47260110805 5.38756793702 
22.7769949418 27.7130379551 6.82978518712 -14.0019617016 6.71339619261 5.55030370719 5.31535909428 5.86757434998 -2.81118801539 4.23367034178 
26.5160672075 27.071570745 7.4762211224 -9.69481449634 0.499290603546 7.85106384407 6.46597505903 3.98896819921 -4.2920002704 -1.48984344246 
27.2732661056 27.021360819 0.959138346909 -13.1942197914 -12.426733144 6.380288561 6.57225097484 0.780987295233 0.673048944911 -3.02696263537 
23.6794673128 22.791474201 0.184678575574 -7.76554284631 -15.9191084228 3.58719458537 4.073249022 3.20638759164 6.12147017557 -0.483816798504 
27.3385061204 26.7426215187 -2.28129934791 -1.06136632773 -13.399262946 4.71274136352 5.16330292236 -2.06167245309 8.51400697632 -0.501801446151 
25.6728363943 22.5716953296 -4.00928992365 2.83897599096 -14.7376063287 4.36271570162 11.516647641 -2.04583976101 17.6219728369 0.0131935127084 
19.1306238711 10.2564710741 -0.343485153602 12.4494578709 -10.3676288513 3.59508216475 5.69980484962 0.712808677997 22.7137901477 5.88056085436 
21.2350266287 8.7523840799 -1.8729476023 17.8998747423 -1.3240337645 4.7828254499 6.76917223354 -2.38201180651 18.1788314032 5.62439876155 
23.0564475665 7.01185038239 -0.335422093739 18.8114718597 3.94510255845 9.55347323446 9.78867346942 -2.07474211612 9.96920692463 2.04878080166 
22.7876898664 3.09174061478 -1.04151341233 19.1934769876 4.5808869465 7.33851480844 14.5037785912 -5.23299748955 9.57965755315 -1.25762683018 
23.3070349236 -7.19239240934 1.72998097982 9.08532000202 2.50148069353 0.765554751138 16.8937340312 -4.08506170102 7.88058089222 -4.56577364713 
17.6596794495 -20.8736980196 6.39962051335 1.47810769599 -1.0371306896 -0.95835451671 17.0799757921 -5.49652041818 5.87310894761 0.278926120408 
12.153963705 -33.7722505903 5.13695323713 -7.38171688945 -1.52430522358 -1.08624502315 14.7000097434 1.25449394136 9.84883739562 6.0629027683 
11.2852000763 -28.9671395958 2.11420632 -7.87718515325 -0.335658736902 1.65767250823 15.7540431767 -1.46959538758 6.09353929939 9.09253258251 
5.33052117169 -26.9283640182 -1.73928385366 -6.78436755882 -0.528522632005 3.88975951398 11.2516264456 -2.81068794871 3.8881306817 9.98826418487 
1.87333725864 -18.1578832581 -6.04795551546 2.67057918301 2.85964200522 10.5714699058 4.53214912448 -7.70557405419 1.35429802259 9.75570445124 
1.0255835732 -8.38221740115 -11.9982679072 7.43517117392 2.67113640735 9.91996853047 1.38869207227 -6.08255906715 1.99666634624 7.23102085742 
-0.934709680221 8.79868895853 -16.5908489551 9.05766195055 5.92746199096 7.55849334866 4.12966639719 -2.65738418763 -7.42513678243 4.29195826438 
-5.0464710836 14.2618747919 -19.2539060555 9.99103390121 4.51661947435 2.0475345005 7.93406317877 4.21532132676 -7.35923448148 2.0665795579 
-27.0673785393 1.26734691742 -30.5934420041 6.70523756372 -4.56360538221 -4.96766540957 14.8116373481 6.52613898089 -5.38432425392 3.81502688431 
-42.6365008813 1.32919724548 -20.1376906133 3.44442862031 -10.1114661307 -8.89024736132 6.47537849423 13.7450172368 0.546621660859 3.65164910762 
-47.3948922839 8.6207344512 9.74070777242 3.73838364505 -13.8832308744 -13.6987896019 1.12376824116 11.1124155685 -1.36839693857 6.77608638585 
-47.1889379809 2.03681095674 19.7380696588 2.74705340771 -15.0795100899 -4.38360286948 -0.973274020038 -1.48322050286 -2.81506472839 8.15907505337 
-42.767752332 1.4403620897 34.819713106 8.29320466327 -14.3885566593 -2.90289294341 2.55681411434 -2.32188016187 -5.11062824013 9.27884783463 
-34.7609749813 6.75176868025 31.3135901795 9.81278431901 -8.17957170618 -2.93829286911 0.816067424411 1.04781309311 -1.34776731019 3.8742944584 
-14.9782030468 11.1851746229 21.1287165538 1.28638228323 5.53132617736 -3.04596906034 7.20799525498 1.1853597507 2.85996370579 2.65942220322 
-0.0306146276882 15.5109496334 8.0503557707 -13.9549703582 11.0380494255 -6.93609979466 8.09724202902 7.27401404438 7.04925366319 1.80212633633 
5.52607973025 25.7434296082 5.30493194462 -18.7214700694 16.0083700525 -3.26411076017 5.07875442994 6.81900401318 3.12668735405 2.32912162719 
6.12637869007 28.6163516123 3.05299847411 -21.1657294202 15.8296958126 -2.47820636619 2.11477504948 5.84179335144 -1.54610039195 0.376738283886 
10.8786227322 30.8489067541 6.22634165286 -15.876548178 11.1559942723 3.26714623245 0.00537496700375 1.2198152925 -8.41455881443 -4.33214389185 
19.684105055 28.6653095074 4.10113617945 -13.9832562307 -0.933517420404 3.75653319873 0.750189986523 -1.02438344021 -10.443531767 -9.70326844321 
18.730963346 20.918369255 -5.49255660424 -18.355514809 -14.7213081789 -1.36857737907 1.32223094454 -0.443438967998 -2.86886698721 -7.6904254209 
20.8351421532 25.1565226445 -1.19633465813 -13.5597313093 -12.5339059776 0.746311303739 -0.602692392209 -4.4014733471 -6.87802614024 -7.59222755732 
21.4012272567 21.3444860691 -2.58235574484 -5.72089872853 -14.6276224866 -5.124364225 -2.65523485806 -8.25027067028 -0.983549933215 -5.00690622501 
21.3657108898 23.0259493675 -7.13867772322 0.651510327535 -12.2740930038 -3.22369269774 0.936033034587 -9.70634408816 2.08693479614 -4.03565684694 
23.8402907943 11.5650544735 -7.59915628247 13.5353156286 3.93726762439 -5.90885456137 -6.61030968477 -11.6373357098 7.956296886 2.01192176899 
23.3140176391 14.6060934196 -6.4084559724 12.6182393259 7.0341443034 -4.63798715263 -2.04454932773 -9.11264754355 0.835256437443 2.71251876073 
25.1823736217 14.6754964472 -5.49328048387 12.4429297232 7.85589906139 -4.32113585335 7.8889331288 -12.7281043232 -5.90989046666 0.684278433836 
26.1725266379 9.1935543195 -6.48769288547 14.736998952 9.1556079649 -4.0155312099 12.7207298355 -11.4551537687 -5.65444487426 -4.63774499172 
20.2581249748 -5.13138537522 -2.5454272058 2.54502565338 4.62820055601 -5.32806413358 7.65086877372 -7.01150755491 -3.07051080875 -1.53898719319 
8.30595883083 -27.5886225257 0.605268721721 -10.5002631876 -1.18044009427 -6.02987367636 2.87916116631 -3.7031087235 -3.51827785261 1.27540612522 
8.75278774263 -30.7154259978 3.49236375435 -11.7887308113 2.48678667936 -3.07288251381 3.01968857789 -3.51477679835 -4.69082893299 0.632023926866 
0.920100990807 -34.5648760622 1.20660328307 -10.9832763382 3.22042687925 2.88887027974 0.31769294678 -2.04488255373 -3.41570867252 0.229360727308 
-7.73311656788 -41.888190257 -2.74630495908 -14.4538481348 -2.0656481176 6.9042607467 -4.44324076489 -8.66267759393 0.087409008668 3.98428086961 
-8.66098178867 -25.5939385787 -12.0013153695 -4.40991943801 0.604322858843 0.874739560635 -6.40724105076 -5.24408022517 -4.97985177941 4.39054580916 
0.289139643702 -11.2948702387 -15.0111996165 6.66240331704 7.02784148829 8.71665168653 -3.47738218638 -11.193785969 -6.77204962327 0.37588112837 
-6.44577516883 -3.27359385636 -27.9339878563 9.28706537762 3.20576469238 -0.669004913724 6.32655277408 -6.42396209254 -14.9922211716 0.222479002281 
-12.517216874 -1.78439659807 -31.9728001478 6.93178988852 -0.485909434049 -1.76440232431 9.73180010072 -6.05614035311 -15.501307387 -1.2168693715 
-28.491203729 3.42059429671 -36.7504676423 1.43219558797 0.521962827706 -11.5228096247 12.2707119309 7.10620047178 -7.55098692384 -5.22615099337 
-35.6160375631 7.22792707735 -23.2709145521 6.45990743348 -1.22364909209 -12.5754142184 4.06768817709 13.855123561 0.462206705816 -3.15596567888 
-33.4762067378 11.7883259818 5.33181227632 4.07229410636 1.16129052353 -8.01099939805 -0.151634542091 3.77629564514 -2.75740880327 1.11691095543 
-42.8834261637 9.64273257803 24.0439794975 6.20033512231 -4.3262155212 -7.72347365235 -1.675090993 -0.681018838365 -6.7080360581 4.3306635555 
-43.4090886542 8.24757746027 31.7738919198 5.1970225652 -1.55302066591 -9.68670620859 -2.71258890512 -4.45925440824 -9.27735780134 -0.922165959892 
-32.4179772031 7.45439631558 35.2736176237 5.6009307615 -2.03185892051 -3.82290144821 3.61969336416 -12.7140343574 -9.61029741737 0.726281854347 
-19.4482044826 12.4647533656 23.8784807635 4.1748143075 8.53423992351 -3.28402669077 1.62768167731 -3.99132920868 -2.70963334667 -1.7637074964 
-9.28945271555 19.7825957041 13.816631745 -6.77742299454 14.487025735 -3.54335405287 -0.452496459964 2.02003291511 5.06178243111 -1.80986683733 
-5.11414454372 24.9615774765 7.39258059987 -14.4188505145 16.6997795488 -5.54209433098 1.40706972856 3.58801170423 4.26338002067 0.786078984339 
2.9803337961 21.1756103154 -2.19810138491 -21.4010959538 11.3719534399 -6.54395764057 -0.196008455119 6.45917505413 2.35739588668 5.88420794863 
12.9576842157 27.0708438075 -1.34586705785 -23.3902033549 7.13238686801 -0.107894081788 -1.02551387786 1.86167348959 -4.93298648362 3.90550535303 
14.2800516453 24.8595393749 -0.179910785952 -12.1224984921 4.6244436564 6.82064146755 -2.6206619869 0.522480973213 -12.1143831792 4.37206248175 
16.2953357386 20.887544329 -6.96304776715 -14.2201372996 -7.66587747095 3.4890320538 -0.413245256327 -0.873979105766 -10.3405535368 -0.120378095101 
16.7056808262 17.7329527821 -5.83049933815 -15.5491797392 -19.8186179161 -0.579860595835 -3.3215656371 -2.24075627386 -1.42121558182 -6.8935414977 
24.0116620946 22.0790026542 -9.52571681643 -5.2731418882 -14.489789396 -3.46302905547 1.57590375919 -7.40010986489 -4.02458119098 -12.4032001755 
22.2658771507 19.0084160866 -8.73179193554 -1.12364500889 -13.8455193294 -6.63949670604 -2.88536455684 -6.81853930991 3.92377979656 -8.29524191999 
17.2442237176 11.1900916724 -11.7980234462 9.11548726498 -7.19108317569 -8.64728103537 -4.2320966369 -12.1609161297 9.67717789435 -0.122704137907 
20.0225163366 8.81850728348 -8.9351003776 11.0238028858 -1.01111912867 -10.3671654992 -4.47221905019 -6.44174386877 5.03495091131 1.31375065919 
16.8921359449 -1.91067904858 -5.21670198908 7.61645032841 4.04536193355 -10.2341217848 -3.6309248018 -4.28700884934 0.848900183204 0.190572682077 
19.8363259612 6.30619633081 -6.20400802687 7.85602749323 3.1062915608 -9.65655882222 4.26879980161 -8.72800620989 -3.89559821215 -5.01138558627 
17.4758184364 -12.6899616667 -0.692228829574 8.4227906938 1.65632594282 -11.237443325 6.77320474813 -6.16543249093 -3.68003218303 -4.11114644715 
13.2598996603 -22.004665433 -3.75028884104 1.13018515394 1.00242763873 -3.32213638007 9.11421857642 -14.0100765818 -2.42191480233 -3.78319574634 
12.0157126706 -21.7820756464 0.767424394401 -5.281627018 1.25630436356 4.39318276758 8.24684434064 -13.9432820115 -0.860724131993 -0.855440080903 
2.51189406653 -30.4410269966 2.92923546281 -16.5773055996 -4.67989747017 12.1509461607 4.69697145037 -15.0039164197 -0.747944370103 4.62693588567 
-10.0806935267 -34.1013787324 -1.04528345809 -19.5943780039 -9.08528530531 14.7187272456 -3.28562295712 -17.4193627489 0.275600865411 10.3415524493 
-10.0163634581 -15.4018029528 -11.1343904167 -17.1240083006 -4.02884302372 9.19312831454 -3.50966337817 -6.80880093751 0.0858074539981 9.75355416088 
-15.8401918041 -4.66003483954 -21.9213776116 -15.5844775457 -0.704306160082 -0.233409145766 -2.9810458272 -3.79793783291 -3.47200884283 14.4310236183 
-9.55936302654 -0.424722160281 -19.0577188006 -4.61607187125 -0.0470068477435 3.17837684871 -1.20767034797 -9.55264605516 -12.4738358258 9.97509867036 
-28.2339261093 -1.64031423051 -35.1311432126 -4.73650846753 4.09728138072 -1.93390109174 -6.11952985927 -0.208704104496 -4.9959718046 4.09882572797 
-39.6436508731 -14.2609273511 -39.0965903476 -2.45688403439 3.7157281871 5.14986022654 -1.53532743969 -8.53806612266 2.08024984838 -3.90749050958 
-55.5899077397 -13.7850894163 -34.1086119732 -1.48620762539 1.85318349674 5.3335743534 -3.00297931467 -2.66252150396 15.9709130453 -10.6123119069 
-58.4004619607 -11.729266605 -14.1323179798 -4.27855396874 -1.06339082064 8.19199383114 -4.97349923296 -9.91676889726 16.6440905836 -11.860050207 
-46.3993508839 1.57069392114 13.0924413923 -2.79185100022 -5.90836684988 7.47336132463 -7.87055516486 -6.78085449567 7.74860652034 -5.28494898228 
-45.1952926156 6.9316902178 25.6846672218 0.1510724494 -8.07574270499 3.42997992762 -2.9460188102 -6.38133868274 4.24537682324 -5.72129134127 
-32.789480705 17.1925284952 28.1568397885 1.53405448539 0.98861534477 3.99839629507 -1.03253080317 -6.44612874103 4.56621476495 -4.51973039861 
-25.0331971029 7.49609414414 16.8997382009 -5.35092046485 7.59879133437 5.37682655364 -4.35190283455 -5.94524517672 10.756478821 -4.29868824651 
-26.2285547926 0.737086270941 1.86413541972 -14.5731447144 12.2375148531 -2.14116580375 -10.3957536785 3.09484104713 16.4399632664 2.31834019226 
-12.0311030435 10.3108020718 2.18804471679 -18.7487727313 10.7286099488 -2.33467298126 -7.84658267936 3.70104666962 10.1471207349 9.06921604197 
-3.87288107302 15.1760972874 3.25349033743 -16.1248326546 4.13282973587 4.96652220956 -10.3017133467 7.39064204756 3.55908903072 6.6270785725 
7.64200794926 18.9055812554 -0.49539791669 -13.1970464445 -1.90559117892 4.57592728689 -9.70873343718 8.17760768758 -3.32772275289 -1.51370455152 
15.0230223128 20.0775530301 -2.33862744962 -11.8814761671 -4.43543427934 5.70136660923 -5.17231784214 4.41031959892 -3.84441405739 0.318959102164 
18.4450476945 15.3941813891 0.262433288629 -6.0322161118 -9.18097344162 2.02206652321 -9.454965576 4.29751704966 -2.53290216887 -0.738478478536 
15.217295999 15.8241426678 3.95599811048 0.924630618463 -12.7786521245 1.26439265229 -12.4364707623 7.73776734975 -3.65786702629 -1.4761549155 
9.04049556967 7.8545724185 -5.29291074696 6.7952699509 -9.59499446948 -5.27381899711 -13.6979096438 7.51331393676 3.35134609101 6.1633492096 
19.878952209 2.54477344214 0.787270061828 14.7320579089 3.54401014752 -11.5840733608 -16.5324135896 0.06198717733 4.02274340948 8.87539918442 
18.3422716149 -1.85894670942 -1.00137884047 15.8203496455 11.0657266342 -17.6490749912 -19.2910641071 0.690755394246 4.4309939043 14.2945866828 
20.9395402542 0.729326657529 -1.90196068338 12.816323746 7.32064435711 -15.3561737303 -14.6012933683 1.70658222373 -1.90677617321 10.5562760087 
21.8751346274 -15.666717974 2.47208788193 5.66105477215 2.71745476737 -15.6465662415 -3.46426357826 4.17733500729 -1.88622333056 4.39170310583 
18.5626710103 -26.8668383716 7.48168743632 5.93736039914 -0.317455846584 -18.6424081965 -8.00302841093 10.8784820614 -3.35885331508 2.2835942425 
14.7147477834 -41.8325481551 8.18564515577 -3.7055400623 2.3910588214 -19.1634319668 -9.65993284755 12.3037956348 -1.53403230891 -2.94766769494 
7.19683406115 -45.9882879283 9.32238547983 -13.8283316218 1.38719785186 -6.00137628043 -7.29120857468 7.77833989021 0.682478315258 -5.17487728543 
10.9169686324 -34.6149811299 9.62594108133 -7.02698392323 4.38540651606 0.732681181789 -4.83157526558 7.21882149035 -2.57791444944 -4.08607824306 
0.1186425769 -32.6559558365 3.70690707771 -10.8750195441 2.55871308703 3.24773129317 -4.01272933382 -3.33736835004 -2.80356865444 -1.30229192036 
-2.63461423131 -32.0852387184 0.913367248119 -4.96865474206 3.45884204048 5.82847590659 -7.75294755336 -4.19184436337 2.04166464647 -4.00022531776 
-6.27346840143 -23.41200309 -4.32365301416 -1.40961237414 -0.0388140672265 4.76998044774 -13.0718786686 -6.47680051089 1.69376966592 2.15419851951 
-3.66681025289 -5.27074019548 -14.247936412 2.0069526969 4.76746632728 4.90232179638 -7.08455172249 -5.85419494749 -2.2980508543 2.47365363817 
-15.1084239625 -0.266702423776 -25.3261845609 -1.82971104377 6.65767556731 4.58850694701 -1.44851636221 -8.39539553482 -2.03604102064 1.5361203632 
-23.1494398906 6.74806324806 -34.786961522 -5.521421201 5.02532253471 -1.94893403568 -5.24907659808 -1.01075634088 2.15429325282 -3.48928920114 
-36.1533789906 8.68226726382 -28.997056501 0.842086334408 12.4734967979 -2.86100283628 -1.57074876876 11.2989559729 11.0695550788 -12.0595765688 
-45.5833775826 1.58393326434 -21.3873691481 5.10473636923 6.12035850947 3.26535653965 -3.89870827865 6.74396183256 13.5223226789 -17.2520821136 
-46.44302317 3.78178330261 -3.57980154835 5.57227809462 2.11975115945 4.27819236539 -5.30176229275 -1.25726834187 8.5038018793 -15.0973884437 
-38.2591677254 10.0824052058 14.5944820263 5.48812099372 1.23937860157 2.42595806864 -0.269267026742 -12.1985601863 -5.43651881911 -9.83195714015 
-35.4790200294 16.0824232005 25.8185656871 3.15717880813 8.37152071557 0.860361939508 -0.698743188499 -16.5498526886 -7.57628623396 -12.8636578322 
-21.2643968208 19.1329236822 23.9221997909 3.15321532942 18.7805546565 -1.28764658825 -0.311023999681 -9.94832466767 -5.43028858729 -11.9835140197 
-12.4844560121 19.5821191409 25.6030819621 1.74040792372 24.7178258311 -2.32900382592 -3.02107957207 -3.53891151462 -6.60321532144 -11.948417312 
-6.06080606408 20.9114419236 15.3620593211 -6.75078966473 22.599103117 -6.36185583815 -0.340665767456 0.487525694367 0.13533545571 1.55279841492 
-11.4470056673 14.0105469076 5.43406099037 -15.6189404512 16.2552378071 -1.06770099487 -6.6397906216 -2.19357430995 1.95623045996 10.428016171 
-2.11077289039 17.8594646497 -6.78679904834 -21.669302318 11.3533638183 -3.37010327673 -9.04576946198 2.66073675683 -0.428805707961 10.7569394154 
14.969011056 24.6259661455 -6.05837691202 -23.2101928294 -2.35432364708 1.04917817572 -3.96509179772 0.648956879018 -10.1349190646 2.23673032446 
17.7265731334 18.8868559769 -7.18521468014 -19.9677106658 -16.4557149124 0.67914691043 -2.94014537829 1.46609073222 -6.81591127743 -2.70844735029 
20.3732406269 16.1442240886 -1.46002555191 -10.995628381 -24.4542657877 0.715085815151 -6.14527829805 3.16236117586 0.333630790131 -9.16337745601 
14.5918774012 7.29482015964 1.08394849532 -2.11398066554 -33.4597569918 -4.38922000398 -11.8430759214 2.03666679101 1.98379889576 -7.92672017358 
13.6383560747 5.99469860099 -0.630063788426 8.4683878298 -25.4145475066 -3.92306751885 -20.0163735324 -1.76175838443 7.96897914333 -5.48910106797 
16.019405404 0.16083921092 -0.839540070502 17.8347624445 -9.04650441735 -3.83133945954 -18.9893316632 -1.91695269025 7.58083737402 0.568070316536 
25.3934387546 1.08045548388 1.55132680391 22.5492488738 5.6642902941 -9.54584297852 -13.8819556988 -6.22880621012 4.35559905905 6.62538461413 
25.1363152661 0.187255676783 -2.01259342453 23.669176307 11.3307678326 -11.4773912938 -13.75913288 -9.21521843939 4.17531338618 5.3251826679 
25.6211001731 -4.9504273784 0.749040520202 19.9465655456 6.03312066106 -9.22844018794 -1.66774453208 -7.17601716919 2.29000689162 -1.09357039137 
27.7203581645 -11.2746871675 5.07055585449 18.9397793633 4.77597505779 -5.88219210109 3.13360990018 -0.433981851867 -5.06575091782 -8.22903968455 
27.4283009269 -21.5265524237 11.9210151646 12.7134532215 8.93693611824 -10.8413790788 3.46900568506 0.792848974837 -4.07891459156 -9.85210906811 
23.1092667947 -43.5123841652 13.4536795869 -1.43169417213 7.43711497455 -4.74270889164 7.22139086763 6.85544672068 1.2985247389 -14.7319818656 
11.7425113985 -54.6869955989 12.1007561678 -15.8573351209 0.0582012639139 1.75570250157 3.36649994364 1.99541372032 4.57704055427 -6.95025252863 
5.32862110997 -54.0143257564 11.0718609675 -15.8763270595 -4.32824456901 3.48917444653 -0.908774834413 3.76365250593 0.3097162257 -4.46731696437 
4.01509222858 -46.7214196371 8.2255113583 -7.31678976562 -7.61909692858 4.92289333714 0.456113339449 5.79213920142 -2.95854402906 2.01003863041 
3.0820661 -28.6153009721 1.86779848838 -0.112234811467 -4.70232101581 12.0657048199 -1.13489004113 4.76022723456 -3.04326510577 8.6245757241 
6.80618664627 -10.5413797648 -4.05876583637 14.2663486873 2.86754201191 19.4130046832 -4.47033481828 0.686293207281 -1.57561823073 5.23081014376 
17.0476605368 5.21735634194 -1.23827080488 27.2348406273 9.49027890123 25.8827490558 -4.56835171653 5.4032182909 -3.48942470591 -0.594618697946 
19.3522742522 10.3771280335 1.65308521761 29.7033193482 10.4872103771 30.2197972022 -10.599628475 11.4962501728 -6.32406523448 -4.07496554051 
8.96051184779 11.1766425138 4.65930018486 27.6225936773 4.27273837847 28.0415289682 -12.4735632766 17.906976902 -7.1671716957 -1.60050514423 
11.9045986451 11.5990231284 4.37331163975 25.9775740507 6.07501468975 30.8943657959 -12.0968592261 19.442944532 -7.11881083471 -3.57252558247 
