4.18942776015 -1.61651726347 9.76950746034 13.4430288082 0.25724357268 9.76124476872 -4.77754786143 1.55262636155 5.48420502937 6.87582717174 
-2.83304574337 -3.74021267863 9.62793524091 17.0948332997 -1.36111555755 10.6041698024 -3.39144564424 -2.18659157358 1.62982711547 7.57295760429 
-4.90008739008 -1.1735514366 12.5165520411 19.404031401 -0.35722139062 11.7488190136 -4.26566462143 -1.34375608972 0.682752790262 10.9523889585 
-6.20456941594 1.7562363748 12.0445534043 20.967465425 4.57861478337 15.1934828466 -4.75193027361 -1.06042301583 0.892830828907 11.3367484306 
-12.0236427257 0.384127196878 10.018830526 15.6401770576 0.0426165953714 14.9598569402 -6.03595935794 -4.32747467655 1.50987081655 4.90837741229 
-10.2313956471 1.01236145264 12.9397151102 14.4769175527 -1.84285012812 11.5596692925 -7.14888418584 -4.5777781223 3.63586207886 6.46499086589 
-10.1763211146 -0.288542788607 10.8514200403 12.7439869784 -1.56279379257 13.4003060797 -7.600928842 -3.49766392756 6.96294216604 13.0065647564 
-9.2966633393 3.21523577658 13.8475727362 10.363280856 -6.06856281924 13.8006338178 -7.47971874089 -0.84200334872 6.47915507496 3.76682062367 
-12.7442030714 6.60027493651 15.0148874115 4.1186798688 -6.05014953598 8.49658349806 -6.11697262958 -1.06319964645 6.67791249225 2.6002210776 
-11.5559022009 5.51931201467 15.7478643388 -0.866774996872 -8.15231562265 11.9507065239 -9.10622047078 1.09008883827 6.60338796101 -2.42086683147 
-20.9840877712 5.24025961349 2.92763298186 -13.6493859655 -10.2262763632 14.3045364216 -18.2053078822 3.16871182662 11.88272169 -5.75073560115 
-17.7245316573 3.44227130093 -1.58755585521 -19.2606102058 -10.9735322277 19.7193768987 -26.5550959161 4.62879816958 13.015807462 -3.28001113352 
-7.89463666069 4.49473156835 8.44417834147 -15.1918203209 -9.45955350369 22.0900433526 -22.3129556345 7.80024172194 11.0348483007 -4.29498555937 
1.2612063918 7.53321406311 9.41506001595 -16.2333764527 -10.3718110373 28.9799068674 -20.9311599886 5.52797569051 9.65443382033 -6.05013555315 
8.32012048339 12.7254181329 16.2760187964 -10.5917256396 -9.74471578659 24.2362749785 -13.2731925054 7.92105692725 5.81861214888 -5.49526183436 
9.49027953766 18.6267251027 21.7260934079 -3.1059572113 -6.99082236079 13.5525032684 -5.35421928935 8.31273830685 -0.424135638079 -0.587186544759 
13.2134469318 20.2429841975 23.6008393812 -2.21823458295 -5.73079458399 4.42555903719 -3.37989143188 4.42338110182 -2.73406386649 4.65144190469 
5.52905297158 15.6588931909 24.0046615363 -7.71483404978 -2.64499456677 14.9293165615 -2.38854708114 7.50856525329 -5.6408767727 4.41548520193 
-9.98661180945 16.8539186648 21.0913594733 -14.322343825 -0.636274079372 17.522248849 -5.93568515386 9.07383728798 0.297170536531 -0.457611596355 
-11.8110345437 14.8287724756 17.2715004124 -13.6468168573 -3.18342083563 18.5318774602 -7.04038454748 8.94125137092 3.12760656039 -4.25100651518 
-14.413570228 12.407057903 10.2768131415 -20.7349643014 -0.15627819463 19.6152314329 -9.81993246854 8.16629164417 10.7231218927 -7.53846625172 
-23.6781071542 13.4972459961 2.70879443568 -21.246401791 -1.84100406727 14.5763220435 -8.53888332111 9.4166432752 15.483104945 -12.6367599769 
-35.8265085712 13.4414068859 -4.06677612419 -15.7356565589 1.37846936998 2.73135529413 -11.0460265588 9.57089839366 16.568337981 -12.436270914 
-42.0954354453 11.1842075464 -6.56250669878 -9.37059022772 4.56652362762 -5.31608406901 -10.9898401952 4.27552077045 13.534417062 -10.2472319884 
-42.6307484783 9.74154182004 -7.90885246149 -5.06544733567 5.01053634331 -8.98474847339 -12.1385632274 3.81054968461 14.4745440912 -7.15134096455 
-39.1832029692 8.52820634172 -5.66546301753 1.35511231797 5.80834293323 -9.82479741593 -9.69963223013 -1.31831249144 12.3950888896 -6.13800200229 
-36.9341672576 4.92640197559 -5.11663232607 -2.34114726544 4.00130523517 -8.79367979434 -10.3133311333 -5.69880818659 10.5242282773 -7.98168075822 
-25.4679767772 5.95562052706 1.58513817131 4.16086599464 1.76872243601 -7.74316557001 -10.77101101 -5.12889469314 7.19956291832 -7.83614681986 
-22.7956923209 3.8866650936 1.94416129071 8.17571683445 1.47192265252 -6.69958921631 -6.82806751183 -6.09564081362 6.44538285792 -10.6029528796 
-24.4539821489 1.40167356752 -2.35984931859 10.3270658054 0.257949158516 -4.48021628428 -7.84984688431 -9.89455470955 4.65001387135 -13.8121498851 
-17.4219148891 2.81774648567 1.50041200208 12.2892624168 -2.54731151706 1.95863988564 -5.8957480344 -6.24018468235 5.10204555297 -15.4507908636 
-15.179366547 -3.20999380554 0.62367922549 15.5124301295 -2.92886100973 4.67132183612 -3.98946305853 -8.33559010889 1.86395715516 -16.197958625 
-6.26261691688 -3.90318458124 7.76465691271 20.862960243 -0.169509763429 13.8977088465 3.60880471636 -1.27489543052 3.64069381838 -13.4508140328 
-4.13784695424 -15.2068833545 4.26854628791 23.7594386486 5.38170891279 12.4458065901 2.4085166397 2.98809867221 -0.873295172546 -12.4249320438 
4.93210605952 -21.7113805616 7.18493021935 19.8819497199 4.84265581265 12.4156188622 4.34255241566 8.29141736462 -0.534464287066 -11.1294614266 
11.7514822152 -22.2662188919 8.23846996073 12.6584848942 9.40991980588 11.2684034699 6.0652756126 11.6452413063 1.31016517699 -8.37140295244 
16.1086216251 -21.2263912346 6.90334876952 5.7392030088 10.1795550189 9.99451988565 6.17499868645 11.5198436314 4.80329581908 -6.35088773307 
16.7204942619 -23.2537786787 8.22410499084 4.51727421164 12.5348826656 7.84759301069 12.8203724213 8.70842443427 9.37444650373 -4.88719760507 
19.8437284839 -22.973951646 4.4984089425 1.52141362068 13.0750360379 0.288484281226 12.3113437568 9.50942425147 7.42109949181 -7.02088299875 
23.8933547037 -22.5579195095 5.63099433806 -2.22716455701 13.1144025147 -1.48816871672 8.08647235021 7.96400396763 4.47795948553 -4.72385600862 
28.7612402996 -28.6665508211 3.78132763098 -11.7940548741 11.0689228031 -3.78242749075 -1.22399250482 5.31059410793 0.574420058056 0.19486114053 
28.7836236932 -24.1176846531 4.76330579751 -13.822816746 4.94279937029 -5.59226788531 -8.60325430297 3.7991048973 -4.88487195551 -0.716831657483 
25.404305826 -32.212777262 -2.94416874072 -13.3927879439 1.9777881859 -4.56095182746 -12.3741957499 7.1140954217 -3.41346316206 1.33694513092 
20.0100354721 -31.0718466518 -4.83347639621 -10.8780431804 -6.6135725484 -5.89308819961 -12.8918000746 9.51196051637 -2.56623214741 -0.990947454178 
18.5653775132 -30.2373671908 -15.5653391084 -11.680409839 -12.8846094281 -2.69725575166 -13.8568910805 8.83749367599 -2.74905064581 -0.54939144811 
13.2527554285 -19.0529574434 -22.4032809876 -11.8563606681 -23.2269751872 0.240914900325 -12.8478241293 2.01658399473 -2.15836954486 -3.57123138074 
7.54964565724 1.22796159999 -22.1065903372 -6.31990293295 -24.9939621293 -2.09415055814 -3.57068190114 6.04769873797 4.54758037189 -3.56616482384 
7.76902956831 4.84784121811 -26.2184233367 -0.49901147747 -23.0608103865 -1.98320834753 -2.25678312871 9.52167910397 1.07322912551 -2.95257099247 
7.43522665332 11.0683077836 -29.9106118166 7.38379724359 -20.7621591104 -1.86557049451 -0.637764488402 18.628862236 5.05444046276 -0.817222340199 
6.93882307876 13.3512728596 -38.704389769 5.35865733584 -16.6634706381 -1.28969683459 -3.36342081622 19.2864334878 6.20819150224 3.2785713407 
8.78801342787 14.8897621284 -46.7339181232 -0.730498465853 -15.7408792088 -0.561058837224 -9.93713076145 15.637296665 2.26399407082 7.05060446584 
11.1246732188 16.3438822873 -51.4570921002 -1.5645240214 -6.65139615474 4.20577704852 -12.3709703573 17.7127159785 1.71190889415 10.24432451 
11.877387414 24.9502082433 -45.7463009301 1.33909548311 1.51253767785 2.07375121392 -9.20626462142 16.3250662031 0.476831499421 10.8127377551 
8.50503774455 28.4580062939 -41.1570110167 -0.00430078295189 2.06546924189 -2.87234199412 -5.08012119998 13.4266960012 3.18329779501 9.70227207353 
10.3603738699 28.1713330655 -28.9728703551 0.373748356633 10.3009106531 -2.02167873671 -1.89906720242 12.3671721533 -1.67955411328 7.01682236138 
9.87559811983 28.7584317598 -23.9947745573 7.32404603035 23.3366689249 2.11556367779 -5.00502796966 2.33413393718 -11.5447805734 -5.51466232013 
7.63784898958 27.1303522207 -24.2963000846 6.80185129697 22.721516752 4.42179924516 -11.9009319244 5.13597437299 -11.5789645825 -8.67284969442 
12.4185144616 32.3980112286 -25.5261406007 5.68348423269 19.2535192017 0.0336838510714 -6.41003896915 5.28068872967 -4.84945389604 -2.67087029394 
10.4239830704 29.5740163571 -20.9954016152 3.45387806391 13.4945397604 -4.31653552976 -1.42090474937 4.64697224169 1.24012991365 1.54444474814 
10.2675624677 27.9383976061 -22.9538418586 6.91232591209 6.55305912075 -7.3131225843 -3.30861508648 8.42298801162 3.91768614945 3.68816336594 
8.73052713522 22.5139980037 -29.8299846566 7.31734591425 4.44461948494 -7.39589513497 -2.96752399097 8.40431565122 5.15108059181 3.41886898296 
9.38780538262 16.8830084179 -24.9818414058 5.03051348399 3.57753695364 -9.00717863694 -1.05035030609 5.60951408792 5.43325069942 2.68587112033 
8.61956100637 18.4344673444 -25.9011289244 7.25568243611 -0.200068438419 -8.59158427051 -1.0381448425 6.13208620896 5.49315472804 2.21904316248 
4.09122412879 14.9814278553 -29.1442076974 11.7714770009 -10.7312714481 -6.00124813884 -3.05443924989 10.2471274608 4.46777115416 -1.11580032514 
-3.87851964018 7.81964299912 -30.5547663928 14.663678841 -17.5638910646 -4.40363120465 -6.61793843269 11.3388163068 -0.245489517145 -3.79221745064 
-8.2681259247 -5.02491360083 -29.2245918804 10.879781358 -21.5679535036 -8.62122625456 -8.90044723869 8.06657940285 0.0959205896163 -7.15470706041 
-1.91195052867 -9.76471805839 -17.6485458011 6.09463395729 -21.1755477082 -9.42579420116 -10.3607564213 6.05822058299 -5.10132623012 -7.12649789401 
-1.42452088646 -15.7477243951 -17.4714611439 0.468322565059 -21.0368460129 -9.04964324865 -13.6415266643 6.56201631711 1.33884453729 -5.72588083971 
10.3362110128 -23.3583951319 -10.6474920054 -5.57108477162 -12.8680568861 -5.74330169191 -16.5729101675 1.65558474194 1.48649987932 -3.18699592532 
19.0338827428 -25.0395030381 -4.84491014187 -7.95588707393 -4.45198936117 -2.00925821442 -18.1576231906 2.33490592062 2.81681304374 -1.67971092563 
25.893058543 -30.7647226926 -5.78552070862 -14.5495839828 -1.20401226222 0.779212215227 -18.5372666816 3.91446866988 1.72267561311 -2.49219560467 
28.8920248811 -25.3523371999 -1.07362204863 -16.2212317733 4.68502648731 -1.75242072583 -11.9418502797 1.75366243504 5.08019612947 -2.67423469236 
25.4854356315 -22.2348552661 -0.0331071751911 -15.1045628577 6.31694276678 2.24337816548 -4.43954434715 2.58234792853 12.8948709192 -2.11647933611 
18.6316275133 -19.94811758 1.91961999023 -4.52455692113 7.77936001702 2.37623926184 4.52244626136 0.707193674168 13.118196423 -6.86084499641 
13.2658742283 -28.998679374 -2.77167053193 -5.2203335872 5.56411281491 -4.80297189074 6.45968084612 1.88404356511 17.2252027704 -5.76234449205 
0.405621407382 -21.1835235122 -4.44305787059 13.5705301888 7.0310705674 4.56572614079 -0.379687343232 1.69268467127 9.64626182388 0.0292637201421 
-5.00097281147 -23.1093534067 -8.1276164518 26.7047706639 7.17931821758 10.9327163849 0.721194466301 4.24083638342 7.68339976043 -2.92473316692 
-5.68691657503 -20.6667426736 -4.14341102012 29.3302294209 6.07155285223 15.0691916501 0.911750351216 8.34547978227 6.02895240421 -2.48876837346 
-9.34959831007 -17.1041206925 -4.98371084346 26.5081162216 1.52073120522 14.0976703618 -3.38009352602 6.57495991028 8.73278355761 -2.93727383288 
-8.59411161323 -13.7185093892 -3.08241933 26.6400049273 -1.39061471924 17.267865098 -0.990027021548 5.92432025371 5.9585366512 -6.24544089498 
-7.8812788473 -7.53132449926 4.88340497361 25.0516862212 -1.59901226509 16.1547775523 1.42038153699 6.75813626734 4.75121642173 -2.59363180598 
-11.3866105002 -5.08856111929 12.3675787885 21.7073766708 -3.25823210974 10.6735558922 -1.69994527025 7.52861940634 3.16216001834 -1.51655021996 
-10.5535239104 -4.89763250512 7.77331094152 22.5814947357 -3.26607670047 5.68403827149 -0.395390899202 5.7169323176 2.23394545786 -5.19114291253 
-15.4201236526 -6.1075234187 4.20329297321 22.5931266582 0.424766029182 0.920968745964 1.64138795569 2.73673817056 7.06706962996 0.0288633735152 
-19.3405513472 -7.94979581927 7.46099343181 17.5983094655 -1.96955692982 -0.799273410324 5.70382411234 0.318276272554 7.11969387973 3.82512416367 
-20.7376097828 -6.67138033668 6.60114500529 15.8035771426 -0.825108324225 -3.36451584971 3.99828786845 1.74413918956 4.71535833743 -0.165127516812 
-20.177020235 -5.05318155119 4.69733361228 15.2807940107 -3.27137123918 -4.94121604521 1.86075189346 1.89393064722 4.0567656419 -0.470394217805 
-20.3180673551 -1.55103760189 5.5258994227 12.562617854 -1.79677381655 -6.91307589579 -1.5808376227 3.93618232504 6.69177244305 0.351751922736 
-29.6829692558 -4.31719673648 -5.3757591928 8.45897840783 3.09724605478 -4.17484479647 0.266547956964 5.73917709417 11.8540262711 1.46171903915 
-33.9194826017 -3.03409113133 -0.58854118989 3.41213310607 5.67640552838 -4.15128799063 0.753600898664 6.76830572942 8.66656474564 7.14881867933 
-31.1388404602 1.25618947485 -4.80167891334 0.463101103407 5.37999384496 -1.53673674462 -0.955340538849 8.42009554858 13.3219483476 4.43053413066 
-31.3508415455 0.889135238773 -0.00314142808486 -3.30249019991 2.00180904473 1.56093074531 1.64430915216 10.1094273929 8.39463287624 5.16087864294 
-23.3615992854 4.71574986774 4.8080466638 -7.47305164874 -0.124193049917 4.81845922509 1.16019780152 12.8262734755 5.25491560543 4.88331337193 
-17.610462914 3.5323764 6.95544706114 -4.33273854894 0.959247060208 6.66099487898 2.66195298843 11.7023769307 1.73952739682 9.88954994436 
-8.83940250958 8.96073099372 14.6934999681 -1.7676553835 2.07967338316 6.04351419457 8.2128059159 10.8913135908 -4.45945013041 0.286101030027 
0.296112949495 12.0615169209 24.2024483125 -4.07400112781 0.270746081949 9.11854160203 9.09531482139 12.9497031968 -8.58213072512 -3.71626697848 
-4.6285409251 11.9949261613 24.1385379638 -2.98741297732 1.31277375233 9.06557405257 7.94387488917 10.9956956757 -13.3139611705 -5.63079086914 
-14.4947872161 13.0692825897 19.4786839118 -5.93329348058 1.59218413296 9.19481974597 4.5623846745 10.8487524125 -8.81766512379 -9.44820298174 
-43.5764699243 9.93256363204 5.86071421028 -16.2020530299 7.97104419063 -1.81461389691 -3.96832104916 4.33115405601 -0.813809784849 -13.846212045 
-46.7670510682 15.2105394249 -10.3536492308 -24.8368737244 6.26597573769 2.69292183648 -15.4936488598 3.04161110396 5.67856843234 -17.4808670148 
-47.5098749427 14.3288640011 -11.0377354946 -22.1760806084 6.09385656178 -1.03501511543 -13.1556773465 2.74200436502 6.93008284034 -14.2868581032 
-47.8663430824 11.0256231659 -8.82747668022 -12.0756189844 10.039696766 -9.56204493503 -8.51959229256 -0.852998596236 6.62474964238 -11.0776332474 
-40.6692433244 7.57523403608 -0.853261815197 -3.88131279833 8.1560993489 -11.5159703781 -1.59493595211 0.389518291013 6.74325981991 -4.73179165595 
-42.5403420908 5.68391823161 -2.68045693508 -1.90960647604 5.02756145994 -10.9027695872 -3.22205525634 -0.0921498428834 7.24454852959 -4.84923307509 
-37.669534108 5.04736541659 1.60103808979 2.48728808145 4.55926116164 -12.6587588491 -3.29165090492 -2.28620640501 2.63172431065 -8.16149948345 
-35.2910292088 5.8236979609 2.66733332018 2.92475297294 6.62937492039 -13.8786301858 -3.63964241321 -2.95991134291 1.07747052107 -7.71994905679 
-37.1666743754 3.06645186641 5.1782028267 1.77676905404 6.05392611736 -12.4884262863 -3.59570689615 -5.4250540084 -0.684326105819 -8.59305182521 
-32.2470949833 0.800659006124 10.3359894446 -0.0188867080446 3.24543118579 -9.93446318672 -7.47308778464 -5.58581909155 -5.2795801858 -11.261863532 
-30.2166106842 -0.901213130039 11.3975025158 1.42503831622 -0.261828215921 -4.95916394562 -6.51912190353 -5.84609209495 -6.81626207877 -15.931622428 
-25.210489786 -1.53769533272 11.6552170819 6.47400166896 -0.990093836177 1.23045192831 -3.86578851688 -4.33331631363 -8.77253648258 -14.8044245896 
-20.2537434202 -9.33285692822 9.35807791019 13.4346339202 1.13511058964 3.34186329496 2.20530804146 -1.67046362917 -11.1565126082 -13.3578617595 
-9.37164824553 -18.6984363193 8.25747017686 13.7691511481 4.30834644772 2.11442549883 3.95908500465 -0.0122501451491 -7.64643712075 -7.16179149454 
2.88523869322 -18.798842916 8.02341791876 16.126622784 12.3997727751 7.27076567544 4.98280989946 5.18330359562 -4.09199557549 -4.90423112343 
8.23783746466 -23.3327760389 7.32450978357 13.8354131123 13.6897329618 3.95027635789 11.5971161888 8.23705964955 -0.186338152855 -4.04678767851 
13.377151543 -31.3694398095 5.13276603544 10.475948443 17.6276289704 5.55081605835 12.2540980348 11.4482016891 1.44541632919 -2.92566495247 
17.2620682546 -28.579794012 7.61244839923 5.98423837655 17.3488206781 0.850986128447 14.6115365348 13.8097917858 2.41393159091 -3.85765111481 
22.6774964243 -31.7762750134 9.72675577806 -3.36016814448 18.4796646279 -4.48339945162 14.2617244342 13.8704217848 2.56842853838 -2.95545820701 
24.1129865698 -28.7690155998 7.38371502965 -3.98773298847 17.8082455635 -5.05626280146 14.641912878 11.1832469797 4.46339580635 -2.90164939326 
26.0034616919 -20.4468066084 12.5338893686 -5.95039386834 14.572457954 -8.71191407652 12.2619207433 9.32513434626 1.4185186225 -2.83384964527 
28.8370967212 -20.4863539587 10.3528060886 -9.72382288145 11.697184277 -10.7776488719 7.04320872076 5.41074646659 -2.14253025604 -4.88325571387 
27.9537580965 -28.4855408642 2.16850441516 -11.8349287907 4.35487508068 -13.1237410057 -3.64543322907 7.0354037783 -2.9549966657 -3.10775033232 
28.0570649565 -31.7669163774 0.532713614163 -11.8899566369 6.8158887994 -7.42256399697 -8.31523888576 7.32381181286 -9.06135903971 2.90227979496 
25.7048809294 -36.3487413607 -3.87771494497 -10.9559138446 0.0801097074296 -6.18796273526 -15.1437583841 9.83945207187 -12.7816230032 3.03697447997 
19.0750583357 -32.2731140551 -11.1826792639 -4.87230955672 -6.76075236482 -3.9841520603 -16.4961700058 10.2087264398 -12.6048153237 1.7224492945 
12.5229641499 -25.7354944452 -11.5096090013 -0.511230854994 -12.9458969293 -2.02640616956 -13.6839752374 7.73038777822 -10.7755983711 1.13167652887 
4.51051003767 -16.0789070263 -17.647266015 4.27054219957 -22.8242796842 1.10794354181 -10.5612949444 0.389986278267 -11.1706033085 -3.41342080016 
-1.75632329695 -4.48348773779 -22.143063744 2.58752534372 -28.4556611854 -1.89768453275 3.82871750814 0.165599802572 -4.60698640288 -5.19886796791 
4.47649192439 2.00395289598 -23.2330789462 8.88839488065 -22.4817136003 0.615605791069 8.45938130231 5.24775328913 -4.74689262818 1.77454716734 
6.70026254151 0.933531827317 -26.477250795 5.21216154673 -19.559594267 -0.966474447465 7.67988113387 10.4555211975 -2.27773057642 6.6495850408 
10.1322618482 10.8947839191 -28.8802050112 4.40576511429 -9.14366159909 -5.75902447441 5.22589363597 10.2005497039 1.22493872858 9.89650316113 
13.8022999283 12.6973963777 -27.4416987883 1.68853201074 -5.85843740481 -7.83135594716 5.40480620757 3.0938181898 -1.19009582173 6.57405184967 
16.1780223015 16.8962788742 -28.6319400737 3.09788067549 -1.67400582461 -9.25277259646 4.51970856594 0.011022988291 -0.800719890116 7.61547094153 
19.2616311306 19.4804067447 -22.33525699 -1.10253502825 2.12870090951 -9.55136523842 7.66228808658 -0.347609838178 0.700048621748 5.43562768081 
17.451517613 20.2172102892 -26.2517307491 0.071451102906 3.48388979146 -7.3752113455 6.42870248523 5.12009790907 0.839280945969 2.21521959001 
21.0114256197 21.4073017143 -8.58832764291 -1.13220766584 6.14982185129 -3.04359378557 5.82120802594 -0.128795908544 -9.10667433726 0.94062198686 
16.5291938022 23.9358634435 -6.75291479273 -1.43659150734 11.8424355156 6.4236041337 1.96102461208 -4.30216847073 -14.9375319357 -8.99939643374 
15.6679153951 22.9420033668 -13.1404374278 8.4169950871 22.0720327278 7.58848608605 -0.0894721744701 -6.54504717049 -15.9896973359 -6.16005894339 
14.2157444638 25.9072042334 -22.4370940401 12.7668307671 22.1571186614 1.41257462335 2.12055764948 -5.22124885064 -6.95436761839 -3.99631452831 
14.0791405174 26.0750557989 -28.5202315413 11.8805116802 16.5918562273 -2.68299214243 -0.405858709183 -4.26144711787 -2.45634589827 0.886805770253 
16.6758448364 24.2803920051 -29.7080269061 8.51442964201 13.0333281383 -4.19099029474 1.19547343751 -6.94021940055 -3.335083252 2.78202658472 
11.8534902156 21.155298531 -32.78401103 9.05251345629 7.07681985216 -3.93812685241 1.23812923834 -3.54211792841 1.6272667907 1.94110424323 
12.9701072694 15.1376303567 -29.4189677042 6.83907995788 -1.73527259416 -7.20685051102 7.44710033918 -8.12255094449 3.31293121727 0.609630690137 
7.07407289043 2.53980436231 -19.3560244296 4.87588734177 -18.194959088 -7.57553695973 18.5593828135 -10.7624183755 4.34289676016 1.40691146588 
6.11185610386 -1.68005229309 -11.8346244822 4.83738326533 -18.9912782469 -5.31267526291 26.24811011 -10.889348383 3.05970623386 -3.35794729773 
3.16589950589 -0.306427456111 -9.54194400272 2.8444382462 -18.2490807791 -5.15549883096 22.0102139852 -11.9314701993 -3.66706265144 -8.06177118866 
2.01319372063 0.810903509315 -13.9556751299 0.724335448109 -21.1888679924 -6.16606901197 10.849846857 -19.5261114861 -6.93137206072 -6.91038862387 
6.05965458214 -2.36298259953 -13.6072459095 3.19099898484 -15.8203917698 -6.52197381681 7.04921429649 -15.426815377 -9.27183368586 -7.02335321318 
7.75846723039 -14.3269564178 -18.2022331731 0.677585372248 -14.5145901052 -7.88690178829 5.26335304105 -11.3086061003 -7.37125844815 -4.92375030867 
8.80743224585 -21.6727514207 -18.9489838436 -1.9754360731 -12.3898717101 -5.0533124646 1.99648049274 -14.7060195335 -2.95997473105 -5.51423300315 
17.0386780362 -24.7774536695 -11.5785995661 -7.86102506098 -5.30351115633 -9.84571155966 2.78373972269 -10.1328222825 -3.25907952146 -1.43673583234 
20.2466459545 -27.1296998984 -2.1333744072 -14.2330602576 1.09916027475 -8.41568372973 -2.56363767837 -3.3890568479 -1.41630981413 2.64273559258 
27.4232795955 -25.4595398688 -0.157219191446 -19.064314192 7.72146524809 -6.61352573458 -7.17352828951 -0.138702196417 -4.95180404626 5.2133557926 
27.6916747747 -26.1270769198 2.09947523887 -18.8201148507 13.1785119757 -4.54101276974 -2.8581252659 -0.786351901882 0.0815892234197 4.93163189854 
26.7601677095 -20.9571689803 2.1261289619 -18.5787728299 13.2212161696 -3.13223535152 1.15487214837 -1.84071366302 3.69793643947 2.93917688363 
23.7568371659 -28.9771340791 -0.726904552016 -14.1584158543 7.52345036915 -4.6855202947 7.4110192219 -1.76795622811 11.6090306866 -1.34032704413 
19.4723096479 -23.9591142014 3.22160560953 -5.48621375271 9.09966342629 -1.21589708898 9.07491885927 -4.73151561923 12.5953847579 -0.511283597788 
15.7468522067 -23.9262509652 6.0767342447 -2.15086613965 4.55971525232 3.80026485432 6.90174844554 -8.09178972291 10.081466817 0.551746484698 
10.7848374951 -17.4594972021 11.5731616099 5.34671724884 1.69178705036 6.17320282929 1.34055820678 -5.48157036291 -1.26401133015 0.311856684084 
1.5969485171 -17.8358530294 12.754030935 11.5860447486 -0.638739684546 5.0062908415 0.702611450718 -2.27458460367 -2.98347926585 0.944420082582 
-7.53449120653 -18.9222602943 7.7685405757 15.6365998779 1.91520546086 9.46719112468 -5.41842744196 -3.14530651093 -9.26707622911 5.9836468693 
-6.60906628171 -17.4189900686 8.05716683431 18.6809556894 3.74194100549 12.7396084485 -2.99562542912 -0.236379608882 -11.1654292122 6.26225610235 
-8.24716398059 -16.2398081269 9.17885368575 23.6369826893 3.12759002494 13.839411148 -4.32511494988 2.6438401874 -14.9600640838 2.99911582362 
-18.6938633026 -5.86539935007 12.5034736451 16.3267629515 2.43872241703 3.41607583227 -0.372910494519 -2.81276640728 -9.09946744181 7.32877347395 
-18.0046379316 -5.7735751095 14.8652515338 14.4346564239 1.8784862254 0.488316227256 -1.89297928245 -3.57383305853 -10.328082161 9.80705091069 
-25.8511008922 -12.2042287555 11.2867665494 13.4539685986 2.62025035098 -1.51989328365 -5.13386198323 -3.47825931688 -8.13810985256 12.2091677916 
-25.6580959188 -16.2748919652 4.09712351129 14.7820233614 4.61269393472 -0.535406150247 -8.20710262283 -6.24514662328 -7.4806016025 19.7102791907 
-32.2950162211 -16.1141201897 -1.77673650168 12.5866931088 2.47383817968 -1.25961495377 -7.93813163176 -4.26683953923 -0.72701000052 17.9018025579 
-37.5591470938 -14.24250481 -2.30165351128 8.27631621484 1.99016630709 -6.68283336073 -2.48851657886 -3.86748244648 0.757067104428 12.7320545906 
-40.5032325716 -5.90457434681 -3.43085500424 2.09571972322 3.79369254672 -7.08742784471 -2.11069919779 -3.72266997267 3.50945985815 8.24744005353 
-38.7883200987 -5.17539059006 -4.83383950085 1.49258224363 9.72095448762 -4.46375259258 3.12470001315 -0.865667005396 6.15016668414 6.65311709938 
-43.2582340741 -1.47413174279 -8.64319974228 -11.4699539867 5.99898359755 -3.93570177101 3.57919826716 -1.2993832445 6.50791407235 5.98842418015 
-34.7542429618 -3.25264135958 -12.4945273921 -15.7099240788 2.76449104356 0.395307184425 -0.72829803569 1.98662543891 8.21901629936 10.3822592004 
-32.5853148563 0.97984268599 -4.42134374768 -16.8619714955 -2.75187681723 3.23816996013 2.28141649505 6.33515919167 5.8762566266 8.74541029062 
-15.990285826 9.21217347049 6.91278029095 -19.0418986754 -6.47911520269 4.65725475079 4.59053925113 6.01348646003 -3.86188123431 9.51599238126 
-6.88010296291 15.9957402747 11.5098035346 -14.3964378071 0.567926105064 4.74758794303 7.97846989499 4.0264413543 -8.24819446684 6.11274507924 
-3.32385728412 16.3267212252 21.4020903285 -9.11395730435 2.90810014797 1.82538560464 10.1472899405 3.61946117965 -13.6714871541 -2.88124110381 
2.8531656375 17.0455380948 23.2713018655 -6.48769678271 7.61601135425 1.26474757018 11.9490361032 6.13557700643 -13.300455656 -0.321728635563 
0.944102151264 14.2627830006 24.8826890859 -7.16408700395 2.49952259013 4.6192154139 13.3533315772 8.28537434711 -14.0075183745 -0.810560356067 
-18.2252514774 13.5465099257 25.8392828394 -10.3635981742 -3.25153262654 4.57990221347 6.9373919884 2.11990188088 -18.6824475576 -3.21181091024 
-32.8268730362 11.6613559895 17.4156868005 -15.0574459511 -0.00864876782655 2.88293414853 7.38651595495 0.0526321274944 -11.177997969 -2.18374164277 
-37.7280524616 16.347406251 9.14724131207 -25.6438171621 6.36967151349 3.64514364213 2.82830200901 -2.08002320155 -8.44231621422 -7.72178537717 
-40.9620995511 13.9576345355 2.75510136769 -21.5651105492 6.02598141701 -2.78464018445 0.955030266746 -4.05486709845 -5.90673525859 -6.4739319706 
-52.3867820053 9.82067983636 -4.94664484679 -19.3190980124 7.731917466 -6.1618266867 4.57251271983 -4.3627171151 -1.64067992842 -4.85132318878 
-48.3198142716 0.770747891295 1.6687516552 -7.19148484366 3.97003346134 -8.72386205453 4.89761695833 0.196701833288 -1.50208482434 -0.634098837752 
-47.6427096047 -7.28674312872 0.740530653888 -1.09488365599 -0.370338320831 -13.9865371849 3.4015146327 -1.86923389261 -1.09668593689 1.13000555034 
-52.4972172488 -6.88080059489 -1.48742719234 -0.466936763535 -1.79253209304 -15.7416633381 -1.17529608401 -4.38885922346 -2.69690822385 0.526842023409 
-44.6945450054 -5.40234446609 -1.17576316306 4.87069965608 -2.03445323198 -17.0275297585 -5.56591534458 -4.38203753045 -3.84436534501 -0.968963906873 
-41.8061633458 -4.40444797812 6.44056237689 3.87538116692 -1.55022892012 -15.0802786117 -2.52955573818 -3.2057551806 -8.14445698227 -3.76097292185 
-34.8716499755 -4.05703618221 8.60068148115 3.97798217066 -0.275150068202 -12.8499030542 -1.97758406028 -4.70927267744 -8.02355144954 -4.07193208509 
-28.3789584048 -6.55573596407 7.68037974108 9.19180003181 2.45150460948 -10.9349920331 -0.86191995755 -3.05245906357 -7.25832693567 -5.6175504178 
-23.2166427714 -10.1964440182 4.49804649296 12.3284764283 1.61719820464 -7.70708270852 -0.517159798068 -1.13838525297 -3.44833436479 -4.39169819939 
-15.3501266167 -16.9908953409 6.07356242937 11.9927718296 3.59205600562 -4.43854616525 2.18459170611 0.210175511534 -2.16468301318 -2.16329511596 
-7.01286950749 -18.431468687 5.77117404311 9.56884600646 6.84469412218 -0.908628611541 4.78259251742 2.38143476258 -2.75167779564 -1.26317327962 
-1.79029673696 -21.5920849085 2.95367267167 7.80486135032 4.67626869165 -6.83536101204 11.056041279 7.05985233404 1.1706903779 -3.18679602136 
7.14852830306 -24.4744435467 0.695083442793 3.84658458926 5.85002158928 -9.12799727694 10.0675319301 8.88337384794 2.78155661893 -3.21733314112 
16.8118237582 -19.9695892052 7.25429796898 -2.47654058868 12.1570806633 -7.6926135827 18.7921078009 4.85965854574 4.77192778208 -0.662125398198 
23.9633195509 -22.3885759749 7.14267171831 -8.44367221667 15.3880853737 -7.22751580059 11.4390006526 6.78486782087 -1.75494203776 -1.9228406564 
23.6767159914 -17.5765245139 7.83529929686 -9.56519701266 19.409541435 -6.87532026152 9.7406679294 7.39353560572 -3.29115283075 -2.11175032378 
29.0301726724 -19.8229679143 2.36078783725 -11.9767860049 16.6646205324 -8.16393156451 5.4861631575 5.0627163012 -6.03674254037 -1.14100037994 
30.7683473165 -21.6693740192 0.509076313216 -12.7437646436 10.7074433129 -8.92173765773 -2.65602811917 3.03353358323 -7.78975348358 -0.0243524607764 
30.2733413255 -24.9590783947 1.36710096174 -11.6973754654 6.4931043773 -7.50676747344 -3.9010442655 5.0016752404 -8.99680286413 -2.04957923066 
23.7739069753 -28.0592561997 -4.25426568411 -7.61115764053 -3.78828839453 -0.813261428202 -9.88305577234 4.41547423762 -10.2351527596 -1.43749430772 
14.1449352134 -30.1137103936 -12.3449509321 -3.07040239234 -17.045242 -4.24171662538 -13.2489409457 6.75099743279 -14.8543153814 -3.50116849944 
14.2238400005 -19.7767048296 -2.50172315817 -3.24089267999 -16.8882448045 -7.1500208706 -4.67316046692 4.48042532308 -16.8436384533 -1.40641569371 
5.61309630728 -8.56761836638 5.62533150903 0.804762064493 -19.4945823935 -1.81997645909 6.09368786651 -0.318523516745 -15.5273471671 0.421034407537 
2.33715569541 -7.72676661022 -1.67377087474 4.03010024626 -23.0820906449 -1.51976234894 17.6652946042 2.93619755092 -10.3702830778 -3.74863245604 
4.27945329993 -6.18880318769 -12.0936458998 3.15160814464 -27.6671400131 2.33684413747 21.8939849632 2.08155477533 -7.63108113262 -4.25221977235 
7.57412981345 -3.21447124414 -25.0679030544 0.644238201534 -18.7579862823 -1.69923383776 10.4082423039 6.98881832506 -0.551044295157 5.059403398 
15.5872728156 12.9550710023 -26.2446869065 3.95392861651 -7.3147406509 -2.02293114568 8.72237673993 6.63342719362 -0.922664593323 4.8755574694 
17.9360576915 16.1020616028 -28.7110476513 1.65621797615 1.22106841098 -0.854790747441 5.20923944605 5.58033683446 -4.24038121435 8.14396646711 
19.0313371841 18.729643845 -24.8260388023 1.10045790057 7.93348108797 -4.12526389733 9.13020542357 2.00081442219 -0.847930134189 8.7516686398 
19.8082885031 25.1740037749 -17.0365801834 3.06009633302 11.2185224613 -3.64604969406 4.03992802874 0.937838876231 -0.609280297707 4.25482563001 
20.0468143548 29.7738634726 -15.3586915212 3.15714775761 15.6924677797 -2.3272530541 1.93164992747 0.956935001535 -4.2771239829 2.53654274194 
17.5394045839 27.7270239891 -29.9284991775 4.48884852244 15.6350706537 5.75951871382 -3.14673309348 4.68729176476 -9.43938084037 3.07672197842 
15.1821639672 26.4787646004 -22.1028129143 6.82059747431 19.9543952621 10.023319802 -3.04637104459 -1.23171035411 -13.2607592212 -5.67274227266 
11.6357646688 26.6878094351 -10.4222766613 0.611053393574 19.107612706 7.99235973154 -0.509920556882 -3.15571441146 -14.2572260057 -5.14326323961 
16.1580339925 25.664101311 -8.00361058758 2.97635198504 17.4850655716 4.59462720496 0.131049773258 -1.12657203508 -11.1611584011 -3.61418684565 
19.8676166425 28.559701446 -16.2399209772 5.58746789671 18.9514063218 0.556136971207 -3.77588314153 -4.61269665083 -8.94089081481 -1.24793521102 
19.3340691749 29.3866792933 -26.2093781569 3.2827763021 23.8040832405 0.725455409208 -6.3617507719 -3.70416868716 -9.04511094724 -1.4258284339 
19.5983017762 24.0500006504 -32.1632674313 5.19359120372 17.5875503816 -2.09033489247 -3.96251165232 -2.59827224823 -8.38200331559 1.42030046064 
16.5896784879 16.543587793 -31.6529530945 5.31265808295 3.19167566531 -1.53237367898 1.53271945529 -2.6409987643 -3.45948281308 -0.324548039242 
15.9654812072 15.6450142879 -27.5410102339 4.94884758378 -1.2633241933 -2.35615879855 2.66137604625 2.38454946039 -0.267941935211 1.00520980389 
11.6120894748 1.56728886524 -19.9649510265 7.66761603213 -16.0633057608 -3.11099536492 7.66869372091 1.32713307141 -0.66153781824 -1.02389797733 
9.39871180948 -2.49876482934 -20.0339948142 9.71296779139 -14.9331169612 -0.383526577913 9.43801742108 5.47899603211 3.25855493759 1.74243316897 
2.13952893941 -7.05410488869 -9.78291115299 10.0092544168 -18.6874865918 -5.59585513364 17.8505502212 -3.87563187584 1.68963590231 -3.18402142989 
1.96491605341 -14.4457433244 -20.1837818437 5.05278965845 -19.9969734378 -1.95837518083 0.807082308539 -8.236761128 -5.14457060741 -6.11908415966 
9.16710108245 -12.74471766 -16.2859250693 -2.40608060125 -18.6881375742 -7.12048406837 -1.45992722726 -10.4812654663 -3.54798524903 -1.47957884981 
11.2741375124 -18.2002338542 -6.71470869248 -3.70544583181 -15.8409160342 -7.55486901089 -2.17940553995 -9.30937021689 -7.48415056307 0.310602894947 
17.9154336493 -29.3328111839 -5.84725165998 -8.97255152754 -10.600582873 -7.39732059532 -8.46758868206 -5.78247917317 -10.3093675568 0.780201727252 
25.7194151964 -31.5491240466 -9.01395081402 -11.8311176642 -5.73377775486 -10.8075179162 -8.90601647128 -5.34123545872 -9.93969701203 0.766232604159 
27.2106668798 -27.679446176 -6.25391003439 -12.9726389711 -3.84273340236 -12.7870816369 -2.59950104875 -4.27410226893 -6.34207239881 -1.22574295853 
28.3174650617 -30.2937206067 -5.74900156605 -16.4049504608 6.20151849118 -9.49067325252 -0.835169605376 -0.17503270112 1.72718906867 1.27349935642 
26.1300321081 -30.9524436614 -4.9024917119 -17.573980004 12.3292640633 -5.1707875547 -2.31114699894 3.33057101834 4.82071741624 4.4457865374 
28.2875295481 -25.7019069519 -2.13250276186 -18.9510695731 16.350582924 -0.267318715346 -2.32510177131 -0.849249299005 5.09188890771 3.09205738483 
24.9482453074 -27.0661685694 3.71639659762 -10.1974663858 15.134591139 -1.49422169831 -0.0939213525209 3.53243049724 5.87546627264 1.57886423598 
23.4639170899 -26.2617920706 7.2451084414 -5.95551507071 10.6344807544 -2.34011574692 4.07103481126 4.04690373356 7.94981727309 -2.45172244259 
15.6287846532 -25.3677050093 7.45145056307 -0.748925363117 4.00080942653 -6.06417359563 5.77928201341 2.18400843276 5.11980613827 -6.60105370909 
1.7027376607 -25.7692872629 4.19104276421 4.78417574612 1.0693619299 -4.70883596989 3.00945614354 2.45208611744 -0.195638748397 -3.53770400525 
-4.31789031483 -26.5492359902 2.98785720344 10.4353179934 -0.323551785975 0.686646451159 -4.89433214489 -0.387793597067 -4.85052867936 -1.93521593991 
-10.8436855989 -18.1699676175 -0.0321151650291 17.0997893005 1.42649586791 8.44614177172 -11.3430422937 -0.646649968532 -7.800142143 4.48733641482 
-16.0297903117 -15.8342229365 -0.176095612145 18.5604378652 3.35899367999 10.7690472248 -11.404679346 -1.36342630748 -11.4380581156 7.81041023033 
-23.316324035 -15.8016220312 2.95535325298 18.1426028489 1.97767277678 9.4707914893 -16.5728494352 -4.83506013483 -19.8740517334 8.51060550808 
-26.1144873445 -17.8052041562 1.03932894724 14.2291919291 1.51897324995 3.29127676991 -18.8447502339 -6.48599430201 -14.3872314393 9.97556400471 
-24.7759262463 -17.6087069286 -0.467048798139 14.984751296 2.90419399619 0.000308532013515 -13.0992548533 -8.75792459641 -9.28656778167 12.6622125301 
-20.933445873 -20.7760987751 -3.00514782464 12.104419492 6.15646595656 0.825442156288 -12.3387634169 -6.55412672539 -4.18705731387 19.2247405087 
-24.8722485877 -18.8067916901 -3.17732010453 8.70560412804 2.41111749139 -2.22372623956 -0.83342242857 -5.53254639356 3.04083852084 14.335881426 
-23.2431335554 -13.9376018678 2.30345320908 4.24845133808 1.69336780918 -5.79992095423 -1.51761057311 -1.38373882364 5.58780033301 9.87294107881 
-24.5892460939 -15.3532884446 -0.135931749315 7.01795047272 -3.40070901058 -5.02082741227 3.1783139959 1.27050118873 10.6972835026 2.53646466889 
-22.2984520451 -16.2310482041 -5.95969847585 6.64039618468 -2.35586608123 -2.63946158763 9.99576682394 1.74532810707 14.219883562 1.04503748791 
-15.4772548602 -5.38376267509 -3.93478238133 -4.62161850652 -8.70575567133 0.421102481423 13.8005307636 4.01767751077 13.5969615142 -1.10867421851 
-4.55314739762 6.59342013487 0.389145875938 -7.5527123944 -12.1238951565 4.38472820566 11.4884644546 5.56568763428 4.13046080404 -2.53665008429 
4.15584470316 17.436819474 8.4262016501 -9.19103097106 -9.45217994815 1.83216968961 2.89320631708 6.0740991139 -1.96773723361 -3.15932754194 
-6.1332268046 11.851520699 7.96992863966 -7.31161661315 -14.1084199076 5.08069119856 3.12618081197 4.36301257367 -5.93756813015 0.390046082456 
7.46197904101 17.9582201209 20.0944339248 -8.36770284566 -10.9702637178 4.97120854084 -0.743595963531 1.41123297634 -8.79603553312 0.954058587754 
21.3093863927 23.0195345503 20.2160332681 -6.56678391223 -3.40611338844 4.87890580899 -1.15030982622 0.805401447104 -4.9750119062 2.40298135559 
19.1298017644 19.4275219979 24.0569632835 -6.39105947509 -3.52789904788 6.12830981233 2.1336940473 4.66177380117 -9.07519910362 -1.81751323335 
19.0152051442 18.8596464934 22.2772195372 -3.57426451282 -6.4326547226 4.460987226 -2.38869341537 2.19137149603 -8.31482120557 0.528455442338 
8.92937344982 14.9746074465 19.3910626082 -2.23074334132 -6.10062426128 4.35482724709 -3.30276468793 1.59760587168 -12.9343208299 -4.71786385308 
3.14982855841 17.2280273788 18.3012869299 -6.36511616244 -10.2680055097 -2.07422827554 -2.24242455547 0.613658186593 -10.7425621277 -1.40826055052 
-0.368196550792 16.7438712436 23.4355617945 -7.0233329416 -5.99578054514 -2.66060255814 -1.11342639176 1.22926628906 -9.6145898945 -1.43805139443 
8.55683145507 16.2095815123 23.2433268236 -5.54711181334 -5.79751835032 -1.39522755355 -2.33662241521 1.83905500158 -5.54092121696 1.53585061376 
15.6637666771 16.8953861327 24.9727894823 2.20393647637 0.620903939865 -4.19857793741 -0.0281174691181 2.40242901729 -1.437398354 0.211449434422 
18.4365575228 18.3701067052 27.3163258144 5.9840593624 0.950311683598 -6.34771080686 3.76717282883 2.94080623657 2.04842375781 -1.2687996963 
12.3760097097 17.8802338352 25.0417542221 6.11168348621 -2.1425370775 -3.69465836175 -0.571967227165 2.33096495117 2.54935768963 0.47068358313 
15.5097903331 19.6212969167 26.5176466803 8.24074707027 -3.89691848313 -9.01989119139 -1.81165187255 0.302498654765 5.22296266447 -0.00568125050892 
23.8261776404 22.1448578686 30.4950462815 8.66544715849 -5.74389224199 -14.1218846616 -6.49617999435 0.740606949506 5.43825482768 1.5247747054 
23.2154864664 20.8128029896 29.5719938767 7.27291450103 -7.45161995086 -14.4123537934 -7.1251818633 -1.35659445023 6.64131336758 2.22339492307 
24.8999848351 21.9230163673 27.6343170577 7.19443765784 -5.37657972064 -11.0279992753 -4.56494055703 -1.75029169726 5.50268770021 2.03206595837 
25.6474774306 22.0891596552 30.6946300776 6.90653488052 -3.73084508239 -13.9284431269 -3.99938160015 -2.90243659615 5.38488534912 4.89327920242 
27.9840411701 24.474722351 33.4227364185 5.52320437915 -3.99702223863 -13.4333749851 -5.03930965255 -3.74474415064 3.77926798778 5.68085641697 
27.2849646193 22.6023835168 31.0817081425 3.98704603562 -3.84944650252 -12.180254598 -5.14890544966 -4.05441127913 3.84660053886 5.38518883319 
28.0120843195 23.30389842 29.3603527958 3.47834415325 -4.13835159041 -10.8738967264 -5.49917786802 -4.50681996622 5.37082845885 5.76087877664 
26.3397427961 22.4694454302 27.1094119848 3.37887342209 -4.85781281645 -7.86372272621 -5.9587323614 -3.76450148526 6.7707288339 4.68980136224 
27.0294074457 21.6943406939 27.8292662267 3.18871106331 -4.60694217951 -8.22412077396 -5.38840709512 -5.56760751071 5.27490664345 5.50939345174 
26.1185870127 20.9168249233 27.8461451251 3.48496647117 -5.42969511378 -7.57195801637 -5.49050961367 -5.4420517185 6.56070987673 5.53939379165 
26.7398633615 21.2441776714 29.0184354138 3.63962160486 -3.28416473971 -7.88826334432 -5.18869640721 -4.98747466785 3.40744685877 4.48481927374 
26.5813522261 19.0600657461 26.6890937377 0.740848458018 -3.10798045269 -2.67322409818 -3.99102709272 -7.36743738875 1.63711397953 5.94805274834 
25.0102069577 18.306736362 26.0323808686 -0.570058434285 -2.3280220849 -2.53103493922 -4.8006231192 -4.61816536148 -0.0571119028242 6.38697353843 
25.667432996 18.069502987 26.1441224348 -3.20914868845 -1.79950127026 -3.37903106131 -5.20759866044 -7.54321255416 0.496754429745 8.77949521028 
24.8280370692 16.7226742639 28.8221954552 -3.71670100612 -3.49881580116 -5.54680799495 -6.39043898056 -9.57084393916 1.31354163684 10.4973110335 
27.7373665671 19.5592737178 31.8829882969 0.224456680124 -2.06271410562 -8.44904625885 -5.50491994451 -6.37716395163 3.78444409117 7.73518588234 
29.8133914846 21.9801693449 34.6147248499 3.48901529159 -2.44244789882 -12.0598138474 -5.1908313749 -4.75852982539 5.77019148295 5.46645300917 
30.4620204026 24.9933964727 34.8680189862 5.17118985687 -3.34133516314 -15.3012577893 -3.89182801007 0.227842637662 9.160824709 1.10145601864 
31.5429534905 26.229349579 35.4311702403 7.11621199454 -3.41703811226 -17.2369298905 -2.78090458974 0.857831042308 7.24296320129 1.4324462444 
32.4930714574 28.2491698533 36.2593040409 6.67453322196 -3.02164078652 -16.4258184841 -3.57510783127 0.510732843256 6.13744727418 1.80985029603 
30.4674183577 26.4410974953 32.7986747084 5.78108208256 -2.54317655028 -15.2659865225 -4.11640609082 1.86785552843 6.3903610185 0.543148491533 
29.4380928345 25.3487583346 31.5913555027 3.12902916903 -3.75908624837 -14.0339425535 -4.37581263507 0.772411372814 6.21709953643 1.27845232877 
28.5721531111 21.4569739527 30.2413770555 3.5449371449 -5.009107263 -11.3463603577 -2.42799829026 2.24279031611 6.64904473563 0.137390516498 
26.4316112397 17.685791359 29.7172600547 4.95513364203 -7.46013070002 -6.13120989661 1.38071536862 1.38534781102 6.79282528812 -2.63795866903 
24.5527431578 15.3957718203 24.0431724263 6.48470382101 -8.94276690639 -3.9599180655 1.39601749314 3.70742583847 8.9691528826 -7.66223364236 
22.5304611399 18.5375030708 23.6615946442 9.10659803673 -8.71995195538 -2.7245023128 2.16655401115 2.18414360817 8.71722559187 -7.18791185657 
22.725448329 17.09120548 18.355444891 7.52317446973 -7.63540880526 -2.07946936597 4.74279571808 1.69761110092 9.84654439967 -7.18656096089 
24.9932517856 19.9554929765 10.2616894229 5.00908047416 -3.31525798876 -1.78286777245 2.1582256879 -3.10212369501 7.23732766399 -3.23727773361 
24.8583594988 20.0442374898 0.116661677364 0.910678269545 1.84621363651 -1.74324056954 7.43443885708 -5.64801204701 6.63222659234 -2.23245252377 
20.5806159563 26.1583369433 -8.71786463273 -1.87185290972 1.18517571899 1.10073121347 3.32591742016 -2.64472032035 7.22506524408 2.24930356446 
20.8711373855 32.9351252162 -11.4866749241 0.91201521322 10.6475765281 5.94546638713 -0.721457765328 -6.65848331886 2.74805652205 -4.32276908946 
16.7743594134 26.1371743435 -4.08686442932 2.60303989365 8.21980597829 6.11821261259 -1.54591993109 -5.05724004618 -2.96819801395 -4.24587028901 
19.6577546969 21.0881745378 -13.9752059847 4.70962941226 16.587802827 15.7169641063 -2.82912714987 -8.93123716626 -7.32870907756 -7.6622227062 
20.4884095117 19.651712538 -10.5970413902 8.27527225825 9.23219349766 8.84421009979 -1.04998096953 -6.338478414 0.461003346238 -5.49132249214 
21.2478066996 21.6885851858 -22.6903551251 10.4493963377 15.8617255907 12.4186148692 -1.59930997986 -12.4013392448 0.475868159342 -7.86567945564 
20.7566023969 21.1735788126 -30.8280267075 4.94744019261 17.2035474345 11.8780461286 2.87578384675 -12.2067379127 6.2961362907 -7.33229590532 
20.6734401992 19.3540200829 -36.1339027795 2.75945049889 16.8868609764 10.6870818031 1.88175162995 -20.3442980616 4.01873072 -2.22603966941 
17.9127515221 12.8735302586 -40.6863770071 -0.413429509198 5.49996199895 12.8130370105 5.14512503003 -11.5402076831 8.80962415756 0.830032368769 
18.432720726 13.69997459 -33.0489909453 -1.93941279215 -5.61308242156 8.68945277407 4.86684954261 -11.2823261256 6.26191754549 -1.28638819379 
15.5810375589 8.98277833161 -24.6922106044 1.11326998192 -10.9593368858 12.1989953207 8.91703609916 -15.434338877 8.93448998595 -7.95051936802 
15.5903838491 2.59295228905 -4.32147503218 -3.5641817176 -20.8399515711 17.531719887 18.4908833246 -19.6762117068 8.18392319196 -13.4071116358 
14.89921187 3.50057887559 -4.06494413466 -2.73948158003 -16.2010802678 15.3674851792 20.6019288092 -18.3940634623 9.04652467732 -6.64579222705 
16.222034303 1.4303088813 -0.217556656131 -2.76416850365 -13.190329649 9.44005558457 16.7477068121 -22.2346943138 6.12817707724 -5.4086530237 
15.5583197533 3.80894773272 -5.36137618002 -2.79944416425 -11.9719144622 5.41076152222 7.8730511397 -21.9830189466 4.50201543162 -4.62968524164 
14.7145517743 0.160838073043 -0.279080673034 -8.68130734846 -11.9603276386 7.94466750355 2.83131357658 -24.561063883 2.4120437352 -4.53560427522 
16.8711964106 -4.88544590545 -5.86269969075 -7.90563035633 -10.31640744 6.23688308757 -3.22703557832 -21.6574891928 -0.966924860971 -5.4569256439 
20.6463794638 -9.92060781522 -9.12072119064 -12.4852111293 -9.07877966 6.79276695312 -7.83093554459 -26.8351790399 -0.286636049862 -5.44049096841 
25.7933547699 -16.7707693843 -5.95403694306 -17.9564167689 -2.05946058348 8.5822478908 -11.4267139692 -25.0483722348 -0.997918849251 -0.720376730325 
25.6996121205 -15.0037777958 -0.686683107972 -14.9025472011 4.12977378567 4.01974083359 -2.95226080226 -19.6297645449 2.29607581246 1.85353457972 
27.432335061 -17.0822777452 -1.75752591696 -18.5986539206 5.59412727349 13.6297572255 -9.39203285737 -17.7678152837 1.39894759091 3.78710914661 
29.4974165756 -20.6497912 -3.98943248744 -25.4964537452 9.21036943795 20.7682508915 -5.19260684846 -21.5604381351 5.93339243997 8.35523022381 
29.7568005555 -23.0300249557 -4.01186274464 -24.4070595016 10.0812589138 17.5271746486 -3.21885342201 -19.1481604912 9.46367883672 5.57261221381 
26.0502356766 -32.2378706961 -1.39390482424 -20.2300037696 10.2921022609 10.8717344021 -0.784998105472 -16.4903839894 11.7918402644 5.33782988042 
19.5344223173 -23.4424721984 4.02676392558 -9.36969482326 4.50470365802 9.40125277126 -4.54041106852 -9.01878394354 7.60393607087 2.34529267382 
1.60631770703 -17.7335936184 8.07180067531 3.20722475733 -2.98431985254 11.4866312618 -1.25900008308 -7.47553385791 -0.362736015876 2.79394663257 
-8.86519612749 -14.4176697863 5.11659001991 10.0145411939 -5.36968098216 10.2366497898 5.88627342731 -8.31137683078 2.79925597689 3.87149736484 
-13.9867231327 -12.5725839083 8.78854947989 12.542669999 -1.85434617107 10.1596727116 7.03122721591 -8.61170914559 5.06528178933 13.9587368834 
-11.3203136279 -11.3802891908 1.4344789707 14.919364823 0.273210690939 18.2322297871 2.36291053487 -7.43197216388 3.34961872017 18.7144816562 
-14.4100336575 -9.55705410854 3.63460164858 15.7343897621 -1.93639413252 13.5476692032 5.5623236611 -7.82151704955 3.24531084454 16.2665815176 
-20.850573726 -7.28622959995 4.27879348821 10.9882668302 -3.19637376264 7.42410879256 4.22813355714 -7.25081234427 1.90023319813 15.0467534997 
-25.9907775906 -6.32631594102 6.20828194632 5.81420186917 0.302667946348 3.5279391655 3.31881341721 -6.14420399111 2.2425928525 14.5139952543 
-27.8055709823 -4.06239119683 0.0804314826117 -0.235851575105 4.71872935635 1.5285617628 11.635107325 -4.44347332158 9.79329862018 18.6157669394 
-34.3990766793 -3.31263494547 -7.10215077364 -2.40687471284 3.30351775509 -8.92311866459 8.68222057194 -2.40498109353 13.1187204016 14.3886598482 
-41.1978644496 2.5386377007 -10.4704483923 -7.16449412756 3.82115965886 -10.9506851208 10.6522155428 -2.17853743767 11.2062080651 8.98117146265 
-47.1959015601 3.33682364949 -8.06793880732 -14.5649819007 6.90912734986 -7.86323833877 13.9950757543 -2.394765983 5.6573475048 -0.494621254288 
-52.8445535773 2.98371582356 -7.91579747807 -22.2426891903 7.87604019033 -2.78765523159 15.8991577508 0.965687799429 3.23214126025 -2.23509975098 
-41.7672348521 9.85999021381 -7.54260969926 -31.827121201 -1.73129099458 4.44879158287 17.5111864274 1.5403152394 2.66395351894 5.66129066702 
-27.4056797048 5.72758906751 -11.3619944235 -31.0804585486 -9.35342694268 8.33245016524 15.2406340386 8.76869832472 1.36416086034 17.4140291462 
-14.8744675235 -0.170566438528 -3.38605433987 -31.5074349133 -11.9894081108 19.2409910478 17.3385827409 11.7128116503 -1.09620987548 25.5512725947 
-17.5302303133 6.14503084179 5.34642021025 -20.3708389352 -16.8765833446 13.1812538839 14.6980482225 15.1028299475 -1.88372519668 5.45690354644 
-7.45198656763 12.009224459 19.9667669764 -11.2002030547 -7.11886836195 9.1718148367 11.6430673315 13.4234933744 -10.0909266716 -4.67983596758 
-8.75431994417 12.579104509 21.1141810182 -12.243494163 -6.76966130272 6.75147536443 15.7248263602 9.8104937396 -15.0055418898 -5.27560524031 
-6.82083532246 16.2978784051 18.5913699226 -16.2218078924 -5.55901571468 9.41824985982 9.10792889785 10.6422657187 -11.658266825 6.54726987033 
-21.8454417453 12.6503492861 13.2153998875 -22.4521761861 -9.89310867447 12.7422552231 10.8260010864 5.42705873647 -12.9586652066 3.80442320499 
-31.3102622208 14.6920631264 4.17269389331 -33.2559597795 -1.67659596597 7.87430126246 7.84328070764 -2.19514080709 -9.89911809524 3.32457302944 
-28.0098971931 14.6679608619 -1.03937851152 -31.2573253262 6.58924333034 3.98823543795 6.4438272326 -12.0323859205 -5.7842933675 5.28906868337 
-26.2275362958 18.9914924691 -6.083611822 -33.2823456483 3.10037734224 4.66434423583 4.94766787212 -7.73211199974 -4.42596498726 7.59558719369 
-35.5659225492 15.0835761085 -3.27886710543 -26.0092014991 7.39073399704 -2.09056965652 1.96161440636 -7.69215649469 -7.34038886382 5.78085818882 
-40.5300116267 9.81447036438 0.213493716136 -14.4081231837 9.5080811428 -10.6210407033 2.10158497779 -7.0611620652 -6.08545287217 5.85429527852 
-39.2105692007 3.23797890866 3.99517964685 -3.55634542903 7.1175599071 -12.1559632431 -1.02647617024 -6.56813068018 -4.54393780055 7.90149700883 
-43.684724974 1.13064417014 3.38959878177 -1.09107900783 7.28990302542 -13.8994189425 -2.46242107328 -8.37279741707 -3.06348010973 7.40440086777 
-46.014280786 -1.35085409168 4.65712696482 0.120393816328 9.10145149821 -13.1286537022 -0.428366436512 -10.18633651 -4.444138896 5.10348614427 
-53.0764510154 -4.90367276562 1.90128762159 -2.0763842225 6.96811653858 -13.9632112711 -1.42025045013 -8.44552452061 -2.40039222366 1.50102716491 
-47.8334899802 -6.96611695067 7.49760872401 0.309672828896 1.47118649298 -7.52594492894 -1.93686234795 -8.04506257938 -8.86134476845 -7.24352066784 
-39.4582127203 -7.32393664428 7.6947521255 6.02383081402 0.741527673637 -4.55548613955 0.925626449698 -7.68534397992 -10.1458432072 -10.6643316186 
-36.0692325203 -10.8463434317 5.46653016185 9.87896883231 -1.76419153678 -2.83923497709 4.15991062029 -7.68320441162 -6.50813142294 -7.78674632909 
-15.8058206408 -13.9086596315 10.4283488039 15.9121327318 1.09727426858 0.731900556838 10.7265852496 -0.860838676383 -4.05946134718 -4.60139926766 
-5.15365033211 -17.8070106465 11.9480497793 14.2912919285 3.24446456665 2.39501095296 12.7409676093 5.64667241163 -3.15356494278 -5.10576955241 
0.569417230034 -17.6219700562 11.6819449345 14.0158627184 4.41582629694 2.66403471006 12.6472490556 9.14431209163 0.338263994594 -5.69556776871 
