25.7424090564 -7.52041720533 15.4396797464 32.6016747807 6.0526673355 6.90553165009 9.09014297508 1.78877955851 21.8092542405 -4.07807069984 
16.5310807809 -9.52629164446 15.144860606 36.477385268 1.87612912869 11.6690879348 8.18071738937 2.90453094898 25.1495213798 -4.24747719029 
13.9033623225 -19.4489751121 12.3521645543 30.545058993 10.4674368015 8.78930529608 18.5036930382 3.12181451302 22.2001943578 -7.88892503324 
10.0447561507 -28.1639759487 7.64684474404 25.0062947976 11.3610209881 7.36781522922 21.129073868 5.69206725787 19.5633406629 -12.7261315059 
12.656059628 -32.5305943504 15.4090971788 25.3521410298 13.0445683439 14.396011844 17.9738891296 10.656068266 18.4540699326 -8.13123788324 
26.8645936869 -11.524913727 21.9005005836 34.0641734254 15.2919871185 6.18809073329 16.95370768 10.7606163115 14.4003488763 -9.30584079445 
33.4819577998 -11.7255176209 21.1919162104 26.6138425539 19.606607405 0.800987097083 20.0859578985 8.76410651409 3.30207854417 -8.89662987961 
30.5831908446 -4.32830606684 21.4422703684 15.8838353491 17.7562102325 0.16025387345 17.9235207174 5.9685465407 -2.9018106036 -7.51334797602 
28.7013992954 -2.7710410504 18.9048569956 13.8184908957 15.111161359 -4.85793793932 20.2249246484 2.61160242075 -5.215889602 -6.76460856871 
26.8159783705 -12.3563651905 21.7674218978 10.3641495206 8.27715075633 -3.07010821208 21.6330269287 3.00243593943 -5.62713383977 -2.13183037929 
25.2144932643 -13.2079445583 19.6506164087 6.16514426679 4.60789647303 -3.56159660238 18.6857685487 -0.576451214654 -7.06330314839 1.04386384709 
27.4618635255 -14.1900984603 13.4294690669 3.22954593129 4.88808861955 -2.50931514315 15.5112064553 -5.96463701916 -7.43206113879 1.26755355209 
29.1338351092 -16.2439952904 14.7531948775 12.317716503 1.62241888761 0.702493853443 13.0389161965 -9.58044217485 -10.2263869328 0.617872602157 
25.7851514789 -17.6913676056 13.777475106 6.89381071142 -5.05320547208 2.40144302133 8.64717942915 -11.1254923537 -13.8522077614 -0.465077691515 
27.6528964211 -10.4849642321 18.4622491088 2.32703336236 -6.2549142652 0.512576670026 7.68138260102 -9.83074508219 -15.8700577648 -1.51508624784 
30.4975776835 -12.7995404502 20.122419453 2.89119948479 -1.06266574687 -0.849111409817 9.05815227769 -9.41258798446 -14.764325607 -0.633153682592 
34.219367536 -10.8671588675 22.0158632095 3.61249782857 1.53035249535 -1.48296726867 1.98932136592 -4.86223203211 -6.46209865123 3.84706260556 
30.8496248029 -12.8677431452 21.5487295564 -3.38709094018 -0.152236850876 0.125513733927 1.93341097045 -0.55688333186 -3.32658847034 6.47841196301 
31.8024736805 -10.5996148634 15.0972585833 -9.01536668725 -1.52889463331 -2.5366193455 4.90321829693 -2.04338720152 -4.53623193976 6.32474883329 
28.9705062587 -10.8108990118 9.33481676032 -5.67166448912 -5.55793439449 -2.55382910868 5.66963553088 -1.49987121579 -6.78695563261 7.18617432598 
29.9639615727 -8.44457864724 18.9846296068 -7.89648823056 -4.16837330568 -6.56922838819 7.29922993596 -0.569256940493 -7.91415226203 6.29813593734 
25.7327801885 -3.08154114302 22.0349729222 -6.31373464015 -8.32203703957 -8.0828650824 3.86481265932 0.342825695585 -4.69088882244 7.56062266385 
23.8884573654 -11.0619496849 18.7359513122 -8.68817080989 -10.6684103431 -7.31345387181 1.8580803131 -0.268156575094 -0.610204921603 6.41074739596 
26.5173203261 -15.7273105326 14.9725552675 -3.35590647913 -10.947801983 -5.13125424285 -4.44720771793 0.938077570122 4.50825204294 4.92822152244 
23.4573364152 -12.0157203787 17.2693551029 -1.83685081209 -14.80761986 -0.190866404633 -5.38736442897 1.49143398273 1.38897842087 7.09636879542 
23.1850485106 -3.52572426646 12.0023522492 -2.5992814483 -14.8642355225 -2.26366832789 1.75401410393 -4.80801603 -5.28183841898 5.30202207073 
30.7327715573 -4.14238482057 12.8142031453 2.04123223552 -10.8386918907 -4.50143314639 2.5273087322 -9.26439439163 -8.32655738642 2.62772316267 
40.8010681794 -2.00155898439 9.59430889561 1.34889204276 -14.9861547353 -1.8978780588 -4.56496896734 -9.02452716411 -3.85757961864 1.17412590642 
40.1146719167 -4.85180625913 8.12688492927 4.86671158583 -15.1577856402 1.31076115214 -12.5686101588 -4.52638238732 1.28719768242 0.0294300699423 
42.1739656617 -8.29292684584 6.74470477445 5.25202635523 -12.3952129007 4.23558073574 -11.0474693286 -2.74300148233 0.0811630329978 -2.37624047985 
28.472211911 -9.50682005435 3.12078947695 -3.33769165325 -13.722567336 2.94669199339 -4.71885751332 -2.34337465298 -1.14970191571 -1.67374102575 
35.7213195569 -13.1071627525 8.29973934413 -1.24116403149 -8.38673918996 0.293154344249 -7.8414476147 1.90049109169 6.18291765634 4.19300263522 
34.2319128923 -11.2067428545 4.38405678031 -0.0294764051525 -9.61077522091 1.82831107652 -7.87147677937 2.37709280243 5.0815608763 6.69892789049 
25.1993307324 -15.6620276959 -6.48944854074 -5.64857326642 -12.5615662693 -0.0201869571969 -3.25578942861 5.13994193525 5.50862769726 5.17956004138 
15.9146264453 -1.50905987877 -7.19942822754 -7.09738213661 -7.42325743183 0.0701491981597 0.49724573072 10.2460842221 1.99789744148 -0.439457300177 
15.9222918161 3.2375339763 -8.58526577261 -2.09211880099 -12.1750499704 6.52129170893 -1.42411704284 9.7011976373 -0.122904328079 3.41213972533 
22.4833777548 2.099919574 -4.89372029114 1.61808251535 -6.87848014173 6.80864120915 2.09587782205 5.62402357395 -0.565066644378 1.65155451027 
22.3282399894 10.5457409537 -0.966453214025 4.30591535832 -3.60800833397 4.53056478563 2.6631972493 5.74058347856 -2.05946556571 -0.0791104923387 
19.4924977678 7.3514065248 -9.21698480961 4.84340298494 -5.27862147088 2.99216767805 6.90551928866 1.65900375028 -2.08999533994 -0.710942473943 
21.969991293 7.07037844296 -5.1214261054 0.786319304961 -6.00143509188 0.274787877328 6.66100045768 -0.658718463464 -2.88089546625 -0.82356663747 
19.2078586209 5.79545647747 -0.0757951069482 -1.93448255617 -4.59576256191 -1.28757478051 3.48656186483 -0.216487015739 -0.67849274279 0.708343366187 
11.550757854 7.40458187114 -3.20419718819 -6.63163730946 -6.78942578019 -2.13834031829 2.59709614185 0.765218593026 -1.50998233859 -3.00610941403 
5.80996806901 4.90666977099 -4.01831130294 -8.70221181153 -6.24308524331 -1.90726389545 10.5110921173 -2.66846743254 -3.44099683104 -4.17578662347 
10.4497989808 9.05771253266 -4.84517077244 -10.8523394713 -5.60920964172 -3.0400685338 9.5490054754 -4.82812121798 -2.18249948716 -3.52693106546 
13.8884187149 14.3350293124 -3.94359117351 -6.94178397803 -1.50931609141 -7.25038710758 6.38440467995 -5.67626161435 -4.06048433068 3.38803356224 
14.4982152594 21.8572962638 1.41784690273 0.0706450591684 -0.259877300458 -6.31718732075 0.674651825665 -3.0224578055 -3.59835649981 8.52722592592 
18.316623032 28.7990951845 13.5973459784 9.38050937733 -1.63738128757 -8.57835713501 -7.61113090227 -9.39319762427 -5.51812186263 9.64953089357 
16.1417905264 27.1132473835 16.0249385967 6.95557933135 -7.45691122294 -2.55245820854 -9.71949023854 -9.34599740245 -0.0068145054975 8.65471244257 
11.186323554 28.4731994919 15.8286955367 3.43837740419 -2.18884809789 0.819445259398 -9.72089644254 -12.7403552882 -0.946496275297 10.2628158747 
13.3013605438 29.732657276 9.10539459802 -7.77905630075 7.21648855016 5.63853189335 -3.41794504404 -9.05366875148 -5.13449475025 10.9913498041 
17.3733811078 35.815928751 8.43580279355 -5.69800629478 8.02539635515 3.69508159678 -0.348485167094 -6.97933475111 -8.82461825084 8.29342813663 
19.7016213162 36.7124810957 7.08236511493 -0.620443325134 7.94163757876 3.45716948524 2.37209449843 -8.11833068873 -13.9404409884 7.57405525327 
23.3887814196 28.5978275609 5.22016426784 5.42719398961 10.7180900448 1.72334950526 2.95656013433 -6.64639354502 -16.3617975375 6.80190525657 
18.0762304443 26.8962065815 -2.54299821298 2.29232666575 3.18000996973 8.6361934739 3.4913808797 -3.90192940334 -12.4474262541 3.78073417255 
15.8163578338 19.8694516139 -8.69956839632 -1.26789541282 3.45646019116 12.27826743 5.24118989094 -1.05632706375 -12.5772557529 -0.568673755001 
18.2781574771 16.0431099999 -4.92286542633 -1.01420219347 2.96707408607 11.0202683965 -5.43407425613 2.27156438567 -6.60549217612 -1.66831077473 
3.79134751674 8.87003476304 1.97396110231 -0.767231305566 3.73581872665 20.8997406353 -13.3722530881 9.4090519298 5.00507471837 0.920701122145 
-5.46015287592 4.69931657909 13.9026557574 1.47525431161 1.00996591568 20.0055568778 -17.7959561737 16.2051165239 11.9906381527 5.69776550174 
0.448020756963 -3.63827388003 14.2912583518 -1.88107250897 3.13675129174 8.17824255973 -12.6489886167 15.0094386155 6.66380603034 5.18725520345 
9.71484736558 -0.794338947261 11.0909603634 -2.02416601031 0.900384404539 -0.0870944090303 -11.5359445987 12.764231515 5.50289947676 5.21848798084 
19.1678864203 3.00865329105 9.7751870968 -2.8555447557 -2.25198282707 -5.04832481953 -8.86548712823 6.41076979224 3.79457798336 6.30021753199 
12.7749288588 -5.79904016058 11.2892412799 -4.79896079554 -4.81913698248 -3.95121763765 -11.8655029395 10.2161885789 7.9973070058 5.47286040933 
0.456903504918 -14.992338904 12.0204713219 1.48348635643 3.43308063834 -5.60086729777 -17.9274746781 10.1383545017 11.2743799883 3.74293534072 
1.32958001263 -16.8979085452 5.22730643534 -4.65250525697 10.2950577607 -8.41347756246 -17.7416514103 6.26520997733 13.2588911947 -4.50831657107 
-4.00677838406 -24.9667980085 11.1440836239 -12.2802117263 13.5298082285 6.59019242749 -16.2684930502 5.73010444044 4.62764722559 -1.93332937502 
-6.73905335621 -21.4216580731 4.75981839522 -4.2101407532 10.129565203 12.3891937374 -16.492690295 10.4942983525 -2.18107321299 2.4313804644 
4.11855719866 -15.2361255321 -4.06376925427 -2.78449215484 5.66245069826 20.6172092877 -18.81368324 3.99811802045 -11.6215760564 1.24166208267 
1.55249540542 -4.40773218606 -7.36719628056 15.3582826775 -0.131049128018 28.1578939907 -23.3868090251 -0.103434726009 -10.7857181054 8.48349304933 
0.299167507256 -8.13480326294 -15.7001132075 18.563403022 -0.749642864958 32.7413766827 -19.8983134037 -9.60250385972 -11.5872594716 15.5949480371 
-6.18065973773 -14.3150574931 -22.4480136806 29.5930853862 -1.38384722153 32.4025710203 -23.7791132223 -9.24019040214 -1.25528240421 14.5188828789 
-5.84817015634 -9.12996266286 -20.2188090077 27.3764930436 -2.69295221531 30.6485521645 -19.7023684404 -10.0264311178 -0.452989296775 14.2530354402 
-4.23968447952 -20.5598686589 -23.7075201708 23.7868710931 0.80587472083 22.3851589207 -15.5989510333 -5.80690465523 -0.555198968633 10.6214181606 
-7.02586820675 -27.2713759702 -12.880849165 -6.03545931422 9.86710941811 6.84542133813 -6.66450916308 3.30404813188 -5.65075617036 -4.26632952272 
-16.3824681988 -18.3190797538 -5.71349388298 -13.7934157888 12.7399156956 13.2071470074 -0.979250115971 6.79685505102 -7.75063304092 -0.861952226251 
-8.25599167299 -19.2315089425 -1.32840446908 -20.7038421315 7.16148932733 11.1662515178 0.198049813225 11.4876822368 -6.13512387899 -1.27943781044 
6.75536957083 -16.0259342853 2.52156126033 -24.2696315553 4.11187030201 3.17019462763 2.70229364653 7.21945146815 -6.21924560729 0.873039920496 
17.3867151336 -10.5333574244 -0.516921859769 -20.7822232257 -7.16617647887 -0.410822364793 1.08813076456 1.56688975048 -9.11107576877 1.45037203664 
20.3366583578 -4.72109906102 -0.356916646943 -14.3642326552 -9.525382315 -9.10428279988 4.37711525573 0.264483192484 -4.57992134563 2.6424201976 
11.1070172431 -12.5528715535 -9.39248828211 -15.4195469805 -8.3395897171 -7.37194863396 4.16878889668 -1.71784959145 0.181306022633 1.13892234498 
3.19595765786 -20.9176030505 -7.48451334271 -24.0941759669 -6.00076801147 -3.00131712864 5.60338165985 -0.660854645305 -2.98329248343 -2.89869731575 
0.934150818539 -18.6684733936 -9.48559784872 -24.5336865468 -7.66805946353 2.49388719618 6.36943654066 0.418845659861 -6.64875322056 -4.44572365268 
5.77602021382 -12.9659856361 -18.0109779687 -15.6993899705 -10.647795319 9.32200897483 7.49537689647 -5.89961491932 -6.37614982312 -0.576312477425 
0.491406330059 -11.1836308888 -19.7079512357 -6.80855824863 -7.63196983322 13.2642831509 11.4755716784 -7.44187454639 -3.07851987691 0.763728624059 
-3.87005380029 -5.76605615279 -13.6440352674 -5.12555346684 -6.29223625317 21.2335319847 8.87467619036 -1.53286388352 2.62186675886 2.50801089932 
-8.24301597601 -2.40322034742 -11.3151778914 -14.6036041547 0.148328785773 20.7880240343 14.7456044401 -1.02266279286 1.4708163693 0.00785376954187 
-11.0795515381 -7.16248923699 -8.55514944555 -21.159944547 4.44593194079 22.0085054953 13.9549147771 -1.52553531773 2.50474102275 1.56778273499 
-9.76061628088 -6.08232837879 -6.07429492983 -21.9736426296 10.7522661252 13.4110996554 7.65361493771 -5.10202173889 1.78348318035 5.01580818763 
-14.3229814963 -7.71883058957 -1.2776384888 -24.5179500335 16.5574578844 16.5227093896 5.24753073715 -5.15370338767 5.55258581672 9.82340063639 
-6.96150021372 7.48052476958 8.32117099042 -21.0175353723 16.6213416104 17.0579163862 4.81217876436 -6.07316051363 7.89007852982 10.8247938782 
-8.5248512678 6.90876111859 9.27106069676 -20.2851393487 15.3326718715 11.1953051949 6.65806174604 -7.49067344225 6.61717749703 9.43296293202 
-0.270432851707 3.16845531131 3.49673590168 -13.9012967605 10.9323866631 -2.84664314831 7.53561413482 -7.81715553591 0.235209638791 9.67499020634 
-4.73876384966 -1.05386106403 6.98370123234 -5.23455192724 9.41624071277 -11.7652093379 5.17324214933 -10.9674625303 -0.530961480876 9.96633594057 
-5.18349346835 -5.10735162778 8.9302405908 -6.20312408742 10.8240876172 -15.0887668781 5.76235473916 -15.424303886 2.92959916589 6.66153217612 
-19.1541507164 -18.7774853272 10.8668039459 -10.5675410145 8.58731213986 -10.7717907081 3.79714655379 -17.0594197154 4.03743237042 3.67369561377 
-17.4517323457 -18.3631696179 15.1155988016 -13.683772389 10.6599389481 -8.21233434722 1.36246595014 -21.6840908285 0.404726167786 -0.410022294357 
-23.5689673977 -21.7753026482 14.1107518604 -12.3380284255 6.39861677706 -3.41363992465 0.955915541945 -23.0777634136 -3.97337702308 -3.71092725806 
-19.2861858589 -17.7253885496 10.7543777611 -7.26175877652 4.57090590734 -3.44864270364 1.22134309455 -20.9909342986 -6.36499334186 -3.11207981165 
-30.8092905989 -15.5989465442 10.3492728176 2.06559822094 2.60116780986 0.269458395591 0.598878515526 -17.0720263883 -4.78043156819 -0.544172580294 
-35.5811671142 -11.6345766984 3.97377456248 3.2024680115 -3.9667046362 3.58227847926 1.76998122116 -8.62528035188 -3.79421715335 1.35967729757 
-40.0449003125 -13.902379952 9.56565661116 0.975289891857 -6.52371717866 4.27780803918 -0.586222934875 -4.00785192362 0.49020757266 1.07382935711 
-42.9019580947 -11.8411709557 14.1087024783 -2.85963763826 -6.38886006295 0.737314931738 -0.00767335128873 -6.58985094836 6.76350302782 -1.29576877143 
-42.881797539 -13.6408331366 15.0296158157 -1.93386787226 -3.91829913833 -1.68680426114 -1.64811286145 -2.05110370154 2.95130195722 1.95042940976 
-36.5304605938 -13.4910219092 16.1238723638 1.04094324548 -1.22624768973 -11.6401512696 -2.41839283291 -3.38908025721 0.0463764420763 3.45319023695 
-33.9185040669 -5.03927153388 15.3116883367 6.02002369775 -7.32510759449 -14.8895050442 -5.87611325033 -0.647942126925 -4.79687523075 4.28071848811 
-27.203796063 0.978481179283 15.6656830843 9.9206842039 -14.0433514432 -21.8500864464 -8.4617557546 -3.64798779687 -2.28287428926 4.89694982968 
-28.0536356692 -10.7766831711 12.8351276035 3.79670759948 -14.081419847 -21.499358562 -2.78968945292 -8.34286301734 2.45226985172 3.19312933873 
-45.8917119835 -21.8215204811 10.8237102336 3.91916166984 -23.6247671174 -11.4302404681 -4.72221220212 -7.44935979932 5.80769529646 -3.26105436019 
-42.4962100969 -17.1643107984 17.5477530121 -4.02458158441 -9.40009395961 -6.09954575206 -8.10571380583 -8.1102331413 2.50342032456 -3.96622670127 
-45.7020984137 -13.982662514 20.6496546442 -9.85745027166 -5.32608578177 8.92229634606 -4.47923428945 -4.46092081395 1.82225639627 -8.94056455876 
-40.3018296772 -11.4998734667 15.2190040722 -13.1503248338 -4.55339937029 19.0868594837 -2.41836457822 -11.0369906826 -2.45546667265 -11.4531162665 
-27.8118860058 -7.75238975084 0.084933975325 -7.53475815351 -6.54071406847 12.6861383103 1.65989304655 -14.9002720251 -10.820639601 -7.98927857308 
-18.7821081176 5.86734397977 -2.59922523503 -7.34419979169 -5.66777342963 11.9137855597 6.80630885734 -14.6981586775 -3.8922550206 -12.3379782872 
-10.5516701776 9.675164566 -2.27554242309 -9.00264103997 -4.44983807085 9.16117687569 3.31159020005 -17.9882448616 0.615186574667 -12.1457710812 
-11.7321917157 11.4914504936 -1.71377879497 -9.81793691664 3.09176002846 4.40117020629 2.79883374077 -19.4066839867 3.03725828333 -11.980743832 
-13.5602317585 15.7790323768 2.54676565863 -15.9931874388 9.69683311917 5.17256497878 2.12126956936 -15.2427348844 10.6794490667 -10.7057512393 
-12.270389156 20.5959818151 3.29441756463 -13.8663126895 12.945710792 2.90155788718 1.91747083889 -14.3070856647 15.2476277957 -9.82911770608 
-6.90813089066 24.3528851334 5.82566051106 -11.2281442568 11.664692336 -0.647663428568 -3.84126633319 -13.4089462702 14.6363850285 -9.34407553863 
-0.670895487373 20.334461108 -7.95615442693 -3.46113436137 4.63796334439 -7.16257566117 -5.96565109169 -15.2232953908 15.5917077201 -9.85883320048 
7.96286703713 19.5127028033 -19.326568648 4.16766179462 -5.46608277589 -14.7383285015 -11.1166852258 -22.5263721595 18.2968247206 -6.3371352867 
13.7063669951 24.0233797765 -11.4369370051 2.13720048259 -11.2124532557 -14.9118088016 -11.690564335 -20.5356030611 17.8989810337 -10.7615042981 
4.13092135146 24.6353673085 -6.83100390093 -7.52144177928 -6.21993831833 -5.74524380342 -5.47182232026 -15.6139347758 14.4281238106 -12.4134064051 
-2.80079566965 31.9254796976 -1.36880225689 -8.73811857849 -1.01445643503 -0.172651515116 -1.96154731446 -10.9201281956 15.7271065108 -9.02607352288 
-5.40900570458 29.9066546897 -1.97904274328 -6.30545539556 6.47466899565 3.30740084983 2.68828333049 -4.73369945714 13.833646052 -5.43043524394 
-9.88622206703 33.0873806151 4.12186838017 -3.97459461896 5.70706465105 6.53784011765 8.12423746803 -3.03032765589 15.7216015266 -1.71174516434 
-16.9899144129 30.3863636061 9.3465180244 -3.15153708621 3.47663800062 9.4303789565 8.68723448362 -1.99656987223 10.87847542 4.14387960614 
-27.5746602283 22.8741417311 8.64508278276 -3.71132626413 -5.25880729728 10.4795228606 9.93843322754 0.254741834154 7.0350993869 6.19070535147 
-33.6036905274 12.0803616621 3.84578542818 -9.65093516324 -6.61464556432 8.3834737889 12.4307555741 6.22983288494 9.23377538873 6.66663147396 
-32.6750840253 8.98856268147 1.83620588714 -8.54078025274 -9.23025512237 5.1464591678 12.6258139916 9.16779972195 7.34985890605 6.76757158043 
-34.4101156496 6.78529299977 -0.098309077733 -3.57190699778 -13.3019659774 1.41665156764 11.8936308147 13.2700276741 3.84459360815 7.43838602079 
-31.919998884 16.1443557706 3.66343514772 4.29597892175 -17.5908932567 -0.187577537325 9.59126274154 14.1806070715 3.80485568425 9.88057993118 
-36.9610481003 15.2258343758 6.51255471936 6.25324565862 -25.1375541232 0.841185358938 6.252565499 15.0566705977 4.36209916433 5.69718586683 
-39.979726359 11.3431411836 11.5890838491 4.52408915251 -21.7001680426 -2.82753062085 5.37282569539 14.0906657208 -0.0895887131901 4.71851478728 
-38.2172738538 12.8527073285 9.13037686953 9.51847950971 -23.7075921025 -3.47745274372 7.47806074699 9.82910734529 3.8139674548 2.15485737803 
-40.9952995101 8.5882146687 7.58527782457 5.26920640849 -20.2903068439 0.173388413216 7.64927563842 2.87908064129 4.28854394211 -6.54667090406 
-37.0242897856 5.21537001071 10.5790863443 5.85410099938 -16.5417479434 6.06902144586 5.13627958926 3.39755134592 -0.169088222606 -4.89623748188 
-32.1877629599 6.26890950914 8.01516487814 7.0179217574 -15.4502874119 7.11550496962 4.2141887539 2.36141256664 0.876520873464 -5.93383457011 
-34.1752584595 0.411406745385 8.82330335303 12.0700046618 -20.9880248689 5.10243508051 0.267945377123 -0.448028032927 -10.7649175146 -8.55241824345 
-46.5552537461 4.58343192562 14.3055229159 22.8420586042 -24.7267116477 8.44908111601 -8.76050940376 8.03930161673 -15.4334412374 -11.4478012913 
-35.73352246 13.7011697689 11.0552888018 23.4969968914 -19.5134352023 4.4618352267 -3.26411986111 4.3597284086 -10.7389721873 -7.24709113525 
-26.2059281217 25.7461506488 10.9812988641 25.490756409 -15.5502507791 -0.992456234881 -3.37273201158 2.2862351861 -12.1685129533 -6.57918157067 
-29.2620776631 26.1218006647 11.252634699 23.5784986099 -3.12648811721 -0.500544205469 -3.79332748181 4.03433551113 -15.32577448 -5.98322776135 
-32.04190662 29.6656985573 11.0513928152 22.3415599519 10.0749283095 -6.14587099049 -3.96350745842 6.63001126711 -16.9864276727 -7.57609668614 
-32.1324719808 24.7887981931 8.11249498448 17.6094967404 18.6199669444 -8.04619403779 -3.31614011527 7.53605136858 -14.4453649359 -12.1003495896 
-30.58981777 23.861463845 5.33296491525 14.198558537 27.1935291014 -6.47678940522 -2.02485222857 3.69337171849 -11.7230678732 -8.01847162816 
-33.2203110498 22.3416531553 6.64520854089 9.14908839759 30.2090012695 -0.381007211065 -3.05431168665 8.3205356392 -8.70208104272 -3.18451487327 
-28.3143426142 20.8465087695 9.32207649171 -2.01921738901 29.9703675459 8.95098000695 -0.614826335247 5.84448863977 -3.25053226083 3.941611506 
-28.1193965966 13.8738121722 10.9369394199 -6.16353333905 26.3406564112 8.37051231484 -3.14532455028 8.4927146828 -1.49986922481 9.10082681353 
-23.8426027055 12.9425874691 7.06177843624 -6.81707337733 23.8887794336 4.12219445526 -3.14666714406 5.46127896436 3.63152455615 11.5375309166 
-20.7801522267 4.30168445886 -1.46813677815 -0.495052216081 17.9734039753 -7.55782452187 -4.60743361987 5.47420824229 3.10031961775 12.4418511216 
-10.0416065303 4.70277520346 -7.41638805305 6.0590928943 13.8203057563 -16.7141577762 -4.87379954557 -0.0862296398234 5.51298456248 13.4569078159 
-10.7991613005 -8.41410623932 -9.80130466405 13.210150594 13.0778564096 -14.4077869594 -9.0363504777 -5.22495516306 6.87735775102 13.325115105 
-10.1670872279 -16.3890958013 -8.35427500152 15.923819693 16.2165263231 -11.9730950696 -14.1313299113 -10.8328282774 2.93730260373 11.2688957295 
-10.9192337583 -20.9262298881 -2.14401645703 15.7597987562 14.8601546679 -12.9446713312 -15.5180897035 -8.22350025056 -0.162143661844 10.5049063281 
-12.466823459 -29.8405571456 -10.5786631663 14.2443318012 8.48651279877 -18.1402847169 -10.9250251919 -11.826245266 1.27045219439 6.13573251216 
-7.14914145001 -17.4264266619 -21.7280373472 19.2938315017 1.42035760133 -15.4515750657 -4.94065032939 -13.0743010927 4.00475054582 1.70029879397 
-4.57356000172 -15.2070864167 -33.3409132027 17.376654206 -0.89527366991 -8.09777971509 2.63593837484 -14.2939417484 5.41252180426 -2.22056068768 
-5.78340621971 -19.0809206782 -37.21614985 16.487903832 -4.98295524342 2.02305909761 3.72487639839 -9.93815495568 3.82549616856 -1.58081858902 
-6.78351431336 -18.421159109 -38.0683485486 8.79423201339 5.05545256085 0.2206587738 7.25621026725 -10.5706253929 -2.32412752615 -4.19019535787 
-9.58786524689 -15.7791196093 -38.4691557078 12.0784196927 11.6469974509 -7.19348138705 6.13749183735 -10.3944448582 -5.81198280045 -3.74744352508 
-14.4462276265 -11.1771184901 -28.7980115558 7.79721911262 14.7004419236 -13.227676141 8.835263733 -1.59989899144 -6.26480089444 -3.55429623117 
-23.5711566266 -12.9838298396 -25.7187866296 -1.97424808077 21.6870605074 -15.7686936929 9.848501109 8.46587098964 -9.47930229506 -2.2854510989 
-25.0933619788 -16.648223754 -12.2723301339 -8.80823884959 15.3959990467 -11.3233620676 8.50276949532 14.7673470251 -10.2169204774 -3.32244553447 
-30.9842988993 -17.1596110759 -6.54111473017 -8.10292293652 14.5665182945 -13.0033486141 4.06133927132 17.0759311708 -7.2643750371 -0.894863652325 
-32.2122519627 -24.176950014 -8.70658916016 -3.96424732381 8.79627924093 -21.4740497353 -1.79526495532 15.0075290865 -8.5947780904 -0.43277975338 
-27.2536352543 -19.523840456 -14.0390023783 0.0816843922568 -0.580287245316 -20.5918127444 -3.26491599694 9.93018555813 -4.3185734193 2.32662215601 
-16.3082930674 -9.33892510004 -12.5123723851 -3.19320283491 -10.4934534166 -19.4518417388 -1.08092522554 3.03710979495 5.20386916215 2.72666727943 
-22.7859481212 -4.10680894906 -7.44836955029 -4.87624204497 -13.9009606027 -10.3501340916 1.22137143503 3.19481902998 8.59054647539 -5.72465058312 
-18.9221841705 -3.73423298073 -10.4548995027 -7.0094118146 -5.43758496645 -3.95314113791 7.08264071485 6.67310078297 0.499630102333 -3.07486896151 
-20.6869908208 -5.0006749892 -13.7609195828 -1.67932234517 -3.7631930432 -1.77047844934 7.02102996579 6.72641237734 -2.92855163844 -0.776492446243 
-22.5562108574 -4.73194835467 -10.2163544318 1.34473985984 -1.39710062199 -2.0202960103 10.1305545011 6.2535223475 -5.54628185984 1.00736057525 
-21.0884634922 -1.13040954431 -9.25294636273 4.16569782812 -4.91311762148 -3.51511599395 7.76206489473 8.28889010838 1.87389176564 5.70824572984 
-17.4749376841 -5.16607463251 -7.48945831641 1.46416735552 -4.84422082752 -2.06969677637 7.87688288984 5.95911228661 3.82237726313 13.5988065425 
-11.9413451226 12.9006164945 -3.5463064145 -3.01579583315 -2.32292264201 -0.39474075636 10.0614507296 5.58939691019 5.19611573568 18.5757579339 
-2.20920690353 19.0754275503 -15.1813563466 -0.621164060434 -1.98281313799 -1.97509816496 10.256247555 5.88605252184 6.36703235122 16.1098920887 
1.82907641583 7.31819378598 -21.2597121307 1.33138105178 -1.51855183501 -1.88320825185 7.90622845218 7.57520572835 3.72265885229 18.5406631278 
4.02883564562 12.487629333 -23.1054383247 2.84944779629 2.83434532721 -9.09549820122 13.4879413217 6.61664075534 3.63046121123 15.3940557259 
8.1275195553 12.4715098255 -26.6501661908 6.96900177533 0.0463492185624 -10.0041379596 16.0939016398 6.98091965146 -2.87393138193 15.2106402515 
18.2308662286 11.7647193575 -27.7165040436 8.40820677887 -6.02611534346 -16.2960745372 7.29850210547 3.96951964236 -0.984585910365 12.4745924795 
12.2506813867 7.38080382964 -20.9120344212 12.0016832876 -8.96675052071 -14.210605876 4.18741517993 8.48856284245 2.44790324111 11.7327549166 
5.56887529862 -5.39437174317 -15.8276930449 -1.12681139295 -9.32011894485 -8.44410979241 4.96804289555 10.1264779977 3.1644955706 4.89330450826 
4.71326115766 -4.00032254738 -11.8019629838 -6.42041635923 -1.7435439976 -6.01754539211 6.98208374514 8.89148412262 0.815992606552 -0.448725088231 
8.26721899121 1.15431201223 -15.6156955134 -9.64546154601 -0.74609835245 0.163354977684 6.86935396939 8.06820267493 -0.906413874519 -4.20516622868 
12.2519779551 0.0527792634729 -20.2359622342 -2.91571428363 -2.1533372105 4.70708994423 1.61153583566 4.5617587431 4.41694586773 -2.46672444917 
12.1728931263 -4.38430222936 -28.7318453076 4.27860080039 -1.50399140133 5.72634214944 0.0337533476827 -0.508850820948 4.59432737839 -6.04013633141 
11.6418642554 -1.43927412459 -28.2221799857 13.1180299285 -4.19042663368 5.09065238152 -0.854598823368 0.234172578275 6.8296170371 -8.20014932121 
17.7028177716 7.38123266633 -28.1337773832 8.40127471498 -5.46061107623 3.44787187075 6.43063313856 -7.4277466538 3.3065706707 -5.48924097969 
15.9821141702 10.0367426812 -22.2962336691 4.51498823254 -2.3406023835 8.68459237777 4.70617273036 -1.45498456262 3.80940525616 -6.82152709147 
14.6926258223 11.2460475288 -14.3765752968 -3.21509169969 -1.60231396671 5.55241824283 6.88161134506 6.72668225035 0.158598523987 -5.28555543794 
9.07855705593 15.2715267821 -9.85579481999 -9.27227248226 -4.38393772165 3.369319965 9.4712925885 13.1900712844 -2.69242821573 -6.85449209243 
14.0180501152 16.749602587 -9.50491080059 -12.8558294407 -4.03961974016 -0.247263040533 3.47150720058 12.1935536314 2.34284645634 -5.42887391121 
19.2769043875 19.3588045443 -7.63132979487 -12.6595055623 -2.88919546392 -3.09245786144 0.729289896067 12.1015316801 5.34739042481 -4.22368050277 
27.4098250563 7.45969343838 -5.98697304252 -8.4877637568 -8.93829585309 -4.34143534742 -2.97413626843 7.30659450207 5.40085093698 -0.57135410315 
33.7649437942 5.64403552853 -4.7511157502 -9.21513351643 -7.18639679626 -3.18358738966 -4.09648232113 0.399188477935 3.69252993586 -4.61407402903 
26.5740519671 1.13725699352 -6.09688155597 -11.0097768277 -6.47366460851 -1.69119152742 -8.48886902126 3.87847683084 4.22632498271 -5.99570315381 
18.0246398684 -7.90903456939 -7.0698999183 -8.15162880682 -4.83641222793 -1.18549082193 -15.7835685479 9.25883390937 3.9820241561 -8.5543409617 
13.3702855335 -13.256360039 -2.84324622382 -16.6727036391 1.69086282618 2.63337196538 -9.22605213157 8.3424330732 -1.58843349849 -12.6236441655 
6.86572394908 -9.40553458824 -6.72439750041 -18.7063109858 2.40259952991 3.88364606732 -5.96722330585 8.61056963702 -6.37684740716 -16.6334468272 
5.89428926319 -1.01839646189 -6.67129165685 -12.6699712672 -2.07273512946 4.09204343886 -4.11362538216 11.5212319149 -9.42577647522 -16.0381257816 
12.5351060201 -9.93604523936 -8.94685966352 -2.84591078609 1.35090689518 4.12603213106 -5.51593972762 10.7296986691 -11.0829299774 -16.6742904557 
15.3142147027 -2.6256040206 -9.08978974953 1.88465516539 -0.175364044974 1.21240207659 -4.47880121722 8.53180848852 -9.39024256364 -14.7328922659 
19.0310262472 9.20185327647 -9.66422300611 9.2901608426 -2.43349214075 -2.87068075171 -6.62239390627 2.02379249599 -7.86092531933 -13.3063168495 
20.3650192586 12.2987537343 -8.93412280387 10.3060113626 -1.81433769222 -6.35733665218 -1.16875472304 -2.70513115294 -4.44975065302 -9.2986780956 
22.2149656976 17.8207898907 -11.1438648293 9.5206627691 -0.863301066511 -7.28904533793 -2.28328014083 -3.17036329477 -4.6047656134 -9.14637325496 
19.9564802753 17.8876580476 -9.72906919348 7.39879732497 6.23310315584 -8.02520427291 -4.63719112181 -6.48014348772 -8.58983579639 -6.28139009615 
14.4216123627 15.7396285714 -9.88457717086 3.68153073878 3.46099122493 -4.47411394481 -7.5301811966 -2.34627960189 -9.53012871114 -5.23454893858 
8.84769654888 8.10853018511 -13.698975787 3.87799616362 8.7014101959 -3.71467911764 -8.56178640652 -5.15507443668 -6.52320342578 -3.75935032062 
5.78326992643 11.085516439 -5.0304836561 6.83476469276 9.22163459379 -8.92097571399 -15.9277586273 8.39312445465 -2.69701186106 -11.4523124445 
3.93764562996 9.70701808639 -3.91686727343 3.5784807461 11.6040056754 -11.2198899907 -19.374104254 9.61059512649 -0.828600118827 -12.9526444442 
3.55377835236 11.748410843 3.25779167756 -6.40925429224 11.0819181341 -6.43611285577 -14.9827749459 11.2433891416 0.618793178334 -6.87667720263 
10.3171575852 13.3794828996 9.29046736567 -8.12006913178 14.5580287272 -9.32836951603 -12.4880226061 8.43862932429 -0.278143866423 -0.410985708382 
18.154293647 8.93551097888 8.48545727021 -3.33632698573 11.3952488868 -13.5695747086 -10.3986791614 6.7751084108 0.916208541753 0.940737251116 
18.4439393728 0.761156293557 5.86219845121 -6.86308063443 3.40273532272 -7.29038187374 -15.4807406856 6.58768554561 5.4484227619 -0.801002781712 
20.2405196434 -1.26450327999 9.56893930879 -6.0402596771 0.317838575641 -8.84105294018 -17.909303789 4.10853105607 8.89740728161 -3.22778634556 
13.2117234895 -9.90230112402 8.0052669883 -12.1953833517 2.7348974521 -9.35232781057 -22.1535256827 7.3592288696 9.67416129404 -2.97800688931 
10.6985398645 -5.63442715902 5.15478810932 -16.8160347408 -0.450974003282 -3.70684424248 -18.2100648796 10.6619882334 6.78200994844 -6.89593847871 
12.1703525554 0.872934214692 8.77782609285 -11.5956758711 -0.774355860229 2.76443675465 -18.1831414465 12.0345975066 3.35567841245 -5.11402551773 
