-12.36351239 0.209884521005 -38.3118930341 2.7895606181 -13.3908347712 4.11961638642 -5.46554612285 -5.31693469033 -2.20653020371 0.940472105088 
-4.30573388264 -7.72583187202 -44.1028846466 -0.885897449798 -8.93791893888 12.304210436 -5.72778074846 -3.84627871629 -8.90399196254 13.5798682182 
-2.5463922263 -16.4132460016 -44.5118337283 2.65832260371 -8.25670552393 13.8012705281 -0.0429909473258 -8.39546414965 -6.29571849837 17.5178306476 
4.60958366012 -8.5904629468 -42.7584642825 2.45976134377 -10.2579647323 11.8499715651 -5.42976689222 -3.61494671185 -13.5266820538 21.1423117363 
10.4345142872 -9.68805286676 -43.6789248786 1.31462700305 -8.49699964549 13.235875836 -7.67781832246 -3.10785733467 -17.610410218 19.7868310228 
13.9007492066 -15.2275190513 -42.8107495556 1.4046190842 -6.19072379469 11.6617149865 -7.21196872651 -1.02058748347 -13.1629099988 15.9113247075 
18.5992666909 -20.5863306693 -37.5405197418 5.96193588218 -10.534745023 9.42016132413 -4.89273015383 3.41092385092 -10.0374192738 17.9593733663 
21.3973453441 -25.9408222455 -30.6669878621 7.15318036065 -9.00077755261 7.47644886133 -3.1616042776 4.60777120845 -5.26172262695 9.25021785148 
21.0117222661 -30.3072948174 -27.4969419042 11.3520381087 -7.50868467014 10.9964196196 -1.28911903546 5.17549103506 -1.94375957432 5.58200728616 
25.8129997357 -28.5458990292 -22.3036041893 20.8248449117 -2.02072447239 6.39696160835 -3.99872442727 12.8532086018 -4.23572446197 5.59715060366 
21.2384888632 -36.379967592 -20.6659711081 15.1830405567 1.50002265377 14.4489134785 1.39079488927 1.32250596927 8.21333321298 11.7181329708 
21.8157324885 -40.3692890224 -20.0015138556 14.8830188697 -0.867459554551 15.9375909889 11.043379623 0.611565612419 15.6187686095 14.0647958288 
19.5142359226 -43.5679590068 -19.6169526981 10.7554428813 -4.06957572467 11.5427347233 13.2840616111 -0.63592400197 14.8479803008 9.28030380628 
22.4059992995 -37.8729818404 -21.6019659892 13.0041283605 -9.70076875135 2.50160233645 15.4694241497 2.45051892319 8.62000096355 12.7555226453 
19.0863765354 -34.4279831593 -13.9454560671 10.3629437178 -14.6888206593 -5.6025692513 15.5906151226 5.71982632998 4.41590316926 9.8910156386 
17.9469876904 -37.9035473598 -12.7852548713 9.74867564283 -14.9705050089 -4.01648353436 18.3528991207 5.22040959681 3.04016151057 5.1923664601 
15.2769831211 -41.8539904843 -13.8252038715 8.54312715245 -17.5603376419 3.97667100268 16.8966682854 3.33500603735 8.66820894223 -0.086341952713 
9.65850434007 -39.5058155751 -10.1180920436 1.30726537537 -13.3571508876 3.51086758249 9.43522221332 2.49299772756 8.17639558103 -2.15725010529 
-2.9874728914 -40.5588584939 -7.55586556013 -7.69171127098 -8.55855791088 7.46219601418 11.0409622487 4.09234901625 7.4344916415 -4.2403276709 
-6.71608917582 -32.3627995588 -0.952016047756 -7.82522402357 -6.97406158272 5.43041440473 4.86834424983 4.67210941765 4.75675651768 -3.88443680378 
-9.01600132649 -22.621544062 -1.97605208342 -6.82872380139 -6.68392819097 0.907415973288 2.70225973414 4.17084424662 3.72204948911 0.650577698379 
-10.4785291344 -17.889693569 -4.4632710537 -6.0353228921 -6.48322907473 0.785455264014 0.799414080668 4.02894622586 1.33512599401 -0.927854362156 
-15.1719657848 -17.8725040962 -6.4872430747 -3.66864606994 -8.29715345483 1.89205442798 5.03649836363 4.55302257592 -1.00142745161 2.38573936876 
-27.167980198 -5.39017392563 -2.04548362107 0.3588546307 -3.46037491931 -1.49397190602 3.90540063183 4.24894993077 -4.40454398652 -0.431634028782 
-35.2557548508 -8.8353774937 -8.85814598717 1.98280983528 3.68605862123 -3.00176792714 4.24808813885 -0.98729555929 -10.0252825213 -1.07119656206 
-36.0673090373 -13.2031895476 -10.9957187628 2.10482555497 7.46087370696 -4.98765864602 4.28660403336 -4.91777020778 -10.1083839657 -1.89746726592 
-38.3857225168 -10.8422445725 -11.3749896122 6.01716901171 12.908900253 -6.41629542649 1.06303872705 -3.98460351841 -10.4493727039 -7.62928550254 
-35.1478304949 -5.48291123565 -13.5270214409 13.2148533011 10.0158885925 -11.0996961328 -3.9423524726 -5.8969103288 -15.3364314943 -7.79667715056 
-35.6402439277 -1.02509165344 -19.1049239034 16.8852973646 7.5106993133 -14.822154304 -3.13718466474 -6.70443810636 -18.1228962287 -4.55017534459 
-43.0586673203 7.23949326281 -11.0333402798 15.9172778105 5.74021035439 -12.249578961 2.23290518939 -7.82052725225 -8.28399278448 -0.272466838297 
-43.478829618 12.8622028036 -5.35956245448 10.9914212893 -1.70148477839 -4.94620001008 9.01228995189 -3.62919116045 -2.84787499728 8.79548325555 
-43.7896258577 15.7626976427 -7.79710689741 7.38436501851 -2.88994305115 -6.13379166465 9.10605010141 -5.71038001752 0.161389129256 10.1448895059 
-40.2220902831 11.9473133594 -6.57888992765 8.21718187251 -5.03454392507 -7.8526495887 9.38823144198 -7.56235404904 0.812673898364 8.86312801324 
-40.7911072753 5.40217063954 -7.3732119935 14.7266979567 -3.39626908666 -5.94342228591 9.17414194839 -12.5679937508 -7.74772297539 3.15407601312 
-36.6150070662 -1.29650237293 -11.5092679698 13.0450312438 -3.26769397285 -7.51090563082 11.0630344651 -14.2282420655 -13.7523347579 -1.46261474291 
-36.9040289356 -3.21219811793 -10.5016663405 15.3459817838 1.0836312893 -6.81867784393 12.6331355624 -14.840178546 -20.698076779 -4.79108392459 
-39.6606788258 -11.6867254738 -5.13959190457 7.32900247135 0.491150870182 -10.9527870851 13.5549041006 -10.2420842182 -15.5715386372 -10.8472197101 
-35.3739502003 -16.1620091724 -6.72241953625 6.83884839539 0.263374660115 -9.28607505704 12.0089052848 -11.4167176809 -20.87406632 -8.08456432321 
-35.7999191411 -19.1189996106 -5.71795624736 1.11385910441 0.5054856262 -5.14824149514 17.0109331614 -12.1911784168 -17.3637777899 -5.83052505052 
-36.8459745215 -21.9695944403 -11.0511384461 2.13937327335 0.929003452196 -8.49298065508 14.7809781702 -12.9460844967 -19.9906454395 -4.58674926475 
-32.8936907046 -24.4175922815 -14.3591739002 0.490643492509 4.29199421276 -10.4338274085 11.0649740045 -8.42713307053 -18.1720784747 -9.04359814476 
-29.7680460222 -29.4076611463 -16.6432789133 -0.134175507568 4.44745854165 -6.04121297917 10.5262659111 -9.86786731049 -7.93763459946 -9.63700959127 
-25.6595186532 -32.7613132759 -14.6467078272 -0.919341223799 -1.13877927091 -5.96785280762 13.064986402 -11.3203750429 1.07254912852 -9.79372164931 
-28.1017716351 -30.1951814369 -11.3867586489 -1.86379193692 -0.162843855827 -7.91481410974 9.37249248641 -7.99778307683 0.0205585534834 -14.3214965282 
-27.8035437696 -29.4999572147 -15.8035228379 -7.56102245659 -0.686967440936 -10.9242552069 8.82764902304 -8.59177749176 -1.55877316771 -13.4590924673 
-18.1783656632 -34.6886471063 -18.7724631772 -10.870664214 -4.10489558919 -9.65145823868 3.88120850749 -7.91238362258 5.02393814372 -12.499113331 
-7.566092219 -36.1075441841 -20.7414801166 -10.1372583879 -9.5862996644 -6.54916047926 6.75144148154 -9.81394652841 16.8566448919 -5.63504673166 
-4.10545238622 -39.2731314744 -24.4279886107 -12.3821208165 -2.95371872684 -4.04416770792 5.21142941657 -5.31807422549 16.5357532954 -7.88544935456 
2.24969442713 -40.0899415841 -23.1249951783 -9.33147695033 -4.78906154697 -8.79068788658 1.68235609181 -7.67604168534 16.7474374756 -9.38502965937 
0.455523086316 -41.1001593684 -21.2500490604 -5.48392417012 -1.27605269753 -7.94519759237 6.17172695981 -12.826691388 22.5223945263 -7.45630200521 
-2.87850901541 -33.854063704 -17.2582233857 -6.03128881745 4.3839958869 -7.12316500879 -1.70030431669 -8.54563394744 14.5642137396 -9.13690794705 
6.82146075384 -28.1845223029 -12.9460759055 -2.57686851598 11.9289617648 0.387053941224 -9.91008058557 -11.1671986809 13.9250097589 -2.96783282061 
10.3053900708 -27.5515058375 -14.1420956587 -1.4900440997 8.31964318054 5.88697818147 -8.89467649344 -12.4611170225 15.0709597379 0.0118080961071 
8.1221874258 -19.2114045791 -8.11120685815 -4.59900901356 10.3169347207 7.64019496065 -8.9890281016 -11.7248651351 17.1353390498 2.46148468214 
20.7956158447 -19.6164761135 -4.41817682357 3.35911068622 10.3294519818 9.61410780357 -12.9525454483 -12.4279300405 13.1362958079 2.43314608225 
24.4475551677 -10.0331310827 -5.19245516516 1.82021908793 10.0942839182 5.99071418953 -16.8825424891 -8.71812543402 7.27525103508 0.990087574115 
31.185480594 -7.14223901094 -9.86513674599 0.821362231203 4.23789220257 3.50806164595 -13.9364085352 -6.80331968359 3.48580941362 0.0758023006598 
33.6852906716 -0.988295148882 -11.398940723 -0.15378987404 1.74336745105 0.54303275155 -13.027017259 -9.11537217597 1.53347582185 2.34673477988 
39.0889208401 5.53519344926 -13.5739482989 4.83526221035 5.02398659114 6.87335513714 -15.2766704223 -7.46206819929 -4.60864874281 3.03313445638 
41.9116447322 9.93687001107 -15.8244872117 2.27595068145 2.45575028172 7.53338663844 -12.2134242821 -8.59058674155 -7.45782582775 4.4265808778 
27.9822295648 9.15956931587 -23.5688705025 -9.11361296822 -0.498611345976 7.81603649319 -8.59748428563 -11.4458090579 -2.92649133196 8.74906036252 
30.0594025221 21.0840978372 -17.6947076899 -14.8366320109 1.23493814555 1.46535665189 -5.09184685054 -11.391724459 -4.05279732932 9.58070095896 
29.2498659254 25.7320360747 -15.6662976939 -14.5458152514 -1.2498548569 7.08604824427 -2.28424026841 -12.2681733353 -3.46056486505 5.77761924213 
28.7358973876 26.4067267055 -15.3473150144 -19.1667741514 -6.76114105072 5.76861916741 3.19197976583 -10.3128591328 -0.754606219484 6.34478335435 
18.6970719388 31.194497355 -18.1879961883 -19.0486090186 -2.65225425272 0.531427468116 3.12952473292 -9.37358635631 0.315659526047 7.54366076999 
9.97188826858 32.344549889 -11.4164045771 -12.1006095958 0.678036229218 -1.78023490113 5.24177677523 -5.44345175857 -2.26065544404 8.61087122448 
-4.12602723426 37.9250966162 -12.6200105822 -15.8269234991 0.0372942056333 -8.00959890441 8.82590982142 -2.25037660063 1.85635733665 9.17223906324 
-7.53216789566 43.3103915915 -12.1150112754 -18.2566794812 0.804133905047 -11.3009869303 8.74857432766 -6.80160745949 8.25212225267 9.38636582699 
-16.6037581619 40.3171815842 -9.38031551645 -14.7271738241 5.12513738966 1.15154321123 20.4035356693 0.90551041269 8.35386441142 7.43317659767 
-10.8079350058 35.7788911973 -10.2626649486 -13.770932258 7.13865517138 5.08965060719 28.3603337693 7.39623605825 11.9208487089 0.0982585914294 
2.86664795591 28.5685619398 -6.51516374211 -11.2493310465 6.9286220302 9.77890893481 24.8472105496 7.05703145288 8.36644401169 -4.19649478177 
14.9789687795 31.5125194046 -8.55650421253 -11.2752060966 11.0524842584 3.07003775517 28.7360432785 4.66504197371 4.1076321139 7.52577126468 
21.4048419882 26.5855858673 -4.9052189672 -7.81460269618 14.250198592 8.1560838383 29.7607936693 5.25069526548 3.78809756435 3.59211291274 
22.6656539929 20.0617971746 -3.68285145881 -3.97604602897 13.3822624652 4.93567966174 28.9983628646 5.87547470385 1.80771231598 4.95311043685 
14.5288967897 20.0115661295 -4.87206608662 -3.98562738514 11.5975723203 -5.70679402004 26.7267880354 9.56144436282 2.41778850414 7.84851611206 
13.2001302559 15.0804398795 -0.647562589343 -0.0398265923486 11.320614256 -2.10688032621 26.0697962864 11.3026861527 1.97430679141 4.5646518959 
13.1464395121 10.0370861581 1.76512348825 2.4835533259 11.9549101235 -0.595649435293 20.1569379141 12.0635424643 1.87589244516 4.71033530292 
20.6718353109 4.36126822841 5.64892413799 14.071390224 11.8284267944 -3.22426618469 3.12730830469 8.68726460614 -1.54616963562 0.291334696162 
25.3671648028 -12.8715724584 2.32323539799 22.2466538629 7.45556484004 -4.64408362745 1.64544094073 8.80897102038 2.34989256176 2.75211202782 
24.1763863465 -9.85692651952 1.84013753195 18.1447409919 3.57522518444 -6.03319797927 -1.53195090925 5.99530536389 -0.0429817274721 0.822512197736 
23.5743230506 -21.4389268868 -1.09416799989 9.94572586127 -5.99990677288 -6.78091686848 4.35757311514 3.7204072521 2.4163191698 0.745123892945 
24.7788117154 -14.3157522268 2.98911364461 5.95011496706 -8.42442326633 -13.1677349004 -0.659967098324 1.79144987847 -0.321728749267 5.51999969442 
15.6683528013 -14.4549723446 9.73976309492 -1.32555496758 -15.9232639312 -15.6082632546 4.21011143954 -1.27956961631 1.30936934631 5.7905029029 
10.9698662888 -15.1608197299 16.2406158379 -4.06989392238 -16.8058984218 -13.5659583899 5.16002921364 -3.06111540461 -0.309402694442 5.77720122258 
7.97914348371 -11.0301257216 18.2753554846 -5.94571632534 -14.7343709386 -7.8457936198 1.92098635939 -3.1289920296 -1.95853376057 4.58004843529 
5.42743962962 -11.1843851387 17.4720230826 -8.595051079 -11.9679035285 -4.64493802198 -0.669159432233 2.01788826153 -7.90252207458 6.23962318129 
1.48164233309 -9.51641305718 25.0080122705 -11.2772481726 -8.2070114754 2.65090066077 1.23361665954 2.88147781875 -6.79038734611 4.58113268026 
-8.94150410184 -3.41893863286 25.1258610093 -10.6978078119 -1.75653250612 5.2881250586 -2.09558067932 6.15330437053 -4.86399857385 1.02947362538 
-4.74283807556 -7.00390150945 21.5871512958 -13.6597928286 -8.24443012828 7.21786368347 -0.31573156114 8.83101398155 -5.32161848263 -2.94303272826 
-11.533894493 -5.54767032067 22.6505305027 -13.3413458384 -8.37929091295 8.72584046486 0.328037543318 9.39474727216 -2.65883202197 -5.73261210902 
-15.1152050281 -1.50152454876 23.2893828569 -7.49629572236 -8.66699482784 7.35509589581 -0.861115689914 9.13199077194 0.128082657557 -6.54492826162 
-17.8049381065 1.41173751857 20.8221127948 -3.88306684369 -17.8490971157 0.697046220796 -0.023088552189 10.155051868 -2.10059825932 -5.9213717785 
-19.1124578564 2.21233331524 14.1206197674 1.33494428852 -13.744353013 2.15746855554 -2.01475286078 3.72701913066 -1.67556050529 -6.69777665535 
-18.9928037118 6.49130989943 13.7360818054 9.82117960957 -17.6478562568 -0.191282579895 -7.04044850354 -0.794738082812 -1.25226252379 -0.5964535154 
-23.4659567362 7.77436149752 11.602384464 15.2363370527 -21.1246861269 -0.467436304701 -9.66507422773 -0.925807666258 1.978191622 7.55214361466 
-25.9864991902 13.2629093542 9.13231968288 21.0230806966 -17.8708243441 5.63322418391 -10.7885018692 -1.03436696035 4.9230300536 5.3990777659 
-33.0899803446 15.9708020237 8.21098728957 24.2550605542 -5.98354353204 4.37934896733 -7.00641112186 4.7824745342 5.08171315943 -3.32347631602 
-37.6571213589 17.1578603868 8.17105573137 21.0671032072 -0.977168071019 0.582436894568 -1.63835330132 6.37136271195 6.44892822955 -3.80970434009 
-39.6656048477 18.3769661974 6.36483966518 19.1569269831 2.00738892582 -3.32874393288 -1.86315300525 3.57662734163 1.73022948877 -7.13408897947 
-34.602965105 17.3072304649 7.63493455686 13.4820238994 -0.504783865055 2.2539426544 -0.0388789674257 0.864328473961 4.48587567005 -7.86465940374 
-33.737580194 20.2008585599 9.79644003034 9.27043751119 -4.04895113903 5.8970005507 2.5203214472 2.27479459052 5.33472844198 -5.68034209236 
-29.174583377 14.8091728546 4.8868815552 5.82719947988 -8.20893086473 10.1915946339 4.12589454107 -9.50776554582 0.788461282686 -2.19292707765 
-26.5316787155 11.675056407 3.41855322608 4.24991270663 -6.40580351688 19.6226191311 3.75634215316 -10.891472692 3.24635400966 -3.30760236765 
-29.2527740087 3.66546836057 0.826969934687 0.645408954942 -3.65011799106 13.4454456343 2.76761767409 -8.66753313091 -0.0452573385411 -1.93778939345 
-30.6835918463 -4.81935376603 -1.45647500049 -3.42853823065 1.46891058941 8.74750205599 7.57694896144 -2.49837896558 2.25070435899 -5.95221971664 
-33.814680496 -12.8764889838 -12.5151516822 -2.07890586959 10.8893910098 6.80058279048 5.21779565057 0.253377218844 1.72949833591 2.66623292749 
-32.2183479079 -14.0325215043 -16.8465105537 -6.23474465417 16.1037106768 4.49179058503 3.187590027 4.86623267889 -1.74916060788 5.55548754204 
-29.1946790036 -19.4200757219 -17.7603665653 -8.85193975546 19.6467816658 8.30353068384 -1.89543332669 3.61253387774 -4.36274463231 0.775201153758 
-33.54544109 -23.3859019936 -17.4381203917 -10.3006001508 26.7425086896 1.46109556547 -4.03278505317 7.43098161671 -5.97198675976 0.172386807454 
-30.9843369844 -24.6845962969 -20.7199081211 -11.8939626074 29.7959492028 -0.290767390928 -9.63407054509 9.50190796762 -7.74994122127 4.02746703404 
-26.3913268006 -21.0102228595 -16.6908411785 -11.0186962085 28.7339214595 -5.17894705168 -14.5935620851 11.4264182607 -11.2448938916 1.47872148949 
-28.037243569 -17.5971951465 -13.291428127 -9.07427761618 28.7484704733 -7.17779251875 -17.5981119518 9.4788221294 -8.59582415434 2.04763140642 
-25.2861723441 -14.5479912288 -6.56781861662 -8.76894595473 25.9268310419 -5.41553075622 -15.0738686271 5.7662946565 -3.06271254336 0.0947894336562 
-15.014589156 -12.5782872784 2.26156981346 -15.9983163771 15.2045907058 -7.29767094998 -7.78874375345 7.90297663061 0.504330803015 -1.7955258886 
-0.980865197168 -17.392073275 5.26376448692 -12.0039688055 1.16073950885 -11.0946608346 -8.658088403 0.280905908248 0.945555529307 -5.22299183727 
7.83371155011 -13.7071364529 16.0375184305 -6.26913255164 2.10978056405 -11.8640634078 -11.4269576409 -4.00994907882 2.819142022 1.4938675515 
12.1325092758 -3.44667421822 17.1985642259 1.63010178061 1.21882023192 -16.7642605401 -12.8569654925 -6.81047225378 0.111812268918 4.87178992622 
11.8410730221 2.20190685476 18.0962501074 4.16028198479 7.21107807108 -19.6167337296 -9.33279537869 -7.81726797615 -2.40308150506 9.15177431205 
18.8968237997 3.4049983592 18.05480841 4.70102950482 10.5490387683 -18.2044823898 -9.35809709688 -8.36655269323 -0.156223979741 7.73609654357 
15.0374663655 6.29912157263 19.7422026158 7.20945759796 16.3280627875 -12.1153602521 -2.77729075337 -7.75852178721 2.51373950614 4.74006803941 
22.698062845 5.33009578678 18.3292400989 8.3949410182 16.7623595036 -3.40143107946 4.56735955206 -8.46584153957 5.93373205043 2.6461488151 
28.1391295429 4.12428566203 16.7496143344 11.6604701109 17.8926614749 0.879797039511 1.1085703248 -10.2887908497 5.55983735201 -3.29715553082 
34.0468016301 4.12809617442 14.4986245014 7.65827666843 16.9544571177 4.46290101079 7.05041810454 -8.41986782279 6.01864505753 -3.87336490782 
32.6048942853 8.90941957407 8.73955313331 6.29902380301 13.3765192435 5.0504645851 5.51623550372 -11.425812542 1.39669459758 -1.97244265335 
35.3439762338 13.1267166244 2.42914916992 2.76974095141 5.6142696408 6.26444464762 4.97301613561 -1.88520929153 -0.328016502433 -7.46382835132 
39.3815246465 16.4533609619 0.644605707059 3.46463588694 6.20118458298 14.9076858452 3.27816166448 -2.41031897587 0.191609493856 -10.784345334 
34.3253605304 17.4949146925 -2.70707681467 2.16315746741 2.4559591772 16.36590619 5.22096108476 -5.92174842712 -2.7816187002 -14.9668808404 
34.9771102069 16.1419995087 -9.88228209648 -4.0028378492 -1.41371871591 13.2801088509 3.69003796128 -3.96120400758 -4.02751824923 -15.1061052959 
28.4556793146 18.4247450359 -14.0798804483 -4.58228722007 -1.80206041811 11.9074629013 1.20845924541 0.753571321192 -7.24693246106 -13.975380577 
30.1315024736 18.3031343079 -18.1819494229 -7.3163774097 -3.33839871767 8.70246915319 -0.178826488594 1.20830551001 -7.93072593963 -7.46629139807 
20.7864902102 20.9035670089 -22.7821357675 -9.25743384386 -3.35167954287 3.55229428175 -7.28234532418 -1.26435687043 -5.1531864206 -2.50816052888 
17.7773886733 25.1702465573 -21.5659138569 -11.9878229317 -6.92357529523 2.44801044391 -3.47362469845 -0.187300657289 -2.53678899592 -0.522691709283 
3.39702231533 30.2445265553 -20.3817416685 -14.6438000682 -3.24639075787 -2.08206535602 -1.99785490531 -1.21116753848 -1.01971178939 2.62486803609 
-1.60999479043 30.1795801682 -20.9522449208 -9.81037852543 -10.8251784369 -8.07976423091 -7.85407739036 0.201951988946 0.943465214763 -3.31280372548 
-7.51134939367 35.4166889642 -14.6463935592 -8.51430052345 -9.01940138929 -15.5113247869 -2.65427410285 -0.0743013310494 3.91373741915 -3.81950895545 
-20.2501715292 33.8889822557 -13.8624063088 -6.36404424027 -10.0410314721 -30.8002312839 -8.84096766599 -1.60105206912 9.7893851971 -0.902315505278 
-17.7889813696 32.8247231546 -10.4501833716 -4.24265996405 -8.52920332907 -12.8677577716 -7.1430439873 6.63409359141 9.35389848232 -8.23247150768 
5.78415814013 29.774749882 -2.31340857539 -3.54628595654 -1.66600149704 -7.6594178839 2.19292839141 12.2472255244 5.12583610839 -3.89258092838 
19.2428627684 28.1759767073 -6.58358046872 -2.28577782075 2.04163163748 -6.464191169 -1.32596006277 9.52486726773 0.0228600913412 -1.44738486325 
30.7159445719 19.3268690933 -2.94651682663 3.83570977254 -1.29382321216 -7.56603131978 -0.452813012531 14.6984305885 0.580715245269 -0.86974078379 
39.1268218296 9.7809930071 -1.3411355752 9.04447268892 1.49471208918 -4.28879962006 -1.67783860204 13.7459683122 -2.37402288417 1.21371996576 
38.1917487812 9.49285055874 1.42697732967 11.8427961096 2.07603673321 -6.31397553335 2.82740684517 18.1527401836 -5.02516057005 2.16545169089 
33.9740911925 3.19568390547 1.85578775392 14.0172903321 -1.74030736653 -10.6829300718 0.456261642794 19.6113546791 -3.9052854859 -2.62117224984 
30.4351617171 -1.21182563577 4.11919138341 18.6320466589 -0.920500117423 -12.2899642845 -1.11978346969 14.6003199211 -8.79500757034 0.536082997273 
26.4337338346 -0.871723091773 7.94454128731 21.9044240428 2.09914375294 -11.5436547471 -3.67207642649 9.58462683372 -7.28484717193 3.43606678636 
26.1442928898 -7.7264237456 5.59349170728 24.512992611 3.56882002599 -12.4718991233 -3.36014346251 10.7224964361 -10.5262928182 3.10473402575 
24.6632404259 -18.9042402293 4.06924691396 18.694523283 1.09126034855 -9.7563614542 -6.12188369336 9.89122836507 -6.08931144802 0.678583953722 
25.3923043314 -25.3509056995 7.58299545114 13.9678320771 -3.06648304064 -7.38224818777 -1.62998338291 3.29550018791 -2.14561815434 -0.892117780156 
23.5799223512 -7.90245457994 14.2824374662 11.9433886098 -2.72410041563 -18.2774174088 -2.94565854256 4.24645047404 -5.58564483763 7.44037522783 
19.9806191662 -7.2869886828 19.9144477095 1.86473077919 -8.31109581202 -12.7858923609 -2.353717941 1.34128918382 -0.349017601257 2.63493228876 
13.6109820231 -5.95621593042 23.035021604 -2.46020806482 -10.8724736796 -7.73539386182 -2.85017044729 -1.2861677399 3.53032937203 2.07825323355 
13.4096393743 -9.37384630704 26.6857264337 -7.68227417005 -11.2141179462 -5.79439453312 -4.9554429171 -3.34951157525 -0.953595786648 -0.221286302992 
7.18378647147 -12.491695586 28.8247810984 -12.2421655545 -6.21326927205 -3.47891304138 -4.50896251147 -1.86043103771 -5.01042998946 0.603905038008 
1.45382576669 -10.0643230995 27.8200234846 -14.8745894692 -3.72880987259 -2.69353523003 -4.76427030653 -0.0917549719596 -6.51408692684 3.39266544251 
-1.81226275418 -8.30001260859 24.8434040715 -12.527788875 -5.69707302824 2.34304179638 -4.69741690324 0.649728956049 -6.7266237959 -0.810971525434 
-8.05220147992 -8.20557615222 28.3731772291 -10.7042794158 -8.28290255448 8.12968559225 -0.289977229035 3.07909208654 -5.79896253864 -1.51456275317 
-10.4648746513 -3.91813253767 33.0979336407 -7.38297290901 -12.693621027 11.9205900658 -0.134827676414 4.70882246656 -6.03896191948 -1.43067427678 
-13.2617666324 4.10694946187 31.1934294084 -1.46890162526 -12.7221013808 15.5033795309 -1.60820600745 6.78697098556 -3.38796758792 -0.101111021604 
-19.368624085 4.2270731671 22.9237713688 4.14881792684 -8.63800470532 11.3589872533 -3.02153537765 2.66050988119 -4.02964083548 3.07242388506 
-20.6853644509 8.38803268358 19.2501465745 10.1904043779 -9.29280942871 13.3307918025 -5.30425639434 -0.828966981307 0.669087088879 0.912110189529 
-21.5587575578 11.1365639932 14.5095453931 13.5195933924 -6.84313527162 7.96976180991 -11.6868739577 -2.54424866299 -0.0345020091683 3.39970165492 
-29.0690962452 8.62791918913 11.0376343597 13.5277606282 -0.0372858227392 7.13793625986 -7.86626550571 -1.26766158551 3.2118190748 -6.41470616656 
-37.735233834 13.8701692133 4.62475321889 19.5670417259 7.27291447363 8.17085526281 -6.38038405779 0.988344800655 5.18909942805 -10.0241571931 
-44.0378332931 16.398048589 -2.29065303947 18.1958904019 11.8314389183 10.1574821631 -3.56739797742 0.867866357289 6.74187573791 -7.58724822186 
-41.5085335242 21.9883228713 -0.163494065738 18.443900552 9.31195908071 8.1338609652 -3.71220468194 -1.13137604763 7.1217221585 -1.48692920521 
-43.3288655462 27.4447572782 2.50029005945 13.5585107276 5.62862419989 2.29588215368 -3.66953677161 -3.10758905891 8.73155169524 1.93821006998 
-38.3949431172 25.0836969605 -0.0435185693619 11.4599652991 0.366918893414 4.50217490791 -0.16876723549 -2.6916338633 5.65305060033 7.45159284711 
-40.3156982021 18.1728117377 2.24294275878 7.95121333962 3.78809906146 7.07623456184 1.28626579714 -1.45723252142 3.5446747342 8.91357641107 
-31.5904516191 13.0489297376 1.5871863391 4.14964204388 3.37083045861 10.5780173583 0.922797738529 -4.3551832148 3.37881670923 9.06663093683 
-32.0581483736 11.2408598753 8.5423874444 5.25059520205 3.54565058346 10.7083476929 -3.67162893227 1.22342230384 7.21955371957 6.19952910007 
-31.0536204668 7.04763614695 11.7034839864 5.58064312688 5.86736769727 11.3836202025 -7.67267847945 4.67076277807 6.55524518267 -2.00679590365 
-30.3867570122 5.46913926526 14.5109408088 1.59914728251 5.90019851163 11.4547553866 -8.32704357519 5.91324078266 7.64923214543 -0.668031407739 
-27.6842829406 2.24026224539 8.23736084955 -4.159398911 12.125175111 6.38366432168 -9.10318465031 3.39416411049 4.93446993407 -0.3298653203 
-26.1567999232 0.0670771631029 5.32570383288 -8.02458642312 15.1498935824 7.57133347546 -8.32232906891 6.96395618907 3.62732435678 2.84433378834 
-23.4300857684 -11.1441802732 -2.45164260529 -14.3307312351 15.2197734166 9.67994778848 -2.6202191328 4.76724306299 4.62738277608 0.575858596082 
-18.0669600491 -17.9021859071 -5.45000828456 -14.9407087943 10.4664818956 11.9794170425 0.288902000043 4.95534196072 7.05223844237 0.914831815355 
-22.7960226798 -24.8144081436 -13.758549964 -16.4618168225 17.7945041803 5.61143771693 -3.18431415538 4.03255732181 4.28386509258 1.8637738937 
-20.9394309701 -33.8823091197 -14.3936775027 -14.2762364284 17.7474934152 3.61455720462 -4.55285984162 7.93200542445 -0.322707637818 -0.844776499008 
-19.7733839681 -29.9405524184 -10.7765320242 -13.0933185055 15.5037638879 1.24559247286 -5.78252863054 9.5019217268 -0.797352564829 -1.51370998048 
-11.1689659809 -31.8204973766 -1.15913008529 -11.4222107216 11.1650998435 -0.776786700902 -8.15595986205 10.0364663504 0.233471190496 -4.23579107016 
-0.836476080504 -26.2645617698 10.5419845919 -16.3941401972 0.208089567034 -4.86818384244 -6.7187255553 6.17842193401 -1.84469037304 -3.06393220632 
7.06316326106 -16.3543190652 17.0234234058 -13.7090118998 -4.83701086154 -12.7149191695 -3.94371803808 3.43865222414 -4.84164821095 0.526228721168 
12.3074188686 -15.0262897849 21.2574717102 -12.5221103878 2.11174229415 -10.7961350107 -7.41176418049 -2.11417727484 0.386173997458 1.78905686193 
16.3317407984 -7.68175446608 21.8262406324 -9.25714897952 2.30940291591 -11.9508426124 -4.58797366089 -6.89191693956 5.82181069754 4.32567555227 
19.8264665357 2.7500816715 23.9289276966 -4.48472259153 6.23965766447 -8.00524885521 -6.7345770788 -8.54421530285 4.91897427436 7.23553628845 
17.8255056752 10.0813974142 22.1772533981 -3.19658512601 15.0365436306 -8.31013940932 -3.5049478994 -12.55171238 4.54794051095 8.4112337686 
21.679110281 1.3573203331 17.6542018861 -1.41892781747 11.7437807073 -3.00577017161 1.75432204477 -14.9651689932 6.41234557494 1.64904140312 
28.0745329758 1.07603581089 15.7395936048 3.20961470762 9.42004223055 2.81996790515 -4.97774090863 -18.0938122242 3.17967008917 -0.987051900275 
26.6488060921 -5.27522206132 13.1414674152 3.97262863471 8.19257258166 8.05209759466 -6.91377277843 -20.2917787518 7.2590331851 -6.51662357219 
30.5855591518 0.355979791386 12.1379304065 10.9148103597 12.8273157117 4.44186325901 -5.60999606494 -17.3912260433 0.437973149381 -1.5403171022 
34.5885404886 -0.912815511701 7.71796416143 13.3531023113 8.03441752235 9.63610835266 -4.93010699165 -15.023798882 0.340399653572 -2.68021712798 
39.9118566826 6.57525839649 7.98143704146 11.7200368319 6.82752335987 12.1019424729 -0.812419067749 -12.2329981705 -6.21509010717 -5.23695864487 
41.5642283333 5.73477862509 6.27584054132 9.06729130997 0.310269553125 12.2556133177 -4.17780914072 -6.77165431321 -4.4258907544 -10.3944943252 
44.3161484672 13.7286471708 5.49502236295 2.29141008212 -4.37578966561 9.71081582207 -5.34706901227 -9.31142505987 -9.82661988838 -9.6208375319 
39.1710694676 10.0576075904 -3.5370106309 -4.36645246173 -13.8933830133 11.6511535291 -7.1586658785 -2.73452666306 -5.10593067478 -14.2112822644 
29.7039610436 11.4318241021 -13.4016793968 -8.63272669128 -18.859292572 4.79452336135 -14.1636131594 -0.185535481842 -3.62728349944 -6.68541235913 
23.4194378115 12.9042238414 -18.1063754887 -13.531831194 -17.1998223438 7.41818713534 -14.4900594539 -0.675832432619 -0.0176332609799 -6.04983020757 
20.7313402663 14.2480661886 -24.5270706494 -17.9355530391 -15.6048507028 -0.353899883142 -16.819109537 2.46037282848 -3.59624854648 -6.0118854478 
5.00104294303 16.9745316829 -28.6149368048 -16.7017502469 -13.6870825971 -1.80632883895 -16.6043521787 1.32646709468 -1.98889616334 -5.91711890447 
-1.38560263112 20.9605039412 -27.9143828333 -13.9335058411 -13.6934539635 -5.24381229108 -10.0786749895 -0.99198106558 -0.720376724567 -2.58651490529 
-18.2222273311 36.8884577985 -23.0823157862 -12.1936366264 -5.18290538184 -14.5281575699 -1.67140590327 -0.998136132061 6.79836190762 1.25577576528 
-18.9649251323 37.0350882329 -17.7219181409 -9.33670312325 -2.85845696328 -16.6692747822 6.14178752102 2.55467383443 5.46506494755 5.91224649948 
-7.45784183138 35.8051598179 -17.0555079326 -11.1451075694 -3.57659982201 -9.94847470615 9.94533509999 1.76013520064 2.79112351714 -1.35443659056 
6.84340279905 20.7201082504 -16.5678671676 -10.3357414788 -7.40781206485 3.43069009056 9.26926545828 6.61922738847 0.560018765191 -1.22716223131 
13.7276822044 21.1657750907 -12.9688438238 -8.63679343408 -4.45126074278 2.28668036944 6.3260131267 9.25519674156 -0.0728921370461 -2.69870939867 
18.3631776879 17.9175647063 -4.01438552021 -5.49588233618 -2.18957886993 1.37460687164 15.8995130341 10.9606281097 -0.618785083445 -1.29060857939 
30.6421170967 12.508816923 -3.92823827587 4.79668659757 0.0453301423279 0.722458959244 7.36730381305 12.0176045623 -4.00284629375 -6.6183516784 
34.2960099619 0.785335874745 -7.31438822855 13.0643688129 -1.78842640817 1.13771760363 3.32265748095 15.4974521528 -3.37416202646 -8.03503807585 
27.7691606993 -1.05229797768 -7.27100511832 16.2799039374 1.80226494784 -4.96744460432 1.64086196443 15.6675557981 -4.54277352012 -3.10038707812 
20.3602702646 2.58540198299 -2.40010181093 13.2435796691 -0.386714422368 -10.325091701 4.66597424769 9.01186329751 -4.9654863139 2.97568679133 
16.5182709379 -1.21518995156 -2.41361333458 16.3829220315 -2.75602353708 -6.44260296238 -0.451075965457 4.39004557962 -1.80535180506 4.95892367885 
18.2527790672 -12.5236357314 -3.83645813285 14.3081652232 -8.07119677379 -7.0433739897 1.48345732459 3.88756558866 0.466279955827 0.961243345956 
17.5752912594 -5.03298709208 6.93961720141 12.8731561539 -2.0935794724 -1.72415274469 6.41314337067 -0.577162330332 -2.72037099552 0.180388731142 
19.4358427189 -13.16096096 9.51666010625 7.63626214907 -8.72958868853 -7.36236867098 3.50929163668 -0.358467221435 4.14055277729 -9.15390530043 
25.0477460664 -19.0570737825 12.6344066307 7.80548379669 -14.7235415073 -6.50577168125 3.11451603837 0.445690505566 5.04260796324 -10.8493941329 
19.6414273205 -20.3552444984 15.330970685 -0.482537572021 -20.6907448248 -7.03036397997 1.71738047103 -2.80665037981 5.80915057283 -8.9262772479 
16.6616411989 -19.873421528 18.5760604343 -0.837859651264 -22.5656653251 -4.84601802786 1.98070574785 -5.16972647445 7.922490584 -6.47331108866 
13.5259630487 -22.7433186092 15.8491602796 -5.90149500163 -24.3383154713 -5.39490749677 3.28982742709 -5.05572836952 6.65554505849 -5.97487863896 
4.48721208161 -16.9796046204 27.2939661826 -18.198015936 -18.4493841029 -4.48701215721 6.16733451159 -3.34621956762 -4.61629644698 2.32692672659 
-0.679773863784 -14.5491127718 25.633825044 -18.4141156458 -15.6572169027 1.04224083822 6.20952479973 -0.533297253941 -5.73678436371 -0.259526967363 
-1.37071606516 -13.4069543172 26.7527353305 -15.6648667255 -20.5007208773 6.86138569067 4.57909868434 0.461802571804 -5.28705348466 -2.41528714135 
-14.6463423922 -8.26914416125 26.6165937138 -15.6157266471 -12.7040838843 4.5160039019 6.74123321536 3.1056373498 -12.6530432452 1.71146140922 
-13.4382961003 -2.16749278454 24.273666947 -11.412293711 -12.6469854932 11.1383602547 5.53389504902 2.16827426148 -5.8290389561 -0.209751102288 
-18.8448775582 3.22823654305 18.4549649946 -6.56846331821 -9.10454250365 10.1247761707 2.50966786093 3.74984709426 -4.71914482733 2.25063621802 
-17.4757577282 4.05111153691 16.0414011981 -1.11964617785 -8.88014817948 9.37630257894 -0.231357620351 -0.802814580985 -1.28411186548 6.12736200434 
-20.3858995372 5.07507232947 18.0988141372 6.00963199327 -12.2491517145 10.1145753716 -4.75634059216 1.29782022565 2.67013449695 3.56151740385 
-23.6580103703 6.21163417603 14.8937784474 11.6064499918 -13.2912075408 1.90425697009 -9.78654902152 1.22675261382 3.199571116 4.88016234072 
-26.1264513335 4.79943664854 6.43596468768 14.4786691782 -10.302679345 3.44760699703 -8.64545791601 -0.749452057441 3.2258517856 2.82932125303 
-31.5007253136 6.87036855731 4.13607070887 19.6482838781 -6.85289587139 0.60461843546 -3.78540427778 0.251035469965 2.85073049433 -0.317296181633 
-36.2736639212 13.929513425 11.7840818387 23.1758732775 -9.4828644934 4.10346333428 -4.03197281071 5.79480429805 5.9740157792 -5.24838108656 
-40.1146587869 17.7900318156 6.49086202892 20.9634353864 -7.79256278167 -5.43773101999 1.68121265904 4.4877705243 7.78910191181 -3.25184948903 
-31.7691190156 15.5931399341 5.00156761536 16.1506014274 -13.9394461483 1.4896140453 2.13078337677 -2.23066654016 6.85507641613 1.97808649356 
-31.1630964429 23.356865733 4.45674904023 15.8312436047 -14.2270047783 7.86677362075 -6.18421775106 -5.1987438105 3.96419769286 19.4528136346 
-31.4100981568 14.4745676824 10.2259622597 9.22317970025 -9.50834679184 3.59728816469 -3.82279817538 1.02054571803 5.03395238313 13.5066142246 
-29.9518432997 8.44959344366 9.60585040493 8.79425177516 -3.42561739428 9.8226642525 -4.659977285 2.54099432754 3.66996084725 8.15063097896 
-30.7205284556 2.69083869081 9.33478847537 4.76662072451 1.64484324868 11.16828894 -4.49807351525 5.55837366643 3.3496896728 -0.399128814649 
-25.0878342 -2.32620849372 6.56775101022 -0.313362727861 5.057474566 8.62282096046 -2.42775996349 3.88582622964 3.84000896861 -2.0894567974 
-22.6882738073 -11.4925953196 3.96234580055 -6.1942186156 10.5430774362 9.90369154974 -4.55218197573 6.04881558682 2.7094040979 -0.976053714743 
-24.3444283545 -13.2567497708 5.70044509883 -5.87649383034 12.4763541128 7.98297041644 -3.72531074216 7.340210573 1.71467741215 -4.41950988321 
-21.1637381502 -12.6454970932 9.13696087868 -9.07224704247 8.82964577222 11.536316131 -0.790125747347 8.77641319721 2.61282750004 -3.59501012202 
-19.5681934996 -12.3318003753 13.5483658508 -13.8002107946 9.14377256378 12.8183178205 -2.69422933827 7.34177918275 0.616862903183 -2.26961698844 
-13.5963919961 -9.68126609223 15.3079817642 -13.5792268162 8.16838706463 6.3363319319 -4.1376090891 7.85933342215 0.474777340592 4.90945475626 
-7.88681674194 -13.6126910476 16.6763669599 -18.1642643775 10.575320177 1.07809338066 -6.41389664355 7.5910044542 -0.640624765669 4.13027202062 
0.0337607290674 -11.7959953447 20.7031306224 -22.3197446786 6.53196039274 -0.588292497673 -2.78452633974 7.65445648476 -2.04534276648 5.20752252857 
2.03744154135 -13.3731262924 20.1193789506 -19.8737464676 12.0511018949 -2.88690029098 -5.26593053708 4.96829459334 -3.65802811977 5.70203541454 
2.73452069693 -9.81575753324 21.8828613454 -16.7685211479 7.8561893966 -6.1011071049 -0.754739440101 3.36017509336 -6.29222889363 5.9803273137 
6.38566316243 -0.42769030748 16.5375950701 -9.03485515243 7.35793785344 -11.8565287076 -2.07687772553 -0.233973520514 -1.41858781429 9.35267626665 
12.1631933312 1.22604732127 22.9153017933 -4.60452264884 10.6076443219 -10.6548361927 -1.41195281812 -2.86861937773 -2.14626695166 7.43553603625 
13.6709804537 6.87534853399 20.5304488121 -1.90047181254 11.3991001572 -10.0329102776 -0.217558076893 -3.75383367022 1.11468824235 8.93890361863 
17.073538041 9.03647997435 21.4400938907 -3.26090554148 10.2427659326 -9.96760591638 3.17124629971 -3.64528203462 0.8431545367 9.28840079143 
21.2862399289 11.6475336327 20.9795057477 0.575515223151 14.5051675282 -7.32785908805 4.34123740572 -6.59527487496 2.5866478397 6.03718216332 
14.2422825753 19.1234584494 17.4292068476 1.10817202382 17.2964554512 -3.50952577651 7.32442242498 -10.1839552161 1.32054595914 9.04144317844 
21.3660896334 17.7953306092 18.2917388441 3.40746389227 17.1121430275 2.63705422972 6.35759700851 -14.557131491 -0.152576821206 3.1321555371 
22.2225752621 17.5331929274 18.57208551 9.76150147177 17.5766685363 -2.00921255199 0.805183692782 -5.94618027176 -5.6245294003 -0.207108699268 
26.5103710561 20.0225542515 12.7765546455 9.50617641283 16.816362843 -0.0957982263038 0.733799458694 -8.30135932631 -7.95330986113 -3.00506637702 
32.1409594771 18.0040672722 7.70391656962 10.2581718982 14.8065474597 0.862989031605 1.85465107495 -5.34506122049 -10.7026706073 -8.30342831799 
29.6560391186 18.7329964523 -0.494385606864 5.85679789383 7.52415749007 4.04446587159 4.02884348904 -2.62816241177 -11.1458086258 -12.1107124003 
32.0475403912 19.7097684888 -4.56262985832 0.304621500786 6.44393359021 12.891423939 6.5521016116 0.628430962151 -11.2891482124 -15.6715710815 
30.2423494686 25.2015212152 -10.9783315161 -2.5363592489 4.33446299564 16.3026910469 5.81302198279 -0.880425578725 -11.3636180587 -14.0799947433 
19.1151094629 31.0525560312 -13.9159596224 -7.82752418963 -5.21784076521 8.67705651716 3.49260650206 1.23121257612 -4.47723925146 -11.3976209432 
6.7265226811 24.2060755784 -21.0688244025 -8.15025697443 -8.86380432384 2.78218457899 -5.62980494499 -0.14914736767 -2.03264390274 -6.32748776863 
5.94964147567 27.0043162934 -22.053868279 -12.7556625309 -8.35208153822 1.20583510015 -7.92128259363 0.572783052428 -2.08824320045 -4.65653124957 
2.87824334485 24.460362151 -22.6695304864 -12.6604261357 -10.002019514 -0.0549164009271 -11.844632875 -5.98134260558 -1.28357601054 -1.89047870451 
-6.92677257719 22.8297417656 -24.1026293783 -10.9380475116 -15.1261298859 -4.80892656887 -9.6483920589 -4.189656662 2.57427033501 -4.03677477948 
-18.4917663987 26.255187335 -21.6927142699 1.0403707302 -7.74887963891 -19.0832218312 -8.88254122004 -2.10396549318 6.13314258883 -2.8384572674 
-20.8030495319 24.7965453381 -22.5716359211 -2.15457336693 -5.91825463069 -24.4537771728 -10.2699101349 -0.339753604968 13.6373411867 -4.45565781495 
-16.0960630521 28.6363706726 -21.3537777067 -2.95371411095 0.975336029049 -13.8552413061 -7.49781298855 1.88305595685 12.7300536968 -5.52086591388 
-10.1859742493 27.5128143759 -18.8018883041 -3.37961918695 4.34858404592 -8.33382247738 -2.43933856044 8.64778076273 10.5993314283 -3.41353244842 
2.76093829244 20.8001220515 -23.6936518482 -2.20193231695 2.88540408156 -13.0580836754 -4.4680222442 11.3600500667 6.17104866889 -1.57313418658 
12.0044593672 16.0443331344 -22.2946965306 4.6687831223 5.95250644097 -9.95353029521 -3.43332535381 13.8358199902 2.13593277806 -0.0573972509947 
23.5753517793 0.22456243026 -27.7932137532 6.90134085232 5.68642222136 -5.48939175734 -9.97730966092 16.3595316798 0.303926346742 -3.5906372461 
24.672203005 -2.4191292248 -23.2959357834 11.3434318382 4.64074509855 -4.10230410577 -9.48772326347 19.2313933489 1.8038872101 -7.98087012436 
22.4987316972 -9.19103668083 -17.7663619603 11.8834306106 4.97744552853 -4.2746431052 -9.61714108277 15.4708442881 3.50747311652 -7.58206859906 
23.3856462249 -11.1254128037 -6.21999334578 14.0923097004 5.61297516796 1.19026126579 -3.60104530587 9.44591803432 9.61122310477 -8.44791556275 
27.7501853342 -14.7026834705 1.53944992215 10.3604395973 7.44129335846 1.1701605294 -2.74935443265 1.11904151373 9.12457169767 -8.14706397421 
28.1371224934 -9.86640628447 11.0968128824 8.51335281235 6.42708667159 4.61547747389 -1.99689254245 -3.36702735584 6.24602924003 -6.45436091907 
19.4715520789 -1.13404420111 16.2938381836 9.0500140838 6.43664059146 3.14332281231 1.6545252764 1.13407746258 2.75603796825 -5.60258124303 
18.4867266958 0.408321989171 17.9868264663 5.79836532515 8.62556391476 2.06449739773 3.76944890624 -2.85080872809 3.6076597631 -4.37202298326 
16.7422405883 1.25522227827 19.2055938151 -1.80276787345 4.59292002098 6.28110285436 15.0685789766 0.985958906186 0.783687329339 -0.440573746157 
13.3599695278 -0.66572358602 20.1779411256 -5.47606737141 3.01926157911 -2.17843916823 9.06736002363 -2.41133374851 1.726046314 5.53113346485 
11.4797207784 -3.21803420543 25.6959034438 -8.31853164875 0.304382960883 -5.75828460695 6.81865465991 -4.11457785844 1.2787017197 7.04846663725 
10.8481993655 -9.49864250858 30.2990338584 -10.6513355228 -6.44691446894 -5.98160390848 3.57308943596 -4.02859696221 2.13624654237 1.69360919412 
3.45318149565 -7.7165915 33.5145452013 -11.382787784 -3.46099554742 -5.94738446959 0.783233221625 1.81627566285 -6.82845865445 2.87631936022 
0.952947260028 1.58466803022 30.724657075 -9.0292491419 -2.74220200967 0.400457683402 -2.95380892453 -0.199033511784 -2.86948500222 5.22163742244 
-4.81203709903 -1.68795172356 33.2427054479 -7.87972093805 -6.3062230998 8.55435555048 -0.101855120946 1.46615665452 -2.95889530341 0.319136311102 
-9.81145140367 2.53419464644 32.5146582228 -8.2981544807 -1.52590268747 6.83736993165 -1.42287049602 3.26721514055 -5.91290321839 0.549759420837 
-17.2761445852 7.83831396682 26.4392067389 -8.39759914666 1.95495272741 7.9022701228 -1.26990761833 2.96025323568 -1.58520822739 1.45896360318 
-24.0806935418 13.8349370995 24.5710734884 -4.62092472739 5.22409655006 5.71692795524 -5.84608005209 2.85418544819 0.78233392452 2.31445008071 
