9.98210776817 16.0595831103 3.40601018762 -1.03804722768 0.168363443901 8.33534485735 -5.13022379895 1.97701098664 5.7700588881 -5.34808784579 
8.48671522226 10.7185224292 4.12031363913 -9.68661567894 8.88495840881 9.04085396676 -2.70726739547 -2.45897769799 4.71154169265 -3.42674794799 
1.01591647607 13.2273621503 8.67412634811 -15.1245655827 9.48990299427 5.42684648883 -4.88636772314 0.253817894956 6.69900520464 -3.47947245262 
2.92513368238 0.792947077264 12.6667497322 -14.293545304 10.183843669 5.07589445021 -1.36347491385 0.737239645171 2.12098226964 -4.03217003951 
-0.900479788597 -2.06209649819 3.50305405598 -18.4038890601 12.5956447588 0.96557277539 -7.29082925761 -0.467421913308 4.1686670561 -3.93359270798 
2.25654464928 3.33625302847 2.57513965481 -15.793613451 17.4059345889 0.335841752995 -9.76378957377 -4.7906468199 8.30855530676 -1.54960871145 
0.460610012412 7.84804896077 0.726171652732 -17.9178347398 15.9624877273 -0.00645567016566 -11.132680448 -4.90803707141 8.44317907589 -1.09161894213 
8.33223164594 22.0074728619 5.29564980796 -13.9719488577 17.8120352708 1.1421846304 -17.4698726562 -5.93222282891 7.41744651217 0.0945917753436 
11.7247472536 32.7129594501 1.4486607145 -20.0699838408 6.76850869724 -0.055176564092 -18.7581327872 1.23753940443 8.04725915612 1.01998794241 
15.7287996674 43.1527788649 -0.247330344666 -26.1191009611 -4.23547848235 -0.894432167864 -17.588429744 4.09131505175 4.12942813051 0.758621202222 
23.067735392 44.6237904076 -1.4779836158 -23.1664633435 -11.0638950641 -1.62819686519 -17.3619060854 5.73030683128 1.1625145837 7.47465066809 
26.4170403332 44.7869001477 0.576954666352 -21.2444350237 -9.3331258338 -0.400114617048 -16.1010868894 6.57958734986 1.96002585214 11.0906268089 
23.3573543159 36.2893461334 3.20594771885 -23.5579421466 -6.51421240546 -2.88218940656 -11.2391395795 9.62791749381 3.17559812832 12.8443837264 
19.3331388921 38.6566754029 0.0800978652523 -24.1824322731 -10.1050968038 -4.09228473769 -12.2823893716 8.13245833506 0.203864507051 8.06098704936 
19.1371975084 51.05824734 -1.5663310258 -21.2048319162 -12.874960996 -1.41002006426 -13.2459429149 7.57661197675 -0.0212687458615 2.89001582842 
23.7903764175 60.6775830588 -5.16759742326 -22.9148569554 -17.8646839849 -1.32289969511 -12.6944444128 8.57234230953 -3.30648224542 2.84050470766 
22.5547129072 59.2285653412 -5.24079616119 -21.5243576512 -20.7800753065 0.310440617068 -14.2135265667 10.5635059401 -1.63304412764 5.6398665077 
17.6885225452 52.2794156242 -5.33865591787 -19.3928808109 -17.6525174547 1.00428731835 -17.3885206029 10.3886044517 -1.74649004237 1.24095112493 
22.4712345477 49.2633240765 1.10751907475 -14.9265089757 -12.6511304961 0.224968646086 -13.9709178655 9.07931029124 -1.00583559766 1.44550661141 
26.0015840025 39.5678999562 3.6591786064 -7.093250928 -5.09662524506 -2.80307009171 -11.4134473722 4.63145463492 -3.49260822235 0.266800191734 
12.5016331939 4.74643620245 -5.70778718168 4.98652312433 -4.12365788171 -3.45202330488 -12.5534248682 1.95457055852 -0.87603905163 -8.57918505591 
1.54726691339 -10.4924423512 -10.9998474905 4.01076040809 -0.8262310463 -6.53578397438 -12.2851518011 2.13918033714 3.87712933322 -7.56387978922 
-3.11462668674 -18.744602024 -12.3781597154 0.979376326984 -5.24634323304 -5.98888575412 -16.5690298786 5.30377360265 10.9656786878 -5.29542497285 
-5.86548372768 -22.0248295296 -13.6624128624 1.60206008696 -5.30248570907 -5.40903231654 -16.9968923553 9.8239943988 8.11179021039 -5.25723173162 
-9.94714290339 -9.72397353687 -10.191686729 3.12522373153 -5.79212437009 -5.11586679391 -16.2632237786 7.28650444049 7.35016447067 -10.2652610377 
4.52644756404 3.77271516814 -6.35757062323 2.6485528469 -11.770459723 -5.96686512593 -13.5679998612 0.821550114096 7.60867078217 -13.5122264944 
9.0621118986 15.9000635956 -2.38484156359 6.43764266433 -13.0534721597 -2.27524377432 -12.4960758258 3.13898470522 4.46476912196 -15.0800921094 
6.39098420511 7.18916554622 6.44425582658 2.2661274519 -5.9825830154 0.445991841682 -11.0113332569 -4.79723953164 4.69484032753 -8.39182598387 
5.50135244949 11.6877672774 34.8224051579 4.7644341854 -1.74877904782 3.29205353785 -4.50736414212 -12.2078182145 3.08995832285 -3.56470391626 
-2.87804988482 2.50274683757 54.1175932892 5.97402340303 -15.9978295112 2.6603801006 -5.47521362201 -9.26347883324 9.10562921532 8.14139435419 
-4.67421212846 -4.46759020215 56.2198423593 4.7585206527 -20.1942950224 1.61060836848 -2.23610697505 -8.48338775617 10.4079240811 15.7859686377 
1.47370071773 -5.00709884475 44.1873963645 12.5059461512 -24.817537347 6.07215096071 -3.71956060491 -5.46042000197 5.29429349762 12.216464072 
-7.09151186207 -1.89428077125 40.4573692788 8.76965179787 -26.0912964086 5.83641150837 -4.28908252457 1.82196690167 1.93348690545 10.4342539736 
-6.72102846157 -1.86061710293 35.844755431 6.34641757465 -20.9640933026 3.69472580047 -2.43418540056 1.52629067943 0.916849216178 6.53765570998 
-8.24661632191 4.0401773847 23.3312360625 3.37098100654 -8.64657427816 8.27951237927 -2.21111264281 7.07486223521 -5.61767121968 -4.77047155878 
1.41207242333 7.38412463965 25.2296030428 7.60451725192 -1.59306075232 5.56900855469 0.184675957185 6.73546118393 -3.47491057705 -8.28562793736 
16.7596235662 18.1181295574 20.0875199401 7.13132634535 7.34702401443 6.96323443053 5.41964728481 2.42616218967 -3.96959658416 -0.89863715052 
21.5445056518 29.3032776979 18.520736916 9.83117967864 16.915437255 8.45315325419 4.92752497834 -4.69434126524 -5.38590911863 -3.39447359076 
19.7979291981 32.9838045303 15.9686245259 11.7812650061 21.1963529267 7.15420984703 3.83927881485 -6.68938651542 -3.06098404477 -1.96832659173 
14.5191102741 29.292723611 17.1039631677 19.321459072 26.2204295435 11.2374986649 1.86278354812 -5.39245773344 -3.44049501878 -0.786328907111 
15.198644344 26.5498697261 16.8099983726 21.6314567835 23.5947961366 7.1053403179 -3.23208711615 -1.9127296704 -2.09261581303 3.46101302744 
13.9704626968 28.5361171774 12.1862171148 20.2328781068 22.9349273274 4.81228746896 -6.42095062185 -1.11232226281 -3.02083751398 5.95929418866 
17.784384659 20.6442861519 6.6800267364 8.25228503545 19.2821562556 0.745909571652 -5.12602748274 -1.67660747031 -2.01186958557 5.58289966366 
23.4709744979 28.5114537393 5.90968437117 6.14004669794 15.1922019055 -0.0314726753904 -5.66623352456 -0.0286904542689 -3.07032621998 9.05131866217 
29.1793172484 27.0305726586 3.09728116594 0.973088468848 12.3678679633 -0.495062121454 -3.46033436655 2.67390961869 -6.3220938342 11.4945626495 
30.3639910206 31.0594832332 2.33204815046 3.51289822953 6.86564424141 1.19668116527 -4.07262011974 3.47721343519 -7.75700009407 9.87129462018 
28.5448596694 30.659276839 1.76196332872 1.64546867842 4.50520889095 0.128087441378 -5.35444991157 4.72858057413 -6.91429942258 10.2130952877 
29.9708910019 26.1554362456 0.861791299312 -2.16504046824 3.12719338934 -2.09544700813 -2.017683346 5.91186043479 -7.95099540625 13.0208340748 
30.6231286251 20.3729956995 -1.4716626741 2.35341546103 4.27349399505 -0.129629088459 -1.88653734898 4.72466292157 -7.49461185685 9.07053747936 
28.8247642487 12.4108351355 1.00218801558 2.93163274787 7.11675467203 -2.34032934215 -0.17336409696 4.15805961779 -8.1635797667 2.67555682711 
29.5552639007 0.390740451798 -4.60445155244 0.776057650536 4.53400298041 -0.662444462553 0.876706281983 5.26156766296 -8.41241570573 1.65030957361 
24.4846577737 -13.5105185218 -6.3290844109 -3.92102826174 5.98298079271 -1.06873005897 3.79191283159 4.58550073796 -2.993994286 1.88131345759 
20.494811335 -16.7310122161 -9.22156196095 -4.11028211732 6.76723470364 -2.66626688681 2.61258695595 7.15874709714 -3.74174300421 0.685650052755 
23.010580263 -22.2875880515 -10.2526590598 -6.29632510049 5.36698026645 -5.52794180208 4.83153426673 4.04509947909 -1.69595956404 0.778142579805 
24.8906121633 -26.159102863 -8.99507208428 -6.03477661509 4.0321135735 -4.16067723623 8.86697697085 2.57435252785 -1.62915366061 2.38009653239 
26.6678091046 -23.4270296794 -9.40095955781 -3.78526599094 -0.0860000076672 -3.68844137227 6.75038408863 1.02279463558 -2.8102869439 -0.71004466354 
25.8039130535 -17.3488354688 -5.4587051197 0.245501426978 -4.06747902048 -3.05731953911 2.17265598502 -4.26289703264 -6.75310174432 -4.61083276686 
13.9638124094 -15.6301595869 2.89824088711 1.82495176414 -8.62213486327 -1.85158132683 -0.308723763786 -4.90814630246 -9.89892949029 -6.1502480854 
13.6572587517 -13.9156381617 7.99088907651 -0.247724229732 -8.83988280316 3.26655381096 -1.30683987237 -5.22491390755 -5.72410535361 -2.93292122013 
5.3803119664 -15.5960435519 18.8317205656 -3.62200342998 -16.1939622916 4.23552160357 -0.329066263174 -9.46921208347 -3.6557400008 6.75626693442 
-1.06639272469 -12.57176311 17.7904722097 -12.4150529876 -17.2781614485 7.00382732268 1.09685635269 -7.27116666155 -9.43380741158 11.1323289461 
-9.64141826878 -8.47672785377 17.6620670887 -19.8805663351 -13.6036420825 11.1766528064 0.86856222368 -3.1491902317 -12.2508627014 7.56681850804 
-10.8187567703 -3.41316943136 20.1532341704 -22.5260027222 -12.1593101655 12.3264039024 1.44435351081 -3.4206331706 -8.63506567389 8.46840437767 
-14.7039896637 -6.92429236581 24.3846041947 -24.0169938976 -13.0386389667 8.09648203744 -0.416746245286 1.85362659229 -1.89288659644 10.3924403601 
-17.7509076931 -7.21970771089 26.8212738372 -20.1205381218 -10.4662795652 9.53404126869 -0.677422250381 1.04514586606 -2.19661166218 5.82319886688 
-13.4190236018 -5.06499411054 20.6515904664 -24.3666148368 -5.48651118211 8.20181929071 1.50242172553 1.6376503485 -5.26806986452 -0.730046750659 
-8.9101952756 -3.72050396791 11.4463284848 -26.5966238661 -1.64478458404 7.20972921429 -2.02594854967 1.53777061891 -3.80753699126 -1.85391516942 
-4.35360107405 -0.0611835218601 5.44212507689 -24.3577371903 7.52895630624 4.06541049504 -3.05246148809 0.207612556611 4.35900212268 -3.4231788556 
1.01964425376 0.358643179894 3.30674544277 -23.7225340654 13.0402475728 1.81723425636 -3.49593376358 -0.575233905538 7.62583264446 -1.55770750276 
-1.66144635868 1.93868260182 5.22375540644 -26.3318700671 10.9685817935 4.06685057475 -3.59955229751 0.519149326194 6.16812863849 -1.66867917851 
0.883419638399 9.15674941362 8.34634144363 -17.3951549528 15.2640535572 6.09019001946 -6.44142477371 -0.507188220349 8.70318197171 -1.35464276041 
4.48643376375 11.9815904598 5.44888305291 -16.3724318465 8.58632439704 10.4443725534 -7.98104815107 1.28423818299 4.6930786136 0.979874241064 
9.7794971459 11.884571269 3.46800259268 -17.5599327959 3.21061916329 10.9816525132 -6.41998397736 -0.455062704813 1.15455727225 -2.53361218116 
13.4577387683 8.89604369444 0.598385139057 -16.7960316902 1.39358659993 8.47373505365 -4.37188424772 -0.675659967377 -1.4382356208 -5.81345733182 
15.1189010281 6.81808325737 -1.85915543861 -16.4904978492 3.19507294608 5.98528534657 -4.01054130661 -2.05375846163 -0.578069511266 -7.21150527174 
14.1239439709 -0.239540616424 -1.17366380923 -11.5180142805 0.483566484767 6.86082699975 -4.35693426121 -3.74862260646 -3.97448140463 -9.14762188448 
17.0414493432 -2.55500732751 -0.698909629481 -3.40502516878 -1.20485553467 8.24199088551 -4.89540228726 -5.5235670982 -3.71586681143 -9.43664146992 
21.5826812691 -16.6710057445 -6.48245782507 2.93358489901 -3.29433522785 4.87006075792 -4.72310617392 -6.85983295535 -1.0570150637 -10.1183325438 
19.4915220654 -27.0584589101 -6.72329599694 2.70332789233 -4.35424214041 0.598251534917 -2.65860399537 -7.58799185823 0.118659690576 -7.67426795291 
17.3388570516 -25.9108019179 -3.74489067182 5.66463418882 -6.42860763667 1.56353953742 -4.44216992191 -7.43314187197 2.12467796569 -5.80120688186 
18.2673673177 -27.9481254951 -7.47845762419 7.23179772873 -7.55393060858 -0.211019031032 -5.35964096738 -9.61308191953 1.23318405883 -8.32116576726 
17.5438276931 -14.8143836845 -6.94916879015 8.75375045972 -4.5423550749 2.40159554362 -11.4590670783 -8.5705799457 1.00446011729 -6.91613744881 
21.3398646466 -11.3249405048 -9.05305671181 7.1445930598 -5.07750994694 3.71547202745 -9.42634832607 -10.8480586415 0.407397270513 -7.58440105088 
32.5222991319 -2.62735079069 -8.9710020855 3.64732062113 -7.90942626394 3.49092991256 -8.9414387722 -9.85379492068 -2.92505508458 -4.00724568469 
32.644916428 4.85181756992 -9.24514301683 2.69970467181 -8.78290851797 3.77222874952 -9.51710649166 -7.49713120852 -5.30215115859 -3.96171018801 
40.8971749582 19.1722425748 -7.66520878039 3.9632882291 -11.1417398494 2.30755508536 -7.97681843826 -5.65436646997 -9.90331384149 -2.65305236627 
42.5783890987 16.3678073186 -0.451195468791 6.39029914415 -3.51629032982 0.300213442467 -2.72897559254 -7.45777171219 -15.1457376902 -2.69552068369 
33.3738245339 11.7734598774 1.16738468036 -1.48932744628 -2.55709211032 3.22551638604 -2.69150636082 -2.23195971177 -10.0726279237 -2.75828466398 
30.6202689389 1.48592562337 2.69844925919 3.1877219063 0.364715586768 2.19408440364 -1.04825001393 -5.14305585876 -12.4796483008 -3.89945256919 
23.7808070677 4.69591254651 -0.106829110545 -2.86024581155 -4.09124196415 -0.336668274273 -5.50907079961 -2.95871429292 -9.07689832255 -6.41863223122 
32.8380484571 11.0431371111 -0.0318100728175 4.91160436946 -3.34897689219 -2.15554581569 -5.79790125787 -6.93011740952 -12.4821554677 -7.80961893507 
31.9947115885 13.299718537 -3.60417737731 -0.107911706331 -9.59035297306 -1.31872329613 -8.09702269688 -3.71947290501 -10.24779054 -7.04336673585 
32.003505434 9.55947325738 0.0360738475621 10.3019395414 -5.79379541756 4.73634456315 -6.1002399935 -10.1400299813 -3.06567631018 -2.33162743284 
17.6064067595 -16.2690343291 3.92015377651 8.51912108753 -7.32918953335 0.236095819798 -2.05199591726 -9.88727205462 3.49000201402 -2.45664415238 
7.29215172162 -16.0471860968 14.2894890265 5.93721045314 -10.437147864 0.427531367378 -2.55051814014 -2.35062820035 15.2626995548 5.59023278011 
6.13391867242 -18.1603300322 18.9055232215 9.8435927809 -8.26897236527 -3.61939471495 2.07390421135 0.516750807039 10.677914662 9.17046251701 
4.43844962529 -18.574201724 24.1898832779 7.28642639851 -10.3651786426 -5.39096250803 7.09917489298 3.24900338485 2.61634778984 11.8012018252 
10.4480205233 -19.2359540488 23.2719943049 2.03664899097 -7.12432189071 -9.55273016569 15.558969265 7.29203467752 -0.692231881039 10.3742017108 
16.4914173305 -12.8634750735 16.3867186392 3.74692339055 1.91065958064 -6.46607643634 7.96815028788 -0.645800976875 -1.65443452946 -0.267478720576 
20.2945659743 6.29538844521 23.7155505046 9.10042369778 9.04248100877 0.650276187945 8.35866177014 -2.98214300155 -3.2845717644 -1.95727102969 
16.576069765 27.767601753 22.3699060569 4.19395405101 3.97325856216 5.8128141844 8.49968088805 -5.65929891572 -6.89787269306 -5.51134602534 
20.4995119696 24.7539027724 16.9873683384 11.3324810461 9.09495989774 8.70520128178 7.66772671136 -9.42281163763 -3.38803533909 -4.10381577871 
26.5868308196 30.3283790652 11.926547307 11.4414927285 6.62770544765 6.15549816754 3.05375677235 -9.67177554466 -0.48196806817 -0.206493621136 
25.6875950618 28.7096241527 10.0854559545 22.0052101491 7.40574738366 11.8257917584 6.57669211395 -9.07425794179 -3.46632731211 2.02548996306 
28.674854454 24.295532349 6.38080709052 24.1602479309 5.83339655169 13.7626257485 6.20798160145 -11.1058557585 -3.79911943683 0.630465778613 
25.7400136621 17.0221238645 -1.95630984978 21.7936336581 -3.69586732079 12.1774961855 0.0429034116379 -8.14916207645 -6.77619650698 1.23227930867 
26.8258039954 15.0820143783 -6.77218612083 16.5946360283 -11.4990427625 9.47811356952 -4.06142312371 -0.374310253091 -6.57696597195 1.54195645977 
19.4855846798 1.9623625248 -11.4949631127 16.2204563012 -12.006103429 6.65056493565 -7.46991377821 3.15452758231 -3.46372905715 0.986764209168 
8.26132679072 -4.04047636126 -8.59416174917 19.0240344465 -9.59984741038 8.9081508878 -6.30926037389 8.03378149422 -2.35347938843 2.85083621744 
10.087816845 -5.5901528519 -11.1543764474 22.412011379 -10.029262267 9.04098180218 -4.03278316533 10.1942964818 -0.521251837163 1.32917806873 
10.0609247759 -11.4035785358 -14.3166957639 21.0499724859 -7.11796213734 7.65045156204 -4.496071013 8.28635105979 -2.12606963773 -2.71337710536 
7.13269849426 -14.4792178836 -12.8429682111 22.6732105179 -9.41149018025 9.05144606164 -4.90137704481 14.4142757217 -1.77620677204 -1.01949044834 
6.95790142653 -15.7277005028 -10.9246937739 23.246363956 -5.01845948467 9.99299048639 -8.01373929076 14.9252605712 0.469858272059 0.223446338075 
14.6717620063 -22.1102273193 -9.68179098995 21.9463257797 -5.33171877904 6.32341165824 -3.77803018603 7.37279829939 -3.21300641604 -3.37955263598 
17.6016699539 -23.6698099044 -10.728556009 16.6190997854 -4.42327735597 4.01329385434 -4.93114277382 3.90189410742 -2.69720738543 -5.88842186208 
30.309632867 -31.2741996648 -14.1457894536 11.5539624639 -6.0471977453 -1.87714788282 2.42614041384 -3.6193947042 -5.33703126613 -8.1856666501 
37.5672094992 -32.4356993824 -10.4344644247 6.38348857413 -2.80792869658 -3.49327412705 7.87416438969 -6.49833607301 -9.11696767375 -6.00743101391 
35.1935395303 -26.4565544768 -5.48609032604 -2.49077981931 0.451049937764 -5.81765260701 8.18402907624 -2.83222577508 -4.6149286074 -1.01940976157 
39.1930236591 -28.711264167 -5.79272181051 0.288393431313 -0.436651527772 -8.40886691674 11.364364196 -4.96703593644 -6.77732539602 -2.24224313113 
38.7461630676 -29.7080202391 -7.25893723608 3.23528209558 -3.93230647836 -7.62280733703 8.82408685779 -6.10359046604 -4.8351461951 -3.78915478277 
25.8318709835 -29.8846950294 -12.9544471521 2.12832975001 -4.02800962138 -5.1734968008 -2.98257649154 -4.6277697633 1.98767484805 -3.47722756085 
19.9730501325 -30.6517100146 -13.4576504641 2.72009390443 -4.8397637863 -3.62817487966 -5.28345384267 -3.03317778121 4.34182516672 -1.97669144708 
11.1886785611 -25.9124925861 -12.1738864228 5.38665150412 -6.72695549051 -1.53736138628 -8.4025653269 -1.84268053819 6.11224333926 -2.36406104162 
9.37876983391 -25.6815470657 -9.76070491822 6.26903428329 -6.90837111821 -1.83659352244 -6.91674800689 -3.80096841478 6.86778019212 -2.47604340884 
9.11081085323 -21.8748296184 1.56256685857 9.93517801361 -8.49539091892 4.88778366986 -9.8364415099 -7.37402191799 4.75208517227 -2.07503070986 
12.0529284966 -16.5925455043 0.786044520019 7.07489657199 -10.159427552 4.53256073268 -9.32881204821 -10.651120463 2.38102935175 -4.9493549943 
4.66910431169 -21.6646276754 4.62862887013 6.11877208028 -11.0686910905 6.8831103555 -9.47902353835 -9.33301163881 2.71823331461 0.253650895744 
4.77814329583 -21.8741378977 8.28278760685 0.956043811037 -15.1699144253 6.52618897787 -5.27171897041 -12.8290771774 -3.11416441025 1.76541100771 
3.49222222247 -21.0121960798 8.53924445774 -1.22933576977 -20.343468369 6.16922714495 -6.38788602547 -12.965951636 -4.86496437247 1.39714398172 
-1.30845638805 -17.2114831193 8.00543076709 -6.85176601504 -19.060369344 5.63445794709 -5.34478300747 -7.34604677115 -6.35302654254 -1.48397243893 
-4.17546162652 -12.7609584689 18.7616000332 -9.17736858173 -19.8475384187 9.37856875617 0.518376864277 -6.83009226624 -9.46541719477 -1.42144743633 
-13.9923927155 -6.6015697943 14.0116010417 -22.6283175992 -5.56362302984 7.89873596809 4.20706126471 5.14601935177 -7.46768869575 -6.14005485735 
-14.3696850083 -2.60012730724 11.7894926418 -23.8006168492 -6.87836966198 10.2686133226 4.88792260479 5.57597300426 -13.8151282059 -7.69386091687 
-9.94051924424 -4.18076115288 16.0272979706 -22.3661284804 -4.97438262308 9.77415208896 3.48218119136 3.84144016529 -10.7117725882 -8.13293204754 
-3.12503430866 -2.76150147182 15.8409277699 -16.4141493707 -0.0971545632814 4.98127429971 2.99512554806 4.09951437245 -10.5951856839 -8.12091756267 
-12.1293403853 -8.23031078184 4.61612498559 -15.5115207993 1.11342440837 7.17282679358 2.14425889535 6.4526215629 -9.365176252 -16.9200640241 
-2.32117125575 -7.16436682031 -2.23939902559 -12.2097459911 -0.203615559574 -0.220587321051 -0.0598983498193 4.13635001001 -6.11864730084 -17.5616779063 
-2.15538872886 -7.20371105307 -4.89062390047 -8.05603942622 -0.141583052566 -4.93669210234 0.77145024985 4.99590095343 -1.630328579 -14.2033265012 
6.15974492435 -12.5059269113 -4.77990663273 -4.13261716549 2.07282798906 -2.10075515825 -1.41760086671 2.44133935699 0.708843450067 -13.9589590494 
6.64194699472 -6.6949199309 -3.47494090979 -2.20325032328 7.49642215321 2.92663214007 -7.31550323167 -1.47971864286 3.51696270157 -12.0523832408 
27.9444458324 -0.522103675643 -3.58683744053 -3.73696604104 -0.387089759138 2.11022432106 -2.46923276332 -7.20001527378 -4.22930134287 -2.62429318488 
28.5510771859 6.73189099119 1.69308681651 -4.3816620138 -2.21085095367 4.20657077136 -3.79048825071 -3.6637532356 -1.66240465453 0.980831787564 
37.9609615138 22.7583768623 -2.39243759027 -6.86782639541 -8.00276970735 4.74668056223 -4.49630407471 0.43368795215 -4.21958499306 7.66441543804 
43.5677650868 23.5136610319 0.943740447987 -6.93627505132 -3.62832776981 4.54314470484 -0.118308512557 0.947318745051 -2.83093854295 11.2287347128 
38.7048894348 30.3594879342 1.6436566131 -8.85281313728 -2.02074263658 3.11171733914 -0.896472219278 2.28073518761 -2.65913234088 12.4476396805 
34.5773354636 34.1524594548 -0.111216075627 -14.420239256 -0.403310869274 -3.04613555593 -1.19503263545 4.39452652864 -4.49017997648 11.1668101321 
25.5835839369 30.7910428385 3.92785048723 -21.3290437836 4.80080053002 -8.70078347212 -0.424695425947 8.77391231683 -0.810178311149 14.0316241133 
22.2407602386 28.4324634963 2.6555733625 -19.2156039919 5.01605996714 -6.28123266778 -2.29517287848 10.2982670485 1.93069538652 13.4321979272 
21.6755366143 12.5334748465 0.0409874711191 -17.3715979381 5.2776231995 -4.30376299118 -1.15152454733 7.49991053432 2.58704266303 9.23652228573 
24.5608343 2.06200878817 1.00593654764 -15.2757024574 4.37229252926 -6.62149224026 -0.730653752565 5.44204743682 1.30828171508 7.58037901965 
24.9678206591 -5.69269222105 -2.85178298376 -12.6913759478 3.81313925834 -5.49123001424 -1.1388529405 2.16437944694 -0.710768857101 4.82134546111 
22.7908507089 -4.72383415612 -1.84869094929 -11.3234858309 4.88969699203 -5.16303483237 -0.934457233527 1.27748491115 -0.776108012705 2.09179617182 
26.056230386 -7.97013469715 -3.81633617587 -6.94849892923 1.58169983433 -3.74209378538 -2.03205739094 -1.73608005542 -1.92669380721 1.83955623839 
31.1726494385 -10.2503225335 -2.30653476206 0.402432876828 4.06955938489 -3.41448764814 -0.391306603818 -5.82863724957 -2.6859510097 -1.38620894616 
33.8249820937 -9.71543140478 -0.656685379121 4.48866031993 5.33772690546 -5.51451130934 -0.0694491535349 -9.72172141281 -2.65039305966 -4.37140773945 
28.8533358564 -9.26566697277 0.98049768077 4.41205377474 8.21920714701 -5.94595003478 -1.383384379 -9.99623418991 -0.823597563983 -5.63736346708 
24.9424065143 -4.9963561846 7.14534132441 6.16034858627 6.7705815157 -5.35876525322 0.911139904795 -12.774768144 0.717506139189 -10.8071287373 
15.9362189026 1.50475439806 12.5335156733 5.74481356193 3.41323530343 -4.02491934768 -1.3973332023 -10.2182334653 2.05849663739 -12.2914465872 
12.7124138553 1.62406408628 19.670189547 6.7431357705 -7.84370111579 -2.69516592668 -1.94232108068 -8.53589509582 1.52922928538 -9.41872734688 
4.66082536937 -1.85537537138 20.8599530523 4.13684050747 -6.58047497292 -5.17050990819 -3.35327635218 -9.65217677701 -1.60680307186 -13.5245856597 
-1.06374795225 0.989993225364 27.4048077544 7.68439161694 -3.96681144985 -12.4606573968 -0.97134700888 -5.5936989104 -1.49048853379 -15.7477307458 
0.170974996807 -3.41561480727 38.7774891124 18.4227018761 -1.4014241041 -23.3295483312 -1.24470643327 -5.16014520336 1.74233254502 -7.58320478851 
3.99958079806 -8.63072882645 32.0400371272 19.2664568967 -2.42604022523 -22.5643509417 1.49202188109 -6.01594214942 2.56876778124 -3.11338224528 
2.21725158014 -10.2935475249 37.4199389717 17.3745122798 -2.41902666971 -23.7324184596 -0.772001030985 0.631170266026 1.99913875245 4.5380740283 
-4.3609613631 -7.55877177972 43.2838645668 11.4122855863 2.52690396506 -22.1217754824 0.870595974371 8.82635207404 4.73947209862 7.32198340248 
2.75701215855 -4.28078929086 43.5803577246 13.9750471567 7.7690529717 -23.1789129562 5.08645346134 10.8503860858 3.21094344246 0.55841861713 
2.87521842238 -7.41714648131 35.0258988104 3.6594604546 12.2298571088 -24.2403291059 11.1976274754 11.8373802331 4.64131926499 2.25592012502 
0.587918045952 -1.43240103052 30.1606193196 8.41301726065 15.935317094 -18.1762478661 5.4762999184 8.85329647024 2.37730549655 -8.26480368389 
5.49377072815 9.6229969635 28.7589417422 13.7574861709 24.0991456106 -7.69991491663 9.01859254181 -0.868569018237 2.92684484571 -10.8303594324 
10.9824128265 5.91715065136 15.6903035787 5.06415031933 15.9350379153 -1.67427644899 5.83477299548 -1.17442653528 1.10953446753 -8.30950946418 
25.8830147328 0.477388241583 2.43987894342 6.16260383131 6.68168189234 -2.77104711558 5.19778074063 2.21856018167 -2.31755885869 -5.35342805972 
29.2467749009 -2.4159911918 -0.337719588502 12.1445301264 4.43834507483 1.65868601989 4.25387132358 3.35590399594 -3.54672159094 -2.65886246755 
26.0805765915 -0.424406742909 -5.536539419 14.6501754305 1.51559771107 5.75224143601 -1.0224818531 2.94901353516 -1.36751997484 -3.41967053137 
24.5781749747 -4.49846484872 -10.8820648131 16.9415157463 -4.95156615002 5.22731652358 -2.25900332115 2.2714134604 -1.26294731819 -2.57793424762 
22.2629905056 -6.97326551343 -9.80192400623 18.2757942745 -4.37433408717 7.21456715736 -2.7777869141 3.63125702285 2.70072858474 -0.452871107932 
23.0009247741 -9.11143277491 -11.7420115069 12.6044840644 -6.86562797363 4.67906658632 -4.12350029165 3.88542107529 1.5911591106 -3.48787255745 
23.5698127026 -9.8504945078 -6.99176994953 14.3877167166 -4.313555936 3.66092681419 -4.01010509986 0.362799745818 1.31868591743 -5.93752132093 
22.6580415076 -8.73777615505 -5.10395696327 12.7471376598 -4.16347682376 4.97699821521 -2.79152909203 2.24998320982 1.34937921848 -5.03205680627 
27.4897727005 -6.56699966915 -1.32760178316 9.98911514303 -0.972954331433 1.23503306725 -0.846209929968 1.78774858396 -0.763513009193 -1.8817286035 
30.7847742398 -8.30021588431 3.4285742903 8.62279602646 3.2919120617 -3.84172083744 2.26929304157 -1.38427238564 -1.62225996439 -2.47299008886 
34.67712365 -7.66758141414 1.46249108762 6.55220792721 3.76091318185 -1.52816283727 3.37325075534 -3.21209688072 -4.2645771444 -1.02263814735 
30.4084618628 -1.35831242251 3.58051883651 -0.763346982321 3.79711884731 -1.17519436099 3.50372273475 1.47418132881 -2.12666248509 1.02239794684 
19.8430237579 0.347663825194 6.51064505112 -10.6502821802 11.3895209296 -3.26957301565 3.25650132935 3.90718196294 5.55071554886 3.99478041224 
18.8420092374 -5.81083331179 7.2680027938 -17.073160647 11.802678687 -6.90921128423 6.3502251571 3.74932394585 7.13524195131 7.4583047717 
24.3971457896 -12.1261026849 2.63110999003 -15.713721929 7.74381543016 -6.97682886393 9.95967715459 1.25030803265 4.30213974184 6.69284161686 
22.5156050948 -13.3382670126 2.88318812353 -16.5001358118 5.82672602811 -5.55882383777 8.60110201381 1.80786721641 6.19279255557 8.07584476188 
26.6747120105 -11.6131661849 1.63955464355 -13.077304614 6.93531972554 -2.03696004024 10.4153800127 0.190469412916 3.11190381564 8.19922909631 
16.1099218509 -7.97240280796 5.04797620812 -8.83478175322 10.9991486991 2.39972957617 5.03236042561 -0.355103822532 5.54107691613 3.85029805967 
8.66307054766 1.70127269389 20.2885419238 8.21541060953 8.76525655401 4.88360815324 2.16449033057 -2.71634630337 4.24482368267 -1.39046374344 
4.82994075818 6.18769387664 24.6836059996 10.0535424745 6.47369757341 5.17735395352 -3.86400590649 -4.38535851419 8.4568305154 -2.75379816337 
1.32907804301 8.68238156736 27.835906842 9.65555412562 0.841880281998 10.0469970663 -2.8935202894 -6.30608533734 9.00753461796 -4.12509305018 
-1.02905826006 1.26092423612 29.924942051 2.00772824302 -10.4744305179 17.0305764296 1.90929213135 -7.6178941854 6.0499204715 2.03166845095 
-3.02938315245 -1.41593109025 18.9163454698 -6.75854262847 -12.6979593915 14.9926847535 0.964756975639 -4.1621342447 1.45985396149 2.59082454937 
-1.01861755998 -9.80874840469 11.6789476328 -8.14764131863 -10.1927595266 13.1885748327 3.47893936895 -1.90671372267 -3.0204753475 0.974846705174 
-0.533798210796 -16.9764987507 11.7592846369 -1.36898485989 -13.1167361161 15.3907833694 3.96848456162 1.07477091175 -2.46150314766 4.11277515602 
-1.11280303628 -19.3995956985 7.03280930621 2.7171736623 -12.1641534109 15.4501053504 2.63126774282 4.07116158053 -5.78133132395 0.169195206459 
4.16904399339 -22.4783050047 0.0339937829447 -0.00017324367955 -7.59925541586 9.17798979069 0.963601346503 3.90725605914 -2.72841275433 -0.584687921989 
4.74665623474 -19.1515066752 2.15580362599 -0.878622174195 -5.07830535663 8.1420612336 5.24864445298 5.04854649439 -6.89286217681 -3.7278189414 
10.5485077887 -19.9409448969 -1.08582906157 -1.47756046149 -1.03246092257 3.37798910699 3.97946609775 2.06620566506 -2.95436247845 -3.16858918541 
13.6229587778 -17.8974585721 -1.54853419598 -8.96240831234 0.548156335564 1.99153523406 4.08473988766 1.529449222 0.986439957877 0.989482774371 
16.8198139059 -15.9683091341 -3.66227803855 -7.87489379113 1.8806225261 -1.31725534312 5.60931983572 3.41917497221 -0.215423324768 0.398383035914 
12.5874898624 -12.9480781163 1.82200782734 -16.0276494694 5.63965224684 -7.57943615212 9.80039805037 8.96380878821 7.64066977624 4.62435096876 
12.139100336 -10.7663122143 1.92017227395 -17.4221266106 7.41479339988 -9.37028073515 12.6609057011 8.45738718634 8.66132061811 6.47642820888 
12.278472468 -3.00107555403 -0.0510462663769 -15.0466006764 8.97907325527 -7.18594957947 10.70350057 7.26761716897 6.69218467184 5.37156585415 
17.373940433 1.10354578491 1.82629859884 -15.1433905623 8.60073200178 -7.42164934549 19.7763066527 4.99825887918 2.89493499029 6.44459569794 
23.2711068607 -1.09279737436 -0.540795470141 -12.5195487309 5.97880291364 -8.95964290742 21.8062871586 2.18631962176 -1.04997180333 3.64650359331 
26.5328067506 -1.97700054631 -5.01163346971 -5.40408802108 0.324737459056 -7.42345015855 16.0636276654 -2.01297924483 -7.317777957 1.12255193902 
30.424502085 -4.83266504263 -6.15068106051 -2.43968944955 0.662280544542 -4.96055854064 9.7180239076 -3.80055280642 -6.30595121338 0.651089732058 
28.8916358351 -6.96530180919 -9.21030546296 -0.746483967759 -0.154699797439 -3.46711609385 7.68934680631 -5.76639506001 -7.24824567417 0.740896402009 
27.9973366582 -7.23364148446 -9.35754760732 1.85152542297 -0.230076574316 -4.24816195304 10.6760152292 -6.25106435106 -7.48647522264 0.918161061236 
26.2382164271 -10.5876525346 -10.4530722316 4.8057645578 -1.25372740853 -2.91455951236 5.40929974566 -7.5136212334 -9.38336071245 -2.9705914686 
28.4584480702 -9.49293382148 -10.7412006355 4.02968452125 -0.797295727394 -6.29944785239 7.04518419409 -8.58085878521 -10.0835494097 -2.78636713736 
31.1293627617 -13.6313382461 -9.03609127096 4.54577895004 1.58777084326 -8.42068638452 9.95564146544 -7.09697850013 -9.85590510271 -5.52311539419 
24.6094671968 -11.7390976522 -1.05881474118 -3.8855982672 9.98827824162 -8.20140999603 10.3613201164 -0.454700284921 -8.23196245914 -2.89347887903 
22.8839040932 -4.5494320283 9.78182707752 -3.09775304906 14.5598953174 -10.6329978949 9.55635274132 1.5747655573 -3.5247318292 -1.50434559227 
21.3614970744 -7.86822852511 10.4539227459 -8.30942773477 15.023041118 -10.3906580136 11.4103248162 2.64808591757 1.7184457546 3.25590307655 
20.0285713212 3.45367925743 11.4907427436 -4.34169341764 13.4083487565 -9.69249527448 6.24458588311 2.99562686521 -0.73173389214 -0.710266840877 
16.1153290609 12.5946574911 15.6907956073 -5.40908302427 11.8871755758 -13.2570063092 5.50242190521 3.85847672463 4.58716388412 -2.50433720329 
11.3913156615 13.6693262003 15.0623046452 -7.88353374836 3.82398518895 -12.2781490507 0.159734620508 0.446896581572 5.83549177066 -8.88304042338 
0.617749603023 25.1219231506 29.8105880805 -5.15925126531 -4.01193496306 -12.8832665281 -5.36328121559 -1.55441355336 3.63295353384 -18.8620530813 
-1.87925133194 24.0048180167 28.3567894445 -8.90978733306 -5.6008359493 -13.7213943222 -2.84739541029 -1.24009670539 3.18716788826 -16.1145192569 
-0.8047008972 20.4524086415 30.9171216107 -8.23759630384 -2.04246133268 -9.74498628434 -2.93130768184 1.6056490526 13.3905622485 -10.3008952698 
-4.49394052708 9.78121511579 35.0642594127 -7.51598352293 -3.88221254022 -8.53117107176 -2.83737366007 -1.39174307176 13.1003755313 -8.69855725561 
-3.37564329817 -2.26748212305 40.7135586934 -0.517232023298 -4.62444367062 -9.04262439288 0.823633661445 -1.59795014379 16.0414480982 3.81890236847 
-4.75746597961 -6.75753001711 47.8595685151 17.7422569798 -9.0399150751 -7.16260563735 -3.61675780704 -9.02427580901 14.6267715964 6.27554628649 
-7.5703089397 -9.85069514654 55.288396147 25.4924081946 -13.1498636493 -6.07703063139 -5.77511320242 -11.3939298416 14.7063933117 9.89143474558 
-9.39272982538 -16.7930563667 34.1504369107 20.9529322837 -14.4658280137 -6.68555407333 -4.71582350531 0.354115454992 5.93630220983 7.46884825691 
-10.8188295112 -18.258209728 23.5913954535 11.3530561147 -13.6504627803 -3.4352581377 -6.60354602111 6.30090911238 8.92222351435 6.82452356563 
-11.6530704993 -9.36779166572 16.8496713532 13.7903990599 -15.5759015156 3.069095794 -8.26348561537 10.6383112007 10.9674496288 4.88486765455 
-13.609993836 -5.52509496385 3.88920674514 10.7874385211 -14.740701493 5.11397841433 -8.13304974869 16.1647821972 6.53689253194 -1.32244930845 
-7.96080791636 -11.4327775951 -5.18781570934 8.95269000845 -6.57304268611 2.88797555107 -7.97432592925 14.819861182 10.8250792397 -5.04171674591 
-6.14099072625 -8.271798921 -5.14254963014 9.6228241057 -5.89415159967 6.18820244031 -5.88328092917 15.2988880021 8.72608564067 -4.7240534027 
-1.33559149688 -3.7319126426 -10.1629967431 13.4921022724 -6.77214777601 9.5030390252 -4.12162612961 11.5704623529 8.95565044132 -1.74458590249 
-4.84955510405 2.39049593664 -8.67211484816 17.3802859278 -3.85010095382 15.8289277715 -5.2937721308 13.4054103095 6.61469423747 -1.96499104237 
6.10548302398 3.82364334927 -7.05966030822 15.9073182918 -2.42684246122 14.1926855971 -5.31488046226 9.20297604201 4.04353509841 -3.29767331101 
12.6057001099 13.786861103 -9.02177450474 12.5343896742 -4.44462378629 10.1677520514 -5.27979950612 7.45574425018 2.57113418238 -2.17907731822 
18.2706674335 6.56575464625 -2.39289951814 15.3912135048 0.819672324312 7.58022743487 -1.6285782173 5.99536121282 -1.06792111115 -1.08155168568 
23.5770183768 -2.73431580944 0.786909117895 11.1388538572 4.88069822468 5.76122319327 3.64837855118 4.51802285654 -4.59319683953 1.10490853899 
21.2339737562 -6.80146617524 -3.48978330716 4.66764401678 3.69556158002 3.97245807427 2.22659520779 6.74624080988 1.99996120343 1.85015424784 
18.3735740867 -11.7409969906 -1.08090454079 6.73199619097 6.89715381452 4.7416425163 5.39991276324 8.2077208756 -2.29430278698 2.39817050286 
16.2238448049 -16.5968317394 -7.58309067599 1.64152877279 4.70397895399 1.35667267065 6.29083201366 10.3288521546 -1.3861946569 3.0827510887 
18.2893577107 -15.2100348764 -6.17163203521 -1.00179216848 6.82643685057 0.154592157205 5.39054579439 7.14936252342 1.08598323054 4.15235217333 
16.3939893169 -14.3834418411 -6.46492503923 -0.517460335615 6.30885679009 -0.146702747892 2.25362036873 3.06245015385 1.63730425091 2.35668069253 
16.4084050241 -14.8291912054 -6.58955060859 -0.695216212157 5.02567387952 -0.940390633991 2.01848216722 4.86825104416 2.22498988085 1.49086491483 
11.8668765853 -18.8400101526 -10.7671942551 -0.200627844612 5.6066227475 -0.261319599156 -2.3530442142 4.86246574752 3.23274390874 -2.59681432324 
11.1424040837 -18.5252753859 -8.0287940967 -2.05930049334 7.37910845031 0.163014156404 -1.44781512552 4.51808161262 5.80151730005 -1.34873840597 
11.8661879155 -25.499434793 -10.7356648917 -8.03688311625 1.11767136026 -2.30698719764 1.73761974004 7.07666392433 7.29015966947 1.17403558938 
11.6640005505 -23.4733062347 -9.12798538039 -10.6739358154 2.64933400427 -3.08296239931 1.37516026814 4.50182578932 7.19327544533 1.55864958119 
9.65053442271 -22.130675945 -10.8766066439 -7.83543043625 1.93069389116 -1.78060828594 -3.40716250726 0.769550104666 8.21843021116 -0.534393650604 
11.2874999608 -25.0997293787 -11.6240093238 -5.1813748082 1.80719864542 -1.6834681776 -3.13432248572 1.04073160731 7.2935085341 -0.31863782787 
15.7723289201 -25.9940117958 -10.1560748414 -2.57776507436 3.17542905034 -0.28056120926 -0.883765601212 -2.84223093906 4.82668411202 0.439289507313 
8.77434158862 -21.7333081923 -9.37982715618 2.63791688048 3.74271283622 4.52325473744 -6.24581701703 -1.22815410226 6.04849754921 -1.0491903671 
4.75965326342 -14.0128378136 -6.83947227139 6.72249232855 2.50883971072 5.56970840001 -9.61963755463 -2.51744639376 7.61320493152 -5.01575587317 
4.51343417793 -4.18431449563 -0.844919899952 7.91449315342 6.3020217578 11.5561254592 -10.0611288428 -5.39262448077 9.37046660146 -3.5919186909 
1.57401952385 -8.18407195904 5.0815697903 7.3513051073 3.85443519329 11.0609164194 -5.96865930222 -7.20867088759 5.253899819 -6.46888526221 
-2.839543857 -0.246094895286 8.16222730111 6.30831848484 0.0454146023023 14.3656515102 -6.62294769706 -5.5887848839 7.48521406556 0.536645329826 
-6.40271319225 0.269645799602 15.1047327865 2.05933301341 -4.99251596632 17.385808594 -1.13137840068 -10.8709543819 8.39203627261 12.5331063209 
-5.77293409421 -5.51592473989 17.8198492461 -0.192909369215 -6.81746421921 16.5366063107 4.1083626597 -12.626661208 6.12418396127 8.40287159227 
-8.37606647492 -16.0698154212 15.7473220193 -0.361063497739 -14.4448796299 12.6074806209 6.94264882318 -10.6902795249 1.22815298618 10.2972579878 
-1.79239191396 -19.8668745059 4.28530358263 -3.87521593777 -11.9028050723 4.75824950593 7.64432159117 -6.90461977867 -1.34852116737 8.21843818702 
-6.40607954029 -16.171419014 12.882768504 -7.76211287252 -12.7364207542 7.46625054581 8.60261052418 -5.32003146079 -5.87722685511 7.65882294852 
-8.81690644393 -9.47371975536 12.4356743818 -4.1896529094 -7.25109888183 13.0727927975 5.4143916353 -4.60947976906 -4.46780635478 4.45829794829 
-9.22261697109 -9.35301732964 12.7607843128 -7.92333959169 -8.22459177677 12.2829387597 4.48435069833 -4.20578799673 -5.13011762441 5.0421872551 
-5.48913557515 -5.93277205259 2.52868965674 -7.17945628121 0.694637199004 11.7462590268 5.8770113408 -0.688552921087 -5.57201870717 -0.207243787987 
-1.40934340571 -2.57800319872 2.57332013956 -12.2243208405 8.90238130806 4.66661398869 4.50861236897 4.23396272734 2.71000147197 -4.11769806879 
3.38253715648 2.00840023989 5.62850961509 -9.9720825024 7.67301861079 4.02245964029 4.75494098763 3.65318945498 3.54661229332 -0.841900378905 
8.5042261043 -11.0758464311 -0.549458414471 -11.3494288382 3.46914872994 0.624972605233 4.7547793959 0.661732218167 5.25557892917 1.36605388554 
3.26112201315 -10.5167762728 -0.643931059042 -12.8462963346 7.97488742004 -0.847420842399 1.82082669261 -0.252511243727 7.04605242097 0.207083796471 
5.95741684535 -9.46467100633 1.13954428504 -12.0393032161 10.4300621979 -1.59082236034 1.49209812947 -3.63025403524 7.97492553515 1.40009051738 
4.5805574408 -13.4932807029 1.61904762335 -11.4499218487 8.3224201203 1.4526719583 2.86330261422 -3.81937460485 5.36330253417 1.47960444062 
4.29790230939 -19.823560835 -6.59909147634 -6.32881713149 5.90653266891 4.70452704248 3.91680389982 -4.82459925778 -0.0934068717013 -2.80771322099 
3.99684776192 -20.9601911194 -8.41547216362 -5.81426174132 7.94458714752 5.72408342403 2.74899879199 -4.44525520543 -0.489786400832 1.25696242286 
4.66319196905 -20.1186854019 -9.35149238559 -3.20865242659 7.18517649175 5.52059562114 0.365458668465 -6.31045492879 -0.282571409691 0.658246580536 
2.87551424369 -20.3209739419 -10.0238712863 -2.76460338427 6.54344685104 4.2844818266 -5.75084179376 -4.62621470424 6.40394420278 0.422399048167 
-1.56345498419 -19.8423116022 -10.3227919752 -3.3534236593 4.18604986148 3.18812152373 -9.27164057665 -0.575997375021 10.239284673 1.06535178085 
-0.389705275927 -21.4734088084 -12.5820236416 -7.44477364327 2.40522071317 -1.77292704588 -10.0165362466 0.783055257023 11.7236614566 1.42241742236 
0.786706817888 -21.5912523882 -13.9906399358 -5.71915483536 0.844988373899 -1.58368433905 -10.9923134461 1.29240115891 10.8632741835 0.108708427704 
1.45533847611 -21.1072860895 -13.6472478076 -5.11037796792 0.427875378104 -1.77994715963 -9.59337601696 1.14236928867 10.8027422601 0.357624212881 
2.28840222648 -18.6308192198 -11.2067640929 -5.34201053545 3.2660316465 0.747697899333 -5.40904801065 0.916764312032 8.58052515722 -2.97578389756 
-2.02890236702 -4.45253753384 -13.0069031442 1.05453880035 1.78605504805 0.0524307778071 0.353627447151 -0.514201828534 5.96736342155 -6.04032466981 
-2.54795093515 3.46143141335 -14.6167924395 -0.583608782251 -3.80017343547 -2.83263820112 1.30344621057 3.67973564249 5.45520989828 -4.17819581132 
5.67744706636 13.9467544736 -12.9245187624 -3.31539589485 -4.66649014533 -3.40474985731 -0.770750575107 3.15851834501 4.51571144863 0.849468928702 
8.16729447916 11.0317081577 -9.63426832461 -10.6544936776 -4.50395408687 -0.727363165007 0.823099536908 7.41780595236 3.36691338062 1.8391116996 
4.58822548951 7.27015764387 -15.8679695314 3.17023496316 -9.90604798242 -2.61805015851 -4.4120961706 7.90863900334 1.72751623338 -1.18825750406 
5.86180616996 16.2884987579 -17.1145237354 2.78778611904 -14.6455315511 -0.717653368899 -4.44985609366 8.56516291451 5.0949767032 -4.65730638764 
4.72239150489 15.4600443751 -17.7427045992 3.57544234281 -18.4311392453 -3.7282197546 -5.59418685202 7.51723889287 4.79895453485 -7.54277737713 
-1.47422350823 13.4086677442 -18.4289287613 4.51593089917 -19.8334720909 -4.37324771916 -0.256576459784 5.65848190916 6.46359659845 -13.1315915408 
-2.6186658447 16.1860032911 -18.1517836079 3.42827011373 -23.5645216329 -5.7743803886 -2.09074206566 2.84970913595 8.37009667334 -10.4737944934 
-6.41032987174 14.5301096459 -13.438880701 7.37750895054 -18.7354595852 -1.89155617694 -7.19538969532 1.00534263869 7.72649670425 -8.6167832455 
-9.58249130343 5.83744100371 -6.48896206967 0.93474903741 -19.0066192914 -2.67750523111 -10.6906827174 1.88393356004 6.87775023897 -12.6575869807 
-10.9551189166 -6.2428049969 3.46600923489 10.2547856094 -11.5566155873 -2.12246216594 -9.43176789215 3.97500891677 7.82948713522 -4.38003470872 
-13.1261727305 -12.7725491025 16.3781777026 13.6164825352 -9.43153741957 -11.8409167703 -11.4972649898 2.59376894135 4.7907292431 4.33023575754 
-10.258931818 -10.2693871359 20.3649132308 16.2050822023 -5.47313893748 -15.6425113741 -11.4793961435 3.75104827221 3.49655659418 1.54433577806 
1.52969663619 -9.30152941484 28.1595516282 14.342396623 3.52802941006 -19.1369067965 -2.95012615606 0.53647311749 0.815013829833 3.5739352548 
0.384551652102 -12.8287831311 22.4485313146 7.57228161465 6.09750579319 -14.4074522802 1.73809749224 -0.0802143515492 0.390770572818 1.59634865752 
3.26291132543 -12.4195104998 18.6097728292 7.07925193315 7.65632769473 -13.8293448668 5.46198226526 2.40539308708 -4.49710634961 1.08518502098 
-1.65842727404 -12.3279252659 17.1678472881 1.46904429047 9.31669693827 -13.7177194337 6.30506207655 5.87700252419 -3.01034965591 1.29352551491 
-3.39038438055 -8.68189629358 24.1918148189 5.35464082177 10.068282872 -12.4029067535 6.70240548869 7.68763096838 -1.00687982433 -2.94523388429 
0.495878927848 5.9415853391 18.8712691259 14.382255497 11.4047134726 -2.0153294978 6.52468310708 4.22007640229 4.13524925947 -2.22412793384 
6.27159706421 8.82143724822 4.53015138492 4.02000389525 4.86293657868 -4.23427692471 10.2270315647 8.69558564719 2.32480884417 1.85903531257 
4.93312488996 15.5783228597 1.87850792946 11.2188439397 5.01353388682 3.07919734222 11.4257509029 5.23676763752 0.853967048018 6.3051134597 
5.48048082224 14.3959211886 -5.64428894259 6.62241769902 1.04070958388 0.401065410474 14.386356643 3.74925732026 -3.4512150195 3.74823015981 
3.15033583935 10.104621441 -6.53550112644 8.7193793477 0.553939846064 1.62867765332 7.7208285133 6.66268541997 -7.57429867492 4.18102939179 
2.73013811628 7.33651606974 -8.54706521987 9.56980788476 -0.889131298485 1.32609502759 7.16666991183 7.46364157716 -6.24892494562 4.64325891569 
2.82226449876 7.95420146626 -14.2625243169 10.7783269799 -3.84285539278 1.50425045439 6.7924899397 9.16010636608 -2.91559299208 4.91479811161 
2.16641645002 -3.84457366412 -18.3589928857 8.66707366051 -4.82896303748 -2.25095080873 6.0181910684 8.11914473014 -2.75918655387 4.38167704468 
0.770271513943 -6.58284180777 -14.7649446656 6.56242302277 -1.5808432118 -0.463550553196 5.76369438584 10.5966657877 -1.48345916436 4.62478447407 
2.71588831925 -10.9238004565 -12.3188181029 4.61016228555 -0.52145799966 0.703610029796 2.20113358986 12.4021611581 -0.580550148138 4.93968687488 
6.03081765548 -16.235967677 -9.69426246233 5.38947295903 -2.26515168776 0.779170001939 4.60684148237 13.6660299868 -2.23794784956 4.82548533707 
8.16967608179 -13.7308846284 -11.3409951766 4.59771124598 -1.2867378927 0.967039608858 7.70419845491 13.3004199809 -3.15612183469 3.44873881403 
10.304269279 -14.0221696298 -8.99635500468 1.84579744935 0.918099296043 0.449775549815 3.16877749376 12.4611862026 -1.2346435887 0.916681861882 
8.04480126636 -14.8491836314 -12.7842434078 -0.281302259504 0.345812330139 -1.85686455357 5.17958246595 11.496165498 -1.54430622867 -0.551154231063 
2.90102614284 -16.0666124123 -12.8567026775 -6.33077385186 3.03114639579 -3.51652791809 3.60512822394 11.7855967424 2.58249614077 0.942901781493 
2.70085144289 -15.3490457833 -10.245836054 -10.6762915657 6.66392084421 -4.02063153011 2.46455899638 10.6820578699 6.20529837617 3.3170139479 
0.229090081055 -20.8090231796 -11.3244874267 -11.0180156622 4.80433651174 -3.33845461831 -0.111175058225 9.09653906774 4.65505731293 1.26584089304 
2.40534276636 -21.8837485085 -6.33300667395 -13.6519392209 5.36304471565 -2.83779000355 3.2407949381 9.65679367071 4.10853453951 2.47529063891 
1.49146020996 -22.3718555023 -7.01295753708 -12.9852836165 5.78283598858 -0.208536992057 3.35924561456 8.67592925219 1.29619613322 -0.663996255461 
2.47445311834 -22.2755554985 -5.34720313109 -8.2050972047 4.76889552298 4.29704465575 3.72621707188 3.83815623914 0.520924804079 -2.18085723194 
-0.528617635143 -18.4955492677 -3.13044419116 -6.407349475 4.26271740637 7.59764104049 0.776185883725 3.51423743909 2.46653032129 -6.05843231413 
-9.47273439166 -8.43593020761 9.55479630549 -2.29534526714 6.14927044835 17.8175053291 6.58846021081 1.96747543138 -5.00505068797 -10.7439965235 
-17.3092189309 -5.43448631798 12.9791773383 1.75183528988 7.40232709568 16.7742645957 6.67353551319 2.62436368449 -5.3890721598 -14.1652683934 
-11.6873665744 -0.972544759118 7.39734050453 -1.65353097962 -0.00598153780075 15.5366153304 5.9879310518 2.40472012605 -3.32675644119 -12.5929371794 
-18.3733185648 5.73518378422 15.3782917575 -3.5450333679 -2.63578777889 21.4282301288 8.07404772278 3.93499529636 -7.32164259406 -12.1079845816 
-11.6333414905 -3.59492972771 10.8767728999 -12.0417514934 -10.1240861609 14.5218968077 3.50933297869 -1.12367639809 -4.46424407518 -3.78544171491 
-17.8915579113 -6.46315908575 12.9112323268 -15.4759050403 -13.6670702354 16.8310800845 7.60171829925 -3.93569719466 -12.1887430093 -2.44360413816 
-22.1434434893 -6.14165349832 15.4435174117 -24.4889877389 -13.4141299857 17.3797776708 8.69470937704 -2.36945804783 -17.8113321773 1.45764542412 
-20.2218060732 -11.1257575806 11.3777967791 -21.1391629535 -10.1159414553 13.4851981759 8.45024886076 0.991270774017 -13.5565166336 0.480764789265 
-20.1335645224 -12.9670981753 10.1312802541 -21.3720481303 -9.78729917328 11.3794732699 7.31817341513 -0.0904889998933 -9.59983909467 1.37392553606 
-21.5991208074 -11.7537550593 9.29567738997 -21.4691279382 -7.75032601608 7.96573921266 8.70180767484 2.60981177065 -9.76166532195 4.79047402572 
-20.3291539176 -10.4315661179 4.01179013749 -24.3795968493 -0.635965861359 4.59371686703 11.1733018605 4.81752091761 -4.87400663588 -0.720368869095 
-16.319673657 -10.2428152987 -6.4873621846 -20.8271936904 5.0579188849 -1.85616584331 7.39332988483 3.88607913513 2.98585957395 -4.02032785282 
-12.8873443294 -8.94404314068 -3.52505075831 -21.5293706638 6.71455916558 -0.815494790245 8.98316833731 2.38993590508 1.13429896309 -3.43850712624 
-8.39368387285 -5.45426045047 -4.92971325812 -17.2202439538 9.7813007833 -1.34133469517 6.56362268166 2.06682013715 5.86546143523 -3.66913941758 
-12.4548329705 -3.49026675965 -2.46834302161 -12.9850873132 12.8002543794 3.11293901941 4.68754804177 -0.495584949658 5.95094822404 -6.48880859741 
-14.5702708941 -1.9647368849 1.81674716429 -10.7499558573 15.8840063672 3.64411377179 7.53046034675 1.00297556587 5.19509703359 -5.88691980632 
-14.3901622208 2.8864287159 0.137603429991 -15.4269135864 12.6239561943 2.7139130252 9.16338462491 -1.36674879073 4.58930081978 -9.57465492614 
-13.651651968 -4.32668444102 -3.4994894292 -17.1016802953 7.58305083963 -2.93654294807 4.65280849645 1.41461760784 6.475554529 -5.72949962628 
-8.52781727124 -2.82893774138 -3.75971323485 -15.3563345366 11.1526835973 -3.69134560624 8.58361067864 -0.860326061219 6.02966871188 -4.23409661546 
-6.57443871098 -4.74382153315 -6.98398734198 -13.4341427107 7.75715348199 -4.93953814693 9.78756110594 -2.01348482761 5.81371688428 0.290530473468 
-5.54626767857 -6.95083890292 -6.2362571146 -13.8701268161 3.67809476765 -5.32039583774 11.8699695876 -0.968980776184 5.66496754123 1.98075370993 
-1.50463293813 -1.24994233427 -12.193505279 -11.1720642253 0.749238171113 -7.33309291474 9.38624869248 -1.16298501494 5.73439310975 -1.23190444669 
-2.0095824427 -1.65246226376 -11.178043198 -7.45457573661 -0.859657637412 -6.63166180544 11.8139360052 0.0433000605474 5.69584103883 -0.883017254552 
-2.68691328783 4.94563616003 -13.6459084284 -1.68137138583 0.144864164447 -9.91614924865 10.0748305528 -0.330463892485 5.44857988729 -4.28237082828 
-5.0734235289 12.2782844367 -14.5118704778 -4.6511304646 -2.74158730001 -10.2481209395 10.5527104091 -1.69087504591 3.67065428609 -5.60508111784 
-2.38925553263 9.28357315978 -18.368907253 -5.6702696389 -5.9673027896 -11.1313335265 14.2861092174 -1.4090743821 1.71509261881 -5.04179618398 
-2.11998767423 11.6621155915 -20.7339642192 1.07059023911 -12.5119764961 -11.7428070504 19.5134764128 -4.6344286885 -0.833270223392 -4.45206113935 
-5.97034430818 20.9314944825 -19.3783457238 4.97966797667 -12.593151444 -9.14633932019 22.9802314476 -7.23147045817 5.70081129072 -3.85106781017 
-9.65672033793 31.4144217095 -15.8337601311 7.40833416215 -14.0940875708 -6.72465165615 26.5250215272 -3.09909382865 8.65784949915 -2.57264537571 
-9.73426850555 29.4200900081 -20.2527747456 7.88503934083 -17.6550118138 -8.33661865136 20.7221825327 -3.60169106505 4.55039849366 -4.41111471054 
-19.4464223783 36.7873623949 -9.90692579729 19.3949084935 -13.2026251665 0.417234670076 23.3565625283 -1.65499110659 3.63101218118 -14.1893779103 
-22.0454243784 40.3947838479 -6.9924746163 14.5179246804 -15.8251877071 -4.86036541199 23.8621879692 -5.46190340511 1.98246586552 -20.4408160178 
-26.8937341319 28.4785465349 -5.6466534437 12.1725914141 -17.2652438855 -4.2136660653 17.422697922 -2.54888401495 -1.55254829233 -17.5938802594 
-25.8753197932 16.3909972595 -0.578013388594 7.90786243653 -8.39950081027 -0.649211263975 5.46619333537 -2.11024887039 0.253789351838 -11.4862938729 
-20.758138576 -1.95185596571 -6.31735199915 -0.0499445311699 -14.7977682982 -1.52888571365 2.89699671762 -5.93871171371 -2.74769486284 -7.79205148865 
-20.3310300588 -3.98227692993 6.56698132587 3.85484692738 -3.16000284747 -12.9550596089 -9.32055876119 -1.20789812582 2.96382332181 -2.45413441718 
-25.2876510765 -4.56824713763 6.79093172579 4.1949779406 -8.27547969734 -12.4143086527 -6.8668641995 -0.813877337389 1.98482208064 1.22147747888 
-22.5844793012 -4.5327754924 16.8463039107 11.5870024723 -3.32068864339 -13.7258998558 -2.61663013367 6.08660300287 -0.545723358621 1.98205066218 
-21.554341179 -6.04352125727 22.4901045579 12.2417440332 -0.0572209226232 -16.9193449917 -4.81869734273 8.78912980094 -1.26802974121 0.864521323001 
-20.4432269796 -5.5872273901 25.067782457 13.9316356129 3.45850780345 -16.5576637483 -3.65631356848 10.8799933746 -3.58594343608 0.814783929313 
-19.4692662342 -6.92203321646 12.2908784097 4.47908621336 6.78300863112 -18.067136892 -0.680202855361 11.3005720106 -7.43735876434 -1.21250201948 
-18.8601618804 -5.61487107245 13.0256421201 -1.67016173883 9.9993875231 -16.0094763756 1.92621954025 11.6720021573 -9.67222049729 -3.90425793799 
-22.4699903688 -4.64366034952 15.9502096317 -4.37189628481 11.6393513281 -17.6623180397 -1.87726066237 13.8314222473 -10.7063174543 -4.56456961794 
-21.4546685321 -2.69636215554 15.7277711711 -1.29597321038 10.8976415873 -13.4066091472 -1.06525476926 14.8659896952 -8.05213032793 -4.31581175166 
-22.0793799781 5.03973022292 17.5002871089 14.1512735699 17.1678652632 -0.132682253656 5.63664502209 12.853328057 -5.5160697022 -2.26163840699 
-22.4914939498 14.6336275141 13.4391071258 18.4663473938 14.807691417 5.2931148175 4.370385128 9.38525619535 -0.0585161326115 -5.48994515182 
-24.2731374855 19.4823555107 1.08471109704 19.1420315046 7.47209462804 6.86596231074 9.9130461269 11.9477614013 -1.46371380852 -0.773993820829 
-18.3914105287 20.6034017523 -4.02066370968 19.2565843716 7.69393177262 6.75605547627 9.81443331138 10.9237466421 3.77969884865 2.20142184109 
-19.2088408094 17.8581706088 -7.22186118355 21.1201031096 5.75808892333 12.1675284127 12.7521054239 8.75295720278 -0.708013148313 5.01798177214 
-19.3648790781 15.7913374066 -6.10833309714 20.1707628703 3.02600299988 10.0796824788 12.0173045372 6.29785371609 -0.963835297864 4.33444537526 
-12.4887568456 13.9495840165 -10.2356341697 14.4763806892 4.21193175939 7.51317166085 8.38865570673 4.93736055657 -0.825618760809 7.1369749624 
-8.92459038864 13.8543459168 -13.9762147997 13.4569116786 5.61895846915 5.57629935334 6.73157765228 4.47349279365 -1.93465097768 5.2305252316 
-8.96547053888 13.6641752899 -12.9468020868 11.0650017879 4.82232571938 5.46063268353 7.2432085799 6.4859850541 -0.512167064518 6.32656067187 
-3.85899694432 13.3185641912 -15.2136349978 2.40250192665 2.75441532853 2.988826624 0.203550240939 5.53573537655 1.814301081 7.11573868205 
-2.68632939982 7.81774593452 -14.5135300653 5.94051057664 4.61328456613 3.82840220022 -0.418378002224 8.31096182954 0.932921000095 6.38102278142 
-3.96152117699 9.81053653715 -14.3341108927 7.7686205115 4.45824508756 6.24230036888 -0.965441095414 7.95883663254 0.287687634943 7.02146184725 
-0.339218979247 9.6204430854 -16.2827858039 7.41681982329 3.87688910816 4.76962739857 -0.478813419795 3.09133204608 3.34303540611 6.80726380974 
-0.237283253449 2.09788224813 -16.2285907191 7.29852765029 3.20436258054 5.16344553425 -0.848408482455 3.29355661153 4.49771648415 6.31334484426 
-1.95685669398 -9.82548036847 -15.6507601804 2.9551411943 6.13935738405 2.2038943564 -2.0671640681 3.24231921056 4.73311453728 2.82937729866 
-4.78904734095 -12.4858864572 -14.8945632174 -0.107555160398 7.41653086443 1.51563961007 -0.415755126408 4.24182986666 5.45501800999 2.54745924037 
-8.1480620353 -16.1368171129 -14.7757586551 -4.68459032408 4.23790947382 1.46215842045 -3.0331598122 5.70081593456 7.55596899152 -0.145736276109 
-9.37159739594 -17.4957365883 -11.9709259925 -2.58410340838 4.13488091794 3.92304083543 -3.60138683251 6.47458253302 7.94682206603 0.890541916503 
-6.54547420039 -14.8408318785 -11.5218609653 -2.91984362045 1.85373219777 4.56639434237 -6.15071010863 4.93453534712 12.8718865755 3.06209421116 
-6.06865097961 -19.1015628054 -9.86116320707 -6.87167368733 0.429113118478 2.8143753484 -2.93489610181 3.54360925307 10.7757411971 1.90667085731 
-6.6619060204 -18.131574777 -12.6072749425 -7.33004859457 -1.67536884791 1.60243423646 -4.46138823783 2.74415309892 9.78101998255 -3.32613841527 
-10.8688371143 -15.1713839135 -11.8206801811 -5.29528566741 -1.80097991565 5.21158996222 -3.47904398809 3.49655115146 11.9943080007 -5.13715922664 
-14.7522502989 -11.396926055 -8.7862641644 -7.06599253651 -4.44568506224 4.1322439599 -4.10253447733 3.3505750657 14.0128063365 -4.77510303263 
-14.5372548981 -5.04754742815 -12.1410872766 -1.85898646936 -0.358535718985 6.87433905745 -4.99265457763 -0.292720055857 12.4902676847 -6.42392794814 
-13.5440438203 2.60707339729 -11.2648186098 -0.823321767124 1.82334918651 6.83500879391 -5.10149307222 -4.05978254358 11.4067481204 -9.10475612247 
-15.6589952075 -3.78509155647 -7.28239903391 -1.68527910706 5.59565684944 8.82326603693 -3.72747035072 -1.35405416973 6.99128959681 -8.87255435582 
-17.5099713432 -4.61607632329 -2.69275254994 -0.187664657171 3.59148805012 8.81819698164 0.0944874328017 -2.66283497866 4.40921015214 -7.16219371331 
-10.7620219634 -3.99203318601 -0.820686599319 -0.747219871485 -0.586017692261 7.94690324481 3.39055034148 -3.60591652219 3.84684765948 -4.50005385976 
-11.0281803456 -7.90432713406 -0.361398078283 -5.52735034231 -3.31566716655 8.04063919156 3.11678760349 -3.98821893727 -0.21184579039 0.832385587625 
-16.0320125268 -7.30647280071 9.47351626308 -6.45739905752 -7.34942679893 10.2803288071 5.25465457406 -7.06689811733 -0.560741703695 9.59607821853 
-21.0034893615 -8.06432757643 14.9796234585 -12.8977264561 -12.156749712 8.75026504225 6.75334527281 -4.7478783444 -7.27557258977 8.79909215858 
-21.9141924476 -7.97711263038 16.8428133644 -15.8559506218 -15.895833982 7.41755728908 6.7647144774 -2.83914306479 -5.12333550518 8.29612254579 
-20.2267306927 -10.4435520691 7.63692390628 -19.296050869 -11.6150392441 5.83690204308 5.82376884023 -1.30348546814 -4.16694255845 3.89872690247 
-26.0525038084 -6.88142341345 13.545079273 -17.9080011033 -9.51819066201 14.2059193577 2.99611952745 -5.37732534368 -4.89171969942 0.836439225694 
-24.1375574386 -6.9899886868 4.42664958364 -12.2022172202 -0.646031905783 14.3796039244 4.4225869179 -2.49201841869 1.82313003402 -4.10082582158 
-21.3422113665 3.45649555592 5.43540236571 -4.19349529743 2.54987450236 18.9094347586 5.55581704524 -2.25462380485 6.08196341748 -2.75593735736 
-14.1581940824 3.12416874226 2.33885810439 -3.18263360106 10.5736587393 18.3783071829 0.0320175021674 -2.45331809753 7.90522650753 -4.51944359385 
-9.96081193524 5.81499374767 -3.10502023558 0.635071041531 10.1520699492 17.0460930088 -1.52987157432 -2.90645036679 10.7569820903 -1.45533443479 
-3.84442482188 1.85392253692 -4.40850237077 1.58914094035 6.32758306871 11.4536503047 2.65046488092 -1.84949300146 6.8746993847 -1.03913013303 
-3.13814283498 -7.44015208343 2.92702237416 1.69808013861 12.4362831473 11.8944336544 0.367748931971 -6.55704564646 7.07245836203 -2.72023035724 
-4.86402231142 -6.73502018262 1.97941490215 3.76287876985 8.85860164222 7.84640474997 -1.29051110508 -3.69470074945 8.7243456072 -2.63860634462 
-2.28888466806 -8.67580473826 -1.71296793753 4.28040793284 8.40018349386 0.412873176267 -0.730417090924 -7.11366267186 6.76643117607 -3.16185054008 
-5.32257597868 -6.38104567331 -0.577217308618 5.04798867632 5.26811027265 -4.72532069539 1.8228944429 -6.63537596874 5.95880657092 -1.32208040596 
-4.92360842545 -2.70265329967 -7.65768994415 0.0683837298584 0.414341673588 -4.88706120416 7.85625750578 -10.9902242377 4.45232751255 -3.13363446428 
-3.45263538923 1.03578097848 -10.3060282628 2.78120039778 1.33489144648 -5.09713815802 9.23297609774 -10.155295146 5.4477552377 1.96082018132 
-6.69723632673 -1.07472531646 -14.3318648985 4.5490363393 0.802274831874 -6.81789086055 6.37415458225 -6.96594958679 3.58920404257 0.503712809548 
-10.3093596577 1.80610691088 -18.9679940689 6.28096820087 -7.02317948358 -6.93839192219 9.09643188537 -6.58621394267 2.18163785483 -0.49253195494 
-10.2879924257 16.9168782963 -23.8452439373 7.97322548903 -10.4745979052 -6.48554815492 8.13736758605 -11.3729352644 6.98376428473 8.15374040481 
-10.138179384 19.2613200477 -26.8233048856 8.70840488749 -15.4754620699 -5.66094322941 7.73633789215 -10.2982472444 5.62938618044 8.23101847706 
-9.91456584126 15.9110536177 -24.8655241982 8.9990852616 -20.8320055303 -2.81445945661 12.1512265204 -7.49744297346 4.19453807379 3.77518269372 
-10.3544990957 12.9263965176 -22.8946346201 12.828994816 -21.7438358471 0.435138707026 16.4841842709 -6.21615828806 8.23495881069 6.86013814483 
-8.47441364088 9.78363837191 -25.2686685993 13.8884633018 -21.9985463803 -1.68155630663 19.8150563084 -5.54567343744 8.92185221303 9.33313527972 
-10.4159353967 5.7188527913 -23.8384318236 12.7491160597 -19.0559412863 -0.489198537252 16.3258373088 -3.20296008212 7.87634774 7.67782906584 
-10.7279565032 7.62622667675 -25.0699675991 8.83974293215 -12.4082025394 -0.764890662695 6.31694429225 -2.61480826503 6.35017557475 5.10557464102 
-14.1803076782 2.20766055993 -23.4900383345 7.65289821434 -7.60270671192 -3.34520818649 3.36459604623 -2.20431038219 2.81629527694 4.456264514 
-17.5009790382 -0.932672230413 -21.0238548933 6.98235542745 -3.88907711455 -3.94265402682 0.67989239704 -1.81605556267 2.41238634495 2.71733688114 
-18.9688237703 -4.00241548575 -20.4547690145 4.53111557345 -3.40887489824 -7.08635578014 1.39435929369 -2.51963817212 1.18192506063 3.17509631848 
-18.6007023368 -2.20344311073 -21.2278872485 6.58810498133 0.414462076711 -10.0536631098 5.84457787673 -7.8258614947 2.28297046719 5.11496764361 
-13.2606593518 -9.8714465831 -12.9434187407 6.68618921093 -3.75412211477 -10.5953592832 6.37840605619 -7.37020399222 2.2299692216 8.55607712022 
-15.153312588 -8.88620683663 -2.35637907855 8.19629555196 -6.01815574637 -9.16536644703 0.505334469212 5.20826095554 0.915898535025 7.5091692926 
-17.6035281695 -8.47882407954 -0.660347707004 10.5123842891 -10.1098302551 -12.4092960414 4.33832235173 4.35588778751 2.9616078973 8.58046819367 
-22.2163545498 -3.18354267428 3.41309850582 10.4779570266 -10.3785182139 -9.27347670327 1.73346647288 8.89113765005 5.22452855617 9.60228749924 
-21.535468306 -8.94545144317 10.4701354893 4.17549786299 -8.96780186482 -10.1918104288 -7.62332121087 12.5614165648 2.6717949869 10.3760827131 
-23.6067553223 -8.68633164453 11.3481141627 -0.800846497515 -5.33880128779 -8.63017655544 -4.39733539978 14.9350801091 -1.16191732238 4.57795580699 
-20.3680474244 -12.903943194 4.51817537958 0.0609619453035 -7.28068351136 -12.2701259711 -1.68667019762 10.6779927565 -9.77824496258 -1.09808424215 
-19.3830646068 -13.5996241993 4.27964063735 -1.37743463615 -5.75282517765 -12.8586836437 -1.92486222453 12.2000113585 -8.82285802296 -3.14805414043 
-20.8628975428 -14.0786979934 2.61475604566 0.470468045075 -2.39935154959 -9.0019727717 -2.62354640371 12.7068585629 -6.39276828597 -3.8409372113 
-23.9825038988 -5.06551166908 7.91717234139 14.180738057 -0.0393886243472 0.0542952436544 -1.97181119771 13.0208014091 -5.27921230448 -0.128623387813 
-19.5365957658 3.03431125722 6.18297334417 22.6841207044 3.5897768824 1.74085320244 -1.69871753739 14.1851363761 -4.29393479279 2.57286735698 
-17.7382707741 11.5675383067 2.1716077283 26.5512675615 10.0452737581 1.88358088274 2.06724973895 9.88196129945 -12.040088228 -0.457532504925 
-13.5620414848 5.62517117517 -5.57614892283 18.0969682011 7.30056408858 3.05291568549 1.70874619375 7.32914602061 -11.780387366 -1.67037609508 
-13.3016307522 3.71088867891 -9.92645734818 16.8089909356 8.10786953043 5.82464567244 -2.63978884312 8.75370313509 -10.6887573432 2.07961596871 
-12.8385749013 5.52148633057 -9.70400225585 15.8982826028 11.44768312 5.0866111182 -4.38891493312 4.1018388122 -8.64883120104 4.10638196629 
-11.6421657461 -0.224773449483 -11.8256158969 10.5038438224 8.24319388253 1.8525072335 -5.31126346793 0.870082838213 -8.58743973787 1.88114979712 
-7.1688714304 1.21408305706 -17.0827729908 4.21746468448 5.65790918653 -1.71986347689 -5.74920921586 -2.01867802007 -4.99416658105 4.55727182463 
-5.0084262099 5.35211017095 -14.8157039988 5.02434764218 6.81302403896 0.845382267756 -5.78597919205 -2.55825408103 -5.22435527561 4.78420776884 
-9.417093974 10.9245152505 -8.0476299746 9.59988676991 7.62795340073 3.88062465146 -7.19909803691 -5.21670447659 -2.03972456985 7.85034867561 
-12.5813725796 14.1468455832 -3.07646016448 7.79664534008 10.4548547145 8.5320013725 -10.0388596391 -5.74460658174 5.29559881634 13.3492017575 
-14.4213788511 8.51593959053 -1.23093319938 5.19422383649 5.65361121876 3.94678039865 -9.83732010012 -5.41446823663 6.49515120967 10.5686026946 
-15.219512415 7.15705190995 -0.723780505003 8.60778119395 7.07763469417 7.36762115628 -8.49670641929 -5.73230062948 5.33297705291 7.04371305167 
-10.6434414007 3.88746382337 -7.47100296738 -2.63642307798 -0.186715628874 3.25427490456 -8.76352965544 -2.57692059893 4.98696838492 4.243075831 
-12.4845828179 -7.99397064762 -9.0399835045 -5.84578440294 2.95833528868 3.22489066005 -6.95624459634 -2.2555882963 2.79324387213 4.16245129299 
-14.4656211991 -15.0736002177 -10.7941075178 -7.04028219492 2.51234823552 2.20300364141 -5.54626614683 -0.927605404044 -0.00187472574632 3.53888784302 
-12.3748907483 -15.3654907335 -12.4534081894 -3.30328076567 3.76847956467 2.24204122754 -5.75013765533 -2.76197755703 -1.48406409008 4.01822827682 
-8.47590589731 -18.0541945153 -14.8235925161 -2.91433944248 5.97111037141 1.08413421448 -5.00792271932 -2.18445538054 1.08863665629 6.82431115696 
-8.61773649629 -12.2289607202 -11.8680990936 1.54652204716 11.0614025479 1.54293771674 -7.01037182729 -3.34479833073 2.5325309986 6.26394101468 
-8.51993900275 -11.8903856603 -13.2717486612 0.706858003231 10.2930649694 0.603911887613 -5.12713052673 -2.90623638044 0.799951269899 6.62343924928 
-4.66001825474 -11.4937761169 -13.0605774633 3.67773875568 7.88449660836 -0.501738995178 -2.81438980183 -3.2900171224 -1.50899995192 6.52985214328 
0.465180696858 -14.4043734193 -14.972604035 8.87818487661 2.82916236089 -2.49141502426 2.00975925851 -5.56421176456 -5.09792767043 6.91689093674 
-4.63865497204 -11.6834225336 -15.055441812 6.38310180995 3.68523056866 -1.92015010301 -3.04199489057 -1.3413089342 1.30576061106 7.51649124445 
-4.44437486036 -15.5415107595 -14.5472305137 6.03344184073 -2.11854895641 -0.704525308235 -2.61656355005 -2.55641376059 2.90068694664 5.85179343938 
-10.6402796726 -16.5332882809 -12.5816111551 4.21207029122 -7.47399640636 -3.44486103105 4.14991031835 -0.545464916868 -3.54517421373 6.72756092984 
-10.9451694192 -16.032032986 -14.7172939597 3.80441086343 -7.38931447354 -2.17612451737 2.1982415107 -1.05875469989 -3.7633764913 7.39663191172 
-9.11766786399 -18.8375516763 -12.655277377 4.53853991572 -8.06157697087 0.129631376853 -0.345141478697 -4.46753415943 -7.67705673673 7.30703772118 
-9.08538050528 -17.988395355 -8.98765701702 5.82941909728 -11.4430665115 1.32557506468 5.42448442764 -7.62719794088 -8.96768859939 8.59204392845 
-6.98942307682 -18.1979118341 -5.43039293913 2.16843800736 -13.3072711018 -0.00729129849136 9.60033079595 -11.2822985037 -10.0452911777 8.69185593107 
-10.339050724 -17.0136102942 -4.07447421086 -0.408976733784 -12.3961068815 5.09942905343 7.4033988716 -11.401491796 -8.06136216374 8.28886393958 
-14.1647510953 -17.636036396 -3.47473956001 -3.72397533382 -8.80362085475 4.8511054031 2.54726857569 -0.0742187418847 -4.75426274497 5.84918736481 
-13.4598280158 -16.4895972351 -3.6261226192 -6.19843554282 -3.74054256498 3.23969030117 0.921183239751 0.970951318328 -4.45168332084 2.22686692781 
-13.99566526 -11.9691951777 -1.23481905423 -10.2150707334 -2.2453031401 5.22401999707 -0.665935666975 1.74801958582 1.00139194886 2.47738648833 
-13.4831145073 -5.78655973701 -1.57155690473 -6.32471032225 4.87095751967 7.26410376558 3.32441650169 3.95367234095 4.06336659477 2.54837210356 
-11.0038729011 3.02428995506 -0.821719972387 0.16921086849 9.75393458765 11.3638807694 2.34022172991 0.605702408637 7.33191931851 3.21461824474 
-11.4147840884 6.04772844732 1.54545929069 -1.43063013975 8.60108691124 11.1096908298 5.87051688652 -0.647466788844 8.48875830829 -1.98684121168 
-15.2533622263 4.29047034951 4.08685336334 -2.59138123751 16.6439935127 10.5130520798 5.61917418645 -7.88508719402 11.402605678 -0.919934969415 
-18.8671203075 2.46988723581 3.71771870583 -6.74882237047 20.0658618058 7.63265884028 3.72017844068 -8.81886173713 7.11737821431 -2.2467285631 
-19.7249198019 6.09633202799 2.17330692621 -9.05084278229 15.3702744114 6.00570068928 6.27206956407 -11.4551264092 5.23813495168 -6.08364631281 
-18.698337205 6.80609697392 2.06985113156 -12.6348508334 16.6096335971 4.25274952035 5.10824679919 -11.961103319 7.13549373349 -6.11438167373 
-22.6398899595 4.64697268681 0.590545708963 -10.9108758868 16.0126615536 5.14486560299 4.65398274472 -10.5764645381 5.03746689816 -0.973320497972 
-19.1836423256 9.8827226789 -3.06680671726 -12.7151011727 16.8175571308 -2.75856403874 4.16105624908 -13.3330118349 7.2237727113 1.05462550486 
-19.2544567718 10.3103925571 -7.46072195455 -9.7104639606 18.6589938888 -4.00107107639 4.89124278284 -15.2042563889 10.1410044141 2.69923728703 
-15.7501103126 17.5029410792 -7.24340184926 -7.44304688608 17.8471800383 -4.46116895262 2.41785685843 -16.7905866064 10.7631854985 0.72054079839 
-10.3611464411 32.4689041643 -7.56233836603 -10.7355566901 7.55185437709 -5.00438420607 2.0995045409 -12.1290691755 10.948634108 1.25003557342 
-9.68092933209 45.107341509 -11.0272339165 -5.47084466046 -0.874649345357 -3.12086593122 6.25310283264 -6.82476364123 12.2295350721 5.79875012427 
-9.10748656879 46.1173762551 -9.55616406925 0.400535662211 -4.74567453206 0.779374768613 9.22826554242 -2.11290053178 6.6312400974 0.561668167983 
-6.40827091448 55.7666590287 -8.97074749747 -0.068197148225 -8.25700228607 -0.525557718251 8.56777321868 1.83945222011 8.42233752011 1.85340109402 
-8.44376486576 46.3843750302 -6.38560846314 -0.436521593124 -8.64687119485 -7.27536630858 13.7255977203 2.12882186753 7.77269352908 -1.61758418882 
-13.3829502434 52.5500795872 -4.73561427713 -5.32453389117 -17.807722329 -9.73049017915 19.7186456005 -1.15628283312 8.95412946396 -2.73470116464 
-12.2293345216 41.7573020264 -3.06877015658 -4.74465182283 -11.7750169527 -10.9379886347 14.9370052428 0.634250253039 8.50032966851 -3.16892767348 
-7.66215941147 37.7048663827 -12.3519798279 -4.45555759146 -18.4675698151 -9.45779175621 16.5048551098 2.28844198002 3.71180236622 -1.39530760336 
-6.45223016819 47.5849599954 -16.4864949657 -3.37309010774 -23.7858537943 -6.28210759948 15.6712437662 -1.20041372784 5.03400082362 -7.16384665782 
-1.51593732408 36.4958910893 -15.538984327 -0.750024424571 -19.4243522619 -4.26792692033 14.2907622502 -6.09091568853 11.7868419956 1.19528817028 
-8.69839069056 22.1789357687 -11.9092425927 -0.351706695709 -17.0416655629 -1.92136487322 -1.91333304832 -2.11650964106 5.15451698603 -4.77022514836 
-9.95573025474 -2.74190521899 -8.77181216136 1.67271024743 -7.23808760989 -13.016543751 -6.57331833616 -7.37403083761 -4.20585059129 -6.6462989435 
-10.5394319916 -9.83731006259 5.85470612979 8.17536545692 -7.21865291056 -14.6423446405 -6.71967622776 -4.37965095158 -6.67038147387 -1.37955393119 
-16.5902059429 -8.83368514773 9.83826711994 9.27668136312 -9.13617519638 -13.2467924512 -4.06480303329 -1.30394180903 -6.16105215833 1.66608816377 
-20.5597670678 -9.32103122853 4.96910703785 5.891867361 -8.89352055863 -14.433989205 -6.07024479021 -0.271141111171 -5.53882282232 -2.53841888181 
-21.8355078302 -9.5270903475 1.02425890911 1.38191142996 -7.54323275847 -15.6818382231 -5.72957596955 3.47423332794 -4.27013407833 0.897310069988 
-21.1123821315 -10.5921431744 -4.8629293877 -2.69153688673 -3.96186624886 -16.8258182634 -6.35987446883 5.81511403592 -3.6509029068 -0.662716750447 
-24.0606201236 -9.76134504318 -4.60362580458 -5.18507303802 0.323112474333 -18.0924364712 -3.94506185859 6.60699234716 -9.36165667075 1.04439398706 
-25.2303258665 -8.70488623316 -4.75943143924 -1.93139915055 2.4775874477 -14.4523429192 -3.05785208786 5.02731523123 -15.5224072944 -1.83593587907 
-24.3469909572 -6.5240965358 0.945411698582 3.94962669663 12.2213443122 -8.25115137203 -4.40464243168 4.19256949963 -14.0085031086 -3.31225462072 
-24.3499476915 -0.737963676033 0.333812230183 9.04517614802 18.9404939602 1.75019911236 2.13777522879 -0.0362201475575 -6.4335033764 -2.36313269278 
-29.3562319426 14.4915073569 8.67889675273 21.8749156543 21.3105273642 5.22203645651 3.86920641358 0.974724197764 -5.62782461999 0.788181105075 
-28.0810980628 21.0086798085 7.6762820489 25.1855402532 20.8468027354 11.2243623642 2.40480515221 2.20554857382 -2.47527437224 1.65711930653 
-30.2858925179 17.2322497529 8.89307462543 21.7419448628 21.6064990549 12.684149593 3.63833048818 0.448586675066 -5.10142250614 -5.71694662564 
-28.2590158711 21.2505524966 0.372443513663 24.6692610239 17.7800940125 16.3778240423 2.12823024361 2.81831462434 -5.48778699357 -4.11484591648 
-28.3114033591 23.375606227 -2.23503436772 27.1475623018 15.2865293341 22.6242299812 0.724305092343 3.86295583301 -5.73741460757 0.377965473234 
-24.1476901779 23.5533275608 -3.52171802953 19.3805591189 9.35700561653 13.904845415 -6.95294296859 3.49051600937 -3.60650100722 1.07993951231 
-20.6722184743 25.0659988013 -6.76663501559 16.7691262491 5.30744113266 11.575358199 -7.3771640409 2.50677468759 -4.75380271338 1.85332948294 
-18.6094754066 20.3886590374 -10.6326311167 10.7514392772 1.21766160914 8.92905268229 -7.44590716781 3.89415394632 -6.33702577004 2.51039450041 
-19.3514601736 14.8539117914 -10.9752185356 12.0162877733 4.42599129244 8.00643194886 -7.26362008195 2.9283955969 -8.03998637781 1.76405575901 
-20.4690942932 10.5739432092 -12.8837235291 12.8488350436 6.22374548602 0.576637289297 -8.52571530957 1.34351055822 -10.8362151324 2.25573245598 
-17.1712828758 7.92411788121 -8.66294712058 17.0850028001 11.1405681061 1.73052792511 -9.34092472314 2.53982593053 -9.1683589873 3.49813364851 
-16.9506698994 2.95805222168 -10.5521829421 10.5649874053 6.83438615186 2.88634016232 -10.5686988825 3.25895717391 -2.65967941203 2.93135261004 
-17.8387370599 -5.26303178624 -8.28093041452 3.68357633234 5.52945292562 -1.29611468816 -11.9609151745 2.35348473703 0.328893422202 5.43030303276 
-18.8144840749 -5.66982770397 -8.91184468058 2.92951746193 4.61757442295 -1.0463577763 -15.2840002119 0.86178869214 -0.647430811736 3.56741684261 
-17.7968100927 -8.32885792645 -8.87740125653 2.5496582261 6.48338048267 -0.89861202515 -13.5713550066 0.329595014697 -1.02160626656 3.15505391566 
-16.4979813516 -3.76023063677 -9.73574033568 2.64268889243 7.65094420067 2.72662385429 -11.9248835029 0.515741605615 1.73177929347 3.09602240571 
-18.8310950652 2.55521537185 1.70849171761 -3.03502513754 12.6012736232 4.91620937849 -7.9400134853 -1.10061290722 -1.14632933762 0.474203075017 
-24.6559330651 12.9789943074 4.51999853413 1.32473290781 22.9256536891 9.62775104818 -4.02076857231 -8.03469154491 -1.69742829801 1.9453796971 
-22.3064109365 4.50456699529 -2.359006078 1.37265245141 13.4661483718 2.81017043165 -7.54792755786 -4.9126498537 -5.47773421513 -0.750863084714 
-18.2960271667 -5.92587456961 -7.91676323975 -2.64114683356 8.90065493692 2.09246452096 -6.24349630541 -0.185733234138 -4.5903448296 0.646286429469 
-18.7317885266 -7.612829613 -10.9089403353 -2.67294740222 5.34066332091 3.39408005989 -5.53804231216 0.334185485741 -3.64693758622 3.05017449238 
-20.2694405957 -8.02131990307 -11.3918157913 -0.510783422243 9.37199925184 1.94963482539 -4.50562668942 0.157148165099 -6.74595058774 4.8437195076 
-17.7921666405 -11.4849558278 -12.9883857247 -1.57482419608 4.19834846498 1.95543074164 -4.16799829123 2.47590874235 -4.01697357005 7.73833234946 
-22.3267806203 -9.01941480373 -7.1940999452 -7.43010526189 -0.0764880996745 5.98055421725 0.582969422178 2.51236270755 -7.91163248374 4.67394895719 
-19.6024446883 -10.1960518866 -9.36987445115 -10.7772975261 -0.0156036025343 3.94452844407 2.12795308273 1.06960092367 -9.14783484894 2.89475437946 
-21.3394040061 -9.56857166506 -4.51044488282 -15.3565715916 -2.25717913344 5.56145347764 3.45865649985 2.68237338097 -11.4128490654 2.06384056705 
-25.4982244983 -7.8407123148 -3.02275526682 -15.6255079772 -3.3643543796 7.38277502216 2.01366171856 1.78790080725 -13.3907828487 0.24062622068 
-27.0061163881 0.290555935989 -2.03483738341 -13.1285479197 -1.50258937195 11.9289072503 0.626645696645 1.06042420895 -11.0149008429 -2.51433466751 
-23.6769052942 -3.15897437529 -3.31104645673 -13.3994586983 0.575153112436 10.299793827 -2.34875897114 1.35796665469 -8.4317076928 -5.14831417217 
-21.562525329 -3.51338015031 -1.50079193922 -16.9032439218 1.46198791974 5.09524032243 -5.2645842221 5.25392324096 -3.70844770406 -2.700251869 
-21.3116451309 7.11950107352 -1.59402568015 -12.5632650442 1.53771529998 1.80466236968 -2.54803358298 3.80408286578 -2.55263264845 -2.18259432533 
-18.9923558416 10.7092377575 -0.311371496624 -14.2705056107 -0.424133643765 -3.98589911212 -5.15480892263 5.17455216538 -8.11909004417 -5.43405005214 
-19.1488116322 23.4738059537 -1.26857738032 -16.5736117503 -4.61512866798 -9.87331790497 -6.87493070801 5.26887549477 -8.98715219383 -5.63378672372 
-21.5071031754 19.029231579 -1.55653157234 -15.2007664894 -4.06827201418 -13.881487666 -8.31990702775 3.69661327271 -10.3962612445 -7.1806255112 
-19.1162358041 22.9946973495 -3.89264265131 -15.4443735064 -7.70599696336 -11.8326538825 -10.593704079 1.25606961983 -10.1795155569 -8.37331593228 
-19.5089687326 24.5917324018 -4.88753480368 -12.6578389895 -8.532867154 -11.4366917874 -10.4045650552 -5.44488841158 -8.98547546166 -8.13041368261 
-20.5626088621 16.1273213858 -5.10276310497 -8.63080905381 -3.36671029205 -9.78347125399 -9.10597664564 -6.4108560743 -9.21916631928 -7.60815865717 
-20.1196914166 14.2176623471 -6.33991708237 -6.2795401201 -3.79066046377 -12.9743810793 -8.53079634764 -7.18640626984 -10.6287530929 -6.93255876713 
-21.7353978503 15.7359109148 -3.19655610228 -0.0783884908505 1.77509674675 -17.9662742963 -8.04118013644 -7.40330256336 -12.6413805856 -3.7706750364 
-24.623627172 11.8425756019 -3.42358342382 0.213241143675 3.59039456257 -19.313138706 -10.944550642 -9.02231217545 -11.2573685475 -4.02185458082 
-23.998442275 12.6614660546 -5.27196991664 0.77140045506 3.08297741797 -17.1083478825 -7.55849713441 -8.17735091982 -9.47141983772 1.07480477652 
-24.0358591217 5.53900869736 -7.71482460869 -4.1888698202 1.35398249303 -19.2752835764 -7.08233083931 -8.33762625211 -11.9527427035 0.503189870552 
-22.8367570828 7.62497891934 -9.87110350698 -6.68627148037 3.49515723826 -18.5706029301 -7.27997567326 -10.6980420562 -12.4338098088 -1.2898545344 
-24.5133681909 5.5175247344 -8.18630160341 -1.16568558645 6.26218021741 -15.7542262874 -7.09295376492 -10.710020129 -11.6565331849 -2.29477887455 
-22.9871451406 0.624545242536 -8.23362524037 -1.98625278532 7.0507440244 -16.1733547605 -9.07127406874 -11.4521721364 -11.7812486938 0.829356348053 
-18.8492714677 -1.17435296628 -10.7211533146 -3.97181914484 4.97437073574 -13.6488764621 -9.9371587753 -9.97328055565 -8.64771883979 1.16057363893 
-23.2902499139 2.60867472047 -11.448176229 -1.74572354967 6.90182400441 -13.5977115016 -11.7662669417 -14.4252491554 -8.7069531918 7.22910394724 
-21.3788724162 4.14077761687 -17.3480769549 0.773526893028 6.52071669132 -12.8817473426 -7.81269622319 -17.141085236 -8.11436474426 10.9168430734 
-18.9288948234 5.7306175831 -18.5381220042 -3.96112333301 2.98464930856 -13.780801254 -6.66609263944 -16.8226436652 -6.26035031989 7.72410281715 
-16.0860845964 4.41152271703 -17.554002232 -2.3311995773 6.95368919064 -15.079406909 -8.44992331173 -17.1277752002 -6.28763867745 6.41374183743 
-18.2805795985 6.60197025747 -16.5494050116 0.610187708672 12.9370560021 -14.1734339629 -6.93588834059 -22.247399303 -3.10310522307 11.5461961046 
-18.0014701927 2.12523472547 -13.6088076859 3.74712786525 13.9559733925 -12.1173607168 -8.13406921873 -23.2509749699 -0.376561882575 13.8834938173 
-18.3937837254 -0.972222296866 -12.767143297 7.06111735644 14.7296542116 -12.2635096665 -7.60098478599 -21.4701349301 -2.2287001935 14.0945555027 
-18.4261983524 -1.65352924988 -12.3802923277 8.41965048406 11.7603939786 -10.5669820793 -10.6478707892 -18.8990247542 -2.86552280448 14.4570858786 
