-4.22895288546 -7.28509887938 25.0316565884 5.06528352082 3.04186915579 10.4815689416 4.60699624064 9.10302500129 8.95902323565 15.6439008955 
-6.6256409819 10.9261066709 18.6189410229 0.545210790752 2.01234744077 4.13906725823 5.7017656372 9.48969044097 4.64726215606 8.25342295988 
-10.9189935766 -4.72683126293 17.2990473789 -1.91879887553 -3.64131910214 6.0286647266 8.63002119627 5.88810846099 -2.49408858112 5.47048004452 
-1.5632478923 -18.1154247067 3.88240711504 -1.04538714652 -0.153779358323 -0.461578887012 -3.11129464372 2.61187781008 -0.366173157742 5.0506601696 
-8.96271482363 -12.064435964 7.96603059906 -7.53078915347 1.26801598051 -4.64469012423 -6.52712404382 6.66857579783 -1.70657374573 7.60465264518 
-15.3891972108 -6.35643557137 -4.27199077585 1.70328005364 -7.64974389894 0.672243642228 9.08380420335 3.53582480282 1.51512948239 1.8767430945 
-17.2791040079 -7.95745341371 1.16495624745 -4.44484133453 -8.45844007035 -2.40261813084 5.90891115318 -1.23585501161 -4.25578351331 5.02799165465 
-22.6312432428 -4.08189580457 0.691050118972 -2.59857395403 -8.13249836896 5.69450620102 1.38262156558 5.49275345725 -1.45176098891 -2.28906583699 
-26.6719490196 -6.06512363707 7.53502584589 1.31096700444 -15.6630376389 3.63114536819 6.77542890622 -4.2746018633 -5.18356435073 -1.56799659786 
-23.7689398999 -8.81862622865 -5.05439472119 -0.19099140181 -6.57682229604 2.99889710575 1.12304842556 -4.42930322483 6.67178593121 2.35922062896 
-18.5074010283 13.8881468527 -7.78861904823 -4.70516703439 -12.4857192873 -10.6045134335 0.423929308777 -0.422346399329 12.8107819257 0.406182673914 
9.61188823357 -3.41757353263 6.65983879051 -0.939485391921 -13.1466713543 -11.1219529839 -8.67762464303 3.79150637922 7.99555557417 3.2665571975 
19.3531783101 -1.43787194059 3.8484239389 -0.349458586254 -15.6771422726 -3.69342010925 -12.8408100778 4.78840698941 6.58820267161 -0.653474798369 
10.81561353 -13.1954362461 16.6269457193 -11.0039020958 -5.02254582746 0.136880156999 -6.86071230052 0.115754124946 6.204436372 12.9603952056 
9.90750280908 -0.920377487674 14.5901758854 -14.5228173444 -7.52289181476 5.8320881098 -5.64052272246 -2.95329059838 3.63970227645 11.4576483023 
6.08866770274 -11.16707381 3.99521553114 -20.2340244409 -7.04821219009 5.92404325016 -6.30427677505 -2.72976562753 2.38957985115 2.94497873262 
-7.42475743587 -5.13054700048 2.98527531955 -23.3395849139 -10.5525718815 -0.574893998852 0.532212232968 -5.45810832083 -8.94478411942 0.538946744606 
-4.28364432843 -8.52665739933 3.01991104087 -18.074423424 -4.97932079167 -7.04370573362 -3.02729890688 -3.27444547684 -4.16765841979 5.48974504334 
7.24206307238 -7.93573908735 7.57801818422 -4.2091751306 -9.63033574612 -1.89309584357 -7.37176036394 7.74647565939 -5.56308843947 7.78455872471 
-7.55593666396 -14.2875556243 3.77980628604 -5.89720906513 -7.82407728782 -3.16024295144 -5.94537349371 -6.584448775 -11.8241063395 8.44842047671 
-18.1705066199 -13.2058668134 8.39970013841 -1.36430783108 -7.61780811028 1.33187364349 3.63460865107 -5.2245265263 -6.35906084107 4.52972597767 
-23.1614112681 -0.887182253057 13.0812261011 7.54099394438 -5.94485772229 9.48882741915 4.63521825687 -5.75613256724 -0.42095889366 9.33073489754 
-22.0018606243 -8.56256904995 2.93007497919 15.0396514588 -9.51977561972 4.26016043236 9.62985154984 -6.63573423085 2.55226485399 -0.763142980831 
-17.7068027724 -2.3600468715 0.870674340376 8.7925482392 -18.4279866079 -2.01844713247 12.5268174344 -6.20315296816 1.83303558969 0.535131526107 
-2.46547424474 -3.69141739549 6.03859025951 16.3551940386 -13.6736154187 -3.37089664131 6.95073058487 -0.588387268219 5.75550092002 0.553346437158 
12.9686184783 5.50328143038 11.1145099767 14.281371811 -15.5678944766 -4.47647170081 -0.282604000022 -1.11490836856 4.43527984143 -0.548171824862 
14.946294876 6.89923850464 9.56673232129 15.6648950297 -9.43262408213 11.7569877928 -7.16790145217 6.6690584639 -0.0376960114087 -0.0598350082093 
23.3310761046 8.59804108475 8.06159079427 3.38522539747 -6.20423346172 7.12272416791 -3.87957976063 -2.00862646789 0.367906222046 3.84545767688 
26.479569565 13.2987263996 7.77749530312 -4.48202455374 -6.48647410557 14.9467454201 -1.82499486522 -3.25326119066 -1.03025543744 1.62189550921 
21.404501183 20.3471629501 3.75242919918 -8.94992062512 -4.95276437532 16.5753011967 -3.45679071125 1.62282212569 -2.57547362292 -1.24223172639 
20.3270476985 11.2614107388 -4.8553688848 -7.17456129734 -7.19774020082 9.81746251278 5.9167625586 8.0463093569 -0.934743327275 -4.30729281613 
28.1288837467 1.13184165144 -7.42535429362 0.419751971708 -5.78983279527 7.86799643783 0.0997914920163 2.57178167861 -2.68588629012 -3.05744853921 
11.8691779791 -12.4028515894 -5.71135877247 -0.379915933808 -7.50852348395 4.52051995152 1.26640910572 -0.555120967544 -3.3951278713 0.830825263943 
7.33568047398 8.07189500855 -7.22202563242 1.63185365958 -7.4851854119 8.01478509026 -5.77568419182 -2.41809383111 -11.1593204774 1.07658794768 
0.821109699384 3.63820909561 -7.4954784596 5.85680136415 -6.87392316134 13.3476617824 -10.365849611 -5.63588595734 -5.57900188291 4.27732874879 
-15.4695027436 8.90242694089 -4.30934627498 -0.613664986338 -4.6568984982 10.7008731209 -10.1282203778 -7.03769109706 -6.32841733913 7.23058109547 
-17.2389302593 8.78351758568 -15.3719844938 2.27023822143 -5.90631398522 8.15798963326 -8.18905569755 -5.40997268963 -0.37023663885 1.00956883392 
-13.1499603375 6.21825694676 -22.79945628 1.62067407823 -11.5826821233 -5.24706683468 -3.73489525985 -2.66734430411 4.35894514092 -5.95344412372 
0.40870183756 -2.69066541297 -15.308092618 -1.4376204594 -18.3974528903 -8.7304901997 -2.58493130404 -3.37742300491 8.216411449 -7.46683484664 
0.683239303864 6.16019457944 -5.61712556194 -1.62689560245 -8.96399412444 -1.39616002505 -12.7965787245 0.304551625824 11.4839616428 -3.59959804157 
-1.95433824575 -7.33533030128 -3.11655800055 -6.65994954853 -4.65889902983 -0.143090258896 -7.89104450545 -3.45980132733 9.667675747 -2.06235837811 
-3.37090487424 -11.8247748867 2.79555111879 -2.95186411338 4.85876087537 5.52737869916 -6.39676612748 -2.50006646249 6.7999695179 -7.43832299304 
-5.22344509228 -2.51399188498 11.1483015374 -12.6773417148 9.91646117149 2.46142687781 0.322321554375 2.47928503682 4.04370152973 -5.894216035 
-2.20292863671 2.16221815608 11.5382476703 -16.7842565083 8.82797344037 10.4126107453 -8.84588611905 12.2088586417 0.806254591774 -6.28355257039 
-9.81924397319 -21.0858705727 12.1148239145 -9.37986502132 7.49108603014 7.5214489344 3.67177094633 3.03791311913 -2.69371526481 -8.30836824695 
-7.74699136899 -42.2528211718 3.5219194078 -5.68219237521 7.26378307599 1.58547802545 0.71866783087 -1.24726812214 -0.22279951177 -6.21474746137 
-7.3155209079 -39.6638612981 -1.894836455 -0.907140161347 1.02034806866 -0.226343489309 2.91724456072 -2.06188970134 -4.07630737158 -8.09318809512 
-19.2177736644 -27.065209208 -7.02270027078 -1.85381433785 -2.10680976243 -0.150167272598 -0.930273804747 -7.16198509456 -3.7571210931 -8.3029259868 
-29.7886944589 -26.1506119716 -6.42734058903 2.4571248095 -0.104096806589 4.14119062311 2.33100702583 -11.7932095873 -2.30957331921 -4.00964944426 
-42.6243233224 1.87570279166 -14.426063999 3.13048730594 10.4181513873 9.31664297735 5.7803821586 -5.4044642163 10.944796597 -0.0704789745384 
-41.4220247394 -1.15207688447 0.618996962632 9.03121566061 11.5181071485 11.301374311 10.1838009684 -3.08987346658 10.6190336925 1.70786181148 
-32.7402332411 8.42074566321 0.452554052508 12.8003543191 6.44307071828 10.0438817916 8.78277371985 -3.65471659744 6.82908543356 0.414277346187 
-29.6316686788 13.837388539 -0.889888865275 9.09665807884 8.06281837021 -0.462750387269 3.36463336097 9.77777033512 5.85839663931 0.27224380377 
-20.2616857346 14.1562184999 9.53085810778 8.01423101648 -0.686489944141 -1.58112829214 7.56131161849 8.08380495416 6.46331875798 -2.39554329731 
-5.01136280921 1.88372471822 4.37073966358 14.6535231237 -8.79426712689 -2.51066882644 6.41772462821 3.61014705693 4.66400381042 -3.64553669238 
26.7839200737 6.1551897277 -2.08802744296 0.218603645054 -15.1719506461 -17.1775846722 10.0373592015 2.84746185242 5.06844704222 -0.856187835771 
30.6145525049 8.49984367774 -6.28673574246 2.77076038456 -6.14781965924 -13.6576726366 10.618052565 -1.77100058983 2.74991182326 5.21045655664 
30.5643157866 5.26066347649 2.10621541117 -2.82128503293 -1.17081476701 -12.1616760056 16.5673280733 -16.1832247097 2.92290009767 6.26555721169 
36.4813242666 5.89270281553 -0.0750473271927 -5.36269433161 4.62242613125 -9.67721875085 12.0762846834 -16.0082506135 2.10593478351 10.3562452514 
33.3051427081 11.0785150173 0.0856793657098 -2.13853371037 6.05471596631 1.22079171599 9.95541901048 -12.2302805104 -5.68848937419 4.0429551302 
24.1349060589 17.4672333622 -7.79595764058 -6.85107412202 2.0750152723 -3.7692538097 17.2784285092 -6.84238242485 -10.6897946415 -1.54179569922 
28.7411694255 -6.13158421952 -14.5810776787 0.83386791175 10.2956717928 -7.69682265001 13.544162521 -6.96716032227 0.388618045287 9.86510322623 
19.6142595866 5.97723476342 -14.4637872894 -5.57582230447 6.04301048046 -1.63676801733 6.1558173469 1.30306730565 -6.24243246681 6.13471590127 
5.04891975815 -7.28334261158 -3.76596359083 1.37660687442 -2.03536330363 9.72081686486 2.33474137301 -0.227393353794 -12.7486520463 -1.44416962101 
3.91355548186 3.24321212248 -1.03449860669 6.17237598213 -2.22540653581 11.1939530014 0.326472928879 0.494600614169 -8.04597156772 -1.41784994805 
-0.160999963393 16.4773029433 -0.0276358407887 -7.7761344809 -5.6087108629 7.02166212681 5.73321842822 2.43124546317 -4.413711066 -0.480038195184 
-2.55361100673 14.5505684649 4.52396281152 -5.59325724425 -9.01798135546 4.91212914928 1.74537636056 5.1802001022 -9.68599323141 -1.33334228679 
-9.77066051805 9.60453015289 -3.26226691164 -7.41135792964 -10.0185147412 -9.38210454838 2.54870164759 5.68038109799 -5.78944355938 -10.6213995846 
5.68203576592 -12.1637477382 2.11221227551 -8.60564520689 -16.1433990109 -9.74150412036 -4.60654010894 2.00472993561 -7.65172113668 -9.79711472491 
20.5138957306 6.02122128679 3.67375877977 -3.62596787605 -16.5474403234 -5.0231363913 1.47925970454 4.63147209565 -1.24496903675 -12.5664868815 
32.5181551004 1.40485008436 -3.11604912091 -2.66828936013 -3.74599271712 -0.938417136884 1.15363357994 3.93707818837 2.49330081166 -5.18381491094 
33.6830349145 -1.54304438417 -0.221828996184 -1.2328517014 4.02158607555 5.26258361981 5.92361390835 2.08815391937 2.77735717572 -4.38074661637 
34.5127619498 10.0809300622 2.41433410882 -1.37921690723 4.07824997861 10.3083941694 5.97564647632 -5.20022645607 3.44766332011 -4.31281345313 
25.3870657815 4.07862860039 3.66027846126 1.0589557877 11.6025283278 14.8814544129 3.04201216881 4.00803675783 0.863361050247 -3.64167550182 
17.2889423753 4.8748290889 -6.11649056221 -4.32146788034 8.83791736071 6.30734594601 12.9979382719 6.03339037637 -0.649743129019 -1.90326727644 
20.0222978741 -9.92902320342 -2.49438619824 0.0735320490635 13.1491836784 12.7671381474 2.72961939765 15.6241853268 -7.05987108779 -0.15757007189 
19.3818385843 -21.2681259495 -19.9613919608 12.5076208592 11.0572604974 -1.13423439682 -2.19439267293 7.2487277169 -1.39526568697 6.46678357276 
5.84156209744 -11.5573297462 -16.9456091688 6.40952036527 3.40014221385 3.14829063733 -10.2372331242 -2.8309581102 -5.68131166314 6.05503584264 
-4.30681850625 -4.66321452915 -12.3336609687 5.25016180395 6.4557818658 6.41663415591 -10.2310651324 -2.37153158977 0.434464925243 8.55770931436 
-6.79699967426 8.03098037394 -21.6971093411 -2.26851261457 5.5701716191 1.8072755907 -14.2529662711 -2.83357815255 5.37138817715 6.11920326585 
-15.0266733069 18.1644121815 -16.1152080109 -10.3819548478 3.91505377259 -3.12778495794 -11.5043376951 0.0393381944223 5.63389040184 5.26891689913 
-15.0818109545 27.2883448568 -17.4595546702 -11.4584296393 2.6257876381 -8.66733887861 -12.1947295945 3.71639419702 -0.811950952583 5.06305231084 
-3.68539784583 4.95247641463 -11.0698420336 -0.0549790637539 -0.662298928396 -7.2574407044 -12.5672658949 1.45922098762 2.64013393932 5.18946642514 
-1.98191131603 4.48142175253 8.47608668261 -10.23820351 -7.72514572862 -7.53518858987 -4.9439580465 2.69821868205 4.22979123902 -1.81390218299 
9.39321425773 -7.19866727819 -0.617761595012 1.67297273398 -5.66223422661 6.18459409602 -1.71493266204 2.42129873175 5.02318399727 -5.920936384 
19.179087197 -3.26353245117 -3.33593446777 1.27366835313 7.35820849956 10.0423476737 -0.55157913104 1.4399508975 6.72057136837 -3.94574643009 
22.2016268742 2.07265724715 1.46399775563 -4.17523948805 9.86424700421 5.63152012053 4.44156632946 -1.14794331335 11.369343632 -5.78715631398 
27.3246689967 8.16418798715 -6.07158634601 -5.4920820993 7.05856175069 4.77697662252 1.18662446998 -4.957879725 3.68803852487 -5.1360984478 
23.4513857088 -1.50309992688 -5.65638964618 1.55744620221 5.41739707944 0.116260709565 2.6400046063 8.92958336477 5.66499328586 -3.9945010238 
24.2816563081 -12.1436583607 -16.2157100469 1.82544655173 8.34217845677 -1.89359427245 4.35314382265 5.89092028264 4.49206936139 1.42300672885 
20.9347151563 -25.7323345897 -13.5544797804 4.31097063014 6.36143152277 0.676478708578 2.65339594594 9.73324702915 1.10646496056 5.6037573681 
14.453124423 -6.87158159787 -20.5939776043 4.90971567463 3.70180754398 -5.04102899195 3.40830781372 7.62124764734 3.90877450149 2.82488056135 
-5.26907404591 -11.8850002402 -15.6137496801 7.15189068142 5.40620756457 8.93801400768 -3.38827544784 4.65300578181 1.72648234143 -0.0303551710402 
-10.099825685 4.7322057505 -12.1812239441 -2.33305055504 2.50084613959 7.83370506441 -1.78419736896 -3.38186945771 0.750344668382 -1.33687610469 
-11.1245564953 15.6450453194 -8.18084395173 -6.58964361389 -1.65069185025 6.47377021089 0.603602937082 5.22545376682 -0.795064305595 -5.60917653846 
-21.1808327731 19.9385589163 0.88374521486 -3.40201910669 0.879340286858 6.2399598112 -1.98749637119 5.81607838183 -3.40500652375 2.83409271389 
-18.3391400951 20.4655565782 -3.86896004745 0.0424672153845 -0.580698270391 -12.9330631846 0.191429332983 4.71310622625 -5.21109384587 1.26135800629 
-15.0920557755 -3.71137059781 -0.640646338428 1.94169334199 -1.42908210139 -11.9665595991 4.87674819541 4.98893746334 -3.0561893327 5.21979497908 
-2.08425932445 -11.0596715836 9.18508530185 6.24579796303 0.733236388122 -9.61122025094 -2.25850153175 1.43113601171 8.99586884156 1.34658244263 
4.23482283999 -3.74338451292 5.96586439641 5.05268402569 6.20809732621 -6.86269080744 -10.3035438829 -3.9816594676 7.06905320454 -2.84596511709 
3.08908389323 -9.90430140114 13.8936782141 -2.84200992224 11.1215974869 -1.78430342051 -7.31029511799 -11.2108613354 7.96876980585 -6.84301198204 
8.98074418546 -1.68340215891 16.0379467022 -13.8501633636 17.9096185715 -10.2647753291 -4.63204450343 -10.3839286091 6.58981706313 -0.426023915931 
0.448698159626 6.84862877454 18.3781222918 -18.5879725688 19.8899895375 -7.75519258335 -2.15383669955 -11.201309421 1.69974502187 -2.12207803677 
-1.87277802601 0.634352968237 9.2957785499 -17.7074759562 16.0109142256 -8.35465543845 -3.50950025215 1.58942023238 -0.562022557332 -6.12587304975 
-8.44564456331 -13.807933489 -0.96283669826 -5.72205964127 17.8737730793 -14.3579256562 -4.10755549077 2.74280217964 -4.13452273696 -3.24217139218 
0.368864526067 -27.4528067166 1.27170421435 -3.78959656415 13.0566226503 -12.5617822657 -5.29862961118 4.59704452991 -4.87682834492 0.594580321104 
-4.21145818021 -33.9575174865 -2.54365836378 0.827640025513 6.10015615198 -7.2735723347 -1.62963347345 0.234583339259 -13.8846955784 -1.40279319217 
-10.6034270499 -28.6697564109 -2.99560359398 1.36405783036 2.11335040774 -2.26529916892 1.73954192193 -2.9671281569 -5.58280249714 -5.44370263058 
-21.3791580912 -14.2392751992 -3.1904799722 5.33776152275 3.44942427474 0.714407034817 4.93069735639 -6.51697745977 -3.31345749459 -0.998313803649 
-24.8313804747 5.41593265595 -6.45659477038 -4.13858650933 3.73187489842 1.33493835584 5.6540489577 -8.96572585341 3.87870853925 -5.88665175525 
-32.7294147577 15.0603193151 -0.355994298296 -8.80476672425 7.59760324176 -1.10911023779 4.94869311452 -7.7868004193 -1.68234267123 -2.18981689334 
-38.7960184559 22.8413377863 0.122705211034 -14.2677176069 10.4149151541 -1.16851391218 8.98372035175 2.02373843755 -1.10811817239 -0.13458196177 
-25.2677329351 40.4383531694 6.48177349523 -10.3325389183 5.3785294208 -11.3360097434 8.67720684015 11.7107454064 -6.87338948798 -2.35493211433 
-24.2163455146 32.5501551501 -6.90823383772 -0.575026686905 9.21485169092 -9.89218673112 3.49026957844 10.8873812325 -2.91185351345 4.98220069235 
-10.4244928917 4.11872328485 -0.155256608862 11.2300259455 7.93649516303 -13.4099249465 1.66379755846 16.6282272367 -4.75050804717 4.02327151576 
0.886715173853 -13.5241122113 4.07546520142 22.0415724707 -0.866344119122 -8.07119482418 2.45296066119 8.41919077226 -1.08756794546 -2.71743571251 
1.17142469341 -16.8559869338 8.57477584379 18.6929402527 -2.08515020904 -5.09270068285 -0.332502682066 0.825351372946 -1.93465523663 -5.85909540743 
3.19696553335 -7.19345230715 7.82954177734 20.0055244192 3.44317720918 -4.84391069545 -4.07556584437 -5.04498981056 -4.63949342078 -2.71387156566 
12.7618959491 -6.97819151597 10.355916493 18.5520366029 6.2298628572 -8.16631526249 -8.54320370656 1.04602139294 2.10923324043 -1.7011425794 
7.02979485019 8.85406774224 10.4384479947 16.4268222615 3.3252519811 -9.07485562156 -6.62559457543 -1.81054901975 -7.64736839687 -4.57287475553 
2.7355487317 15.2239025057 13.2093444199 20.6180678006 11.2228685491 -7.66374185742 -6.40809661091 -2.47018253817 -9.34803746146 -0.585910265564 
1.99623328148 13.4738502888 11.3185261782 26.4266730971 17.5755188385 -0.336385991718 -10.8406640125 -7.23964627258 -5.99906309426 2.81577512732 
10.8773261316 43.270401602 0.56535510772 19.7563038509 4.84877126342 -1.85284906135 -10.2768017784 -13.7536492534 -5.59582343388 -4.00776112901 
4.08572254235 50.9559714374 8.66199097075 11.7018714376 2.97729011846 -0.249985905644 -8.97661904798 -6.72988759152 -4.91712504933 -9.73011965422 
