32.9199605731 14.3323992813 -8.69675407267 -1.46879971309 -4.90136250479 7.24311866001 -3.05240095427 -4.20545764675 -1.71778232729 7.60578760291 
30.5275895899 4.99733164691 -2.40269622382 -9.38015968876 -10.2897454401 4.82187544736 4.34063490144 0.443723120375 2.38521374714 5.74694538745 
17.3599431231 4.89476578616 2.06077691739 -6.83989693353 -13.156976402 4.05568552969 7.84714816774 -3.57309461009 2.40109804 -0.170491436134 
13.7197139489 13.9051150132 1.55281563814 -1.53378137196 -11.031470244 -0.913109299445 7.49224709127 -9.15191669121 -2.56535323399 -3.96679506744 
6.21767801572 14.0848624505 4.65359937699 -2.7148624636 -15.2896650612 -2.55181058796 7.47264486047 -9.7198124692 2.87727048267 -4.45699862287 
7.26857389559 12.3270985286 8.24220103834 -4.92402495331 -12.020006707 -3.72674392741 8.51623687574 -5.93022771754 3.27104520714 -4.58014831328 
-4.06063188567 20.1535136458 4.19675093425 1.98899564361 -8.22130161602 -4.85607427351 7.85143565657 -9.65271378623 5.24641827153 3.20777588906 
-21.3733344883 15.6466477623 0.752810569293 -1.71607979667 0.704489947232 -7.43466362012 9.61440420478 -8.16716238219 -0.687066526033 7.52249493951 
-16.0124349102 16.1433756025 -1.83044954801 -6.0814894799 -5.77793300792 -4.38059424186 1.53834075818 -4.76708960016 0.160537247949 0.962937787349 
-5.90710119716 20.7134845247 6.00264402028 -0.611447503379 -3.91352532761 -1.0996061753 -0.322030750654 -8.40328582443 -5.08528433419 3.30002977516 
-6.57289015185 19.6031238399 7.42800393722 -3.73786199608 -6.86067930888 -2.73047836409 2.10763891665 -7.58085900154 -8.21800626208 -0.103401273495 
18.5694896541 17.4055860998 0.607825712082 -1.1116398323 -1.84652967582 2.85171324238 -7.12256353467 -7.96329904214 -4.06686808066 5.95659626335 
30.2304789975 11.4174815586 -3.20603649695 -1.92026247999 -5.36101571684 0.15145812528 -10.5261862836 -3.05149936595 4.71414270739 8.85126155121 
26.015935425 4.06033531709 -5.07120899643 -0.754794438131 -7.15328701623 3.7791797703 -0.557158282476 0.361700601777 3.95614094367 6.18699667998 
26.2630734082 -3.96821015654 -3.86948227813 -4.08254782163 -15.4061589942 6.5062673126 6.71175371955 3.15093057277 8.30332988511 4.78640662027 
26.0265350649 -2.99074220537 -3.58415542158 -3.68124981584 -12.4965767791 7.34966922546 6.21343447508 1.59245922711 5.76073395302 7.93402201827 
21.4970825402 2.51663686845 0.731072059248 -1.15681100366 -5.31633605426 12.4503506594 8.03303595549 4.70639584786 0.616055543725 7.83331774977 
5.73559727082 0.363532942369 11.212666353 -2.09644359834 0.42715458567 3.3083641275 2.95759927633 5.12500059866 -6.22426058793 7.54510509802 
11.693857704 -4.99296302767 11.9323939725 2.27717668401 4.09752245217 -7.19827436037 3.41558697367 -2.06102074027 7.37544714258 7.45734716103 
2.29763859412 14.3292522437 9.36708571044 5.47096955949 8.18401370361 0.66718286836 1.63033225349 1.84609705668 4.48827615722 5.01671508734 
2.90721746414 14.5036094758 10.1122461935 4.60651096396 5.0182442295 -0.00352054143002 2.61474239567 0.614723198974 4.60309123489 4.82364136757 
-12.8534940702 14.691665809 3.86828856686 -2.63325006875 -0.557054015111 2.54224534511 -0.906866028315 2.42417660407 3.75197221151 1.8794011678 
-20.7423535873 17.2721879243 -1.0747204167 -2.87334740264 -14.2342972745 -10.8634232236 -1.91030608658 6.35863750292 -1.53301301926 0.549787828569 
-21.8007458728 15.0109436559 -6.25916968666 -3.34331043386 -20.5811749031 -13.6528892592 -4.74120827448 5.16324159216 1.0483835758 3.03234956087 
5.96953727109 26.8379733896 -1.99550224693 2.22009547739 -17.3120412967 -2.18273273205 -9.82232520095 -2.07794895864 -0.0813795603068 -1.84665628639 
4.8530662565 23.519906714 -2.50511838803 3.76940728611 -15.8611258919 -1.43993656036 -9.45806126976 -4.43546707469 4.43389426038 -2.94114460521 
11.6405487916 23.2903942737 3.04524999405 2.54051703875 -2.92860628469 3.94395267409 -2.8333926271 -6.7191890861 -3.75194794723 -0.504543798081 
12.8044331207 20.4395321362 -2.71542184812 -0.869693389761 0.701818643013 0.31994678593 -5.4439493883 -5.69396479796 -6.59396813035 3.21352461036 
21.0774548859 12.8194417298 -12.8996504316 -0.299204136595 5.4517085398 1.7161177433 -7.51175305794 -7.41023986707 0.630560083675 7.95815085291 
25.9531982326 11.4091383634 -17.0715574161 -5.50882900575 1.01094091453 2.09897598643 -5.24084175195 -6.65712509781 4.91816241002 4.47237945409 
26.2105523596 13.9140304372 -14.9935118562 -5.72387650545 -0.115954180413 0.68273507065 -6.18231283085 -7.23892290808 6.48964167174 3.79722734375 
31.4223945505 3.39776578514 -13.2914538213 -7.40050364654 -4.03075044004 -3.39268019299 -6.0377409581 -5.69682108086 11.9286880309 7.30180261538 
24.1446141196 -3.62864954941 -9.04341904637 -6.10478337834 5.54452866635 0.683636148343 0.513329637838 -2.60741302011 -1.01021472538 3.84150506778 
19.2591947659 1.54677316926 -7.38350337593 -8.15419056638 3.36424177696 4.4484768322 2.27113530149 -2.43899626004 -2.23245693234 4.34192871904 
18.440861387 9.51172618312 -1.8639116146 -6.61267772586 6.66198699509 8.48695308241 -2.23011196823 2.14458028378 -0.940011441821 5.66989025572 
15.0020939345 5.359290481 4.00756899397 -5.07853820388 11.0642841266 5.37808735841 0.0333886235564 5.72770609582 0.963102016475 7.35772799769 
2.12758997361 1.98397739801 13.217689949 -6.46902427191 10.3320502007 -1.37267110212 5.37158776858 5.56607075096 1.90082276461 2.45625722969 
-21.8599706314 11.1555431635 5.42591026988 -2.64094701533 11.7829502117 -3.25242604079 12.4138941109 1.05634773752 7.75966344034 9.18459528457 
-39.4733462284 2.74408879062 -4.40061473939 1.65176458964 5.33498752675 -8.05998270913 14.262290144 -2.89581615304 6.02214688161 14.1693240508 
-36.8823752179 3.30596995153 -6.88122368228 2.75416058656 -4.50750067288 -13.1218121654 8.67226913109 -0.27271588403 7.01805477667 12.7347615142 
-33.3831658629 3.18503800709 -9.4968422633 -1.09163442875 -8.42522786147 -12.4658112497 5.25429615683 -1.86226718131 2.69619920849 10.9569142797 
-39.420004034 -2.66350600914 -5.94849742388 5.75573892057 -7.28004447819 -6.68709066899 3.62391952562 -8.45897312991 3.8120284938 7.54760032919 
-18.711432142 6.89966921766 -3.1001119726 3.05564006712 -6.72724955705 3.32729002265 -4.23455686425 -3.61873531539 2.59387458203 -3.05015633125 
5.39483954683 13.5926079429 7.05557249579 6.97804075287 -8.03859130404 -0.213742112876 -0.807067433882 -3.9974750326 -1.88784868149 -6.23154920709 
12.2721165005 15.8265738997 3.00804559266 2.730276325 4.0775890684 1.67456913358 -2.59335725626 -1.00667543496 -6.2910371143 -1.34218351744 
17.0513122135 14.6215791115 1.74508040774 4.30158120203 5.11909196284 1.58150019121 -3.34177711447 -0.584021943787 -6.62607982663 -2.36546472248 
16.1807998388 13.8081223375 -1.82524170416 -0.809989417036 7.00584389232 1.21308360971 -5.31592815707 1.04600551355 -3.43234026696 2.19204998382 
23.3949715946 1.5430652442 -4.56503476511 -5.42785053793 7.5350066493 -3.54306001802 -1.73985147981 -6.86154731379 -5.67395246405 -0.597625679791 
22.9804896274 -3.83892205774 -8.27591898384 -14.0747852001 1.28104769509 -10.2900306085 -3.05051026489 -0.425474713195 2.39327994116 -4.18133132253 
18.1457542665 9.78134042886 -17.2907809584 -13.2700067576 -3.31961410178 -2.40532486895 -5.34889862107 2.05581862685 14.0035430053 -5.11502733812 
17.7004940699 8.73639634894 -18.0142753617 -14.6996402304 -4.87893135026 -4.25771176308 -5.24994513192 3.35808151167 16.4017509211 -5.36798323044 
22.2320869935 3.17957874881 -16.784699836 -13.6500896391 -7.13145585823 -0.565182929474 2.62709243003 7.53328495577 13.8132593333 -8.62306563199 
18.6107861228 5.8503036601 -16.741271355 -10.8603895662 1.62099065714 7.56521865984 0.194512250048 2.51571028569 5.07762352702 0.793229049499 
12.1337747488 0.177053893576 -8.11074454678 -13.1213518543 7.00453522183 8.92985314046 4.24966980404 -0.578309228596 -4.12315090852 -1.18476823791 
4.84758699591 -10.9211637404 1.35580445323 -21.7969584016 13.0895780438 6.90951529222 3.24669485274 6.0419693741 0.176397528586 -3.44772499419 
0.361459087321 -10.5111185352 5.40026637161 -21.0388308811 16.2645029461 6.54821617751 2.34315455835 5.80428518858 0.264577964878 -2.79924307272 
-9.49139933659 -5.31034132255 7.67784473668 -21.872000944 11.213228915 7.45837241299 4.16236874166 6.79051696728 3.08894069058 -1.62806390519 
-15.4496088386 -0.215167274214 2.20695543564 -12.3517923551 9.16455875246 2.27480924649 8.261779114 -2.30050705068 8.45705127748 4.58114378656 
-29.0383971618 -1.66328700644 1.30730139925 -7.96026232276 8.4797632088 6.12792906741 10.2751932297 -5.10672865869 3.72307616366 2.90303626143 
-30.8626922036 2.51667612179 -0.782541730931 0.90332674752 11.4607211976 0.836581729426 17.8707214364 -11.8978035876 1.70274572849 7.95215534487 
-28.5053009194 4.15300972574 -1.81077445682 1.82275722879 13.7434494366 -2.67465135345 18.4812043636 -9.65214882857 1.26717746445 7.75672121011 
-6.19861277891 6.3308037711 -5.6479747868 3.33918130808 18.5905254273 -3.04113930931 18.0265272612 -12.382412494 8.38715116635 -1.94107602262 
-2.99683449099 -0.183501031311 -1.75064291616 -1.84557442753 20.4305645102 -6.00628969123 11.8652754669 -13.7352032517 -4.75181149805 -6.96337237671 
4.66461541448 -5.18089014267 -4.82429850458 -4.74106180941 23.3474633993 -7.94676777091 5.16955275839 -13.4943603312 -1.73965933 -7.05052545977 
18.8465669674 -19.0740782796 -3.53883049697 -7.88011306985 14.7773376539 -16.5181440818 2.17833216279 -6.50630939258 4.27914815851 -6.51063840892 
20.9151303172 -18.2575909763 -4.47139834942 -12.4952864768 11.4589170359 -19.3858234978 -0.317459754625 -6.67041515211 0.0307477263475 -8.54232751495 
30.4168459546 -11.0301087483 -5.23767531157 -18.1041004742 2.47210967062 -20.0608445841 -2.25888048657 0.742421187429 5.68796925031 -11.3673814288 
17.9529439048 3.93863707031 -3.51608466784 -21.1469967696 1.66761027615 -7.96539148579 4.57745637884 3.46325213376 12.0118030961 -8.59586445025 
15.9498747328 6.42142246117 -5.41928911093 -26.0156079507 -1.13999649467 -1.57739807252 0.55612681784 4.87938424919 10.8285817098 -8.46480069263 
16.133219482 13.3969202541 -10.5276792179 -26.9734793355 0.205853126868 3.40768444098 -1.03990256493 6.22188292663 11.0329899127 -7.95497240685 
17.734394945 8.84211800462 -10.7458574913 -25.4143060184 -0.385347575913 -0.370583529232 0.765958372899 5.51272634621 8.7472989075 -9.83017495661 
11.7397593252 3.12353570989 -4.0870771541 -22.8244346443 2.78608565438 0.654054561371 4.08131985158 4.21292507196 1.91296505633 -9.9785487121 
-1.52047675683 -4.51448498939 4.40941259607 -21.9772997093 6.78878933347 3.96211324273 4.86493532428 3.82240141126 -1.49297740982 -10.7299716054 
-7.56531735614 -7.14750094001 6.39637978498 -23.8494781577 6.85769667054 6.10014007336 4.57645510725 2.05839408777 2.41395413841 -6.83312571448 
-18.1669452549 -1.52857649065 5.74015719457 -15.9084365984 2.57204479245 6.64672206091 8.77586203335 -7.76882592761 2.53293546413 -1.26833761186 
-16.1229534896 -1.62807498946 4.94729268329 -16.8224597208 2.82595719166 4.42174458446 6.83888782109 -7.14201610775 7.40469940222 0.624834313949 
-26.9471961416 -1.09243000339 0.902323601137 -11.0315024583 6.66171530314 2.14909234503 17.195341587 -10.7065844843 4.60637823062 1.18926779753 
-8.89593175785 0.896679875455 -2.26291619275 -9.13990092865 8.53595976183 -1.56955098662 10.4080336903 -14.7341907652 1.13735384503 -5.62810889213 
11.9939264159 -7.94875262632 -3.11354906429 -11.2584092662 12.293163538 -6.2178416837 4.39418347372 -10.1850290436 -3.82652501989 -6.69463237881 
19.9622311104 -14.3950804762 -6.15186461648 -12.0955618474 9.20428521723 -10.5873802033 -3.14533512343 -4.05250000301 1.48227216429 -6.09113956585 
24.5778906288 -12.7035203208 -5.19946174158 -10.7807945213 8.68251613481 -12.0263489129 -2.96671505331 -4.40384907964 -7.26844230247 -6.25909181589 
32.3955136371 -27.9863096114 -3.13528137808 -10.8745497581 5.03874739318 -23.1143770345 -8.7253542619 -6.31525923624 3.26165569057 -0.606478251839 
36.6932067815 -14.9626881598 -2.28766093018 -12.8244236585 -2.97350018696 -19.9661086566 -6.06496854807 -5.61613746299 7.71327354386 -1.25064284505 
25.6964227857 0.0387916831736 -9.7753700119 -13.2807034224 -1.55823760751 -9.22032546692 -1.29993581117 2.63594238106 13.9219107637 -2.09177728822 
26.5764428356 8.59674544213 -11.8657099138 -12.8739571046 1.03619334762 1.08419854388 2.07197449343 5.12745823479 5.41659329194 -2.7625866435 
29.3661062479 6.08444716955 -11.2612874254 -14.486351291 -3.50610554586 -0.00674092062801 3.87244064947 6.62943133238 4.89587401993 -4.19127884383 
28.5922980669 5.58701042017 -5.81086381577 -14.9489892522 -4.30414621454 4.22161505356 7.27445719855 4.79194042727 -10.2924223665 -9.40723201597 
19.0469293027 -0.328219190806 1.95055186 -14.2997803563 3.13322808308 3.13287359621 2.70196635808 7.85500820196 -3.53983433191 -4.50956282204 
8.69586333314 2.15425909003 2.37587199388 -17.7749463702 4.80154010108 5.70684725045 0.408721727492 10.5814988157 -0.100218802584 -1.68724515626 
-14.9750308262 4.62586314455 2.74324029791 -15.2309069681 4.89739932566 7.08593942897 8.00979701204 1.09028279298 3.09673918896 6.97621047528 
-10.6955279343 4.21928122992 1.77249695556 -12.5716905661 2.12566933962 7.09911822762 7.41380280256 -0.164764290736 5.99375035095 6.29284360576 
-27.5219365003 0.0561402700176 -4.18379904121 -5.12244439336 7.06434196898 -0.221847205293 13.798373301 0.405771800244 9.17384576301 5.76070267721 
-22.5035956861 9.53157358577 -4.30380761167 -6.13695110346 -1.16182683415 -2.29527949975 10.2641661675 0.664344581722 -2.56807704125 -4.01708402557 
-26.7648083497 5.40947336887 0.680320907348 -3.67121160374 -0.183868638584 0.603282900651 9.46010075151 -1.30991345924 5.77902141768 -6.80498369444 
5.62789271492 9.74072013753 2.03862071062 -0.0710063358121 8.31885051407 -1.49720159271 5.34353876345 -7.23962231517 -6.92229410582 -13.6675773861 
8.12204783009 9.0901533502 -0.670698225721 0.0856749064887 9.76440444192 -2.03309550508 3.82128237213 -9.78412850798 -7.21125293609 -13.6240358865 
15.8925174988 -1.41461373417 -1.32225725957 -2.98035231778 11.5380303839 -4.56197468707 3.34409832654 -12.7633303913 -15.0237230105 -10.0011814154 
20.414034404 -13.4218973435 -0.840070928814 -6.25802753507 7.38121815622 -11.8973057025 3.36975622281 -10.9074222256 -9.34804862676 -5.91625845679 
31.8263335787 -9.58275106598 -9.60669368395 -5.40873689374 -1.93441786943 -14.8778518371 -2.38365993816 -9.36885404273 -5.39080284618 -4.02652889673 
37.39663823 -1.37527372026 -14.9558113094 -6.3783357124 -7.22814119741 -8.77743356694 -2.29960018176 -3.53051835718 2.64681708516 -1.35412813024 
36.9024813233 2.62986742774 -15.6812366799 -5.49038222518 -7.7679234675 -5.8172134521 -2.62377290673 -4.12595550813 0.449114471494 -0.382564599211 
28.4843267715 9.50313086022 -13.1931419662 -11.5795940818 -1.95959720782 4.98550988982 2.46997799381 4.82163184162 3.51063299611 -4.26160538301 
31.6636640894 7.66163730652 -5.5291818454 -7.92638213244 -3.78097319133 3.85151949441 -0.150634428978 1.69596252577 -5.54808257703 2.00944098739 
22.5876552315 3.84367044712 -2.37328522821 -12.1239428511 0.0271918620376 4.46507687315 -1.30197925301 4.63729864233 -0.940124669158 4.57500774418 
12.9524468624 4.83550391516 4.92861035217 -15.2975556272 -0.311834982145 -1.189210755 1.19567262743 4.964881621 -8.38904791491 -4.68441476222 
10.9308836138 4.93352724159 8.35693866861 -17.1334258561 -0.846800414335 -3.58253738535 2.08899002437 6.94939869871 -10.677086776 -1.17560665992 
-0.336227710677 8.06969291118 3.96870289018 -5.09713895187 -3.6496745513 -7.36049209771 3.68264573849 -1.1464667431 0.701915136689 1.02368483494 
-33.5376973098 10.554369569 -5.09543649084 5.45260169187 -0.0248969776449 -13.5061919487 24.5235901918 -5.72291957648 6.5456940413 4.12449424679 
-40.1987473991 10.4215829795 -5.92124724973 6.10326010953 0.131908804952 -11.0712254715 23.6191193184 -1.80264884396 2.43510372472 2.14782643376 
-18.5183532646 15.1442661081 -6.7190361779 15.7263819984 3.55134061251 -9.0064808574 23.5281272277 -7.57218250333 7.29382981936 -4.51759373765 
-9.41916794509 17.1290502928 -8.66982170353 14.0672989296 3.52343160009 -5.35888083912 14.3643861917 -3.35425071036 8.20442331193 -3.96394716452 
-0.551080076609 17.3981072087 0.871456345669 10.5559009645 14.6716096434 -4.23421571523 8.84944026968 -5.8847783912 -4.659761234 -12.5943546735 
18.1494321171 12.9004957797 -8.07762395176 10.9538133646 12.297090452 2.49918423073 -2.08939783954 -12.9956799429 -6.08803798365 -0.890290661645 
27.7692549305 9.54081770028 -8.71771672318 11.4035935063 7.14480700768 4.04769534558 -10.8071900768 -12.2289034888 -0.617247435698 10.3082999619 
37.8819299178 -1.73635610436 -11.340099138 7.18238629422 -0.211540111065 -5.94473966549 -15.7212557964 -10.2015316065 -0.49564127476 9.05205892148 
34.5879641438 -0.219817684515 -12.4463420092 5.70360489692 0.518464628382 -3.23944470842 -12.6227709477 -10.9148956219 -5.2407512686 7.80842928042 
33.9202073485 8.86330865825 -15.9172108294 2.02059374928 -5.56552065163 -1.46527135276 -5.59821529154 -7.16738561357 -2.19368295492 3.85407468094 
26.8775022505 16.0827762873 -16.0275504267 -3.54552122429 -3.77820311326 3.34716870868 -0.764938741024 -2.82060922012 5.16767597161 1.76188214111 
29.9088302123 13.9725152466 -10.3929081944 -3.95387834671 1.51760622486 6.1114431127 -1.17150889444 2.49868861443 -2.82667132132 2.57245541833 
25.7827909449 8.2204561602 -1.86357050146 -11.892699448 -2.04046320742 4.63361995048 -1.58003828615 9.45156215175 -3.44379553974 0.820382243735 
21.971050259 5.25752788918 1.14745749805 -11.9894343793 -1.02249662895 6.59993953761 1.42809373409 12.2825238088 -2.93196565122 2.02264191085 
14.6375951864 9.27897922926 7.67216904672 -13.7098677737 -4.42151438355 1.33762184981 1.7066468559 9.53420368181 -7.42393754079 0.635625372326 
-8.3447182092 14.5148714689 8.67979862159 -10.8816246307 -3.08683179034 -2.42880445416 6.16713509077 2.21429156429 -5.78068117168 0.865454425365 
-29.2437414982 4.2976718494 -0.0775687772555 -3.57848811264 -12.1127916198 -3.2256832134 8.02481677536 -2.58597993647 -5.95654376983 1.82957065824 
-31.2493792657 8.51345721114 -9.30536596064 4.91595354759 -12.1671541811 -7.72671778478 8.65424148917 3.41303841073 -8.24622628246 -5.34805602821 
-27.1277280303 11.7466105246 -11.3719245421 7.80816591825 -9.31725696814 -6.11797948086 12.0895872073 1.8382151929 -6.45679374626 -5.51176469182 
-16.4290251379 11.5412580967 -11.1720871833 17.1801892818 5.62246777497 0.0368709425466 13.5039278089 -2.08923841005 0.778122342204 -3.24694529511 
1.311621835 8.26244554785 -2.71437917304 10.1709538008 13.0919768781 0.36025078832 9.21895405622 -8.04251623179 3.15850714851 -6.68501756431 
22.5817356251 5.21797764134 -2.16011852456 7.15955399203 7.75153769787 0.0264591377113 -0.615059578311 -9.91175042549 -5.489149047 3.07487271203 
34.2638173058 5.99999670666 -8.77231137776 3.25832584395 0.740213049282 -0.23740842855 -10.3512994807 -8.82439330289 -5.06710031729 8.20990822725 
36.3333007761 0.340540467434 -10.7311825291 2.83674279692 0.675004870149 -4.36052185529 -12.2386817085 -9.21475611599 -5.49441770303 7.84431310071 
35.3125904901 1.60199251896 -11.4913437585 1.97626055432 -6.36695450026 -2.49592940617 -9.49371860594 -9.53727083143 -6.89432866794 7.40236323157 
35.8879186426 1.96418670533 -14.1018867499 -3.39846689412 -5.12462156606 -0.945910103339 -2.56234360521 -2.91591283484 -1.92106599705 7.21268528273 
33.7938075881 14.3475797042 -11.3539991367 -6.19816417604 -4.06337655154 7.9192246117 2.26278905035 -0.82621450297 -3.18563602509 4.36029573532 
29.2018727847 18.1686670093 -7.1699335463 -7.74932809856 -2.36389586763 9.77082486639 1.24419346403 2.04412160576 -8.86919434256 6.44491301943 
29.4755278768 15.152498964 -5.43986818796 -8.16002267077 -2.7737001169 9.64135171342 2.22603132592 5.39150420112 -12.6822033767 4.36055139472 
19.1178816649 6.66630556747 3.10881390476 -15.0440458391 -4.42753131666 7.92311041245 3.42862301615 12.9182023739 -11.4298883281 1.78710071057 
-4.95473816195 13.1335494681 14.6709992933 -14.9447475913 -0.894255149855 0.458089668061 4.76953543096 8.7333908429 -8.92340493735 2.17702735708 
-30.0715254742 9.28349103741 9.16200677859 -8.30260070271 -8.22492646524 -6.66993040674 4.87603317282 4.24171847837 -7.73100989833 2.61766511088 
-29.6553475517 11.5836381568 -6.55152603985 3.19787013521 -5.55920162976 -10.6231478517 5.43514962378 1.89813701887 -3.10192820481 5.04962898304 
-23.8779190917 12.0785310957 -4.41349171936 2.02612772404 -4.74803144902 -11.2968069927 3.93578212042 1.69777855437 -0.389688444777 4.86776401402 
-29.0200921001 11.6083865935 -8.92312471604 8.67920019824 6.45938364424 -10.1232901797 9.84011677562 3.94697736126 -1.51377374352 5.21351003048 
-16.4540514989 13.9807634741 -17.1805170048 9.85935344031 4.49819581866 -8.11393258942 4.82120858547 4.78891129807 0.0360676928051 0.556915559702 
7.09862320188 12.5200437286 -7.52369639169 12.7793498093 9.68621504454 -8.91696068598 -1.38159116528 -12.0230255506 7.20772295952 -2.18718551557 
20.6271897901 16.8431807787 2.22322116679 7.98395154993 7.46992269212 1.36282999999 -1.58486158119 -7.70713268919 -3.51067998395 -3.42860753854 
25.9946517927 18.5262882512 -0.414929454937 6.10945848451 0.896334223932 2.95608958476 -4.29072207619 -6.20720628606 -8.99132092188 -3.03697556844 
29.7846749867 14.8151756587 -5.14321266832 -0.113554384917 2.6748805757 0.748195429569 -4.63794152644 -4.21895550194 -13.6359018512 -2.4614228796 
30.3953806377 7.74737168251 -6.08391370178 -6.09545140277 4.25521536239 -2.07516842623 -4.79205013561 -4.82869489331 -9.155720569 -3.62184596819 
30.6809064821 -0.40008115993 -7.56511490372 -7.29160309645 3.04558507477 -5.31819568913 -6.24240901243 -5.28891122933 -3.57117888935 0.831282732649 
30.0893491067 8.84180111633 -15.2407731739 -7.90570224499 -2.8301863344 -2.03545271687 -2.34685450587 -5.40761397189 10.034644347 5.39220391059 
25.4816990468 4.18035153768 -14.7618347374 -11.9236898511 -3.36700113575 -1.01640369248 -1.46612163341 -4.79638508589 12.124316341 4.29458161291 
27.360872424 10.3234667378 -10.1266314828 -9.39745572892 0.984421402083 6.68473340743 -1.71985429372 -3.24770789097 2.09484495696 3.51786998 
23.3145103379 4.26638847669 -3.55967258915 -9.69091431381 4.42372829002 10.8705505106 3.12452887053 3.57604113734 -5.39921098161 6.70145911311 
13.2149246243 -0.858260585266 6.4112844439 -12.9414959299 3.79198367879 7.41452928908 1.44661788831 4.81189101526 -7.03618943076 5.11355419834 
20.9325800684 8.26763759233 11.5377698541 -4.10673127357 -5.64722289859 -3.02292199664 -4.26547160191 2.96051779496 -7.37024304338 6.17371017313 
16.7326627188 6.99469258632 13.350262428 -4.6901295283 -2.83748217886 -3.5389069701 -2.56086507685 4.65861496801 -6.83518509524 5.66635903369 
-9.40211695574 5.09155021095 10.5422253286 -4.9659721027 -4.38293012291 1.20967576294 -1.87847335366 -2.38603812293 0.154674869855 4.85045593712 
-29.0337543895 5.43148179213 2.54346950628 -1.12174326209 -11.5833801718 -4.61985558364 1.27998634825 -1.63321514165 -1.38265065534 1.85476544949 
-23.1595732638 5.146084511 -11.9021153756 4.366286078 -4.09410673185 -5.53232380318 -0.721367411753 5.82000235019 -7.36904587041 -1.70778344631 
-30.0560808592 1.65532909881 -14.2708375984 12.295120894 3.8570677891 -4.33872251229 3.7657813137 4.25293127347 -4.96183763708 0.0253413316685 
-20.4107160599 3.23140300764 -15.002453991 9.41622036511 5.63942708011 -3.92307777496 2.5775038708 5.22898273134 -8.88464397994 -3.85901504796 
-0.874384300952 6.82698398582 2.52426806308 10.8431300946 23.7628678732 3.69667877032 2.928320805 0.48357899533 2.61132447667 -3.01455951561 
6.58378493758 -8.64315199699 3.87460307814 5.85748366263 27.2034792789 3.01423371594 1.33611207829 -4.03395779662 -1.31394345902 -0.991011938825 
25.887261571 -8.17226976256 1.07703696487 -1.45586111429 9.07474538162 -4.00825426183 -5.00426764291 -2.29373344224 -6.08786062972 0.330408571975 
32.8484688943 -17.7318354767 -6.19717675997 -3.78193155843 3.70398341773 -7.49010617802 -2.96574679999 -4.5127583238 -0.142972147468 2.62566320908 
39.3629378391 -16.1864113177 -4.97037352638 -1.58771951804 1.52592681087 -10.4015964465 -8.000324216 -4.46664407568 -2.46402581354 4.22458296501 
30.8168590649 -8.4052674779 -10.3227926075 -5.01338274751 -3.47594432958 -3.90621200922 1.27886812074 -1.43147047353 4.29706757367 5.18618844772 
26.508044565 5.75095698307 -19.7541656448 -6.75071585705 -3.30918077596 3.18204822279 -1.05544683184 -0.162351600279 14.1336556773 2.4589714363 
24.6586600184 9.64268417805 -11.761506028 -8.32801031959 -1.15671946394 8.49261649655 1.18155980018 3.08575417866 -1.5511595847 1.07578758191 
20.0296447095 -3.34534110177 -2.7091409089 -10.3652543279 4.04655956491 0.931095689556 -0.147457087892 3.57036567977 -5.23931843127 -1.67162431726 
15.3813321674 -10.6042652535 1.38047191107 -12.0943560323 0.897623105308 1.9929679778 2.84131488181 7.40322042549 -3.98128634262 -4.07426753341 
6.00769313904 -5.9491323496 9.62348907966 -13.045346551 5.01123781932 3.14079602244 -0.96482775142 3.80359963841 -3.1028919218 -0.91568950674 
-5.90698769663 -0.0609326907519 13.1592006725 -14.2404881128 7.21042995972 -1.67021928882 -0.745473711312 3.47900799577 -3.98350683954 -0.424291761244 
-23.1236781955 0.244657741045 6.30744421471 -7.33868621943 2.56375314786 5.6208231777 2.28093535536 5.4133066792 0.0396674582413 4.42562612928 
-25.8911125437 2.73658028306 -8.34051326584 3.3622071776 -3.50313195841 0.630783073488 3.31265218085 3.5478267639 -1.74033228795 -4.59973574259 
-25.7882487233 3.55083367325 -9.80342639575 2.9606378214 0.241718944362 1.41892397548 2.16142650562 4.13953364944 -1.21562122972 -2.1450587075 
-28.5654131013 -2.34260079696 -16.1269762769 6.82654643801 7.07238998883 5.19308639674 5.64422242352 7.1825098791 4.10578789034 -6.93228228329 
-12.1721032446 5.35584124356 -7.44871440114 14.7472957654 18.0619011414 1.14956756163 10.3528152228 4.34152545435 12.4093402263 -1.47494484111 
9.68756590255 2.28398747437 8.47060902129 8.12628369445 10.973121248 -1.88522766032 3.00914861164 3.77201433174 0.0702327256115 -4.35242942721 
28.0815462222 -7.76249412004 3.05254372485 6.62818322945 11.7995270342 -4.41105734042 -3.37877268305 -1.32754665727 -2.95129005472 7.06300812961 
28.9488161027 -9.00124708308 0.0295399740937 5.75995715408 8.12274997716 -3.08357197364 -3.74030216674 -2.33600473172 -4.65940129244 9.48014889002 
31.179928945 -7.57476479809 -1.77612866837 5.67518792943 6.56792101385 -3.91104135016 -4.70893218755 -1.51698773363 -5.93861334569 10.1684674588 
33.8866690625 -11.4552023909 -5.80545513033 -0.879667659847 -2.69732088966 -8.33161434141 -0.410489865437 -2.25106358159 -4.07360831292 7.34862974025 
32.1924842901 -2.92495277056 -12.2154766185 -5.82589472374 -5.49174601979 -4.03943560991 -1.20429807149 -2.09955884514 8.34232236209 7.82481724985 
18.6420626963 9.44468737305 -9.07913732934 -9.07607065616 -0.542511564658 10.2491263136 3.88951309472 1.57495646977 -1.17823172723 2.9675321977 
18.0153733563 7.51237688897 -5.08145522279 -8.58772206019 -0.934496656194 12.2521264914 5.16773627801 2.32508373969 -4.41005910711 4.2451080264 
9.24801508581 -2.59336114318 4.82594696387 -10.5814654516 4.90019359658 9.56681980467 2.78635323059 1.8593932476 -6.30411643155 5.3698303254 
9.92018399797 -3.10135264595 14.1305588587 -7.31724172541 4.71459299142 0.942761305452 -1.85106385271 7.77331899249 -7.52152086582 3.22577114899 
-1.20135635557 0.771946948148 17.2224822115 -8.86502963291 0.230625535987 -4.9643829667 2.26095360977 6.91076562734 -7.12527598843 0.375732709821 
-21.8579237186 0.351775529515 4.48669457815 5.78462030302 -2.74023532924 -0.770665076951 -2.29913528606 -5.26674880022 1.46956482733 1.9107251491 
-20.6255398932 0.967355721759 5.15717525781 3.60396906896 -3.05913500391 -1.05661285854 -0.174065668274 -5.6914659682 1.60906468913 0.59837889446 
-25.5832840401 5.71510611507 -6.83941828679 2.97953320984 -8.85962627474 -4.55236460492 0.417420350971 1.32795357562 0.199095342104 -0.848126341491 
-35.5934490451 -1.67476671805 -13.4732645608 1.66403441844 2.77128661113 0.107827107224 4.23746159649 6.49695116109 -3.63506264355 3.25092336756 
-24.3491292127 -3.55557432849 1.35845445522 3.54161209596 0.0974708169548 6.38060297867 3.60237332983 -2.88707051394 2.75035665111 -6.41719371144 
10.0870604973 7.14434069816 2.04924738615 10.4820795374 16.1283583778 3.42329948458 0.914709605766 -4.49978833922 -0.906236308799 -2.46986567655 
15.7809641028 -5.55623678311 4.69643388124 2.76092697928 17.4144563277 -0.360078918871 -3.04256314227 -1.1407186439 0.959600837056 -0.297671753719 
16.0446954459 -6.08793797695 4.09252144573 4.37502394042 14.9465149714 -0.205565187397 -4.88764196789 -4.60888633971 -6.35537264761 1.40494696603 
25.7899247978 -6.92660811945 0.320170179091 1.00559728573 9.49687886595 -3.29281603192 -7.91227618617 -3.96883170928 -5.59005246851 5.300367254 
33.6882759928 -9.15884304717 -4.20604673247 2.93189609294 1.98169806444 -4.87039927897 -7.26641210717 -3.1200839127 -3.7436539831 5.17333212639 
35.2807700825 -11.0280963933 -13.8006261616 1.00369103277 -6.27379994289 -7.67545538345 -4.32719149811 -1.50391511513 2.70493347618 4.02280646928 
26.2469285578 -4.36161574661 -18.0365884957 -5.48713708987 -7.28430669423 2.78171658195 1.39020509111 3.22783783019 6.28135205216 0.312376115021 
23.3777372956 0.0977774979582 -17.5224573219 -10.1469580821 -6.98293508173 4.52536017897 -0.563528880131 8.48584039798 7.58470975655 -0.00224196010186 
9.70480297849 -1.32795752937 -9.11003869994 -10.2354312314 6.13420876438 13.9993735656 3.86804150318 5.87179578345 5.15445808513 1.38116289782 
9.83296146544 -3.56379224162 1.62411123486 -11.6496989889 4.53094254287 6.20150050964 3.76492825416 3.66190533996 -5.03323223817 2.14707699454 
17.2140995859 0.891555333334 9.80656362307 -10.9711179759 -1.67667552405 -2.9972804653 -4.16144917757 6.20513443755 -8.68183264863 -1.14106846211 
5.84120446672 -0.460660604545 16.1285875291 -2.65306152855 3.25333050715 -4.36388357343 -4.95814839959 2.06980405264 -0.451773916204 2.28184746776 
3.93992417881 -2.55268573714 17.4831801365 -0.0146486177094 7.18437878278 -6.70255722998 -4.68797046488 -0.891902397324 3.32387670807 3.91525143081 
-18.9695100299 1.47236787806 10.1107414336 3.62926465911 0.836610754112 4.14714039643 -1.93034588282 -12.4669709345 7.47352252705 5.54654786618 
-31.5660308601 2.91687633045 0.348314697935 2.61007714486 -5.30882158071 -0.784124353092 1.78001541573 -6.32572953053 4.03856439777 4.97068466071 
-29.7138019265 2.5763149517 -15.454034145 5.9715151245 -2.41421270411 -1.10414173311 1.21998692145 4.16809431292 -9.5344195281 -4.58129806548 
-38.9018522507 -8.44346899784 -15.7176856877 7.377482856 3.49866367275 7.60343818688 0.266217947592 -4.18675663802 -9.14498727168 -7.7331346967 
-37.4748800866 -8.78730280132 -16.4835340648 3.79581685772 7.11301139987 8.26454032851 0.298434398469 -1.07210237333 -6.96898451899 -8.34794772176 
0.0932732028991 13.0887114852 -10.2423679413 18.3916924035 10.5031331773 0.132621569729 -0.600918476119 1.48403345307 5.58213051504 -9.61477830024 
7.50689575115 8.25930749518 1.18597364842 11.0083246183 9.82845176621 0.523156272725 0.971826797146 3.12114087477 -4.16687009415 -10.0951380773 
26.9511080883 -17.7245921742 0.308124539273 3.65206361868 8.76987082509 -10.0487924363 -0.926912445732 -3.29714112901 -5.62259552605 -8.71514343125 
34.4725329923 -26.1673057999 -5.66827265974 4.87274017892 4.60927050002 -14.5140789576 -1.66312774301 -3.24634703792 -5.71063561015 -1.1829912639 
35.0052268477 -25.8077547156 -8.12165580507 2.57761075813 4.68316753459 -14.3740901853 -2.00133675931 -3.87310571332 -5.38510902886 -0.491389662346 
34.3894952218 -23.7112144452 -9.76067538626 -0.534314070124 -3.68824583789 -14.6136941433 3.93844078533 -4.35245613173 0.321020408779 -3.14713303657 
28.9114164891 -2.84949893367 -16.9549416301 -3.85168217973 -1.60158511746 1.80215621665 3.10438479305 0.710430345923 6.07790341286 1.76594008847 
25.0436381514 7.49822386627 -12.670554818 -7.33313456174 2.33061640207 5.68805459552 -2.45584987639 0.830979253226 -3.17003883963 1.03390313711 
24.1650000509 8.42053339427 -4.67257410506 -5.95857629756 1.11033681015 6.47125904322 -3.89118914606 -0.108012683223 -3.79464710872 2.73363811752 
22.0768627502 2.69280700858 -0.46027292984 -6.96237063988 -0.414684183614 4.4406849073 -4.06699096948 1.22642769127 -1.83804219579 3.32775248766 
19.4358145435 0.935749162373 12.1485509305 -3.21079295005 -2.22574880979 -7.59884118087 -2.60105250005 -0.103340090224 -0.484447496072 -0.549592369499 
0.847033659906 6.12989930346 13.9244060184 -4.75366341403 -2.60841142196 -5.90308697308 -2.07792023989 -3.80295159796 2.86322495659 -1.2517639077 
-28.8071035771 3.81715562261 1.16554753599 -0.206100436215 -4.33593867987 0.602403969598 -4.6535642409 -2.84294669664 6.67840749943 0.80026941445 
-40.9339500155 4.25808311942 -9.61899505856 4.96918567677 1.90014515111 -8.71922956721 2.9786003061 4.95850488243 2.52448539983 9.08965135688 
-41.7968646743 2.46807284539 -8.57920473827 6.08450839262 3.06184292077 -6.57840894074 1.38645438086 1.35206878356 0.345860610937 7.11437786484 
-44.3970262636 -1.74940478115 -13.405207578 9.93913257606 11.6528842006 -1.02849346179 1.35820285912 5.74151166612 0.226766702356 9.14398560651 
-46.5803440462 -1.87405079988 -10.6872317062 8.59680726853 9.77358131438 -5.78319526973 0.878377889151 6.13087307351 -0.787189209061 2.97469046387 
1.54799349208 13.1673956607 -5.87640694971 10.7213006504 7.95199105005 -5.6259467432 -7.8348841987 1.76019085406 9.42150038165 -3.45774191835 
14.1431857787 13.3826419988 5.79053452854 12.6621637766 6.25048327397 3.44119794386 -5.49146633033 -1.79180170602 3.04176940879 -1.30983603901 
16.221220551 14.4979210894 3.21512693985 12.1439388317 5.86511477175 4.15718954094 -2.43434510787 -1.03591194547 0.171465965881 -2.78425853042 
29.8639651358 4.79718528505 1.81132078691 13.0869881623 0.894689944792 1.26309405529 -5.35391519704 -1.78543130746 -4.7891689744 4.67169206076 
32.6927344052 -8.04768372522 -0.189219087263 14.8407693729 -4.05159858762 -1.01304500063 1.92725892252 0.464733831804 -2.86020620869 3.28331252032 
32.9634965351 -16.7358272158 -4.53154552262 14.5743248635 -6.21132318937 -2.32726371259 10.8997352558 2.38344515495 -3.13549792273 0.726333430676 
25.6099227778 3.12798428013 -12.9107704004 2.50397387962 -7.94693119424 3.94246099115 9.50489931739 0.0800714847063 -2.39561225294 -0.533153763996 
26.6992671222 3.29715651683 -10.3197507832 -0.40220796768 -7.91851222635 4.27898932154 10.9038199282 2.55453248355 -1.27731462764 1.39135933793 
22.4175829741 -0.335470042203 4.29466049372 -5.94984556488 -7.43227615568 -0.565551194717 8.07238279781 4.334174606 -7.32453778925 -3.58463199358 
4.01634223285 3.511309038 17.0837273737 -7.84850801643 -4.24253088314 -2.15434085193 4.25418654062 2.815062932 -11.0481371094 -3.19075332214 
-2.86231845717 9.46569649775 18.0213209149 -7.07718148778 -7.17410412958 -6.37833031779 1.20982953499 3.61031323155 -7.75667794267 -3.17137003112 
-19.4841122186 7.91790206699 11.8181626086 0.519437787606 -20.5742841806 0.116824361013 -0.00333828586428 -7.23560990927 -3.65988883329 -1.38286876547 
-17.4156423461 10.40319766 11.732206401 3.90783223936 -18.3203542575 -2.54351384876 -2.50220826288 -9.40704176424 -3.84312128337 -0.909658476237 
-30.0879665066 7.23934708437 -3.25411961988 3.49011280033 -24.6232395551 -13.3349087234 -0.723980904361 3.22998112264 -7.00853104411 -0.796657326862 
-37.5614098336 1.72902560416 -11.9842646439 -0.445805366041 -7.71340567814 -12.2523315199 0.885516776783 9.62198738851 -11.3395334968 -0.1910034826 
-44.5449254629 -1.48101146108 -15.102252305 6.19779459837 1.16907426625 -9.21556555789 1.52931337702 5.74047352683 -7.20490606577 -3.18331455599 
-24.2936446739 5.2103721441 -12.7771325568 9.46780694365 11.4584883506 -1.40127728064 0.331854921972 7.26565225491 3.76439571293 -7.05827547496 
-13.0284099932 3.78220922822 -15.5428374667 4.65514968788 5.5193982784 1.87626477322 -6.44364789057 8.99282682681 7.01345234528 -12.9785212407 
2.30408725899 15.3531726834 3.06037763319 14.1256521436 15.2652833101 -0.523184070727 -3.24278052705 5.0349705825 7.50673725307 -9.34630484686 
7.83695877766 2.33484060414 9.86172414513 12.992619684 16.5915533013 2.5193364518 -0.496317024411 1.9411554753 2.89992930333 -0.555886077683 
23.5846746217 -13.6203671883 5.62048945385 6.07220335076 10.8463635169 -0.588910078381 1.07881879366 -2.82472843416 -5.15528645809 6.69194125352 
30.0526560572 -22.4986966261 3.88267366328 5.39761287022 5.99162731728 -6.46531115529 0.427748789914 1.23567132728 -3.32873125219 8.37006815359 
31.3699971955 -21.2494382205 1.7665995635 3.68864937789 2.81898016093 -5.92365658731 0.671386566293 1.57356644702 -7.12414830794 6.72698551076 
28.968633008 -12.8578823447 -11.135383903 6.12772601044 -11.0849132438 -1.63873505912 8.85255292237 -3.34373651768 1.88499776952 4.03593694687 
23.9234176904 -4.2437573316 -13.1043759341 -2.85799130086 -9.75575723755 8.80412647414 11.7646990772 2.96319974247 4.13799036006 5.4606445242 
20.0698953232 5.40101813346 -2.63629007096 0.144429227866 -6.49314025918 4.25493616329 5.87333114352 -0.242272358431 -7.14125637304 0.178778459859 
12.3192421229 4.42763994311 9.11233186606 -7.10839661571 -1.46466033763 -3.48925519302 3.26252607542 1.42799970488 -19.7202330661 -4.70644013531 
7.40209148419 0.543786581787 13.3055436704 -6.05448642311 -0.0361149902812 -5.26242698225 2.32798694218 3.15320251823 -13.5340517968 -4.35860298822 
2.43819313937 0.277996714847 21.0793542665 1.41242183169 4.87172606767 -10.1951006348 -0.80144624249 -2.40763875406 -2.8267878141 -2.79347637455 
-16.8609038242 9.71097788509 17.5510326265 -3.66964607681 -5.90426663826 -4.92797525952 -0.0399270171989 -0.55526436185 0.0380232476407 0.848205199458 
-40.134089614 -0.915933627809 7.38234595056 -9.50301844694 -9.47052214847 3.0525895056 -3.37603737419 1.47404713483 1.04265968418 2.81208795527 
-48.6195140653 -3.75240628781 -6.77757272002 -0.627906442416 -7.32479703211 -3.04811235333 0.765806353318 3.00839053539 -0.041614093201 8.76646915027 
-47.4839701397 -5.0720561463 -4.14483446638 -4.28381048314 -4.90663891466 -2.03411172547 -2.54411182665 4.79664681469 0.381035986173 9.07086902864 
-42.3634992772 -0.597992311903 -9.52088587664 3.68605489077 3.63997454318 -4.82258496577 -1.28596950163 4.74198367259 -2.45489351062 5.30976059994 
-28.1715764384 3.04951560685 -12.8350772815 6.73523151624 6.0304610474 0.829625349243 -3.55579921108 2.94683850866 1.87746567205 -6.67731725335 
2.03737876919 12.598908904 0.54293823405 8.07448880862 11.2842356314 0.290463696833 0.190655381887 -1.38742412031 0.822225688023 -8.31655341533 
16.1890040415 6.01243253211 3.19058730323 10.069091104 11.8135749926 2.47883716829 -3.14160626463 0.189585757485 -0.8134009505 -1.45481012422 
16.6721174342 5.46902736218 4.05302786336 7.76923278944 7.03433106947 3.39131586635 -0.592789712232 3.00228545602 -3.15564703792 -3.28268344301 
30.2762474542 -13.9268698686 4.40696516627 6.09676610538 2.909303389 -4.37930875529 -2.45435532349 3.55710885634 -3.3102227366 3.16784592125 
31.3105650273 -19.6658450239 2.65299540147 4.96638011449 -4.53270960117 -6.7809108384 1.66679305884 4.45957466775 -2.46259117216 3.22525252171 
26.1064149249 -21.095540553 -4.44668415169 4.54422313859 -14.3127399632 -0.0501002037787 8.79611850571 2.13430531429 3.29452789911 2.11142620894 
18.9308535834 -4.54667629304 -12.9396872512 7.04289880317 -8.06407899059 10.7308576228 9.35830752333 0.852031636618 3.86623525317 1.21229504629 
23.0729491298 -4.86057123886 -8.70916901071 3.94894780938 -10.47663927 9.65778964408 6.14663681386 -0.0124703261259 4.13993440574 3.6096591606 
12.4353716505 0.727893183966 0.854968853885 1.94931667289 -1.72830584131 12.9548711868 2.9861186801 -2.26642590276 1.08140319888 6.90621553349 
5.67211477193 4.51886293461 13.4021049194 -3.52054195052 -5.42618116798 5.71959647726 -0.659448274744 0.632337715666 -7.39422012289 5.13713731378 
-8.15582598393 5.77211918342 19.917777491 -1.91795049469 -4.3309559802 -1.79079415003 -1.85324358116 -0.681907204548 -2.11603549704 1.33361929768 
-21.2897967958 4.91765960445 15.3284235979 -1.13112983715 -15.2195552254 -6.74676406137 -4.08786559621 -6.03200769186 -4.46032401381 -4.29048774045 
-19.701563714 3.93211994194 15.6421868552 -1.25821404347 -17.2759592313 -7.04258216652 -3.33468883258 -6.30696508956 -4.34704597127 -5.80598045261 
-40.265900803 -3.72780546668 3.77114899204 -3.41617567986 -11.9428851952 -3.20998258526 -4.33980825571 -3.23792408905 2.12456101768 3.7391284025 
-56.114717285 -12.1081321376 -8.94469304852 -1.00908669047 5.25024174333 -6.58041229785 2.86692665702 3.35742386982 -2.10105017724 11.9857115076 
-45.4386029611 -4.35783528026 -10.1267294461 5.45689216576 2.11650015259 -8.05524525265 1.78022084266 1.99689621074 -1.27923171062 8.15824779594 
-23.5733488682 6.29943842556 -10.1066550818 7.3823090334 5.00289017513 -7.20452843567 -2.19531790502 3.42901721114 -4.48029744012 0.286314729639 
-18.7026245337 5.14229209832 -11.2248758897 3.58085783472 3.48626801268 -4.13088437305 -3.64483005857 2.73555087888 -4.08963124233 -0.796187294193 
1.20206871953 13.2122282815 3.70506902897 12.8353807698 7.96126683844 0.621936374834 -2.43869285809 1.11858803684 2.00163348999 -5.39620962162 
10.0535914659 10.0839104876 10.4502197153 13.2332197891 10.7849990235 8.0482059776 -3.43700376699 2.50966160552 2.45063029888 0.864592223016 
20.2846140567 -0.351634505296 7.2880611363 13.1188323995 4.92208106731 4.77239020904 -3.80791954554 6.92339063396 -3.12533945243 2.63901937242 
25.3910466938 -4.58371666743 1.8271093078 21.7715742684 -0.89702444159 5.94142164632 -0.20144357366 5.56263906012 3.59599241147 2.93156851739 
24.7936658123 -6.01722889875 -0.326614133377 19.2240950299 -0.183639568338 5.63501762827 -2.78631338602 4.60989460104 3.844734898 4.45611586553 
21.8306010142 -8.99330212071 -4.41917011983 17.0803473521 -9.91740650234 6.09427425536 2.61133466283 3.60891279708 0.626897709096 1.05018138404 
14.4418322543 2.03229546441 -1.70319742287 7.26029752784 -6.81201486524 8.87837087052 8.21287741876 4.60750591054 -0.878194139894 -0.784039759657 
4.26419906002 4.31328997995 8.24190805402 0.00315646804779 -3.07128476424 3.0384258391 7.62010477535 1.01055027497 -7.66433981549 -1.03624024096 
-0.320167392468 4.71798016167 20.9668933292 -5.71697319215 -0.196635701963 0.0421810567019 0.336528766704 0.176813902884 -3.69802159584 -1.08578883903 
-6.5395131409 -0.00312638608926 25.9252025817 -6.44614014051 2.78685399337 -2.70146184057 1.24298819577 0.791440491608 1.75958847869 0.100467698821 
-11.1205549532 10.3853054116 23.3278011108 -4.24119994007 0.898766880118 -5.9058407015 3.28773821627 -1.24001888467 4.46248051454 -0.258180871849 
-30.6651245313 2.92159750789 7.8940550216 -1.16333463385 -11.5565391061 0.162066213863 -5.36854568697 0.0939129938031 5.30370882332 -3.87648781613 
-44.3776315418 -2.07871558114 -1.60746360427 -0.0424370168768 -10.1809634536 -5.11248456992 -0.0747213940621 10.2787515929 -4.14653664067 1.47747980262 
-49.8718811007 -6.79590089749 -17.4986325158 7.27161202538 7.58036005292 -4.31919307567 5.61795459388 7.57927855764 -7.27116036864 4.905582112 
-49.4880685199 -5.15843836254 -12.9552554258 5.38012285181 4.94764127131 -3.73278885783 2.04885950974 12.5936009285 -1.91944246082 9.42988772581 
-46.4150005802 -0.510061805968 -4.58036221004 4.78237214734 5.39790692053 -6.45342522381 6.23657614229 8.14443004955 1.89690380546 8.22010282797 
-10.0194982868 12.4953139244 -0.661398563328 7.93900871813 2.33837702303 -4.48538558742 1.91136002727 1.49143681966 6.51539362598 -4.62372403771 
3.95367467147 1.22848374436 8.63443530743 12.3835631584 8.23237433204 -2.20967874658 -0.384746314466 -6.75177498291 4.77296703422 -1.79119684475 
22.7641045029 3.2753138747 3.75499715669 17.2639156172 9.26425947209 0.959296036237 -5.7599081815 -1.50373677144 0.169053193075 5.41355494784 
23.5621294889 -1.3199855939 5.15039588514 18.6652773578 8.1825885575 0.724479690504 -4.07353244065 -1.06932099824 0.957838460357 4.66450552074 
28.3596774511 -9.86329825182 2.49419259781 15.5962088735 1.37659464472 -2.67762485732 -4.25068395152 1.76346618891 -2.31259892715 5.53499185223 
33.2347433696 -15.3933678791 -1.33530183061 15.7676120381 -5.02943280328 -2.86460103612 -0.655274543563 1.23162511195 -2.95691880815 3.3510642622 
19.627545078 -4.6814797534 -12.1705794537 9.54289893752 -9.98919737243 8.10518628234 14.7086898787 3.69283316492 -7.57804719916 -0.697221319113 
16.4329378479 -3.65456735535 -8.19786117064 2.38933807464 -5.26954318709 12.6918037997 15.5675292443 1.44578986968 -7.0447187986 -6.28985119228 
17.2568307077 -8.32217874147 -3.9405490633 0.992087408287 -4.877157943 12.7369524142 14.7109989531 3.0523830623 -5.07166919182 -4.92860638283 
6.6491485693 2.38254342279 9.66440384839 -0.999709764251 2.06362090125 8.1916273124 2.38706445996 2.8776678186 -6.60242028723 6.00283540322 
-5.12754596374 2.36634559854 23.536924395 -3.52854802322 3.30184017884 -1.08228227566 -0.127855493683 3.40732478338 -3.43171226677 2.64626755492 
-21.1230813376 6.9702515426 19.4801152998 -4.01151801053 -4.9890278584 -1.73085907101 2.55534778758 -8.55048222569 0.022721084254 2.24333376659 
-35.008886646 -2.07253680137 7.3830384623 -4.64699597979 -20.6163505469 2.38724880999 -5.72461704134 -7.09997052405 -3.5024683029 -5.61550412559 
-27.4038791856 1.06846873554 7.83262849897 -3.12041655849 -20.5101551251 1.88238475498 -7.53792709096 -10.2601600988 -0.54353672995 -6.24439484567 
-41.3050325239 -1.74707391636 0.117707969913 -1.47805986661 -11.9705453479 -4.17597668974 -1.43195646964 -0.656248803055 -8.40034709418 -0.343993785653 
-51.853213533 -9.99762346929 -4.27966041867 -2.09046218483 -2.63789937369 0.0181885763121 1.83087247978 4.36566257519 -6.40625557727 3.03839867457 
-38.4025463058 -0.612810010607 -9.31684503758 2.41441625421 4.99259976953 -5.05689396382 -0.550733096176 2.42468025476 -2.03513946176 3.07324366712 
-13.5458461348 11.9821954964 -1.39637133058 15.0463672902 -0.709019330718 -9.58043177296 0.436143448573 0.0269256785886 -3.09697796161 -12.2472542218 
-11.0432786038 4.71035749383 -2.6411889425 15.0810370547 -0.710996102665 -8.50712803829 0.0181576510422 -1.32386880599 1.51872880743 -12.0666686429 
8.116494637 13.3646300194 3.81860244741 14.3503039998 6.96699870011 2.86295901113 -3.87345277121 2.9755196221 1.45675443114 -4.83831205965 
19.3485952625 -4.44838987004 5.51395966211 15.8316118836 8.64447598254 0.636945011582 -5.31078149589 1.02605053041 0.626739240787 4.62928630761 
20.437901924 -12.6525351397 4.2977861703 18.7428614324 5.7915766167 0.677453057902 0.919966402215 4.18552798287 -1.95415669109 4.53220394616 
29.7925057322 -28.2454222258 1.84451626653 16.6316284699 -10.7364965497 -4.93351762182 5.876722047 2.81878793284 -2.4997899592 -1.26477392708 
27.5953480074 -21.8759506832 1.20829824227 13.8555770014 -13.8951572281 -1.22392173399 6.3444276811 1.66468623634 -4.75568027464 -3.29082440097 
24.1536466041 -8.52975805447 -2.80501649424 9.36690812836 -16.1449020628 5.14809572119 7.03874273011 1.10927550052 1.95630566263 -1.79925332143 
11.2584059735 4.1457455953 5.24506597287 6.9662734341 -6.29015181459 8.66886859386 5.22455384356 -3.32608453546 -5.50266803042 1.66293044064 
-1.00474178547 5.28541227431 17.8452781102 7.89312597058 -0.893556345452 4.24493153692 2.57677662748 -1.28401174263 -1.84430954553 4.88718930206 
-4.76528286651 8.71976515593 19.8917225603 4.71063096682 -1.85031840559 -0.12396484719 -1.86991740168 -7.0602500927 3.09212512672 3.29390553751 
-9.97735563689 6.5990451107 26.2226945451 3.39779356233 -5.70314070694 0.645884715708 -1.7762585161 -6.97415049668 5.72336320581 0.78993532455 
-20.082089194 6.25210295493 17.1065507295 -1.70983238988 -8.99423596881 1.25323575395 -6.71758734926 -5.93906922598 -1.93703681991 -8.55042130172 
-40.2766930169 -4.17946749191 -2.12282718656 -3.47859311421 -8.48346377313 2.65959838503 -7.05280009338 -1.53760350465 0.22346255439 -4.59127994447 
-35.035006477 -8.73342789191 -19.2355027575 0.309337253356 1.81035239457 3.96963825982 -4.5799435369 -5.01596151735 -7.97555662755 -3.41766974846 
-39.4167990303 -14.927501077 -26.0454016298 5.06726071051 9.57543353818 9.2011183162 -7.09340983204 -6.63154295924 -5.65770975956 0.549558197327 
-42.3513187154 -13.0034103866 -21.3039486889 5.3869061554 10.1458627293 7.87270855498 -5.18817706031 -3.33708499567 -1.46009819632 2.76158097075 
-37.285864773 -3.81103587564 -12.291429916 4.08329445905 4.76302674695 0.180015502712 -1.87500580892 1.78183834425 4.20642074608 2.06011578679 
-15.8095501782 11.0571223789 3.88159721686 10.5375568909 -3.54802846191 -1.0884351321 -3.83066584917 1.98774807958 -2.49326154594 -8.45416938364 
5.45559438659 14.6457351917 9.03280346192 10.5021903831 1.83951659637 6.79273918344 -6.5688120998 4.11076220883 1.2486786063 -5.03889134778 
11.0972096802 10.6167717061 3.70827283344 16.9511316183 1.79944755557 12.279826528 -4.83692365415 5.17839869101 4.1827519012 -0.289379621561 
14.0724845896 9.82045403888 1.71871471233 16.6781149008 -1.42672102177 11.5962565853 -4.94510036867 3.94591031306 3.97368821748 0.748711773287 
5.75508730263 0.407994106118 4.40857074145 17.6260231246 0.552625712057 11.6732225933 1.10531330694 4.37455133797 3.1268529183 -0.434988528948 
11.4827572794 -8.39532794483 4.01838090993 23.1493453849 -19.0915245165 5.704023768 0.789054604044 0.483874064332 5.17576184916 -5.93771745006 
8.23945218483 -1.28447216632 5.43733129073 14.1132453962 -14.3273612119 4.51523512843 1.20427169784 2.04803778292 5.22572678322 -0.692360267334 
-7.56816664422 -0.93353898086 9.77811600623 5.82904948271 -4.31493675735 -1.80031226676 5.87722076171 4.70161108465 1.49409331481 4.43245691559 
-10.0254607903 -0.879221665908 14.8704890502 5.20838701561 -2.39467321458 0.694669355979 4.91395245005 1.39412333835 5.6467005686 5.92765427402 
-12.5088248576 6.28699145821 22.4900356156 2.80302369197 -6.17075006176 -8.84823837853 -1.28691382057 -2.23650312177 6.20557778242 4.20991092592 
-20.0191450708 10.5734878532 18.1684669671 0.87368793226 -13.3117983868 -1.11671633788 -2.71628799609 -3.49404724519 2.13393980373 -1.45175164164 
-30.715042795 1.21902196508 1.98850219417 1.90318107052 -10.7903249535 0.206249097019 -5.44438018485 -1.47989264874 0.891333442246 2.10574765662 
-43.186403848 -2.6281790193 -8.19340223755 -0.997203378661 1.67449917537 -3.86036505177 -1.60695740295 7.51141603378 -10.1501770527 3.88801184537 
-47.8403919853 -6.2523527052 -6.82478911312 -3.12775620203 0.831610539078 -3.1590916952 -2.86128250973 4.78270828199 -6.11928638098 5.26321880571 
-49.8661214339 -10.2858446683 -7.27870146394 2.23733453474 12.0000566154 0.430949169964 -3.73481124855 7.53054788888 -1.09505682264 11.9422167406 
-44.0449687286 -2.54766394701 -6.74919579512 4.23437653312 10.5753170464 -3.62698391487 -2.25662973159 9.39949537144 -1.44145074896 8.24080742256 
-16.7932073296 10.3823051313 3.7637071973 8.11869762813 9.87677150802 -3.26094489313 -2.15039095456 2.44321363457 4.09225532719 -2.24547861945 
2.44078207563 5.8013676089 8.65404212348 12.7469032695 4.18762548635 7.26787249401 0.550007942272 -0.884167352947 2.60772500834 -3.36334195644 
3.17810861747 5.49827294346 7.58589957214 11.7864728098 7.6835923017 5.44217496567 -0.302259101716 3.00916613326 1.34531125047 -2.07841327956 
18.6137727199 -3.7525814728 8.70532428706 15.7368477828 0.939180712336 1.9111618737 -2.43985326029 4.02930441176 2.15533369745 0.960771299629 
19.9471340694 -17.1252210648 6.25317533083 17.0599948831 -2.64439267538 1.46477123427 4.13706254382 8.55393983579 -0.265114056705 -3.20523727765 
29.3969646135 -24.5912889132 2.38275278647 17.954343993 -19.3257391844 -5.00268877735 3.57823522499 4.45006442408 3.86927292564 -6.38007641312 
26.2390480334 -6.17955435637 -7.25260683426 13.9691856295 -18.9986786372 5.24895630446 7.90279601597 2.1789065836 5.13584026179 -5.38081431159 
27.238759966 -5.42703042405 -5.88193464758 10.7440872406 -17.8924772809 6.24378261081 8.26696251151 3.61503030354 2.50371030314 -2.40684149425 
0.739945604713 0.384065238238 8.90641707809 3.98894492723 -2.97972132013 12.803088593 7.68264910048 -0.716761009442 -0.321430041156 0.236611450533 
-3.88268385705 0.274139876366 25.0340057998 -5.43902009131 -0.425782082006 1.53728019325 3.76978590033 4.99392052075 2.03526326882 0.409021050354 
-10.6197008085 3.61500628133 22.4912353707 -5.48149747945 5.69330776769 -2.80652768813 2.47481426856 -3.39496532852 4.03724717691 2.54402696481 
-25.6778468592 7.86923195334 9.93890420547 -8.79137145054 -2.19815554325 0.815653482347 -4.38926194814 -3.93444231242 -0.42434312268 0.60908106149 
-22.7386401661 7.92046955268 9.58498950221 -7.46588617239 -1.8836188737 -1.29388431307 -4.08247610624 -7.0063044016 1.05195247416 -0.446868572367 
-38.3401240883 -1.79380103978 -1.1220865505 -3.5601386741 -11.9040403551 0.907208599477 -5.2685502539 -6.3997028579 -4.98887416761 0.0724201438643 
-43.4958283309 -4.65476556218 -7.08134385829 -3.68393051609 -2.34234025953 -8.589228264 -3.33529038289 2.83252915151 -4.28583141831 9.97856551653 
-27.5345488382 -1.06367858226 -19.0347849447 -2.14381991732 -7.43912334757 -9.98232245206 -14.3488459764 8.25011842391 0.261596484524 3.51843054301 
-32.2949714698 -0.597324716418 -20.2661812718 1.15461968894 0.861121076359 -9.56452155318 -12.2980613454 8.06369032962 0.443113811876 2.73741097508 
-30.7066498482 -0.711977977895 -16.5602632834 -1.93440078753 -1.68989886295 -10.7059505993 -11.3937224204 9.09452219325 -1.56228878491 -1.16081589244 
-11.8615503653 6.99160098616 -9.78733634209 -0.388941235797 0.187082136762 -11.5039616022 -10.1277459504 8.40311924214 3.58317913733 -10.968157379 
-3.58895732511 15.1004736372 5.4121668649 7.21452725351 2.51249822233 -4.74520665208 -7.66624024751 8.78031005074 3.62660796647 -12.5437639929 
4.78754508055 7.88721616366 9.6450680098 7.84393162447 9.25479741947 6.40689135341 -1.36937289 7.84326334047 3.25325211484 -9.39991448653 
12.557580573 -3.45324500219 8.99324776712 12.7588099073 5.96919495797 5.80577439839 3.18877851188 5.90700624366 -5.37159408677 -4.84965914657 
13.5480542128 -4.3502791026 7.17496884342 15.8595820126 2.58059526937 8.11752880826 1.72303371855 8.18147367019 -0.440689351045 -3.12212461527 
2.79832099914 -18.6570666667 4.958874453 11.6218999 3.56902185573 8.30983941307 7.69766795367 4.59986947872 0.16823828103 -1.10901645953 
8.09627345823 -36.9635400508 8.74871782567 12.323124401 -26.1824815936 -4.02801201765 11.0222797452 -6.16772398363 6.22718198203 -10.5284488971 
0.630694034455 -26.4546652708 10.9568815518 -0.126495986832 -9.00607561631 -1.54518508245 12.0177467673 -1.71772241271 6.04847128599 -5.86928972522 
-8.13115549082 -13.4310561562 18.9972892311 -4.05392370751 4.21602445142 3.4050278488 6.41595090243 -1.50942708607 2.35218867557 1.28967503956 
-12.5428924574 -13.2371344778 21.6042587102 -2.42623539056 5.10182666703 1.81384194706 3.69446324571 -2.09946305016 3.11186633877 5.5556534958 
-9.44882792322 0.131148574327 20.5441807517 -1.04608636176 3.6851966339 -0.00654770875958 -5.08571305023 -6.0229146981 6.55075152378 8.14224661352 
-14.5025181934 7.0557675228 15.9807360808 -7.66969814318 -1.4510362375 1.3726458857 -9.33413499148 -1.2088576128 4.03157153822 -0.263853606979 
-17.6926340412 6.54750375667 4.86419286601 -8.41392414127 -11.0214390515 5.86892282967 -6.75485364846 -1.64384427183 0.0319526019411 -4.02194511073 
-31.1262018399 -7.89969182723 -11.8389927725 -3.59229544596 -1.24661111906 11.6315049357 -5.55449216469 -4.71141247555 -4.01940471649 -1.10841880531 
-27.2637317785 -4.06076656926 -8.5788137689 -6.87257395974 -5.12866880425 10.7187281415 -7.45042839222 0.842988495504 -6.66521116179 -0.730804195274 
-36.9542430041 -8.06924295959 -11.915973499 -4.43986615206 -6.26822669599 1.58021190089 -8.02056374717 5.09810031401 -2.01103286662 -0.383459283738 
-37.6144139708 -10.9663607657 -17.7956328577 -3.96338810874 -0.111947240825 2.07609611348 -12.8496492867 7.40829102998 2.82281889836 -0.819403230531 
-27.3459241268 -4.07356310051 -10.9620440863 -0.262517837645 -0.452853116032 1.82490137811 -11.4652104107 6.53372305352 2.63884333997 -9.03809946083 
-7.59862099797 12.98625284 -1.02315798097 9.24430256645 -0.087065339342 -2.01358523997 -11.5851180251 4.82975564761 -1.70720126048 -11.1830727143 
-1.49676303434 11.3103865123 -4.12749705562 12.5045196496 2.20565053863 -2.65895937143 -10.7418576935 4.63035352825 1.51639331413 -10.3359467676 
11.3017132435 11.2043637575 9.39873894201 12.8204261314 -4.47080626883 2.43927665539 -9.06367901241 7.7494172526 -1.17608785204 -3.12482964526 
16.0415060239 6.18477629796 8.9860967102 10.6435150748 -1.04904973413 4.95787701214 -6.09075040465 8.82246511788 -4.06666626164 -0.648986121155 
11.6502478299 -6.4272617534 5.82851770314 14.1492227141 -2.96319369738 6.99783018638 0.909655076002 7.55722771579 1.39935177719 -2.58955713221 
16.4585930494 -20.1031563193 4.19215609836 16.5044896512 -20.6724924359 -0.67679788145 2.07375962215 -1.11017811146 4.35110695112 -6.08851759594 
13.7762125694 -20.0181319145 4.81913643429 15.8851980784 -23.1315962715 0.501772251526 3.71418857182 -2.36231518812 4.03391423502 -6.28737288158 
3.71167154647 -21.0581831872 14.2934603375 3.40580192737 -14.5693006669 -1.67215114549 8.44205789093 -2.07526525677 0.868758161236 -3.49763580592 
-6.47652738229 -11.201843428 21.0888496993 -1.45829137197 -4.48365283952 1.67983763521 2.29680561177 -4.96440262647 1.85729502199 1.35324347205 
-4.28266825837 0.616665596524 20.0583332246 0.383363552555 -4.94353585147 -1.83123357599 -7.32265457575 -6.53828508261 3.01606140048 6.71251394866 
-8.09378007001 10.2963361975 18.2559526843 -0.981722784913 -6.9448713347 -0.41970366429 -13.6238578086 -1.9013472676 3.82612182734 3.51222443066 
-8.42940343007 11.6566345146 18.2465953756 -3.49538324186 -9.84272719544 -2.68001159675 -12.2915761592 -1.56577873371 1.86485445989 -0.963119970762 
-29.8335827842 2.64722728991 7.15720271681 -7.06757103517 -14.2581827881 -2.32190330058 -11.8351203269 -0.700666610228 -2.65185941864 1.29453965585 
-44.6859496798 -11.5923064028 -3.87474454708 -4.57912871845 -14.0490386747 6.18367990677 -8.32565652741 -5.47754362145 -5.83889032313 -3.85173931801 
-34.4432796659 -7.43773936813 -17.1446889236 1.92696487592 -3.6646867682 3.83743846906 -13.896829013 2.52877967553 -3.27331629566 3.50391828406 
-25.5077213956 -10.1203221534 -17.6877760492 -0.430506755153 -0.612846454132 4.54003190668 -17.0129085559 0.388542832224 1.91245672372 -1.93216919344 
-33.0782747115 -16.9440750921 -15.0432001413 -4.75115087141 -0.679358155287 7.71436409922 -15.540935895 -2.56931871025 0.51125594439 -4.22852990982 
-32.2612470819 -12.5099421319 -8.87869490784 -3.23102368976 3.38896487119 5.12251371838 -14.3782634611 3.32373174919 4.26186177041 -4.47554999144 
-7.78121492396 8.75270258603 -0.408590908877 4.46497500606 2.39836985877 1.22854826607 -14.6332014233 8.41566866797 5.97957911329 -9.58964327894 
4.26643007095 15.8802620482 12.7349085993 14.8540033704 4.6889247766 5.29512914946 -10.8282876985 4.13765468371 8.78491088263 -1.41000103779 
16.7208395878 6.18448770774 9.75586893694 15.3203325158 5.52351452296 5.25788019551 -9.04667900146 2.91187230409 3.47872212227 1.53701400096 
22.032508852 -2.33542799676 8.34631574396 15.5940850859 2.74527230038 0.896706601224 -9.61996589861 4.49457834259 2.9699565758 1.19802632209 
16.6904386404 -4.01424625597 2.1274981673 18.2762684837 4.17837464107 5.51361463028 -4.95116220136 6.44793166027 3.64839762498 1.65552040841 
19.6135276253 -12.6950508958 4.47762695748 17.3810647625 -12.1059781492 -0.466759856642 0.239245321113 1.13998403351 5.76825446914 -4.4155474731 
2.14773873175 -14.9919729143 5.4214660238 3.03092686706 -5.01598809462 4.64346875706 3.9292360596 0.698063961739 3.98261944487 -1.75381954731 
-7.51087214334 -18.2926955079 14.8267703765 -5.75617692507 4.14441666608 -0.242471752543 10.5938255251 -2.29745981664 0.762452191934 -5.18650092792 
-8.54161047903 -14.4440732692 20.1500577072 -8.12192558382 7.40614597762 -1.3089991841 7.22405240925 4.14832721484 1.90510175624 1.63055931869 
-11.5904129761 -8.76761133289 26.9088469877 -4.19848329705 7.61915676951 -5.30238477393 -4.73070612991 2.91407766008 5.0487881105 3.15632552727 
-21.3878318355 -1.40607429386 24.9558085249 -6.43896619003 11.5429540356 -1.69998363735 -5.68539671579 2.44403744579 7.12228707778 4.77285428389 
-29.3770150337 -0.669092543606 12.2885781792 -1.61892003937 6.59884233747 5.25065469794 -4.84436765392 -0.316610596935 5.93328936746 1.98125169431 
-41.3615608922 -16.9369581317 -0.275713433634 -6.43967866094 -1.14322551995 19.0647328144 -6.82251222134 -13.3362086087 -5.27580037799 2.45262885414 
-36.5973805571 -13.876445508 -0.13688105318 -7.54003896676 -4.7381654033 20.077037206 -9.21858217553 -11.296533329 -3.42218049391 1.62233787494 
-58.4540395191 -27.5540126566 -8.45081253179 -8.59578034024 4.0759173445 16.1237256318 -6.75522415385 -7.7954548701 -2.57803705854 4.17704433408 
-36.239797542 -17.0962752462 -11.2731650384 -6.0564901645 0.556138924761 -0.902992370264 -14.0109387898 -0.94021879169 2.44269463192 1.60822319533 
-46.1700909708 -24.1494682563 -8.86246426458 -7.17084824333 4.86621257007 6.74164664389 -10.831665665 -0.846191070751 -0.290655545669 -5.28238307638 
-25.6439362355 -4.66285816439 -9.49042434413 0.413135899344 0.982194509217 2.15426967906 -8.69448994817 3.38994948928 0.832085350073 -10.0191999358 
-26.5755762085 -6.00308393922 -8.45265986798 -1.3062519123 3.3106067442 0.626049178533 -9.04136544134 3.9655517984 1.79089401187 -9.91838521779 
-2.33814411575 -0.733673963153 6.46656755464 4.74890979507 3.74295104939 -0.946349435538 -10.0831678029 -0.834706984409 6.56617400912 -6.55573361652 
12.8890644023 -8.70801588932 11.2024231553 10.4542814828 0.613961853022 -3.03490493427 -9.70221251173 3.69005054978 7.64433200361 -0.878694288317 
15.8383564848 -6.60287069286 6.65577235574 16.0433397317 1.5145015431 5.47996181736 -3.48147520894 8.5033552254 2.75957451285 0.706567481849 
10.0775583368 -16.1336744477 6.13843007352 17.4494735595 1.01088192573 7.12919607353 1.83594536341 4.85843602894 3.00911267006 0.155411524306 
11.4020300488 -14.7728591216 3.69297405339 17.5721940787 -1.55655899603 7.97346636484 3.18039221795 4.72094406858 2.26073218044 1.18578967178 
6.15777276679 -22.4574203551 3.47235082129 14.6505778015 -12.9820811716 1.7260797934 8.06643118868 1.29209420772 0.0499509554335 -1.86350918763 
-1.55721158704 -21.5359888821 6.28150537784 1.76552401993 -5.24444290667 -1.05998785268 12.0608026256 3.4054842376 -12.4464736798 -6.65693344353 
-9.21841568739 -24.0622050249 18.4518767157 -7.19901438751 5.94226682924 1.53608434901 6.70608110296 4.45625316105 1.88461842968 1.44424908204 
-10.5698462299 -17.0664929615 24.4916699338 -10.3115216175 -1.2247808323 -1.9389585205 -5.38185528618 2.66310334187 6.1009482815 2.96833914752 
-8.88206030294 -14.2360155489 23.5652864397 -8.68949085555 1.48399066978 -3.95769691836 -7.57648152673 3.7282640015 7.62253239352 2.88373908011 
-14.5460416916 -3.57070733097 18.1976986209 -6.53449831483 2.19195304829 -0.467132776175 -12.8897193838 -0.266484108855 13.0980080483 1.22647381489 
-26.6372556002 -4.02898639879 10.2702401002 -5.77719539281 1.74072509444 7.09417680052 -11.7672127235 -1.47585666753 10.4144734471 -0.959045901792 
-50.3880459699 -22.9082748191 0.798766846526 -4.2741093209 -1.64069052016 24.8138819894 -3.53371239725 -16.5766170422 1.93067735982 -0.780739986661 
-36.8135203583 -18.8633770555 -6.6042534774 -0.63329031071 -6.08021822655 23.2293971058 -7.68564728203 -20.1851115305 -1.57748154843 -6.36795072683 
-47.0933339602 -25.5546995322 -7.69534363125 -3.59183698506 2.10074382135 25.7916697598 -2.17417149619 -20.7564640712 -3.02876103218 -6.44996299438 
-29.1084318245 -12.4955822456 -7.53415459565 -4.63407102079 1.96831730144 17.0308605294 -6.66626857274 -5.97401500045 -6.63543128827 -10.6207693072 
-31.9390879551 -4.71072606577 8.47230090042 -5.26286118083 8.67413636011 8.5828147815 -1.82125789022 1.40650103331 4.03838349212 -3.82544662507 
-10.9326470401 2.13163072797 15.9428009057 -4.10874179306 6.09791928428 -3.590600208 -7.81248217598 8.20660052469 8.84404439656 -8.08130227674 
-0.386389046538 -5.63147714554 14.1734993999 -2.93195360631 8.72543313098 -5.6475345534 -6.33108883711 4.62811915729 4.84299867351 4.99096780723 
7.24636609895 -9.32586547396 17.3820648674 -5.37598502326 6.56916770305 -6.367367144 -4.2695000585 11.6232436478 1.49091334542 4.36610781547 
14.4272821477 -18.5470226896 9.96787479838 -10.7761025318 8.40844736754 -1.92096833434 -1.06361355374 10.6334195494 -0.219900856437 4.09124668507 
25.0150935844 -23.949481914 5.84905748483 -5.98415728172 -0.961542103377 -8.92045229839 -6.2783916281 6.67236203845 5.00376033798 4.62564626639 
22.7266670311 -18.5865573429 -4.53292450379 -0.804224361967 -7.69504617436 -1.95090452299 -0.0145016163857 -0.978267729426 10.783142223 -1.91452950366 
14.0234792779 -5.50899085908 -13.6217637866 -6.85857989914 -2.42291864898 6.02584822945 7.68652669551 3.19703853118 12.0318627916 -0.394845273263 
10.8897230524 -6.85081795074 -12.6586894623 -8.75255567483 -3.79416571184 7.47639400021 11.1990301742 3.41724554887 12.961504996 1.09875302053 
13.0364423172 -11.7793904283 0.479964104121 -7.88262387613 7.10483018121 5.64556116486 7.9713450077 1.80614892342 -1.44097957214 -1.64884739365 
5.80537112682 -20.5279185715 12.0446269172 -10.5021150112 5.95219868128 -7.87451429896 2.40155799536 2.30540543268 -7.64218044445 -6.30692686437 
11.9656278186 -9.93896027962 15.2948762613 -4.18778464873 -1.71332360714 -13.4625194761 -6.6364426725 4.41876606402 1.48232520821 -6.28932285586 
-8.9808792045 -6.34727835605 6.78354603937 -6.74579251386 0.794363367589 1.1116564097 -5.98320219663 -5.23859371022 7.19855055184 -4.17992372684 
-9.51488995816 -2.11195400929 9.96057195155 -6.58797512192 2.50234845365 3.73214478859 -6.57152365504 -4.69828041559 7.37577994807 -2.32138358223 
-27.4362793898 -13.2484389411 5.30753569185 0.15145585282 3.07742819205 11.5658722509 -0.774226582225 -14.0645485063 8.88463823313 -2.25444391105 
