-33.7113455851 10.8251731454 3.87366911921 -13.2748137801 12.6642940163 6.58798162043 2.31534734624 -7.85356802212 10.7174424095 -4.44534034948 
-31.8362137887 6.36391833149 5.91662759771 -7.77971685027 15.1712254425 4.26774846596 2.35311344691 -9.21692805367 11.006150919 -7.2449108636 
-30.0154325764 4.98702620061 7.63931964692 -7.55585924422 17.375792961 0.95876580397 -0.346835225986 -9.73540114519 10.6365753603 -6.93866227167 
-31.7463322427 7.20470802588 8.22815001233 -11.3532635977 14.8084106001 -2.58057054443 -1.1092687237 -8.62287004562 5.20352532044 -5.61227511729 
-33.4278329378 6.84457487386 11.2722371675 -12.2216609682 14.7096086625 -4.60874329114 -3.4859775517 -10.8001652276 4.00530042952 -6.8944776375 
-31.668878927 8.23847327979 6.81312797599 -14.7823998724 8.49046900497 -10.105302595 -6.39342911528 -13.6218635713 -1.23870051781 -2.70834014751 
-30.6752393461 5.95655665334 5.2008440314 -11.7528515176 6.04748181439 -11.4104974327 -5.02657569381 -12.5123779477 -3.33009276961 -2.18408973311 
-31.1250474817 4.18042039558 0.641826685582 -11.4460029816 6.52021666644 -11.1500452479 -4.34795563082 -9.42826687093 -5.27001217841 -3.40592675043 
-30.8163826496 3.51406776758 -1.13538763592 -6.57114620451 8.72418123079 -10.152360322 -4.047878212 -6.57232744558 -5.2642125956 -0.493413133896 
-30.8348279056 9.75158797892 -1.2765906749 -9.49463950301 9.91984750432 -7.35424401088 -2.48548183292 -4.1622821041 -1.95059631716 0.405850609766 
-32.1044599484 12.6448402994 -4.39801327089 -14.3187653578 7.04035090312 -5.77842737403 -4.55507086175 -2.61790200042 -1.33489397898 0.320530595484 
-27.3495881252 9.93222850779 -2.74677606118 -14.2820680721 7.30772468938 -6.55881907989 -7.27384348962 -4.48638566873 -3.16419428516 4.92841440901 
-25.6722609098 9.22305235961 -4.6254394585 -11.9567791114 8.95240159589 -6.01685820121 -4.88392773887 -3.41267491428 -2.59790629468 6.72209457033 
-28.5151935155 6.06611239971 -8.38838786242 -14.0429936476 10.2823536493 -1.61251075861 -1.63409362906 0.00361299265366 -2.1337831366 4.62797172615 
-26.3607322097 6.26425913319 -11.8835628362 -13.4678523989 10.0230320615 -4.71181828506 -0.196817303544 0.793636164005 -2.61591933112 6.8194200731 
-27.5775735692 9.25582416747 -8.33323438068 -15.444124541 10.4687114035 0.431416380731 1.80522876134 0.586636806656 -1.46020483541 6.23394544936 
-28.6935655286 7.32918658352 -8.07247005381 -12.7642727594 11.3664503378 0.290740762743 3.55759295802 3.19224340114 0.393114506691 3.45092250984 
-28.5645127838 10.4607691242 -5.49631927047 -15.7592835357 8.8556285906 1.8041171999 2.79266093827 4.18062012801 2.12367974265 4.55817991389 
-32.3772777111 9.78759296966 -7.431664939 -18.4172954382 6.09092147525 2.57877664612 2.92634753781 3.86194731072 3.02222754232 2.46745015572 
-33.2528594637 5.39290512901 -10.4225937163 -15.8760408542 6.80202884457 6.53999258942 8.039086352 4.19258857425 8.95192700338 -0.145066161205 
-33.8494023415 5.69718063781 -2.82129099581 -15.8395773339 7.17666773224 3.71235444147 4.93562862973 2.48795362681 7.42913430166 1.99450711837 
-34.4884193699 3.97887412041 3.07586799381 -15.7293986475 6.29887933212 3.07180910938 0.951974058023 2.47499189888 3.38045133523 -0.861560650712 
-35.460531273 4.92779723811 -0.0281445878736 -18.0311918795 6.31676379501 -0.659908806554 -2.74999124949 0.110883775499 2.15239867431 -4.34316562416 
-34.8838904314 4.75912235541 2.76196155897 -17.3357822888 5.18581606533 -4.74980494278 -7.5891720931 2.27666147318 1.20990874208 -5.40327011447 
-36.6340267335 3.70887940914 2.51339434444 -16.7879157049 8.14477045559 -3.03342882171 -6.44544479636 1.76194238312 2.34132946654 -6.70186370923 
-37.1683793472 2.03517609127 1.83259372639 -13.9883424403 9.67436097582 -0.906678177639 -5.93195923136 2.54718693971 1.76238272346 -10.9976216771 
-35.7883278489 3.20962990734 5.80236529057 -11.1906231783 10.8553143084 1.18581764251 -3.93848580119 2.50688788995 2.64695257172 -9.04699151121 
-36.4703977874 1.51418902942 7.43885071983 -8.26668936993 12.4290262443 4.22089377236 -1.19820684479 -0.460191213473 1.81948489064 -9.51792081123 
-35.2230642597 -1.96728657041 -1.25482659524 -7.93933613524 10.0503222507 0.0896607629888 -0.665876536872 -3.87790123293 2.15915413879 -9.20275169573 
-28.4360222876 0.0238157758022 -1.85332483474 -3.78304823423 3.90655268387 -7.33626792489 2.07059424672 -1.46042124115 -0.180636106953 -6.0068380489 
-26.6518247797 -4.36881647251 -6.22892705433 -2.74751765553 2.69387069427 -7.41653878619 4.92549483303 -3.21720030105 1.60510032365 -7.29128383817 
-23.2661243233 -7.70166792564 2.37412362483 -0.181972053451 -1.66801491998 -9.99523712961 4.19214687609 -6.53040419813 -0.245726005412 -0.611488869493 
-24.7810090681 -6.76612683293 0.752748025637 -2.69356519072 -2.71756951461 -11.2001393284 2.36078997035 -8.06296835522 -3.8181237747 1.45223637663 
-22.9277471317 -6.22164943388 -4.56734029999 -4.47874164224 -3.67730358586 -11.9901724954 2.03779516468 -8.04917456784 -3.67496354959 6.05926849075 
-26.2723723108 -0.632168120724 -2.80835212397 -8.34998044728 0.542587261018 -10.2785115569 2.03888894761 -6.85649695776 2.09681655088 4.84764298788 
-26.9777676807 0.485971219064 1.44093689625 -12.146125559 0.923705543125 -5.81093562485 -5.36017217573 -2.68481385844 3.25284800273 6.97167389737 
-27.0041595138 1.6971789884 -2.10680224406 -16.6336599361 -1.54110738456 -4.55855436102 -7.3542886926 -3.01168383665 5.6399936277 6.72868911327 
-27.5061076164 -0.295783647795 -4.52456398979 -12.9573841002 6.09172188441 -2.91734368645 -7.02791838921 -1.67008250241 8.71141326236 8.43826324173 
-28.2282415867 -2.96812972084 -9.15700920244 -9.10091842854 7.96881799955 -2.739422844 -6.79389347898 -1.32114792376 9.54062124571 8.04998630207 
-27.5060898126 2.30004012178 -9.85751448793 -12.7059695595 1.79324900567 -3.06167053794 -10.3000536861 -1.92428034985 9.98518272516 8.35555477213 
-28.7775015891 3.48255121707 -11.6710486073 -12.7938932618 0.611011640251 -4.05256185215 -12.277483607 -5.99727232523 7.51894797059 7.97068636074 
-29.7595000805 3.97998722279 -13.4041662188 -9.81251521016 2.05747101574 -6.59269381675 -14.9850546783 -6.37718171334 4.02427700986 6.74158508849 
-26.9115009907 5.53939100544 -15.6067209054 -9.60436468031 -1.58404761968 -9.72839390451 -13.4198540155 -10.1149219648 3.42337487657 5.6350977989 
-24.6216473797 10.4811648863 -14.4462776311 -7.99796610077 -0.633794008744 -10.4398747359 -7.58580136573 -10.2932060584 4.49500136242 7.55242472153 
-21.9732754531 12.1674163007 -15.323715756 -2.75467792698 -2.6498939703 -11.9975549815 -1.91502814215 -9.86170286922 1.44590168384 3.9462644029 
-20.3402946996 15.8185423496 -11.3873326336 -2.59909369029 -0.322283625965 -5.23869863614 -1.02665356847 -7.23634303464 7.10385299013 3.71147365516 
-18.4144137677 15.4114073123 -6.23895331962 -1.49307813516 -1.70666601054 -4.61332738552 -1.32126872869 -7.71652438348 10.7679606828 6.63877697232 
-18.4226692136 16.8771781311 -7.37553452512 -8.97118988439 -6.40164919762 4.73983158021 -1.4733282712 -1.28516549974 15.6981179727 6.00971892261 
-18.8054769032 18.6126226259 -5.03321252646 -5.03028458629 -2.84193816253 3.25215176269 -0.447068484843 -0.937322962992 14.3739366235 5.24324803045 
-22.5915918935 19.1132160067 -1.6649289079 -6.2009701533 1.20603516694 5.53437344942 -1.32641988744 -0.789681085327 14.089863132 8.63320212841 
-24.8311855104 17.4421143482 -0.926373268366 -4.48822371451 5.07944414807 3.31318323559 0.245051114136 -2.1451843386 11.4304020094 7.26967955466 
-24.7280895017 16.8633234638 -1.78497394802 -4.32932320009 6.75488754166 3.26626094418 -0.0648274193609 -0.93187732759 9.50232556497 8.4636159642 
-22.3402583939 13.9517291687 2.45332784717 -1.18449158171 4.85651174057 3.93465373989 3.87220738692 -3.91399907348 6.91417128665 8.40350163486 
-23.6257714005 13.6869507163 1.18171442527 -2.36511884065 5.37306890336 3.04109461801 3.22259326567 -7.63160986068 5.63878923447 8.12867392298 
-25.8984894766 14.7131343365 -0.0465281710079 -4.77429826363 6.43116503188 2.72977734976 2.5310918071 -7.68615775364 4.03475745072 9.022281196 
-25.5532844508 11.5226724481 -6.60498082193 -3.78176175695 3.85842506107 0.718669483043 6.13837792566 -10.2499564866 2.95088163339 4.27118030316 
-25.288529284 11.7887336089 -1.10659832985 -6.92375105704 2.58915291959 1.20186235466 -1.49191356783 -7.66958582205 5.16534177429 5.65809280163 
-25.8068180485 8.97836964637 2.08092501589 -6.50427734331 2.62494400087 1.64911520158 -0.752096025183 -8.97482037307 4.84242651758 1.92544369533 
-23.3346980674 7.47216996105 0.0629320238346 -8.71365681281 0.852457863102 -1.68933812476 -2.64895241176 -6.91257208816 4.97499685406 4.97940284689 
-20.0434911074 4.33122388833 -4.91927330904 -5.92379864463 -0.463061122036 -6.38382031133 -2.0614839587 -7.41448078672 0.756207028859 0.367411466075 
-18.1728558726 7.45998441741 -4.31612327887 -4.00826915209 0.961133148138 -5.54841431194 1.0877957517 -5.69006463233 3.14446990507 3.16083099192 
-16.1464261306 15.0203139477 -9.45601925488 3.36919566935 2.84016332394 -4.71677473425 11.1982412615 -6.03533391127 4.56693897338 -1.52211850708 
-17.7068707867 17.3691279875 -11.3062746688 3.01140862424 2.16871556291 -4.65581084458 9.81938459992 -5.44336743567 2.1397668957 -3.85930824128 
-20.7931855584 15.8246338612 -10.4407917566 0.744345714839 4.37988004345 -3.69662120443 8.71657409254 -4.59807164962 2.49552147538 -3.46240521367 
-20.6341146841 15.6983271918 -8.15364870839 1.06024418289 5.61910549525 -6.75667875391 12.3484978834 -6.53351395782 2.69364950511 -5.09614220228 
-21.0430725874 16.1933064562 -6.63899455171 0.7903875335 5.75785236122 -5.70077152654 5.48241845535 -9.48477551391 0.838995405231 -1.51746219 
-23.2078169109 13.2637649834 -0.652789996782 0.246225436694 5.27082225793 -3.77239313716 5.56427347388 -8.05353088746 1.50711938643 -0.595085685764 
-26.0150639702 14.7002134247 -7.58219546544 -3.20622481212 4.68534163357 -0.949949386291 7.61501480285 -8.70558593515 -3.78478197107 -0.530865637825 
-21.8125926122 14.8464238476 -8.8245308102 -5.45754682462 0.100789318131 -0.904400047398 10.5897814339 -11.4078406577 -3.61450345088 -1.81435923758 
-21.9862761956 14.1448531082 -9.99919256174 -5.15031916851 2.88766526881 3.85353431899 10.8949733724 -7.90021564499 -2.05481003703 -1.41311569796 
-22.7858680495 14.151574319 -12.6535875643 -6.9688307103 -2.08789233422 -0.263644094052 9.62908970975 -6.28124594861 -3.64675660034 -3.91377244777 
-22.7259116508 12.5902944543 -6.21417423189 -6.33400653231 -2.41367257762 1.4722760346 5.19308019458 -1.40879029958 -6.20539799449 -1.85396329088 
-23.4923527573 9.74225744076 -10.5455368055 -9.08856678216 -5.67446826854 -2.14788539865 2.83523087218 -0.673997513778 -8.00744579759 -2.35538914995 
-23.1158973085 6.38779753244 -13.7304228714 -9.25402932021 -6.02338100459 0.268732876439 0.614945497066 2.65219887128 -5.88087544566 -3.81187781273 
-23.0785517531 2.46355358391 -19.1053482435 -8.70897492349 -4.33260791263 -2.48362325617 -0.728427817966 2.43228254316 -7.29009723589 -6.12769423721 
-22.2931922087 -2.38568746604 -28.3650475641 -7.12322602036 -3.46232823488 1.39595039276 3.74226221868 4.02579259042 -6.17141994798 -11.9734255677 
-23.5234443191 -6.78645383525 -29.8142107928 -7.47348994019 -1.87958819484 3.59030963907 -1.02371909017 6.75452496924 -4.65840922166 -9.8446730256 
-26.1824982492 -3.49047677711 -23.3860786806 -11.0710969119 -4.9667135134 3.61000469571 0.44659767123 4.00534572658 -4.81580912059 -6.72201141767 
-23.489161738 1.55353394922 -16.5772029301 -12.5216152926 -5.89476287338 3.72443717758 -2.73102864047 3.0992917047 -3.4770429968 0.592114338243 
-27.114395236 2.63741399697 -9.84986286281 -15.842156701 -2.69392611005 2.05900208569 -7.21695561041 1.0343772708 -3.98146294631 4.04346139735 
-26.3269909843 0.762020696069 -7.18436027433 -11.0569647929 -2.00288128123 -0.749415296326 -6.75163006764 -0.595201844874 -5.9566340271 4.50344973285 
-26.4099695764 -4.42344157033 -4.75170715981 -8.95156562388 -3.63925774618 1.01825397237 -2.65384466491 -2.06332669654 -3.74049431229 1.73507991595 
-27.0206390915 -10.9861899111 -6.12170939829 -1.80863880938 -1.32629194216 1.87051664103 1.15982983814 -3.1774681899 -5.99702704299 -4.91739964265 
-26.6730305305 -14.185812996 9.63464444775 -0.362215359449 -1.63501371569 6.09509803757 1.93843477136 -5.12204504617 -5.80623504175 -6.88644358374 
-24.9678944521 -17.2164713006 10.1479037098 -1.81568677051 -3.26835810937 7.00711860127 2.33578466194 -2.41278832786 0.304098243125 -6.46003452638 
-25.357849144 -18.8145092071 14.1926177314 3.49784977791 -1.89840767067 1.90570259615 8.5300769147 -3.03345262878 5.03241774285 -7.73484109897 
-23.2195365327 -26.1772509474 8.46941948131 7.51950186815 4.91496672445 -2.37654626647 8.74653504915 -1.04643336808 5.6500116312 -8.92136488719 
-23.2405720711 -23.0356503932 15.7240800313 12.9838772141 6.44758450923 -4.09970261623 13.8681262852 -0.259424536806 4.00781410591 -11.2042664772 
-19.7066051685 -24.8160975317 1.01619460148 10.0440585995 12.3450289327 -4.14203704841 7.75411999229 1.43992828003 5.14490489368 -5.71340341509 
-16.1580771071 -27.9284363071 -8.61948042992 12.5783150571 13.904944343 -7.54135506394 4.17521493994 3.04714751674 -1.76128114247 -6.08713394924 
-18.5531414707 -22.3635675801 -5.75072443718 6.13373627786 13.2823145895 -3.11646768895 -2.07712052818 -1.55098882118 0.7570350329 -0.258737725191 
-16.9755466237 -18.2696325248 -9.14154943673 3.94896245531 11.9893117465 -4.08035814734 -0.684081439028 -1.77864209189 0.579789070999 -0.147359227148 
-14.888547091 -15.2671674261 -12.2258962186 3.47293091703 11.7640459432 -3.10428464931 -0.446139169189 1.08862720908 1.52822133178 1.90584991099 
-13.4214318635 -16.4271801399 -9.23875720698 7.35504699524 8.91676612368 -1.66145279119 -0.268589037412 0.331187467156 1.68542988547 4.43869056715 
-15.7113556713 -12.5449061206 -5.63520751375 3.52545942692 3.98452699223 -1.35188187335 -1.55742438426 -1.54278220181 3.4471563666 3.96177642222 
-7.26942475519 -11.0949389443 -8.07827036596 9.19671316008 0.566347671233 -6.58707219707 -2.46943042394 -1.26171164676 4.6587703196 2.37942331392 
-5.95592534511 -3.92923321001 -3.32238342092 15.100570873 -0.132333062679 -10.9065129764 -3.27464381742 0.621686702588 1.70168629533 -0.842680865688 
-9.37969141399 -2.87316216007 -6.52430512164 11.8861751407 1.24652164815 -11.7469488296 -1.21826732339 -2.21513644705 3.59743331496 -2.59989686737 
-6.94955480442 -0.215425049024 -10.9488986399 10.5413038052 0.798425326522 -10.1357774301 0.434406467971 4.20748881429 2.36101032957 -3.38411697202 
-7.31148443478 -1.34783785628 -11.5072378017 7.09491592006 0.655951130038 -1.26522663579 -4.17342360999 12.5039714189 8.05661921272 -7.4374355327 
-9.10575647962 5.03100734674 -1.07783061812 2.3177494517 2.6712238737 3.76537741743 -9.41737261249 13.1989405652 8.45353825611 -8.31188104187 
-9.32848200174 7.73703899187 4.74526403844 2.03492939879 2.41862857003 2.40798402815 -10.4120462958 13.1098843838 4.29164829113 -3.39076361315 
-9.13651653917 8.3983456404 10.3141371969 7.04964143357 5.90867702846 -0.0363215596254 -5.2219234624 8.03826041288 2.09711133766 -1.7077846741 
-13.1166361403 6.7293821296 13.7985070754 5.76405049006 8.98988910213 -3.82398998863 -2.78920949441 2.31981424034 0.156831920165 -1.53862150491 
-14.0170149768 5.23901771829 14.4555080554 10.9764193555 5.08638485356 -10.1725578999 -1.69531024048 -0.744940012028 -6.0217829213 -3.36499285096 
-17.345722452 5.75906350891 11.6097435899 10.1167718384 6.48750439834 -9.87402800482 -1.0611620171 0.732745244736 -7.85314587095 -1.05626196248 
-18.5536523626 4.48995323947 10.0688974743 9.45273552574 6.47191198273 -10.6574618061 -3.77652131163 3.51753196319 -7.59136752483 -2.77188890782 
-18.0264977998 3.5797909586 14.5167487329 8.79812890833 7.57844841785 -7.65670404676 -4.31958350256 4.25077281688 -7.62274977937 -1.062506551 
-17.8672002617 1.29570945223 13.8324638271 12.1001142938 8.58936726249 -9.54747089126 3.5991620185 6.19624993372 -4.49288985351 -0.77331717418 
-12.8237581159 0.615940483313 8.91934330323 9.87653338825 8.02240433543 -8.77118103611 4.18050814473 11.135007434 -2.02334947083 1.34122212055 
-9.2305731955 -2.35788397151 5.66596494577 12.2682312577 8.35053441835 -8.41201356252 2.83016425813 15.275254249 -1.04627158048 1.41475917589 
-11.2396621653 -2.12680434814 0.889389082227 11.8024047365 11.3456091329 -5.00727349119 3.08602900553 16.303519742 1.62765392375 1.37897151256 
-8.46362268353 -1.43192550408 -3.11511419106 11.1107201264 7.82403114503 -5.10664648698 1.89951544529 17.5095355967 1.68904614092 1.66351544782 
-8.10900921075 0.095352651022 -4.36565667994 12.3144271508 5.36504199458 -2.06242721653 3.79257025094 18.6263671095 0.977278859062 0.225067256094 
-14.4507099306 0.624910703827 -7.15161915104 10.0050893656 8.93504603904 -3.77896774323 5.284596255 13.5972368019 0.351813139225 -2.79763787768 
-18.2567253564 1.22257010854 -4.76299316458 9.22592934401 9.30452755106 -4.22278988361 6.95132170991 10.6972208356 0.81746269085 -2.53919412908 
-15.5883277492 -0.0688571721006 0.251844860231 9.11715154622 9.21790681184 1.31875515892 6.20336078622 12.1475638751 2.76497687282 -0.938012885531 
-16.272295212 2.16427553118 5.6850161636 6.88210614421 9.59789294687 2.18635028523 7.04471862434 10.2800505551 5.19665499704 2.01949275782 
-17.8397373351 7.19901912949 4.25162501907 4.68021298211 6.16110358682 2.11100791785 7.73578482469 11.4533837804 4.07253149289 -0.290341501958 
-18.4288627583 4.22948661066 1.97713488802 7.85991627775 6.08364140049 3.03237191751 7.38721367098 13.6601796092 2.57040130616 -3.60776246732 
-17.5661185361 6.83478160753 -0.718768284981 -0.497720980311 0.898205991264 1.27144018252 3.41204183055 12.2245040196 1.85854458482 -1.30932028166 
-16.2324527456 5.78828602373 -0.0994348646971 0.466132495432 0.810058580007 0.34651425036 -0.818984396103 15.306894988 0.44090108974 0.710141368736 
-16.5614039329 4.29871174757 -0.218564478696 0.0129931385934 -2.25611684432 0.571037377695 2.51243612156 13.8918458207 5.30793736971 -0.42140384893 
-17.4117457817 2.26486801583 2.72923037732 1.51313227593 -0.126758289871 -2.63835752013 3.19167390617 10.9350781635 5.53752346265 -0.650346401284 
-17.913230107 0.482555415832 1.31618007355 -0.875094281681 -4.04512859749 -2.07572078976 0.812294438544 10.4318718261 8.37723526019 -1.57224674527 
-20.9533546788 -2.88509335255 6.81096521401 0.360140086022 -2.03967087332 -2.79679298712 -3.86059843135 7.49277530704 5.87889788061 -1.62188272732 
-22.6670029052 -10.4085786355 10.7301535708 2.87895925926 -4.06467085385 -0.303883356902 -4.02397850984 3.78901015934 3.73464192995 -7.82835806126 
-17.0581728953 -5.56934605136 14.8976009981 3.50278978749 -8.21450382748 -5.49550786968 -1.83686519286 4.02373860858 3.30658499288 -4.20388258943 
-17.1266272939 -4.25926849131 12.3544060289 -2.50597978461 -6.23445085143 -2.56151428325 -7.30584878487 6.61911749452 2.83724461151 0.0481931802174 
-16.8200687799 -5.76111030923 11.8872882928 -3.76323602634 -6.87827850804 -1.35570216637 -10.6570364662 6.54226268908 1.31885307504 -1.45352473964 
-16.9398128749 -4.80135680237 13.3931138033 -5.23693204528 -10.2506885596 -4.62836460493 -7.5766803694 2.27610804424 -0.628096107874 1.38767508689 
-14.9393687357 -6.5660073579 15.1616935352 -1.3980094775 -11.2498351988 -8.476600382 -1.9374015525 0.0295372433504 -1.82756775322 1.99854963065 
-12.5460930796 -12.0337634163 15.0771733568 1.15826896362 -14.1566269603 -7.38309458835 1.65122642834 -0.762032485379 -0.272960743232 -3.30006699746 
-3.81835777987 -11.2430046691 14.7166020774 4.73005340593 -15.3024368745 -9.35077702774 4.86333969483 -2.46859794676 -0.181738899125 -0.23067465205 
-4.12981246615 -11.2336923175 20.6441766621 10.4594461014 -11.1191663385 -7.83386589524 6.8290715154 -1.98597583813 1.63516228339 -2.64258203907 
-2.05247284978 -9.01543348119 21.9345197673 13.0110882251 -5.86243398424 -2.29138902257 3.54736948597 1.92326886049 7.40397108969 -0.980213468566 
0.211404981091 -9.4384583317 18.9428867702 8.129845462 -7.89952212446 -0.298263556374 -1.7213632487 7.34757952164 9.39987188842 3.2604659065 
-0.676921864184 -10.4048334768 12.5612759099 9.53674089976 -6.10558138201 -0.76333881349 -0.544902115238 5.98031051881 9.96409348314 5.31425510668 
0.698433406152 -11.6046244137 6.13064982631 8.85402353812 -6.1645175654 -2.12260026173 -7.53566752455 5.77780999635 10.6536151375 9.80524904173 
1.97279731247 -10.7141016588 6.22136066691 7.60425036484 -7.10196379296 -2.42658126547 -12.192787259 7.35214086016 7.94332996734 7.89507374218 
0.723406237632 -11.5667144349 -3.41767187876 10.8004954436 -1.06909183732 -7.54404376454 -13.1149426739 8.3110423682 6.91503166241 8.91476531548 
5.98886567025 -11.0527616452 -6.22765717401 11.7373716325 -0.658081750172 -8.98957592957 -12.3177634771 6.84262815391 7.24467095079 7.61930475127 
8.74861218301 -2.88038198296 -1.28464860927 13.514736818 -6.43764072474 -14.5673945293 -8.93252005109 1.77631215229 5.62818244767 8.19940792142 
3.48894365478 -0.551069639809 -3.95208430169 8.41807275619 -6.886822226 -9.2872611394 -8.89379282676 0.0889245720338 4.30901025968 6.36112850206 
2.97464445231 2.03790592814 -13.1493021059 10.552586362 -2.35067718947 -7.20782303357 -12.5681092781 -2.76899568554 4.37427645773 2.45872691281 
8.54958972406 5.37292642339 -12.0405069704 13.8954699066 -7.11640764482 -12.6149827999 -8.55330331214 -4.0416129904 5.7965070474 0.142972791144 
10.8611728078 5.43731286578 -10.1715168367 12.4605326201 -6.24400227507 -11.3883704859 -5.91065381912 -2.02997822618 5.62202718486 1.58328544831 
5.43827454262 8.44550462795 -5.36114444284 11.1512107216 -7.3608164354 -5.73645920455 -6.04708361256 -1.27003401114 7.65131327041 1.01922549386 
6.11528296146 13.5078534702 -4.45932963413 12.4017045854 -7.36553441253 -5.24220576722 1.1553912623 -4.19784153586 9.99708087516 -3.25085468571 
8.8887978729 14.3409530849 -1.08289982385 9.64455431703 -10.5248678001 -7.37090967946 -3.41031509697 -4.53128801977 5.95995645957 -0.647590384396 
7.4443251861 15.448384455 0.701393974106 7.92596877194 -7.34295466156 -4.05129744977 -1.27743293816 -4.51089492279 5.08572750428 1.03355832514 
3.93482268056 15.4870021868 -0.260051844012 6.6519569195 -1.67389482448 0.618202500179 3.34012016792 -4.33709149073 3.51746471428 4.86945473371 
3.96740251102 15.0329202871 1.5677534247 7.3716574685 -2.6734631777 0.147351067275 3.69898371581 -6.63312342844 -1.85273062346 8.0375777932 
6.94171210107 12.228903022 2.60085560418 13.3401507168 -1.07884252149 0.659668165469 7.49411685669 -7.30580257701 -2.41120411928 8.87480852934 
5.36465726948 13.1994540789 -0.381087533464 12.6225163662 -0.918207896564 0.706873051249 7.77188114078 -10.7263565004 0.282938829854 8.10982426001 
5.31121609052 11.8627940971 2.82361683306 10.8921926468 0.114069416031 6.75861851032 4.76374773325 -8.57544186876 3.2144997177 8.82725991083 
3.85135488964 12.1100824242 1.09681667709 14.1045384412 -3.66680630387 0.827248489838 5.80579820539 -7.97140909545 0.916332264059 8.2696330261 
6.53909560598 11.3340759511 -4.19853250618 18.7061465604 -3.73082928447 -0.0264036107638 2.77703741061 -4.58817646787 -2.72208545586 2.41795054199 
3.84031978472 10.7312267445 -3.65271947162 16.157443961 -5.24068159149 1.9730935665 0.00113792483362 1.00562989633 -0.951092464101 2.74746321798 
4.08694345472 10.1404649239 -5.31233292198 14.2178944164 -3.08007353523 2.60141890755 -1.89150340446 1.00402019601 1.43562523062 1.03333516659 
6.80217357421 10.0881954651 1.09873111127 14.5182768247 -3.14932705665 -1.780963895 -1.61277248537 1.5713911189 4.19468301049 -0.0469760977459 
6.15615183065 9.57171409022 0.689638693642 10.0829689777 -3.2205379321 0.292549737136 1.75224506073 -3.01887615291 4.23614851693 1.70020185474 
3.82202068232 10.9422853504 -0.526677535545 9.46429600779 -2.9422644938 1.30192079849 2.96427718613 1.86313150939 7.95782471947 -0.660953889321 
1.16781580408 11.1341028148 -3.92905217065 9.05616557401 -4.24446877272 0.537099433789 5.60257883422 1.77194184665 6.93931309804 -1.73737014401 
4.59542404194 9.05772389601 -2.25294662394 10.7168401056 -2.83890499822 -0.66620988094 7.64346561029 8.5383389934 6.56294022301 -4.45607416934 
3.74355814142 8.72072417067 -5.45254519137 14.1576909882 -1.39991023872 -2.90749745882 8.2452326463 8.31246548396 3.58020857498 -4.77280259266 
5.79212137776 7.5974491756 -7.10649550307 19.0490195349 -0.956779595754 -10.6376812765 8.6137440921 3.392745383 0.882722157725 -4.3473825265 
0.219420953173 8.08197415192 -4.45863183743 16.6786620628 -1.54775761791 -17.8656861648 1.05005051513 -3.0346213088 -2.95238656923 -0.750540356171 
1.64369859847 8.26923266756 -5.54287526733 17.3866353717 0.101078144554 -13.1308290113 2.62231604697 -1.95415219741 -3.03955530005 -1.91984676377 
4.27801180525 6.25393557754 0.165183217091 17.6137928097 -0.0569739063152 -11.8014916448 2.27656044629 0.52198804764 -3.30368357058 -2.64213421548 
-0.370321438413 7.37349395751 5.72713499194 12.4932292794 -1.78283850703 -12.4404490755 1.50614201569 -2.20301085876 -4.46453584559 -4.95089168604 
-3.46784004728 8.2659491894 3.26683352777 10.7723849793 -3.10394838011 -14.2943523778 6.24236537452 -12.912543536 -9.24296458263 -1.9450069921 
-3.62891459025 10.4862069695 4.84028709309 8.95155348044 -3.78659300508 -13.8383702035 0.426113056757 -7.00124536474 -8.99588720378 -1.81802402502 
-3.66305726189 8.64329272479 2.74632962069 6.60264093043 -6.51102967304 -12.9613586496 1.76876047554 -4.1117976383 -8.89466224087 0.804025042815 
-4.99639478169 5.64047409728 -5.65244605716 6.75172006677 -6.25812223677 -9.90728485672 10.1125401821 -7.58660953135 -3.22386278077 -2.37057824116 
-3.59116445156 3.75962436072 -14.4515190269 5.4179571216 -7.93922960812 -9.44616951086 6.07377326858 -3.58086951775 -1.35494183811 -4.06444191964 
-5.48113717824 -6.04369793409 -16.2711491321 4.82839563613 -5.69815936283 -7.6578112603 3.38663740478 -5.23865799208 -0.775039770831 -4.29181955557 
-5.35793627164 -6.03099753082 -12.1989268568 1.07685391102 -8.81966090729 -7.18524271141 1.35151913296 -6.91309013495 4.43168307856 -2.38813027044 
-6.7355964971 -9.28768602718 -12.9759729794 -0.792901713925 -6.84401245895 -4.23048113389 0.315999523953 -9.35562297175 5.50787578163 -1.42837557899 
-3.57494395593 -11.4633901867 -7.34285483025 3.16365603818 -5.17540920699 -4.14649152582 -0.638321741022 -2.41047991602 2.64202963861 -5.18245350906 
-1.35667174374 -11.9537537129 -3.33204985868 -0.382709345661 -11.5020338541 2.18427726327 -3.83947282771 -1.73924721845 4.18519045527 -3.47433035209 
-2.67701803545 -12.0139707346 -1.84347638316 -0.886501098817 -13.8612915253 2.15034040352 0.125787418873 -0.0891852652239 5.187025164 -1.06800626816 
-5.11024782196 -14.5579749645 -0.616242169334 1.09027218069 -11.9201653267 5.20024577482 0.943956736682 0.673135699682 7.92284670944 -1.63627663624 
-9.14606830876 -13.4344880339 5.11720603281 4.23804998485 -9.59663468097 3.33199233777 5.11306637684 0.345767292835 6.40228470684 -4.74447561513 
-9.92695166675 -18.4497245948 10.0813876394 8.14414239515 -13.2008882851 0.31630256275 6.19294334197 -3.39480220917 3.82506438146 -10.3114394412 
-12.8102673869 -16.6512622041 5.64862088832 2.34009449869 -8.26847790578 1.50870179169 1.18570068564 -6.32651561923 3.29261734184 -2.44618154305 
-12.2647398186 -18.061142141 17.3119054445 1.78184586744 -11.3087273257 0.307869041997 1.02819493917 -8.28935445136 1.01382658583 -2.79247384453 
-16.4179191599 -20.8488732606 16.5110160087 -1.38284990262 -13.2041116009 2.80640319526 -2.89527622946 -9.77893599673 1.7121952202 -3.41352503187 
-17.3998320204 -20.9688721391 17.5658414867 0.0185338013935 -12.7526395442 3.37474496472 1.7116278636 -11.7397937105 1.99824270902 -4.43073538632 
-15.3885503847 -19.8055916386 22.3246708917 1.33991337571 -13.549877655 3.53085186562 2.69023555973 -10.3339052577 4.47720314392 -5.36511934123 
-9.50072021163 -20.7952406291 16.9044207786 4.59209484588 -9.43069761442 2.99794344515 6.53751575776 -5.97865309988 3.85369307415 -3.1502360485 
-2.669139996 -26.0263775151 4.67231186292 9.56556697816 -6.78181544674 4.90299273103 3.98227713863 -5.60856748985 5.32260626948 1.37178210716 
2.27821316869 -25.0179027937 1.77172963532 10.3661495121 -6.58990645992 1.3188747428 1.1696609614 -2.24393844871 5.57535494737 3.38913118981 
3.81766220529 -24.2618085398 -6.96357098491 11.5594539318 -4.13448542845 -5.69224704329 1.32462914299 -3.61235550561 6.45686943664 7.58904449842 
4.8319346277 -15.4532386031 -6.0124210897 10.1074130997 -6.84344072162 -7.16912634637 1.1576247839 -4.44481049119 6.22859336081 8.76105390633 
1.22847230847 -16.1720035323 -3.36041130797 7.14193620991 -5.19296091005 -5.09404172753 -0.853331495525 -2.3468791487 7.98908626276 9.79234526529 
8.64798656306 -10.0245303343 -3.78333922412 6.03839760034 -7.32652207962 -4.19479826238 -3.51097255863 0.720088679542 11.5469594958 8.70803482578 
11.3502931983 -2.48318768587 -6.26197574575 10.2604893607 -7.9561027875 -6.88222004741 -2.77292366679 -6.03828499728 10.4591905134 6.16974017171 
9.10407809295 -0.988733548231 -4.2829482602 11.3287605231 -5.94572365094 -3.91166790693 -1.52599739782 -2.81651760262 8.45484374287 1.70432309707 
5.43744668727 0.334091061717 -4.22863626197 11.1018034234 -3.37428249599 -7.08323626707 -5.78848635833 -4.91413248376 8.50008510818 5.92859157135 
9.18015005672 7.48173341932 -4.60807625367 8.76812465841 -5.18483565371 -1.91021243707 -7.85031918641 3.80946118068 10.8455308098 -0.56953578556 
7.14514515032 12.2219294935 -3.24160628503 2.80814642796 -2.25663676625 -0.910841016362 -8.21884861025 4.68526826381 8.63423163813 0.326674921964 
9.62387359991 10.8456306882 -2.20540599835 4.43737749116 -0.956486594624 -4.31262780525 -7.40974566514 4.78789317027 7.16550227176 -2.23989309247 
7.87157047687 9.82034564262 1.10744582971 3.71091095173 -1.36107507659 -0.00303814277202 -6.99853805677 6.73220911754 8.08171070267 -0.559723776616 
5.4703918648 12.313453812 2.71987886328 7.34053033551 -0.754441487587 -9.55866807545 -0.11604641616 -5.03647935545 7.170731325 0.379426771993 
5.05804817085 11.1376582654 7.53104752748 8.98519829447 2.93422230438 -14.2687104792 0.515769800457 -7.84422336199 9.75354889971 -1.77893216678 
9.89910621628 12.9703798348 5.96024377593 11.6428770677 3.21013026479 -8.88963917575 -3.77862020428 -1.93664149311 8.64243792125 -2.38744723698 
3.60185857752 12.2823585308 11.5007215947 10.4192982809 3.28781822511 -10.9077218778 -6.46195945555 -2.61780320377 7.07361239144 -0.0954134767454 
2.3871325345 10.7808551651 13.3869642004 14.6226019628 2.3034633987 -15.820463745 -4.0429011631 -2.04605585268 2.71705991856 -1.7507305387 
4.55096526285 7.4943662958 14.4161536919 18.0971027706 2.63195341924 -16.5174914178 -8.4149146957 0.302799787429 3.37846151002 -4.27239792756 
0.6954413038 5.73327609361 20.6708641223 15.4128772362 -0.0372584297225 -15.337867777 -9.41185028568 1.66530375278 1.80309494999 -2.59300657442 
-5.0147914761 2.88979817891 17.9008699983 15.7999798133 0.431149259253 -17.1158833665 -2.6084743636 3.665248237 -3.48153683792 -3.2058603734 
-4.78306913703 3.5653344589 11.7977576341 15.1727545077 1.96813339285 -13.2734550268 -2.04903431455 4.27358262864 -1.50641214259 -2.48476943566 
-7.35986067176 2.57472707019 6.39440894868 14.4689746567 0.275320582653 -14.4251890689 -0.554449123692 6.16497089058 -4.30578505757 -1.4208873744 
-4.94790456028 1.38682460869 5.85515318322 16.8664159949 3.03596094261 -18.0768014183 2.12583666827 4.65294565336 -8.22972559734 -3.08756003284 
-3.54295727715 0.853870406591 1.27304726728 15.4580055811 5.30867285262 -16.507073448 7.9130594895 4.50224600208 -6.55328120852 -4.66394510347 
0.709004490397 0.939570044824 5.41019307912 20.5009323178 3.32586874104 -21.5214327322 10.2670988428 -0.30401818115 -6.13885040137 -4.52216278737 
1.66070174008 3.37545728726 5.56914586112 20.2887596858 5.72215181921 -17.0078117866 6.71337810252 3.1761133729 -2.53854759274 -2.24032432294 
2.91685722661 5.98290048217 5.04354090003 15.9128866379 4.58649678963 -14.9269524251 5.88302261193 4.82188844245 1.68094930174 -1.09195645272 
0.29666927828 3.16677731558 -2.07167272488 15.1886634694 0.910180096724 -14.3148302925 9.53567916256 3.94682984589 -0.476720303036 -1.65485531223 
0.213401886072 6.13772188708 -9.98660401198 11.8082634526 -4.03069800217 -8.87603020807 10.6140186731 7.21322418903 3.09002009974 -2.0787099797 
-8.28163082582 14.3883258688 -14.4119763287 2.50361557333 -7.54326476372 -3.86245262502 12.4692095866 6.08240687627 1.5951725781 -0.435952407293 
-6.14409204586 12.4187911814 -16.1084109255 2.06011293882 -10.9050079623 -4.79447246702 9.76085796066 7.12394358324 1.64204821931 -0.123200831245 
-9.01132335347 7.24620696808 -21.8197988652 1.01982776986 -12.1493984213 -1.29514268022 9.04579925382 10.3500502108 7.17589859045 -4.67202014319 
-10.6159165156 5.71245089304 -12.9195245814 1.67172965767 -10.0131068623 -3.8729170128 11.6754924423 3.9333450519 6.93924509422 -0.6133145007 
-9.34935374076 1.38932207697 -6.34950878305 4.679296451 -10.5357613901 -2.13638094671 13.1537722737 6.86142602049 8.86626817077 -1.16711209513 
-10.392020437 -2.778760378 6.50303166521 6.16076876397 -5.86729615844 -2.45631714534 9.394102186 6.94555016503 7.98648634925 -4.32185173616 
-11.5657691799 -4.00414712716 15.4641711325 2.35751237226 -2.30199212287 3.14819145618 5.10762184199 8.15726378161 6.44410991066 -0.62830417921 
-15.7076924243 -1.50502209584 20.5861749962 -0.689387051251 0.170716444681 -1.57595760341 -5.13838724248 5.51341871252 1.19318289994 -3.90591740237 
-14.3018508249 -1.13879624097 22.5021799873 0.000598814738121 2.77892332388 -5.50465949686 -5.65764486373 2.71130170875 2.16659061809 -5.93528149541 
-15.6910467515 -1.41294778341 25.0474585276 1.17224663069 1.39333002859 -4.87057445591 -9.99146988161 1.67442983513 -2.78989584205 -3.00850066743 
-12.2377378326 -0.984888188208 25.5921606027 0.344075901322 0.381728052731 -3.44517734183 -11.9187414871 5.8750237241 1.6486607875 -2.82955137847 
-11.2640543291 -1.52446359488 22.7995236984 1.16634873562 -1.89318914488 -3.01151973448 -12.6405485032 9.84528797294 0.208340479572 -2.74188853547 
-14.3166806855 -3.42915905171 17.3320123228 2.36245671327 -4.97070655025 -3.22653114758 -8.99171596003 5.26009482159 -4.13670569187 -4.58348319375 
-17.2613030605 -6.21145270384 17.9696302821 2.1368261307 -4.13919687971 3.23597215971 -7.68606730938 1.45108652804 -0.0965274500743 -7.02101760022 
-13.3497432025 -9.09688604779 15.8661679666 3.96000691231 -7.57571847664 4.42730883287 -4.3891910145 2.19126373153 0.668508068371 -4.2324446481 
-13.1488120378 -11.3791571572 15.561968005 5.54331302525 -9.88864349563 2.76229329621 -3.40352529114 -0.247297819171 -3.29102648725 -4.17047645628 
-10.0933312771 -13.4481632594 13.4441372941 4.83649336763 -16.1151123086 4.20390470087 -4.31985480199 -0.347971981435 -1.89026646233 -5.57351069291 
-8.38657963917 -8.91223699751 14.9046919948 2.99194086279 -16.0859595418 0.645950424076 -6.4794677388 0.936303785433 -1.22724493599 1.53785150534 
-2.53082122347 -3.89473109978 19.7431326317 6.82772314031 -13.7447879826 -6.31010224689 -7.46437816983 5.13392916519 1.88730585832 -0.036635336627 
-1.11899333005 -2.3753005575 13.0510630296 4.64107245896 -6.43904470598 -3.36957738541 -12.3817987011 8.16857366562 4.4847312832 8.03693969205 
-1.63936744346 -4.70452738891 5.38357355282 4.67786479998 -5.9398219818 -1.94737468001 -16.7388294798 8.48328467483 5.69326091222 10.1223266903 
-2.36710525407 -0.799267646872 7.78884606004 2.78822119289 -8.85805873234 -3.32927747824 -16.2402816994 6.67860963331 4.16762076412 10.5182125359 
-2.02331744032 -4.25219305916 3.52058092204 2.70937471046 -9.26132527915 -5.58803809891 -14.8043065458 6.4645654242 2.32275539842 10.7458389573 
-0.685159432428 -7.26981517369 -5.13674386149 3.98828203241 -11.6131962081 -7.8505373702 -13.1714597439 5.09640749406 1.90423021154 10.1117999492 
-1.83573490576 -4.14159571879 -8.34283844973 6.28558856067 -8.00355411611 -3.73362472795 -13.3247199361 4.94351084735 0.828999090058 6.27645447611 
1.74575032551 -4.84990354217 -11.9031982221 7.40552218599 -13.1397358926 -6.48979350613 -12.1221719803 3.13536536411 4.18323475275 5.51673974612 
2.36695950865 -0.999019298557 -10.9270316745 7.30885638768 -14.4759622287 -4.90608423457 -13.0521248035 -3.27053503515 0.702155545728 5.35483965917 
-2.62420922487 5.8662864729 -9.84609292139 7.69042588939 -14.664630186 -7.97753128651 -10.5335446276 -5.13233530684 -4.1611296913 3.07509250936 
-6.45878868903 9.91081463614 -13.4148274278 3.23564907709 -13.2865976831 -3.88864530976 -6.12794911519 -2.9515053858 -3.25969108513 1.57085125716 
-3.36038387888 12.676761687 -15.7249451443 1.06121182055 -16.568329363 -6.82726435673 -3.64034390896 -0.679737284669 -2.82063127706 -0.702086124329 
-4.77122305057 16.4350058443 -11.3378159549 -1.88275141004 -15.5022057924 -1.31737068096 -3.70719609265 0.78477331339 -1.07978263116 0.182907819125 
-2.85296816039 18.4213949519 -9.22387905212 -3.75077982927 -20.5262623781 0.0105382256194 -7.88948059572 5.39514408467 2.26735344269 -2.45065295817 
-2.29271063438 17.1858468941 -6.51840661747 -2.67846348194 -20.0572045937 2.47020260829 -9.52618109203 4.4945479196 2.26434660516 1.24972499235 
2.81273534129 15.8071554863 -2.13041956058 0.929684013853 -18.6541102518 2.13581080044 -13.2984972844 5.75637431932 -0.760322547404 1.93168530308 
0.422042152294 14.0277867726 -0.717211950552 3.99713982807 -15.1742772963 1.52411085129 -9.62976222932 0.764509918858 -4.00281583877 -1.8292824342 
0.877200930863 15.6786757641 -2.88574843609 4.96506701129 -14.5781968364 0.485572961417 -6.54918664372 -0.7116694761 -7.58211880275 -2.04466729526 
0.425960012105 13.774944707 1.35364177245 7.77353964049 -6.0219394413 -1.19709743732 1.70480700923 -6.8180058373 -2.97062264261 0.415001729238 
4.24111886065 13.0561416357 1.49810795487 11.3266194359 -3.84725966231 -5.63429536447 1.01686558964 -9.90063948636 -2.70754218029 -0.111739260617 
4.08207647432 13.8330878308 2.70807905549 9.77746713239 -7.12400216967 -6.65886197888 -2.64697815571 -10.3479736278 -3.14579509495 4.19083052385 
6.29423194426 13.7867734687 3.88211089243 7.80401935622 -9.71513469367 -5.13448598863 -9.99163641904 -3.95483980887 -3.90568139426 7.6068723012 
8.06801963337 13.1669488524 5.68851960242 9.35494090752 -8.1512019799 -3.70503728779 -11.4121606468 -3.10110143747 -2.01988472435 6.58874729394 
7.04297048876 13.2481781774 1.10831515887 7.78856982939 -9.59637633623 4.33357332788 -17.4875457971 1.32299669819 -3.82581963089 8.98518201019 
9.59783560905 11.247871913 2.4707594961 11.0441312834 -8.04928193776 2.53551313893 -11.9871191986 0.0328674617468 -0.640402118719 6.38760750153 
8.56558918037 11.8501209167 4.40263353476 16.818724635 -2.5717944407 -1.88165686298 -3.5142768801 -5.26261310705 -2.50641477852 4.44529188022 
8.41148220103 12.412325543 -1.02870926589 20.6509562026 -0.149334368052 -2.94972166464 1.4874956911 -7.24792306616 -3.27054804864 4.80719364821 
8.20750605063 10.1488826323 -1.86209770226 20.3062590184 -0.404714744512 -0.890444157976 1.68764605366 -5.81167828993 -4.182591151 3.81855435902 
7.44769292173 11.791071356 -8.92769917437 17.4491984337 -1.6328110386 3.85580357415 7.68576424086 -1.81127668597 -2.24317778608 0.790920804415 
8.78209172105 12.8891343797 -7.87139018362 14.3817344068 -2.75908853783 5.89458255832 6.80438469775 -2.04715752829 -1.33540588955 0.571313624096 
3.97997718258 14.8536610756 -12.5342902242 9.02207544249 -9.53951707924 7.60309146313 6.67570745046 5.75663774065 0.594741447673 -7.31623927951 
-0.0947038550082 17.3640398126 -6.99569667474 6.68174100372 -4.32549478805 6.50679752386 0.843476188533 6.08504797078 -0.722378859206 -2.6548488749 
4.18196521372 13.5528404092 -2.97604670864 11.7734677198 -3.67643870438 2.26995940781 -3.05173997959 6.03724553992 -3.64557408041 -2.15735021124 
2.22216107995 12.1980271412 0.0334134286338 13.3053995059 -2.50507020065 7.88091242279 1.49205710271 5.08338413959 -6.9776629727 -1.53312848333 
-0.467868977568 11.2804923067 0.545753909387 10.9296234988 -3.9676276233 4.34533682426 5.61646021042 -3.04005704234 -5.03804214076 -3.46455473005 
-2.73271170109 13.0739499374 -4.23787063797 3.15815201122 -6.89953133688 6.63781830838 1.06144036111 1.04856557193 -5.02594007405 -1.76354203031 
-4.58582857247 10.305875586 -11.0357105021 1.64437570413 -10.027967829 4.11151681811 2.62032659584 2.07503100279 -7.51392115373 -2.69232672369 
-3.54005330009 10.1256127909 -8.26180983646 1.5342771577 -11.002551119 3.22292160308 -0.551017274422 0.657316640107 -8.04539558767 -0.639376137329 
-4.81601033266 10.9127196942 -9.94487280916 -2.96627103904 -12.1208095705 1.98723919492 -1.78512570511 0.831398046778 -8.11604332466 -1.4883020838 
-4.300580622 8.0945248482 -13.512053802 -0.926013666779 -12.2281928413 2.35320173007 -1.86627922717 1.67138223478 -8.25723410353 1.39936730872 
-4.02044993723 7.23985197666 -13.0104810997 -3.13355218997 -15.5603473253 4.07811222428 3.05678265006 -3.2725494532 -4.42592084135 0.148021544279 
-6.56949232375 5.21902057865 -11.5125911914 -4.68066167985 -15.0239839252 4.41479630089 0.739434119983 -2.53648372411 -4.25046907812 0.0869788497503 
-11.0383688185 2.63031963807 -11.3261240118 -4.5020608627 -12.0791988629 6.77526161398 -0.234500743077 0.8268503447 -7.22051011678 0.460063195051 
-9.22047565557 -1.41968060028 -10.938111062 -1.47940225453 -12.0137846045 6.43014476763 1.49834338687 2.60528371151 -4.17376324544 0.143063328389 
-8.10717543567 0.815700804951 -12.2266065381 -5.26979935626 -15.9251608843 4.52904988762 -1.9416874014 5.34821158441 -4.66258746087 0.774228803687 
-6.67703547822 -2.98795024654 -11.5638607551 -6.92362082332 -16.4577902202 5.0551852235 -7.62831097044 9.03677586242 -5.17744622638 2.83625478914 
-8.1336759826 -1.49436182983 -6.3136666815 -8.30694045671 -15.8943134028 11.4494924486 -4.73249924685 8.16617529501 -1.56948115713 4.29326786048 
-12.204360676 -1.54193268589 -3.19617300549 -8.95421896148 -13.1794045818 10.9500591627 -1.54084997737 5.47262663934 0.468737820531 6.02372703275 
-9.77862706213 -12.6479939969 -0.00991084095182 -3.96440944163 -14.4841998086 8.84672934968 -0.606878993245 -1.02001853872 0.443215094006 6.0693734477 
-8.10631080522 -13.1470182806 3.7482371838 -0.0797963785581 -16.2310255439 6.03903840993 -0.358467272115 -3.04081139271 -0.240939202932 5.58333683673 
-9.40776624365 -13.4569486059 9.67253275279 0.647241357652 -17.8266375539 4.41082945993 2.70116828655 -8.28264350015 -0.804360208645 2.49942391153 
-10.9302222843 -18.0470467577 15.970138958 7.87223605632 -11.1701013556 6.6628289749 6.59181949729 -11.407175006 -2.11314832876 -4.24276188228 
-10.3534693915 -16.0371713281 13.3177899628 4.61889780633 -7.4294212095 9.61036242845 0.268173227087 -6.4947456073 -6.15350598659 -7.35855419106 
-6.4110983265 -18.1340567314 8.94619985901 4.13375211891 -13.257177956 10.6726389999 0.721047443822 -5.54624395127 -2.09567317046 -5.80046610974 
1.25647375459 -17.7148663778 -3.19122947858 9.01945668681 -4.59148484703 4.31096144762 0.713721798925 0.220263371832 2.92296500261 -2.08903215596 
-0.629744856603 -20.7243578249 -2.5815399838 10.2132929801 1.17793507188 4.38761269771 2.93093138388 -0.60284653185 6.67864565155 -0.166190386265 
-1.72463408 -29.1036338731 -12.5555963364 8.21740990022 -1.53771335225 3.30187485695 -0.35853683225 -2.75336650255 6.26151024787 -0.724407679541 
-6.49320222344 -33.9592493765 -16.4400443032 7.5445408902 2.50856867827 6.2870130418 -2.26673285085 -5.06453053521 6.4244199671 -0.513102593132 
-5.01269202106 -36.5594988411 -20.0544289695 7.41906569786 5.73486242597 7.1769481679 -6.37121037815 -6.09064773984 3.73154901467 -1.02292853717 
-5.44924127173 -23.7757234867 -17.3992712914 5.20250313587 2.01695436679 7.43382825824 -5.51409302628 -2.56581735816 5.51841267383 1.68907106694 
1.72545100013 -10.867472386 -17.480638853 9.80964462314 -5.39162027541 7.3997838533 -2.61773623944 -2.84724139891 3.19283373151 1.50826022069 
2.96206464831 -0.404190426726 -12.2416901054 7.34839794026 -5.72106315298 8.66709916711 -5.2349706007 -3.14586363116 4.39467858437 3.28291922433 
2.97006097328 4.81630125465 -10.7215046025 8.59615211794 -0.122814713153 6.34541528373 -8.00605979767 0.0289312228772 4.38246451959 3.61329808064 
8.65968565718 6.04161672365 -5.61392348161 15.5441026216 5.07387470297 5.67536781304 -8.4458709035 -2.26791525615 7.70526108936 0.56153131225 
6.04824019473 6.93743653676 -2.27175772753 16.2463492502 8.14185836036 8.43457021834 -6.4967272777 3.13450071881 8.86373776276 2.42005754515 
5.08701901247 5.815382084 -4.91241762412 13.0734473007 4.61141416472 10.2568394861 -1.75923404216 4.10451997874 9.51230726058 -0.728191209385 
1.9813384723 2.57539974986 -7.78326584882 10.957434334 6.54266209552 13.2098526009 -1.03138103167 7.24155943715 9.82530476642 -5.02070667579 
0.551859175017 5.22284188154 -3.84809462357 11.4899403842 4.26805086669 7.10129034128 5.70153112633 5.56916530545 4.78888868375 -0.555153867732 
-2.6060328201 4.77251993928 -2.5360135804 12.2377957872 4.01162289933 -3.61418248685 7.56452444456 -1.18607514246 -2.5093833659 2.96572649301 
0.678960260434 7.21318765047 2.94971207651 16.3105330719 -0.557259743864 -5.12205393878 10.9042249042 -4.98963769356 -5.04833959152 4.98899941956 
-3.5460745167 9.28083114481 10.499677854 14.27279165 4.85065616099 -2.65085995798 3.57842799046 -2.46889500802 -5.27599633367 7.19274875802 
-3.58599566282 10.2518301036 10.8676144761 15.6339468606 6.16438632601 0.0768157549839 6.15601267947 -0.669038421953 -6.18267584394 6.84873066315 
-2.84686164563 8.94690596916 12.4028221484 12.6094492553 5.99293258447 2.54078764913 -0.109069594555 5.60664140427 -3.74333832622 7.62575718948 
-2.12192587727 7.61614225706 10.9400198301 11.10971216 5.71291091973 4.33772227981 -0.995893714717 4.46012408449 -6.27280474725 7.81556632079 
-5.64817943101 8.34509484619 11.8286207049 8.2062162604 8.87479280661 3.86609165437 -2.25562628199 2.93950719163 -9.17250402376 8.62392094877 
-3.89865195428 9.52778097898 11.3174939156 8.50260367805 5.25259785947 2.82659304573 -1.58618090412 2.79732030054 -8.36373708275 9.48462746402 
-6.89903216649 7.09678807839 4.66216849228 10.3225777304 4.56526853832 1.02323529375 -0.0313832263771 1.55740222561 -7.80212966899 7.75774720083 
-4.90517082113 2.62074099994 -1.59745218918 11.8571919521 2.57662490149 -1.62759984884 1.74433361544 0.885977202155 -7.16202672348 9.8619824344 
-6.3877288526 3.40087733555 -3.48123425306 10.5253625198 3.72552649935 0.580063575656 -3.06228217525 6.74854413538 -6.1914046293 7.21270108139 
-7.67674435099 5.00226734656 -1.93849646516 7.7633760651 3.60212792533 -0.0776498658698 -2.39271944096 4.17715729659 -6.24424059355 8.9681626766 
-2.18952794263 6.30001288213 -0.984403597569 9.93572130132 4.15772797009 3.573329142 -0.0998012956317 7.37275450025 -6.14449763393 8.26443133605 
1.09483963426 4.82919591625 2.28331996263 10.8584356726 4.56081948958 8.54005425876 1.54640311497 10.4010061715 -3.78353293982 8.82478841397 
0.599199160692 6.96726997009 0.342875058409 7.64049302524 3.59261685968 11.0920106883 2.83463989773 11.0017927185 -2.25540647468 5.98856411132 
-1.21384810027 8.57979998737 -4.39490563925 7.04382203747 0.60998688426 9.68896216525 7.88354471169 5.98573281773 -1.74314407485 4.56863535484 
2.12740648159 4.22707805134 0.210424195891 8.68462961967 0.167257956694 9.60451422562 3.47816254091 13.2590237753 -1.14893266198 3.42183189733 
-3.68556926068 5.95710115162 1.27553035802 3.94236542326 4.86893018607 7.58956499163 6.81665615372 8.65490617815 5.93025445673 4.8828668361 
-8.84583929734 8.48891800472 -7.30870308383 0.398468517253 0.757847090616 6.40524068298 11.4168159523 7.74899062213 4.32239881202 -0.604149666433 
-10.1338369897 7.1246723258 -5.32514528259 2.69954661213 2.71615212565 7.53386594929 14.9991290996 6.48843134773 5.73400001924 -1.59945424271 
-9.6261760056 5.11671627423 -6.79485712926 6.31141654633 -0.0809706909063 3.4249936979 15.4000579698 3.04031883134 6.3952900496 -1.97433398883 
-10.2388215605 0.264029964539 0.816058405571 6.09431902666 6.38868540737 3.13208658071 11.0119495956 2.46986600333 6.84963596072 -4.10942027177 
-9.86354114916 -5.59970400652 1.15479436554 5.46069582321 0.403957096317 -2.96969495445 6.57308702262 -1.2891127219 -0.046859277734 -5.66541860252 
-11.3041869478 -11.1217094559 12.5320420355 8.29494363629 -1.45197910239 -5.39363415133 3.07481058642 -5.98793206663 -2.46250191453 -9.533635768 
-12.0954305406 -13.8206972273 12.3753759948 6.96257679279 -2.60580147102 -1.76678690799 -1.16139423695 -3.18951421241 -0.682785161921 -10.540575155 
-15.0305653846 -6.35644118941 18.4839667183 6.39619643317 -0.728586470986 0.15927459024 2.63050492582 3.49710657621 2.14182825823 -6.66088732961 
-14.7344565231 -6.74298727439 22.901501369 7.09506158122 1.181299993 2.06935923455 1.69319206221 6.91455562289 2.35057611005 -7.24371546036 
-16.0960227747 -5.90051310418 23.1741905724 8.27516220192 2.93755242358 5.88793423039 2.68188132584 4.26238753044 -0.585788616333 -5.37861053349 
-16.5476705366 -9.67080682858 18.4456594049 5.76211409706 1.37368591055 9.22528003393 2.10616709985 3.89853817204 -2.71521567708 -3.95707178331 
-15.1868626596 -9.57125998611 10.9788101344 4.42164651306 -1.42404691474 8.35034988823 -5.95207070217 4.14746087375 -5.29603371227 -3.6783097745 
-6.95485596861 -1.32382925722 15.5321027737 4.96923463027 -8.33586302641 4.33864225052 -3.41419170631 1.59159658537 -5.59820537885 3.05261895755 
-8.45103235759 -2.175125287 14.8071026748 3.12911828828 -9.37818600074 2.92401054919 -3.10402271131 -0.675970503382 -5.02240959389 2.25490529356 
-7.22599867928 -2.62062092672 14.8644089713 2.59437337557 -9.56027978392 5.71691576894 -4.09414780003 0.192136301414 -6.52438582626 4.42047570321 
-8.7458430615 -5.02402607375 15.8549712383 1.97722889676 -11.1065337301 5.07670079774 -0.758255556096 -3.64259646926 -7.68496426535 3.33009322011 
-7.29601242769 -8.55218817416 7.6491165881 4.06560324248 -9.64130594471 6.29119399925 -4.75724637484 -4.03953413573 -9.08172101084 5.12653480997 
-7.09930461188 -5.83604299226 7.87851000963 4.72099781442 -2.05262519209 6.45631852632 -4.61318271971 -1.54849658056 -6.01553890501 4.53865629347 
-5.31060387397 -5.27419650049 6.35564774171 5.9814440515 1.4337882785 8.63499780284 -10.8306811147 -0.161554485072 -7.07981597372 4.61650592324 
-3.34848916617 -9.72741877835 -7.49372582916 8.40287021968 4.99013886586 1.75196772164 -13.4886835387 0.441421102249 -7.70664872649 2.4656001605 
-2.93949554753 -14.93842965 -12.8851677116 7.99234656613 4.38975821723 4.32175210246 -16.9996273877 5.19837790199 -6.50318046141 1.02157226417 
-2.60204600549 -19.4315842406 -20.0310293327 11.3471855779 -0.519818803722 -1.6406249308 -14.7818444297 3.6748668275 -6.06908023267 -1.26702007521 
-1.03644780907 -22.2919895341 -29.9885849498 15.7230822962 7.76789325495 1.06628975462 -13.8488384092 -0.210037826672 -3.42253712245 -2.98805424742 
-4.25248119706 -16.1235706673 -21.4986212549 9.14305749069 4.58913648348 3.14699387299 -12.6485886511 -2.59996371214 -5.7272523536 -3.10304200676 
3.48787914637 -9.46769636218 -24.7698311117 17.4536637394 2.47608429604 4.30815990079 -11.8234348184 -0.699326986662 -5.74440478171 -5.7064014713 
7.86832752519 -1.59205007216 -15.1252801749 18.6906911167 -0.677473768146 2.7635438 -9.92545303373 -2.7557079145 -3.88154376109 -3.39839358483 
2.68581944556 8.33071943653 -16.5914205136 17.9157533845 -1.20371908738 5.39942388367 -4.45289731485 -5.6136499166 -4.18633746749 -4.70874583092 
1.23414277521 9.94693996541 -9.80833820279 14.3308237591 -1.66591243601 2.67594175619 -4.41397086503 0.202036695702 -4.43232872037 -11.6306109382 
-2.14253117248 15.1080322691 -10.0297215226 11.2577959971 -4.74983206549 5.0497732386 -0.88212746381 4.40720072583 -3.17205221479 -13.5081627515 
-6.15312976604 14.487921444 -4.85568771426 6.91734500553 -6.38144755821 5.71795764066 1.12885052068 3.83156534496 -1.42444685064 -10.3406058145 
-6.59283087356 13.2484637815 -0.208721936711 2.54469486567 -7.80906808415 8.78286288619 1.4229718132 3.30352212285 3.22307041096 -9.58990743725 
-2.67303569818 12.9488781477 -0.636571562085 1.31724939431 -7.45624800668 11.946257537 3.10902273455 6.37936266927 4.69210038495 -8.88053473301 
-4.57911962238 13.3061354903 -1.45629393571 -0.536962774653 -3.35974589403 11.7123278266 2.01495017029 6.98906086551 3.54563249012 -4.78605164943 
-5.65928001389 14.2396591382 -4.03855217279 -2.36598560055 -1.25455903438 16.5755546678 1.46316330875 5.84061948399 2.06593064349 -3.02337753556 
-0.914521268146 13.1654187456 -2.48389321765 4.26399812028 -3.53997417259 16.3585772696 -2.96681679148 5.76520926977 -4.16204786973 -0.610730565354 
-4.14227254285 15.0988180975 -0.253846891592 3.37301231527 0.443560195134 21.0530216168 -4.34056633822 8.02257177962 -1.28014789709 4.35940349076 
-1.23458690202 15.3464870483 0.447734257875 7.978687978 1.93650491917 18.3617081051 -3.60435936649 6.54127122777 -5.82020383202 7.63454456907 
-1.37816986448 15.4928583358 1.88222267633 8.97171015789 6.47831975251 19.9357273923 -1.41189075994 3.4169466336 -5.44605552127 7.45322154074 
-1.00875989654 12.5312061807 5.32698091958 11.9183766589 6.06129976205 17.3598696528 0.395235675817 -1.83270132203 -5.34330654909 4.32179986851 
0.226577417177 11.6975542962 6.36862709914 16.3630899156 2.80758795034 12.7645183997 4.51446732333 -6.62467994128 -6.63551792912 2.74042697396 
7.56812455794 11.0137413706 8.43606008315 17.6876138936 2.36816156588 12.7611533598 1.79274297354 4.19485200211 -1.99907525961 -1.12541512415 
7.888927408 9.93910463108 6.10535826321 18.538793126 -2.46634150038 12.9417023887 -1.09934528359 7.15408685305 -4.1706039978 -1.34297343949 
4.687506285 9.19105338768 2.76007956383 13.1961003236 -6.39857522642 6.19939370378 -1.20734893647 3.69510118213 -5.33271611176 -1.0586815619 
-0.206453661147 6.75291272008 0.638796420444 8.97124329731 -6.27548402531 10.5644542045 1.50661568704 3.04712526654 -4.4053165041 -6.91332541776 
-0.293182733433 6.76401302409 5.20697783456 5.99212448778 -5.38565076016 9.52512989574 5.07524898463 -0.606466638608 -5.14200290638 -3.95775444705 
-4.24536409796 6.92414415201 -2.09862207191 5.27048053124 -4.7467293 7.33963277411 7.25126615797 -1.01127944836 -5.97354723162 -5.55276841555 
-7.80810165631 9.54480431781 -5.45826273721 4.79363718426 -2.97730403025 5.80325990856 7.23544999742 -3.45417036737 -8.37045853794 -6.17399292158 
-8.28938642876 8.98265474908 -3.1264921353 6.77363397054 -0.452795889533 5.18499858603 10.4337204683 -0.731503905034 -8.25876096812 -4.97133961717 
-7.90951633286 8.20788468717 -0.414916960014 6.13022275532 1.08348196764 6.67768832243 11.4573778963 4.08383807842 -8.52429566488 -2.2343794966 
-7.01087175521 8.05775616916 2.26450233381 8.96488563648 3.69346974625 6.13971861863 13.6601494929 2.41447303396 -8.80969845156 -0.531510091776 
-5.72943063881 6.7421617192 1.83932808988 10.3514213919 4.80416867316 8.78439363792 14.7133401613 4.4852590619 -6.52442627767 0.910026839264 
-3.53853071989 6.3699395361 -4.65684407241 12.9725164294 2.15173217504 6.68865732017 14.7346177209 1.2993947631 -4.8391556923 -3.31341278906 
-3.46896316599 9.47548823893 -8.74988369583 9.19611767261 -1.81043415585 6.49980834834 16.9668695097 -5.39926460869 -9.67093403735 -6.81529944907 
-5.6926403907 9.4132384916 -9.08648391352 6.81096561955 -6.45530780122 6.1520973337 7.41313514375 0.664838565902 -13.7770029388 -9.24830093031 
-1.67782350691 8.65923072901 -8.3651831848 0.812247394981 -10.1364858065 5.90573039798 2.67072548246 1.05799049512 -12.6351766124 -8.8997746984 
-1.0212977666 4.77766034161 -10.1039330161 5.5359014973 -2.46400589238 -0.398520009975 1.664367818 -1.9486158706 -14.8481156885 -4.82432182663 
-2.73965328203 -3.91452774039 -14.8816939894 6.57620874596 0.335039362648 -2.28702684933 -2.8519476603 2.36588952991 -17.0257740051 -6.67588105186 
-2.72188187733 -8.23150870346 -21.3213155516 7.90889213018 6.55657336091 -0.88853530812 -8.54180558188 3.4879824851 -19.012150655 -6.69040175012 
-2.38436229592 -15.8311297062 -23.4578384362 8.52704498816 6.14412012207 -2.75861252281 -11.1838173033 0.68107572573 -21.6560391505 -7.0816266553 
-6.01204156702 -12.8942644889 -27.4162355807 5.4477038562 7.55755296015 6.61741398999 -11.1566630976 0.590741737301 -20.3869889181 -8.85092897406 
-9.58276618852 -10.0545906419 -21.8719326099 -3.09638858763 4.13104227267 12.4574330574 -8.33771397419 0.620093282382 -11.419288914 -6.54362729601 
-8.15146542045 -6.64153276533 -19.2211778293 -2.48707307763 5.11073932817 16.7289262127 -7.43075622806 1.37485209017 -9.72313518059 -0.251648873811 
-9.57648660513 -6.99239724656 -20.2459691476 -8.08502581058 2.99439594995 14.4806682729 -6.57038817186 2.38455098449 -5.73212716598 1.00423904249 
-10.4520073288 -6.65503630421 -12.972895232 -12.2363044724 -4.63296549634 15.6919414353 -4.38175035965 1.16442216139 -2.18145734592 2.20761763816 
-5.89813382196 -11.9507508205 -11.9377589 -9.63635469132 -10.7457249185 14.431112964 -3.29198615157 2.56567997029 -0.306536204831 3.57353681525 
-3.14560771347 -14.9770773389 -2.87534074565 -7.73310402909 -12.4808585784 12.5292546212 -4.56825812585 -6.27363438648 -1.86868998896 0.915032800438 
-6.41187223349 -19.365843642 -1.30868047829 -6.7027334721 -14.2259210776 15.1452340025 -2.59861923324 -4.05686133682 1.36186663778 -2.52081872177 
-3.5640767636 -16.8650157063 1.77843176375 -5.59082004987 -9.72153785638 14.9340455471 -4.45238827001 -0.207152317924 2.42959957141 0.46098178174 
-1.2650062288 -14.3550060583 3.0395064689 -3.18414799724 -3.98183916456 11.6385112736 -1.07502823789 -1.79891497332 -0.712735517519 2.26874088923 
-1.82675392901 -16.2161882819 2.41552751225 5.79880712109 1.01977254993 7.23000497337 3.71517145598 -0.953419981617 -1.55935030001 0.706321731081 
-0.0748016153536 -22.463214252 -9.18488688024 8.33868037618 4.88176548288 7.04953293893 2.1353522267 -1.12224196743 -3.29402006655 1.84178921921 
-1.44910706562 -20.8625579579 -1.09059903879 12.0451325241 1.25006146914 5.65757024787 6.80676079674 -2.1205029657 -6.24103400376 0.0131194044271 
-2.8751012757 -25.5415307771 -5.63808542683 8.5766877265 1.73243315077 8.41654279241 -2.27490238277 -1.55589223801 -8.73549699122 -0.975474126417 
3.25457981045 -28.9545674761 -16.1620975318 9.32433389766 10.2639558197 12.3980591043 -1.66365396023 1.30623046446 2.84842631156 4.55328981428 
4.32064659719 -28.2037348093 -13.5345088977 8.70194518797 8.9428402563 13.4679215457 0.635251339124 -1.17451752947 6.62851203144 2.65884254201 
3.86388828853 -19.0881424439 -8.15460693995 5.19570054777 5.35123161214 14.3779936299 1.3448680959 -1.85885165299 6.95413866447 2.24652613 
9.83943324236 -19.1205391555 -8.0550302404 3.02236887147 -4.36829361108 12.5686889575 -0.572818215269 -4.22704895994 3.37719879182 0.720887256588 
11.0834534432 -16.7910613607 -11.052165177 5.89629160165 -3.47596501285 11.2234769163 1.27119755821 -10.3649108894 6.25782545538 0.968619525191 
5.58772020273 -15.1885825519 -15.96475298 1.98782084545 2.40795861506 3.08856871407 2.79298400783 -8.45479303915 5.69771723281 -0.226166470872 
7.89529208081 -6.49396774988 -17.7770439962 8.29794844235 3.36785598266 2.75911923473 11.3083843141 -14.9806791446 2.10446685499 -2.302747668 
3.53876729357 -0.492312182089 -15.8510154185 6.04615021788 2.78737374818 8.65832503373 10.9170229164 -12.2574179733 2.02517577217 -3.83295261306 
4.73391805422 5.26570527368 -14.8128866962 2.28844790519 1.62861213924 7.49438031578 10.8204780879 -10.3623102647 -0.0211686875838 -1.35879452554 
3.05926248458 5.75283082252 -9.08551138129 -3.63532309326 -0.725786757793 6.76379298621 2.97269461986 -9.15956585392 2.29490598547 1.73511734863 
5.27808284646 4.81688892124 -3.98928114031 -0.708993874051 2.98261860676 7.3465078391 -0.127651002799 -9.57820144755 3.49742219016 2.04216726734 
2.70813089802 4.71004326117 -0.307041180826 -2.96099166792 2.98476411603 7.65995905398 1.45042045156 -10.1912825796 2.80196406984 4.43097617847 
2.96446417223 5.13631526083 4.92530484703 2.89672840968 7.67870516921 5.08298631376 3.33036691143 -11.4542393495 -0.863430862133 4.86707190739 
2.84617865107 9.6807540748 8.97864022456 2.39423849107 9.54414228706 5.60547246968 2.67014824609 -10.6500772875 0.0327247099306 4.56187605108 
5.80754033215 9.42958466777 10.8324112899 1.63980249198 10.713066358 7.79056345786 1.67600561045 -7.98415245231 -2.17798986284 6.07779852883 
9.72907813585 9.34046571212 11.1722453626 8.72827098337 11.3281203465 6.63374849146 0.606163554661 -7.25235100836 -2.98082729669 4.74875917031 
9.90494652165 8.59386576791 11.8448151566 6.68763385636 11.5646170739 10.7290421531 0.400443004068 -6.0709900052 -4.26687279559 8.1871987145 
8.55714838038 8.17987930227 10.6359296686 3.16379966996 9.83801913219 10.0577191817 -0.984414383358 -3.06982713701 -5.91955912146 11.7683624071 
8.31216569831 8.82519449249 9.89780920848 0.530549908917 7.804713749 8.11982646777 -2.09136118725 -2.11152282344 -5.06993841752 11.4350180631 
7.34528145832 6.83401948231 8.64789496307 2.66837937163 8.13656138561 6.36032377563 -0.561763073836 -2.87617826151 -7.06055520197 11.8579193207 
7.82483228209 5.52704122023 6.82973927176 2.3980062879 7.99428464311 12.7853227678 -6.26000008762 2.73054902527 -9.48202003241 8.99479698245 
6.96001202924 4.94265877148 3.32698510007 0.587964260297 6.78323681232 8.98527687892 -7.00124608 1.16618482548 -8.52243471449 8.4870435306 
3.46461604785 4.72806222155 3.7715057089 1.30126018131 5.6987720121 10.1442784442 -4.17842227491 -3.95127746222 -7.4624486391 11.1275409187 
5.99622097841 5.83971620827 8.84837337649 0.575606102738 5.88380456865 10.7035392302 -5.92485938594 -2.00974442571 -4.26516400556 10.533030896 
6.3591711256 6.37290982862 6.74397972965 2.11053373674 8.68416285904 11.4421595138 -8.06666636743 -2.2671591055 -3.72986195236 9.20105698934 
2.73241900022 7.30115847867 4.58648898536 0.931037202553 6.09704219027 7.3637054667 -2.4738961952 -7.90530022314 -3.7434758853 6.47946934033 
6.1196240646 5.61584157022 3.20663010594 2.73972306427 4.8403844347 3.70755882911 1.57013888272 -7.59046943925 -1.85727379004 4.17184001903 
2.02571824119 2.50634675282 2.84684386216 3.31970186202 4.81467277655 4.09302268309 0.454344765839 -7.23589248856 -2.08792096056 0.317335504829 
1.83551663395 -0.0617792849659 1.01270431255 1.47968572916 2.90327956938 4.04510586177 4.9792207195 -5.07933047936 -2.23419522867 0.248547922163 
-0.0538684130706 6.71893044696 1.11515633901 -2.63779982839 1.14025359557 2.31144811751 8.80830333155 -5.93601779703 -3.55268107269 0.275344471537 
0.918659374812 4.63525297027 5.76902303575 1.14727242203 4.35836109242 3.35975080946 9.11725809051 -7.40564000892 -3.1870258883 3.04645525461 
-2.0419082276 7.59010045395 4.42066382466 -6.15424300008 2.38516186746 4.55932859662 6.81447375942 -2.50735617087 -0.0627979414391 3.76474804009 
0.550339905716 6.75920243994 5.23545675904 -8.5108658203 -2.72160525009 2.00872358321 0.857354971748 0.904286004078 3.07623924098 0.9530250469 
3.93539226522 8.19963292811 3.21613371521 -9.30686532806 -5.76054158234 0.678903911524 -2.03179243276 2.16404463436 5.28600269548 0.188337011608 
2.01947266133 5.37495497775 5.1630809731 -11.5025539397 -6.71577250951 2.52628412792 -7.08276042713 0.838718742268 5.62616778622 -4.28493028836 
0.576028157438 4.21319169508 10.0361407436 -13.2465657718 -5.32808660371 4.08558672952 -7.05284409451 -0.934589867395 4.1129450861 -5.85948767614 
2.69938026942 1.88967288759 10.8867221595 -10.8411082283 -4.30173057433 0.518255950726 -10.664980858 -1.12338501848 2.07644765185 -5.26954222233 
0.640661474721 -1.01613733647 19.6622383425 -5.71807709303 0.66606707165 3.72726532009 -13.0777278149 -2.03283902501 0.293345713068 -7.37457968371 
-4.39198446512 -3.15377807266 20.7121533315 -8.92531014667 3.591337276 5.5174103597 -13.2588539043 -2.04562674001 -3.13541121497 -6.97899459396 
-5.36084023599 -6.37460593592 18.7877648847 -9.17505461971 2.94176676743 10.0555416651 -17.4825485031 -0.180560831745 -3.25724849037 -8.31773794781 
-2.92585923386 -9.43939405937 9.53752679171 -3.31185666067 2.41003861198 8.09573638857 -14.707132332 2.52634180659 -2.2781245171 -5.65849362544 
-5.24845323768 -9.16949814557 6.94383732266 -2.14270294546 5.76161431571 6.09175769857 -11.7123980909 -0.46886119531 -3.25189347867 -8.76391571316 
-5.2350277798 -7.32149165504 8.27521119403 -2.47610288241 5.86546704748 5.18453381886 -6.34189715358 -2.6909074215 -6.00202189187 -5.85774981657 
-6.44020465852 -6.83761867494 15.0037057264 -1.99625617931 2.45451078031 1.50540668511 -5.92169910059 -9.95567304713 -8.58278616197 -9.69549097798 
-4.49530104781 -7.92064081018 17.7276236074 -6.32091724806 -1.78059244441 6.16409240037 -5.41684858836 -15.8702839614 -8.48735318762 -3.60093058374 
3.05931107928 -7.00057062293 18.6982445128 -0.636712254456 -0.0399789734167 9.98796206316 -2.23324737127 -10.0553828388 -4.55847436338 -1.63573632158 
5.53081559759 -3.46698027883 23.2090733816 -0.0251129261772 4.79513999139 16.9342539842 -6.87885539219 -7.73494172667 -1.10345350242 -3.14380437883 
7.74029693284 -4.65073474924 16.8920429162 0.408102324602 4.09436087503 12.1701135938 -9.12417534695 -12.379615352 -2.30889487603 -1.55897448884 
9.04559193957 -7.24388909527 10.4181498837 1.20603423392 4.90935555163 14.0759926183 -11.1531619281 -9.95387827931 1.26368418385 -0.442388240161 
10.97331149 -4.67922237452 7.1476582004 3.302687178 5.69560449643 5.97304625213 -9.28324542866 -12.1021145857 1.98548216704 2.20145026467 
10.064052892 -6.99970318846 3.53783277763 2.37032880143 10.3271018196 8.70210057762 -11.0011960175 -10.2939618383 2.44662390782 2.58962254661 
11.7347724103 -6.59686715151 -0.955659911338 2.06764279941 13.3138264609 5.94213728735 -11.855022242 -6.10480306616 -0.519785705098 1.61316456289 
13.2202604666 -3.83640835654 -5.39972728982 -0.355756474109 13.0708415755 6.53628937126 -17.6799210433 -3.81696956073 1.56091603373 -2.03585587188 
17.1466073664 -6.97306389162 -9.35044365932 6.10361263471 16.9366757221 7.03458255959 -18.2582731898 -4.03758938997 4.60660949157 -7.77796255549 
20.2722463429 -2.4202813441 -6.85796722698 5.41986395183 16.0558639614 10.2542361645 -16.8348015998 -1.7337945785 6.95059252274 -8.87398528437 
18.1915160149 2.37809168415 -6.85610953785 2.43895731289 10.7529664946 5.95315467948 -12.1068699129 -9.06781425932 4.78878171574 -4.67763325924 
24.813956691 6.0988102919 -4.38976648011 5.47984018575 11.7134949495 4.64979111003 -8.02455965464 -10.9755873532 7.85128068988 -5.96722698426 
25.7856886393 9.81251098567 -1.74239031247 5.18238704231 9.61124861611 3.36389459443 -7.00675601943 -8.9765703644 4.9940327884 -6.2124727687 
26.4123412385 13.0025878147 -1.32743926196 5.06133213612 7.93708004522 6.97996767969 -4.65201995198 -7.04882379278 5.11983716765 -6.17685691021 
26.1589555201 15.2400303954 -1.54495800714 3.37615710764 8.22161273663 9.77579927302 -3.35508289377 -8.51957468572 3.94638983665 -5.12652881388 
27.4249170419 14.5232739671 -1.19336934491 7.03795383138 9.12017114729 11.4105697554 -3.29443901268 -5.97353184324 4.79430001454 -7.3343741645 
22.4768697397 16.8680811355 -2.30727049475 2.08430279549 9.11619552661 10.3021071038 3.41709550701 -14.4877585755 4.69861557159 -2.52393980884 
16.7273666037 16.23926823 2.22641599005 -4.35600322507 8.81126706233 8.48011916399 1.31376571407 -11.8429730459 3.56632864249 2.11137223365 
18.5437588467 16.4740335715 1.85853585296 -4.70197894812 5.06469654138 7.52877473565 -0.22372391288 -11.7958312745 3.85890497294 4.43837506632 
17.3179050059 15.1248157064 2.71529402004 -4.44940194518 7.40863357823 5.32681642752 0.0422801049441 -12.3020522559 4.47441670017 2.71508055422 
14.7197920804 14.8063429429 6.61875547126 -5.17546486938 8.57701712289 5.46034382151 -0.0918005940322 -10.0817944739 5.78032706055 3.07764043829 
17.571820381 11.6886597144 3.82629461301 -2.75043020245 10.1973647511 5.3258628709 -3.80745278493 -4.74201311234 5.29904578971 -1.96400664041 
17.7777027075 11.5824416818 4.67604516758 -0.636237386179 10.8365631703 6.97287157055 1.70826553287 -7.85365418788 3.84846560284 -1.6775051312 
18.2555045662 9.28070359491 4.9167820028 0.678550167629 12.1775718901 6.94707858221 2.35070706208 -6.43483748133 0.845562222793 -2.12472742848 
21.4825898257 9.02460092975 6.44766128098 2.69955402413 9.20407535927 5.47232780939 -0.861296212536 -8.74355536299 2.47709013372 -5.48988911478 
23.5918939388 9.4181995621 7.02089836423 2.9418289868 8.85069386944 4.23654803531 1.21937175368 -7.76384221044 5.27151922495 -6.18257726991 
22.0176072823 8.77395696547 8.32956963704 -0.137155889491 4.28025260168 5.04582470822 -4.75038209195 -4.64284566413 5.28307227502 -5.75814186618 
26.9269998366 8.38025084445 6.06983422795 0.152914295902 2.0765134785 2.75862947925 -7.18239396589 1.43727212791 7.84113259096 -10.7965501538 
29.8586383351 8.75229507526 2.84577480928 1.94981421009 0.731465539367 1.86072509535 -5.09878470307 1.47263998223 7.19506559741 -10.3280547555 
28.632566981 9.16154449766 2.18749873568 0.399822517052 0.376535556494 1.97306829502 -4.94916852846 6.11242890607 7.17700974346 -12.0942559023 
26.7247481959 7.42105354601 4.46587524 1.22887743002 3.16359387098 4.80824847142 -7.60368351077 10.1024976739 6.41459173705 -13.3400299073 
24.0489861054 5.56824915557 -1.64105653713 -0.396934099553 3.82679363274 6.60006929783 4.52334633462 3.83024253753 11.5867540283 -16.6398774651 
19.9732795248 6.88267945308 -0.628915376618 -3.82390542244 1.46757562455 4.75164468532 5.28204011693 4.52325171964 8.55057458289 -14.8874826179 
20.454729165 6.58669256177 -0.515478872158 -3.6608554568 2.86380234305 6.38686685202 6.39215713148 5.8664230063 6.18868801444 -12.1137586518 
22.90914765 6.70094937343 -1.15472499559 -3.62715735975 2.7035979338 6.04941692204 7.41414036122 5.50390477883 6.00406990173 -11.7604263597 
25.5427717247 6.56621514123 0.513960419142 -4.10151221579 2.42456936252 4.80429632079 3.86190107947 4.74096424703 6.85070686753 -11.9865399001 
24.7038805972 6.11677484454 -1.20961764878 -0.328168138606 3.33571502997 -7.65484357274 0.431895514675 -4.58281155842 -7.3754830668 -6.92093900236 
16.8740207861 6.64072722525 -5.34108773362 -6.3488331322 5.83770273736 -7.597131504 -3.01016918389 -10.3489787642 -10.5754596823 -5.54171840407 
11.5378892021 7.64604393598 -6.18118175671 -11.1064638178 4.49907189086 -7.80490604456 -8.66986921762 -4.5563907052 -14.2369611887 -5.49818214338 
10.4809172776 7.9524254608 -5.59586893264 -9.18804691528 1.77971478958 -6.58723450064 -6.72227648271 -3.33325015696 -12.714205016 -5.37080534609 
12.4979481138 7.53547533654 -2.40181385755 -10.3652410376 4.3428077844 -7.63543597817 -6.2231692254 -2.96650046786 -11.9975742964 -5.07649370477 
10.4404096013 6.27751971493 -7.53702909942 -11.5395748967 1.64597226916 -6.40337106734 -5.19533734902 1.65741275407 -9.72812152113 -3.18087119006 
19.252826293 -5.20626793135 -11.8991671932 -6.25857137302 3.90895820814 -10.0034435665 -7.21890593887 1.26639243799 -10.392424415 -6.64028133781 
14.3472511367 -10.7511931202 -15.0925109245 -8.68210336537 5.19699421448 -6.96835475248 -7.13946632752 -2.64029402145 -8.34991035405 -7.97284788912 
15.3839032122 -1.05475567828 -10.501324893 -14.692172256 -4.63031482723 -5.58762615262 0.813281045923 -4.30255384798 -3.69365219851 -4.9525704485 
11.7929402802 -1.00478938161 -11.6375591725 -15.2706023805 0.770714279974 -5.29058843643 -1.29388365145 -2.20281598515 -4.30979564006 -4.27314135193 
6.74360534421 -1.33725627086 -12.0750826811 -17.6982837315 1.66626239236 -4.12711607608 0.259167527519 -1.57938040807 -3.1013072399 -5.0912652629 
12.077705041 -2.3261639397 -8.17960488926 -18.682090105 -5.6163902101 -3.54113005096 0.354800867968 -0.867102484775 -3.08821817081 -5.38376237487 
8.91400733176 -0.0619306331158 -6.4447706706 -20.2297918929 -6.37036837821 -2.18236311378 -1.67661353604 1.30677689279 -0.938595675884 -2.2746595383 
8.07288731642 -5.4416887268 -5.33121333844 -20.0569196564 -7.48684803392 -3.72604405528 -0.762328474039 -2.38719485219 -0.94233816849 -3.93719331241 
6.82000645547 -8.17010182194 -3.24697107746 -21.420155942 -10.966696674 -2.63645851133 -2.28918696461 -2.66984572258 -0.488683944753 -3.06834115162 
12.0001645679 -8.55604339047 5.575981901 -18.8902910861 -15.1291283816 -4.57401195478 -3.46135301258 -1.6848675708 -1.76362351488 -3.64776976997 
11.7643702838 -13.3391175435 10.9400272314 -17.3337044931 -12.0434449856 -1.126663686 -2.98339386862 -1.43535625868 -0.613968888219 -6.0600801726 
13.8566247267 -15.3004587638 7.58481696313 -14.2518448524 -12.0502095103 -2.30502157244 -0.57443664578 -3.45915481214 -1.83876629614 -3.35613519445 
17.7739674759 -12.4872916255 9.89816510894 -11.4974815737 -7.72214369642 -3.23573369955 1.60233063515 -2.32147070296 1.24051306234 -2.15818977856 
18.4504675975 -11.1818722204 10.7170451168 -12.2847760084 -7.53503813384 -3.40986928404 0.944711267659 0.941573034979 1.04562789679 -1.68624536729 
17.8214319419 -15.3675853222 2.84295252045 -10.2194530966 -5.21654403459 -4.02586941789 2.53953965287 -0.867656491927 2.23516624996 -0.833826147378 
17.1349255359 -14.7584752164 4.30530415225 -7.13059520462 -2.61515743152 -3.51559745279 4.93683294674 -0.769117312685 -0.299075896588 0.226786265666 
17.2369948757 -13.0377507434 0.362053079575 -5.20780212372 -0.779634507049 -5.5587828817 6.21162601051 1.532832482 -0.472569288415 -4.0323428837 
20.7507091035 -17.3900461988 -3.81672693617 -6.79142057059 1.81135804216 -2.12497154914 0.640046370812 3.07552614759 0.9857905822 -1.35427742809 
21.4163100715 -20.7256660672 -8.2878032918 -6.88256534997 4.43915700584 -3.03969226863 -3.29862015427 1.99011482807 5.87763849192 -3.67975810875 
21.5879669688 -19.258873837 -7.4492547022 -7.83528402615 3.73816029313 -1.0564903377 -0.851070053182 -3.39683118283 7.66745752614 -2.020546732 
23.7611281194 -7.56333913935 -3.52766191688 -8.05587464998 1.75365067143 -1.75872877095 2.13720466916 -10.3744404389 6.99080216535 0.132434659914 
23.8921964103 -7.59594187857 -8.54882783866 -5.68442583338 3.65799875529 -4.35853818946 1.2184268767 -13.3149076855 4.34855373741 1.1267484181 
25.6300357587 1.02353996205 -6.05363078095 -1.88183262229 4.71338931008 -5.63227191052 0.698827302093 -17.0860706875 2.6516533474 -0.223318871406 
32.2257780656 5.11733431534 -2.68574727156 -1.25933043468 2.64713220855 -3.55876841386 -2.91520776456 -12.2612927952 4.62386491571 -6.10989325692 
30.1846842064 8.4041959084 -1.2841336105 -5.57990563326 1.72660128301 1.6246629619 -5.4768970919 1.3933820718 4.17534010355 -9.95864157632 
29.8511508245 12.3000921775 -0.757417025201 -6.15928877606 -0.146868053682 0.0936025228282 -3.77223206603 0.0680776676409 6.238836362 -7.70472010756 
28.6019307792 11.0601344368 -1.28103955318 -9.8868403034 0.689506729526 -0.654027564959 0.430294080274 -0.603725344209 8.94459329811 -7.60097556822 
29.1258985829 11.6560831218 0.581756257767 -9.81696707785 1.94743585692 -0.897431346218 0.222960047771 -2.19602298946 8.75667342492 -7.74299394984 
25.1194981992 10.6051393039 3.61095105057 -8.44503652909 5.08261152055 -4.91364883062 -2.52487130843 -4.28134158889 4.15609875644 -5.86821139775 
21.5877682405 10.0276356099 9.62315160948 -5.15417662644 7.96654518007 -4.06384423283 0.194427338993 -6.53650165534 3.01914292528 -3.48521642391 
21.2613947061 9.06010804912 13.1572281777 -7.08278124304 7.14853561923 -6.10494221017 -2.09449095669 -4.33323074517 3.45726581999 -2.78903746357 
21.8013689019 10.7511667074 15.8025926584 -4.20216032949 8.69609194256 -6.85306161023 -7.0768125414 -3.31337113663 3.48942911708 -3.94502916844 
20.4986924253 8.99668687668 15.6162772754 -6.40597203562 8.28033780121 -3.17579050367 -7.59301856098 -1.52305065002 1.76628361581 -1.6642908905 
27.3589147487 8.12381177177 17.0598930433 -4.08867705537 7.88568405118 -2.7442877656 -8.32891214788 2.09776816247 1.05936017126 -4.3292020978 
22.4832070838 9.32894280135 13.5032434534 -5.54437389858 5.30660684527 -4.01095080757 -8.56608261516 4.79059357434 -1.69886363207 -1.24061238421 
23.3606874073 8.93830279748 13.2870709647 -7.43790944079 4.92639170036 -3.8853392563 -6.9563405909 7.03979545836 -0.769017176173 -0.471758555479 
18.9503965216 9.48733571561 8.06356570199 -7.32033151651 4.3981026407 -3.24030105967 -2.83936885689 4.27485473585 -1.63038237969 2.52348549561 
16.3087883245 9.47092730686 5.85820760577 -6.81800072882 3.86755718909 -5.33986921966 1.89427298023 0.1453819625 -3.89550368289 2.20281892298 
15.7577967804 8.94849813612 1.19574612572 -9.52217123039 3.56246384682 -4.08792846382 3.47756178958 2.742221695 -1.63971011237 1.91938775033 
17.7679608812 8.83646314662 0.148504537515 -13.1261389716 -2.42716021733 -6.27182262918 5.42917834182 4.44926048009 -0.143518740435 1.42878880688 
23.5199448309 6.60229671671 2.62067815738 -12.9520502933 -1.14741475442 -5.23814092103 1.96094162162 6.27126152108 4.25862092999 -1.97898036682 
20.3127521678 4.31941025713 5.32293182034 -12.6449869306 -0.220081281877 -3.255073779 2.58561309625 6.59889396173 3.43755695372 -0.211434462585 
13.7821379861 5.60643726884 3.6550838565 -14.3349005118 0.457345673106 -4.39246080015 3.69622877154 2.21343154708 1.98469139627 0.93971727778 
11.9145714145 5.43501677825 4.87009908916 -15.2641735444 1.41657555643 -6.33951974271 7.10452304895 -0.618424776422 -1.80939965969 3.63087750115 
11.1408074839 4.57543499175 5.14628160021 -16.0549275023 -0.0610630601639 -6.25809876734 5.05032292866 0.473224048264 -0.716399211194 4.00117377245 
12.8771782701 2.26244112658 5.72786893069 -14.4483905123 -3.20417765699 -5.78376199155 -1.40698431028 6.30270691647 0.078982849621 1.61055825709 
11.6083037421 -0.0854137620035 8.01405334632 -16.6131155968 -5.37648014134 -6.70465772744 -0.0551574546232 5.01527517794 2.1333747159 -1.25563189738 
8.23434955076 3.25449870543 5.28479497081 -19.6649118896 -2.77427296238 -6.16056877641 -1.09106192884 7.96017412693 2.30905489296 -0.952440305951 
7.18103556309 2.67451518003 2.57877730626 -21.6234420405 -2.47426599084 -5.00011804419 1.53209727698 9.56087973852 3.327617541 -1.67365845127 
1.72866701856 2.62928091821 5.74309614997 -22.9376535401 -2.44164340041 -4.06716849214 2.41514954496 6.96921909631 2.19778012428 -3.53970228817 
0.352754613727 1.77013974093 2.90231379321 -21.7837818733 -0.752217773177 -3.33181584296 4.59436388549 6.44814624118 2.36201745733 1.51822297725 
0.114974525338 -0.912973817173 1.26323480775 -21.3073140461 1.20175814954 -4.28055315145 5.1658255061 6.77971585845 1.29832765686 3.64199500391 
0.265912984801 -10.0407610002 -1.19923596862 -17.8659968631 6.28631070756 -3.87694029453 5.9823261511 2.1985820027 2.76955935694 4.72343014198 
0.652165304248 -8.93447402611 -1.99218836813 -18.3039184909 7.72707600533 -3.00084343757 5.08265948942 1.01779125562 2.16109137532 4.20987427854 
5.49479334293 -15.08661801 -7.12302336545 -15.2668838247 10.6127501405 -0.931417414582 6.48760393348 3.67665509307 1.88942264073 3.35770331824 
5.43103728705 -16.7179949557 -4.66880149764 -13.016666345 14.4590908716 -0.728389165992 5.15155280467 1.03624087902 0.38929306376 2.65782773571 
4.59655300288 -25.7495274047 -8.01037160574 -6.8029792178 22.6485608411 1.61887128485 5.87415349704 3.89752252085 2.62772498869 -0.436928199849 
10.6847108123 -12.9801116535 2.07135572954 -9.25994552568 17.5233069553 5.26739678936 5.68549108589 8.46422684103 -0.778601488611 4.77035997055 
8.58671987568 -6.74727499847 6.30769082987 -7.79359709433 15.3525881501 3.04852913333 1.5282035691 8.82867302688 -4.09499250921 5.62813386124 
6.85786193308 -3.02928312085 9.65019807125 -6.26254810286 17.0564688515 2.84872549873 4.56272751603 7.94116541025 -4.33593753235 4.91686423723 
5.65057322235 -2.30864114313 11.4787104343 -5.30866900548 18.7255994316 1.56554160619 3.63986729302 8.32495456151 -4.80255508946 4.03543968211 
5.26181110744 -8.28380419046 7.35698494256 -4.45706213468 20.7253830632 0.312528461976 3.63238202335 8.62612791322 -6.62802059947 5.03178500939 
7.23812466409 -8.29766037213 7.62567697335 -5.00347832821 21.4052656645 -2.10997132326 3.40582959014 8.01613750822 -7.84960697591 1.38701285463 
13.6332070742 -10.464691523 5.9059211562 -2.58520947194 16.8095007342 -2.48771049009 1.33110430008 8.51986511834 -6.11212699554 -0.498177595565 
18.9470791348 -15.404098862 -2.17755897939 -2.6239049504 18.8025366508 -4.4253054554 -2.1977215775 9.62118921577 -5.42927213973 -3.33236224077 
19.6336574835 -24.5413568237 -11.0831735847 -3.49196161698 16.988025344 -8.29036007491 -4.65058100085 8.2154151153 -3.63302074679 -2.9921885002 
14.9406842612 -20.0233018118 -10.8267830289 -5.19350339252 13.5395429215 -10.7053255584 -4.45368363222 4.40415802449 -6.15691319805 -1.41838968416 
13.2860483634 -20.2737191252 -17.2865670774 -5.90798202872 14.1683399551 -8.39759966347 -7.42899269637 6.83106322059 -5.26473155633 -2.50112282892 
15.6293060162 -22.6018392529 -17.6648192124 -1.54276673909 14.3165334244 -8.27801251714 -4.29720628271 5.49377918073 -2.7160191438 -3.54716283098 
16.574500618 -22.7755395889 -17.7683014429 -0.416157830371 14.6395967506 -6.64174435916 -5.39941258983 4.52716673796 -0.672987073451 -2.7112194016 
18.8137297041 -18.0525761736 -17.8481432346 -1.25661858166 10.8596146161 -4.65830446064 -5.85632680947 3.41774811166 -1.21780924138 -3.71280193351 
26.1157995423 -9.67191553167 -11.1025786112 1.89599761677 8.63844737016 -6.96701458552 -6.7542841019 1.34543364346 -1.17860806396 -2.59756104715 
28.0423466241 -6.01039197744 -10.7232289307 4.7805642081 6.40567276454 -8.30400753325 -4.10445675238 -3.64957581945 -2.55557397631 -5.21480123168 
31.7537518054 1.90160841433 -5.5030968765 1.88335370714 7.31966580994 -2.54772550149 -1.89447929134 -1.92914759092 -0.90880576607 -4.55474232131 
27.713663834 5.42688554203 -3.08829603271 -1.20881778233 4.92184903414 -1.37648321957 1.39480178857 -0.819989953764 -2.0710500066 -0.627106619126 
24.2173069162 9.32886999163 0.258750108557 -2.82578391993 0.539641400886 -0.551988456944 1.97515057907 -0.955334415321 -0.773012872838 0.117793495673 
22.2207578238 9.61470478264 1.37032601461 -7.82775305357 -2.6230941801 -0.118684010509 1.39009491729 -1.47669346484 0.172455911633 1.31198596714 
22.6886144032 6.58263937068 -3.79533775415 -8.40501079699 -6.79856572431 -2.69110890875 3.50032628136 -1.91594847817 1.72783193067 -5.33137147369 
29.7913601199 8.99196305484 -2.59156663197 -7.3587911997 -7.54523295932 -2.16716446256 2.20673552776 -0.520434349507 5.84310426627 -8.24195568546 
25.5525963285 10.5704168 -1.30360304158 -7.34572202628 -7.52307531547 -2.32567083774 2.6430508601 -1.48623645109 8.7997793782 -8.21807914159 
22.6126385724 10.1854099229 1.08741865997 -4.64128056082 -1.44523514649 1.42598776379 -0.0810198044783 -2.81797144762 9.23446243034 -6.63537512343 
24.7373301785 12.0009995614 0.609674682438 -6.28915560517 2.93422125395 -0.395431314071 -0.871244654895 -4.64169983522 6.20528222774 -3.91325160297 
20.936649538 15.272148523 3.77611164436 -10.4958875977 4.48400191441 0.0801090294552 1.48503620495 -0.434628846733 6.70079329847 -1.93399625399 
17.7454929325 14.6892406448 2.6129408281 -10.8746813293 6.34393367448 0.0458986027407 4.78782172415 -3.21072034342 3.63363888302 -0.515112785512 
20.3255253314 12.1200135267 1.02973561159 -6.32351163082 5.28369636772 -2.94852673926 3.93085935288 -4.86237908629 -1.40880177572 -0.113882963142 
19.0513833899 12.8825743687 -0.738442110813 -6.13363505173 1.50971639836 -2.51026591143 4.26572237798 -7.30659617263 -2.92459910058 1.22311859719 
20.3601418267 9.78323753304 -0.95034675127 -4.50720891566 -3.05560140002 -5.40833419323 0.24517919024 -8.84420265164 -5.25509169702 1.43022436659 
20.1095736687 7.0400079992 1.38257758141 -7.9047712104 -5.72165564144 -3.25155127984 -1.07924918103 -4.13802784912 -3.6600583307 -2.13497013837 
25.7784568506 3.75965033838 1.97552674191 -5.76080516782 -6.65880282244 -4.54745670882 -6.20618918309 2.17914387279 -0.152871721649 -5.92151343079 
22.710434963 5.50826364797 0.635932300606 -2.67466628439 -6.07346883826 -4.86811621679 -1.31471600827 -0.420306770614 -2.08995889127 -2.85944910898 
25.1188394331 4.87062725373 0.068845829845 -4.38625905858 -5.86620410817 -0.873383433533 -1.7810891591 7.62037937006 2.70400938097 -4.71555155564 
25.3586004024 6.0424112808 -0.983318235918 -8.32292846345 -7.46669082361 -2.02543175718 -0.635711786747 9.69621141154 2.89398320333 -8.55904644922 
22.3481550928 5.96556969549 -1.80293877248 -5.08462727778 -3.94894763532 3.74422359189 4.5377200231 11.3838898102 4.70669342266 -7.16266353358 
18.8026006712 10.3723086676 3.77649821661 -9.13294766443 -2.77385864935 4.17096462621 0.457215050862 10.576565172 -0.0736789170206 -3.25121777821 
14.2220826049 10.4278594549 4.40780011 -10.53102986 -0.596408978464 3.07078223867 4.1741394764 8.29558784969 -3.91731959573 -1.38818320227 
16.0688562742 9.55413018523 3.48334563015 -9.73081384199 -0.534110966741 0.6028960581 3.51588615427 7.5520442755 -7.96408227254 1.63763697153 
20.0058144478 4.57780357771 -2.56665603356 -6.68835549538 0.771678365908 0.355128600207 5.22670958 5.57893822455 -7.28683345125 -0.381203131275 
15.8694089929 5.44031103135 -2.33362838614 -6.50116892934 3.80872979375 -7.07584590753 1.92970993682 -1.04417812027 -10.1202935544 2.48960271164 
14.2164531176 1.5059372939 -5.48661506912 -11.5297446189 4.61571180526 -4.37243375726 0.810099621184 1.53885043273 -9.66833537305 1.83224197122 
17.5081532589 -1.70396749867 -9.34837218558 -10.4033318133 1.14068756955 -6.27390407904 4.23900010143 2.23705599971 -8.97534561006 -0.547554498926 
18.9959093191 3.19777017758 -2.23441888393 -12.76844132 -1.86254049162 -3.76820106043 8.24296145978 2.37822039615 -7.00172057581 2.43138286665 
17.8584813341 4.15822602574 -5.7001601104 -16.1980186567 -8.36748555383 -7.11340915274 4.42022643307 1.82993703229 -7.79005419822 2.00664855688 
12.1297956229 6.79011963584 -4.90508075321 -17.5332331804 -8.56920664733 -7.0044878987 3.60661849921 0.887832940843 -7.53980688868 0.707748854595 
19.9878655827 1.98899538908 -5.73780565481 -13.2087236027 -8.55355132852 -7.86946148284 1.38047986805 3.24294565241 -7.48787339701 -0.905530859054 
19.1920278801 -2.43022202591 -10.3026403961 -14.2710103973 -9.42337480469 -4.59564637298 -1.94604264521 4.85305548386 -8.92407660292 0.232312304 
17.0894916404 -2.47754651717 -8.10933533621 -11.7329243709 -5.95415156262 -8.68603818966 -4.76006476009 5.89090032812 -8.44153750735 -0.652810525655 
14.9994429854 -6.36403980161 -4.25852387273 -10.4034472258 1.33931686905 -7.91027618773 -1.01837246775 0.229271905514 -11.8425146512 0.576487984349 
14.5398180186 -1.89286740355 0.228809165862 -16.3200675228 -3.48976625205 -3.78251581101 -1.78383773446 4.67958545202 -6.96498983087 0.547566694909 
17.2503840272 -5.25254790721 -1.24634741114 -16.1085307036 -1.7307904818 -1.87468429743 -1.04802170842 2.73750034749 -6.88176221596 -0.328061693341 
14.1580509706 -4.25750699458 -1.69605127684 -16.503545618 1.4252552831 -0.212897451226 -1.42415673202 1.60939655985 -7.34162223318 3.489444197 
12.9287399495 -6.60035389801 2.38765330092 -15.0224262883 -0.211105411811 0.157940025954 -2.27871855436 -2.02204913983 -7.33799857844 2.56936605613 
9.41927366918 -7.10231097978 1.60981581192 -16.3523592638 -3.73160608321 0.158027082497 -2.45354443507 -1.69304358678 -6.05253207196 0.645618300795 
12.0802782114 -19.0461073121 3.79314091332 -11.2128745712 -7.56737938669 -0.1296275977 0.462115101746 -8.11237394549 -3.42764789452 0.20913498287 
12.7483422262 -21.7600978023 5.34196302148 -13.0822669001 -9.73922618067 3.4966477681 1.32177829204 -4.6408695095 -2.92811127621 2.50952428672 
14.1828731324 -23.309944298 9.13521397409 -11.1093141483 -7.10047619342 3.29285915729 6.7909691678 -6.22058294183 -2.88316700552 3.99709422643 
10.4629887613 -26.5576526542 10.2548978722 -10.7937981447 -8.75525998073 5.52012839894 8.90022124356 -10.2504319287 -1.76746746847 4.87824932725 
13.4592040409 -30.1737608886 10.2220189106 -10.9342233542 -12.3683994261 6.20447089066 8.65169291101 -10.2504968012 -0.981241818797 3.61495274754 
14.0465811619 -28.498080038 11.9752127719 -10.9119063632 -7.54071570689 6.46001039141 8.71680160332 -9.56904417091 -1.5953477245 4.62329322 
15.2254409963 -29.2009662433 12.0432984716 -7.9377630784 -8.18849373627 3.52439395834 8.70102531661 -7.96729718067 0.0909408198769 4.93333166346 
17.0312222704 -29.6854466388 2.03091231973 -4.00327685355 -5.25615778499 -1.0024397858 9.44061442429 -5.41124719386 -0.0272984711768 7.18165900457 
16.3533971545 -31.0593395001 -3.74675261312 0.689466504752 0.10086706093 -4.47786961909 11.6289873633 -1.49639511217 1.67524718582 6.07299713136 
17.1610295843 -32.6517696663 -7.95662435718 -1.46569145852 3.83237367707 -4.32630613961 10.5864960368 -3.8655550607 4.11171031514 5.94344646833 
19.2606732603 -33.1745763431 -9.07441948332 -2.29558937976 0.303430302391 -2.04355938225 3.98065775514 4.42828066852 7.67890656954 6.89595585643 
21.8636121841 -20.7251888069 -5.05946834315 -1.46148086884 -4.79644570051 -5.70961538526 7.64850343221 -1.22014343584 6.07139739104 7.69134063197 
21.964364058 -10.2064807455 -1.93639073181 -3.89180853611 -7.14556487328 -10.2643960213 9.19664901848 -6.04158459691 1.05597800209 6.66236747261 
23.5450455118 -9.17325174253 -5.72711012812 -0.471863319278 -1.44160326549 -8.12720085359 12.0376504817 -9.24781259059 2.97489487087 8.75062712206 
22.1069687609 -3.41064026022 -3.78539940427 -3.62339789588 -0.870223107927 -10.2022520767 11.1549233864 -8.66664855324 0.760507482272 7.39554446325 
21.2625710606 -1.73392247474 -5.12926383651 -3.12725872763 -1.17525507993 -6.94819227865 12.9052482017 -8.32930907594 0.0405872354749 7.99434491979 
21.8698874476 0.430588100316 -2.39119663392 -8.0830370952 -6.8237602128 -8.79386035182 7.63200152258 -4.08361906075 1.56509326194 4.50517054514 
22.4076293487 4.03835311724 1.47650884799 -9.91441877749 -4.3552713021 -5.17796692613 6.11428447087 1.69472865476 4.02693445992 1.85560329725 
21.0713107593 6.57904603775 3.06792548519 -12.803125106 -3.32302139236 -1.41302034958 3.46044910856 4.82406835178 2.98661720421 2.19725312611 
22.0432524828 6.2384729871 5.02720590225 -11.4275963604 -3.11870111014 0.574175768659 2.36892605527 7.52468600345 2.29253388557 1.87017691391 
17.668596919 4.882882629 8.45708921759 -10.0090694487 2.64341158013 0.442737833488 1.44103963318 7.42087125718 0.742851086713 4.83489990461 
21.9453898425 6.81860828483 10.4739363292 -5.92582820782 3.09296952488 1.01399079398 -0.956917964893 9.31448523801 1.95124535221 4.13907255768 
19.3609446623 5.43426344453 16.2230779063 -5.46564808371 5.37574859589 -3.81008581903 -1.10359682686 6.81324087547 -2.21414147116 6.23745649548 
18.0540410394 1.52680363054 13.921022379 -2.00725091889 5.67986772624 -6.99996358187 -0.292470782866 2.6136640293 -3.18233905875 7.81430135929 
18.346650998 -0.940103791984 12.8535028091 -0.647023875812 4.69063487366 -8.11447825235 -5.57682014605 3.25798863831 -6.0080624231 5.42520582582 
16.3133363138 -0.137428624115 12.5392513298 -3.78814236558 8.94014259671 -4.15884268072 -3.37121597532 5.24212985232 -3.2747645346 7.16282418235 
15.918130546 -2.99925779085 11.5433388826 -4.36376762579 7.91530311059 -7.00241487709 -2.2822125054 5.33629589284 -4.88954233153 7.50533016177 
10.8082147064 -4.90405063498 7.662799588 -2.23604396955 9.54489280964 -4.78604313086 0.398999316551 2.51607287005 1.72065424175 8.55738923986 
11.2839993395 -6.87770424059 2.5840860578 -1.87056225983 6.9909746126 -7.78206306848 1.90609140787 3.07943985164 0.25882291213 7.09282042904 
17.7644961742 -6.13085797324 4.25748864336 -4.50783102543 7.7000976298 -7.45232504112 2.76936126145 7.43782517192 3.23975041396 5.9175792077 
14.5251930906 -2.29703213964 1.91773672386 -10.1015082064 7.63765875717 -1.98155543157 1.78943270047 8.14531694951 1.53297222618 6.99244297802 
12.8871852218 1.20960938881 3.38994841985 -9.7897297977 4.85651438078 -1.65144048825 3.00966467156 6.23395323474 -0.283520242434 7.1037903223 
10.1309636713 4.6028702242 -0.404816757758 -7.49809314107 1.81187692208 -3.99931260383 11.3809917015 0.444295549146 -8.95161979288 7.99515064623 
11.2834285969 5.46085673457 -0.985300340492 -9.40596301019 0.516885284682 -1.61984195397 6.97706736989 5.12051955167 -4.68428613349 7.57483513829 
9.45524764411 1.57178659467 -0.14941737087 -10.1621629454 4.14317180931 3.25697768069 5.31036839566 10.3161332339 -4.07823896547 9.11117357454 
7.81946956036 0.5495918724 -2.34475273072 -9.00845005552 4.54475462128 1.51697262441 9.98029230175 8.65597762143 -4.39608982401 7.43192901823 
4.12253117322 1.91078060913 -1.25765019094 -11.0853118473 2.87745273215 4.7951679505 5.73006126236 8.34798457727 -5.70457204562 8.48283006015 
3.51718871643 2.2536500528 -2.35979216315 -14.9747320654 -2.10861929867 2.2933699266 6.15116342239 10.7501943889 -4.54770117822 6.32760611123 
0.386587253236 1.0875270238 -5.18086660261 -18.0512106905 -7.77059283924 1.9705901794 4.68539776713 12.39211176 -0.411955196718 2.89198990078 
-4.3533126821 0.71903506006 -5.27880372069 -15.0860648891 -5.25829919727 0.936201738763 6.09851367041 12.6523940499 3.11176371971 1.1701909211 
-2.74243144188 -4.25506845728 -4.27858737828 -10.0360047317 -1.52880386283 1.440589047 9.05988092515 11.523902214 4.72530142374 2.41537531099 
-2.69997687682 -3.54395013086 1.49614996567 -11.2435918532 -1.44804040552 -0.392836149974 7.53487986618 9.25888586519 4.03680853104 2.50766812808 
-2.13425712087 -3.68092711932 6.60473885345 -11.4224432102 -2.60693997456 -1.47495392325 6.50199281865 6.23379652217 2.50472109608 4.78444050458 
2.49488495805 -7.53465334058 8.32840683114 -11.7327626721 -6.11179505257 -0.992243902176 4.08234095663 5.6557902431 3.86109114138 0.305378700205 
0.961066459649 -10.9567769006 8.92804567844 -6.57785647105 -3.36266588682 1.4506954843 6.72830015231 0.536238126057 4.67218276062 2.57172133359 
0.115336645918 -12.6549919533 15.7256294109 -6.79910211492 -4.36425932897 -1.02559170797 6.83753623611 -3.22845275201 0.0426323223822 3.34347785951 
-2.25108023358 -18.0374923941 16.9055478158 -5.28995083109 -1.6892930341 3.64956888399 7.60580788053 -2.91969206665 0.710861806803 0.911606469549 
-5.74861767079 -12.5402741854 23.1124625716 -7.21592113851 2.503012166 1.52228224663 3.34553135686 -1.28624554788 -0.00723765819209 -3.59251920832 
-6.29664483279 -11.1054330594 24.6080821923 -4.35069435318 4.41653550633 -0.185245448052 7.19600317493 -0.324003266857 -3.06728111847 -3.3381625231 
-4.43545084976 -11.3382250465 27.668524511 -4.16999740438 5.44846032703 1.5398260345 11.3193433298 0.632307255043 -4.28449515625 -3.54343691209 
-4.42782815578 -12.5780511283 27.4461810924 -4.00823299508 3.23027435442 1.25901182841 8.59354927694 0.672783940799 -4.03327440085 -6.09223283917 
-2.52567078272 -15.9656839058 20.6048930222 -4.22869363324 -1.26478769191 -0.313312863892 6.70201606479 -0.655798678811 -6.66246017275 -2.47769028969 
0.905500607955 -11.6489848919 17.7224372059 -5.79208924421 -3.75094359645 1.41646736677 4.97107479318 -0.152881487619 -3.54178134208 3.10891828495 
1.85991472614 -12.4084056875 16.0015049893 -4.25087511183 -9.03477592963 0.179468348679 4.91523548421 -0.858576217431 -8.15889732143 1.12336573649 
2.4352611567 -13.9778483249 15.3613540133 3.97464087206 -5.98108785638 -2.65640721226 12.4397651304 0.692458724099 -9.75396073755 -0.0895451620425 
2.67931684956 -25.9749886787 7.36898927759 7.78651987287 -0.371613036288 -1.79149636021 16.8797443852 2.17098757821 -6.34917501425 1.549254658 
3.08510224614 -34.1842645161 -0.627248731333 9.05465244774 4.0106893811 -3.0895887404 13.0163071862 2.76520726013 -3.50474169334 4.18577785721 
-0.624004924163 -33.0366015922 -1.82453740447 10.2690444167 10.7028324834 1.77451307167 10.5426735959 2.33959010328 -1.39811582221 6.73282370507 
-0.342701600286 -20.3924094496 3.16056457621 5.33933633143 7.73997660278 3.91328429173 5.78182108056 6.63469299878 2.02280690071 7.67169006512 
2.08049628431 -29.3225029983 -11.3187397415 2.95488587482 10.273546258 -0.186942511011 -0.24234802264 8.30010541452 7.45385818444 4.00467602315 
2.60193558633 -24.9291441127 -10.9684988706 3.70176904821 5.84981695116 -2.78707917721 -0.216745314726 7.45827490813 8.85562897799 6.21566039284 
6.22084317033 -31.0724928478 -22.2760258885 3.24519857079 6.29761806375 0.350209359184 -0.471725748832 7.21062871331 10.5550197108 1.45557217283 
13.1206388111 -29.9642364313 -20.5930512359 6.80144144745 1.10318525192 -5.53512477465 -1.60537180403 3.73133667101 9.4245714823 4.31205138985 
13.0960291982 -24.7214583873 -20.960162647 7.77806895553 7.14961554789 -5.70383040353 -1.60298707373 -1.28607801291 5.05668259906 0.849326937187 
13.1814390236 -20.7277443226 -21.1293115022 8.26228658958 7.50445827314 -0.657986666526 7.02798182147 -5.52620812026 1.32339627726 1.96323100341 
16.2832360444 -13.5275156046 -16.3912049754 9.67993707421 4.75618617053 0.269654045172 10.6551457217 -8.3355863483 1.37270578811 4.9036713369 
10.245265466 4.46028071433 -10.9185966828 2.0845678912 -4.67555577794 3.69907893031 11.6282874631 0.298133137023 -0.518031311728 3.4899832827 
5.92825381317 12.984005747 -9.6966648004 -6.35641332254 -10.610151031 7.60931997184 12.0224641734 3.73358048027 3.82350611501 -1.0707554926 
7.15736756206 11.795058445 -5.8081022919 -7.58568245739 -10.6596497895 9.96040336052 9.51837555905 7.52702475056 4.83182050023 -1.45123568208 
7.34092134742 8.25113420919 -4.25326072377 -4.26882240823 -6.68205688798 7.57756549038 8.87388104962 4.00841691415 4.73895573665 -1.08017720905 
5.63728323382 8.58990892473 -1.54222068551 -6.70633495552 -5.9110216605 8.40921387621 5.62348182718 5.08026207655 3.71939447279 2.29446903897 
5.06190128117 9.4407157182 -7.64302891007 -8.52820068395 -8.0368657863 6.65832438489 3.77089463905 6.43756712212 2.05679150971 2.39879151291 
7.35313952523 11.0092764074 -3.2168837429 -6.66750116975 -2.58298815822 10.3920698343 1.40668714368 6.47699213452 1.71761560618 3.97384578171 
10.0003802913 9.04203437635 -3.45954077332 -6.17888149972 -6.49665711689 4.8120321474 1.4190080978 6.09186653405 1.71968012584 2.47779642194 
8.05391112935 9.08367933833 -2.48210240581 -2.53988221964 -4.68216401679 5.03993358542 2.50647445042 3.63525068442 1.62914604969 4.61163891922 
9.30414448462 9.57137705614 -3.77353847435 -2.40421376968 -7.29903488234 4.13005615093 -0.00475584719315 5.47702667771 -1.4735584547 5.54854094281 
3.41831676885 9.22082226073 0.519553247668 -4.04001488467 -5.1215796269 1.42352829875 -3.77167597978 4.86573555844 -4.13493351838 9.02802895888 
1.43575327473 8.28718503039 6.15141009879 -3.87438081983 -4.18724248924 -0.569542992906 -2.81758373582 4.12882728015 -4.51595503838 8.34859008614 
2.5028538701 8.63522944987 4.65243603701 -3.72890975833 -3.41128397573 -0.586382274982 1.3000895679 1.93038654704 -5.42983169854 7.68612785935 
3.63397461311 5.00126501865 6.2466905736 -4.44959836442 -5.71802875444 -2.01228800378 1.28154623027 0.224071871634 -4.83096447944 5.34858694727 
4.18359561272 2.709154122 3.01219985562 -3.53802328533 -4.90848269693 -2.4734041993 2.1383302657 -2.82055493181 -5.14493530937 1.07273610556 
10.8796375841 3.94941303455 -1.48304172821 -0.999109029093 -6.6935280637 -3.11325050636 9.6331752414 -0.119884822925 -3.22853175681 2.00844435731 
10.0128876419 3.41700064553 -4.41540885157 2.22646769567 -2.64957961285 0.945369435365 16.6249207553 -1.14415708793 -4.72317373927 -0.00999861940442 
