1.84549831035 5.01275431401 11.7936150008 6.76936932423 -5.67045727797 -5.88022219466 -5.62876638951 2.39571575576 -0.908720169701 4.32396751115 
-2.67875878094 3.57327806067 11.0257767511 6.86352249434 -6.00307753028 -4.06741676898 -5.53383435651 0.951633021074 -1.59796586642 4.89606880279 
-3.81820390107 5.79404999274 8.8023611566 8.2298682541 -5.55929918406 -4.08235124328 -4.27793173807 4.03615589864 -2.36240234531 2.98418341356 
-2.18122866509 6.8279933151 7.75849153069 6.93766927709 -7.53017986872 -4.77915405603 -4.02868223144 4.03491981723 -4.05851170698 1.27140960162 
-10.7235136725 7.84211873993 7.16607343149 5.49850303278 -8.15722201126 -1.34257945506 -3.07943956651 2.48954577556 -3.91518256755 0.771511899355 
-11.93824138 7.71504349207 6.45638840849 4.51810432451 -4.75917562254 1.31329093461 -4.52205991126 -0.535445088137 -2.27539005747 -0.98927579838 
-10.2286422464 10.2670971698 4.53963882939 0.756736462355 -8.21296520946 2.44450116331 -0.754895345067 -0.64324656909 1.02981371005 -1.10701880845 
-9.53131953136 12.2517843874 2.26205910071 -0.367743512742 -5.44444018241 4.39467528935 -2.46067177835 -1.4852196695 -1.66791015146 0.326910903875 
-5.6512353469 13.5650937158 0.397057099889 -1.49985459994 -1.42858888999 4.53147033477 -5.35933324629 -4.64112321923 -3.44848684774 -1.888606899 
-6.53547312646 10.7265536551 0.952308551689 -3.90640877945 -2.61596353129 3.32511201798 -3.93121324242 -4.44865432756 -3.25893599467 -0.0872572712788 
-8.73155427503 12.4895929923 3.65842129491 -3.3551360491 -1.88240504081 6.36323743737 -3.12622574876 -4.16228421518 -2.39126296877 -1.30409788428 
-9.12734627813 8.55747183036 -1.29735152214 -6.02446837981 -0.0418565942762 2.97261239834 -3.4040171013 -0.323042762177 -7.01534132986 -2.71334018673 
-8.82088119561 6.77669169015 -1.15011114483 -7.89308669574 -1.62727817858 -1.64083178998 -1.16063160499 0.65770495212 -5.62373830473 -3.29357459372 
-13.4554925554 4.98841273593 -5.83506478252 -10.614190259 -3.85083869582 -2.2103737994 -0.609164969748 -1.60332671191 -4.88730111892 -2.85439679041 
-10.6032667193 6.1361398963 -4.9764784823 -7.47861351568 -0.693434950817 0.308177236349 -3.63745276517 -3.60132939453 -5.0360750606 -4.22336982416 
-10.184094499 8.95603975246 -5.34791207004 -1.75485431964 -0.59145076232 1.64788445263 -1.1473115289 0.293685761113 -5.6265265806 -2.91641997011 
-8.87171729009 8.06465115909 -6.23783173397 0.67231628088 -3.00791742019 1.56103053491 2.40210789369 2.67482457396 -5.36817898697 -3.84711342021 
-13.2131559935 2.19763928628 -5.24918471168 -1.56225087795 -3.18179708366 1.32960925955 1.02848590671 -0.334685442538 -3.7195866885 -1.18563053139 
-17.0744926112 -5.66266502621 -6.79281685802 0.623590458428 -2.62735820159 4.42487406956 -0.316982611508 0.223922615262 -1.1540148025 2.60658540091 
-12.6450423128 -4.33368409511 -3.50484590445 2.99523294027 -0.667708659692 6.2094587276 0.261624821709 4.32511820143 -0.967772311119 2.40452504533 
4.3604231357 -3.37181005039 -0.0781237516531 3.92486505338 -3.55778157654 4.51375575197 -0.323496359363 3.70251480972 0.552501736907 0.863344738865 
6.6258494981 -1.85251056109 -0.534630082816 2.06064881472 -5.61973070876 2.72636958143 1.55373950712 1.83734840141 1.62073190833 0.0831471993149 
5.77512190884 2.07536127335 -1.79364015835 1.85075679264 -4.69925674953 4.16967904984 -0.705059380441 0.989089611542 3.96690256584 0.359908461554 
9.49252175512 -1.02767645331 -4.22260444429 2.51872554239 -3.5683056307 4.12949303125 -2.64992346831 0.329450662074 0.87338207922 2.97777562428 
14.647249904 -3.78830183812 -6.9702426425 -5.44163089313 -6.92327871031 3.82681141931 -1.10871880349 1.02493476628 -1.10964413344 6.15182378229 
13.5180770043 -1.07831584551 -3.75271715901 -5.58673577502 -6.96940911053 3.72171916432 -0.490978880014 0.517835295818 2.05725114379 5.68575341172 
10.3629074025 -3.26042004561 -1.37190269586 -4.89557966612 -5.32785083199 0.156368590893 -3.3573545026 -0.0128341466855 2.18244006867 -0.129896477825 
10.3231029239 -7.18159171827 1.27276933413 -5.12447838976 -3.11712022601 -0.683635649331 -1.11063459794 3.22482085616 -1.99016619999 -2.68945351421 
9.78567954305 -8.24368004535 0.684422516991 -3.2373594539 -2.36814734279 3.11480439639 -1.84078403924 3.60175815487 -2.61252502319 -1.23787644805 
0.305956704917 -12.3869762145 0.0730450563282 -2.87493576078 -2.9964370006 2.53126907548 -1.22599101907 0.493399516926 1.9801899009 -1.15575531513 
-4.76861598257 -8.97408805366 3.55234783219 -1.12144809616 -2.78091827995 5.90096390987 -1.24587053051 -2.30731351873 1.56281558955 2.60633679504 
-16.2739757364 -9.55606609196 5.80392862768 -1.18639827808 -4.74299344982 6.49742741334 3.20435745393 -0.949668454 1.8377867729 0.983827067272 
-14.7655831837 -2.4697391747 3.35230009096 6.90736524126 -3.83548249929 2.20840776686 1.38459983831 1.37998942404 0.629682835859 -1.5620999385 
-12.7901927099 -5.63593450078 4.53332459092 3.64793746703 -1.22504429407 0.51464994807 1.90411833297 -0.148067706511 0.104537598108 -0.815816599179 
-9.50177063804 -0.10809139181 5.46955002804 1.30198203481 -2.1827221736 4.08378313883 4.04107957664 -2.41973154992 1.23198869893 0.994654873871 
-5.23580169419 3.14463708548 5.10971882592 -1.80450942503 -1.23823535107 2.38502986952 2.31279481824 -1.69434438596 1.27401837049 1.54230017886 
-4.55755590127 8.32896781283 5.46386815612 -1.63884108429 -2.03944227707 1.75553996135 3.46742601583 -2.41408947067 0.372074770395 1.28330348244 
-4.45974618027 9.02053091293 6.50194712181 0.371193418123 -1.31757289171 2.20031248595 2.46056585148 -3.84723412798 1.61197353914 1.06719178977 
-2.7008640221 3.7199852014 6.71608878822 0.631091314892 1.00953863071 0.963179138987 -1.11226466658 -1.83036038944 1.88611086421 2.95251406648 
1.73420810166 7.28121041393 7.67788610245 0.449343419838 0.980552710018 3.69796598731 -3.61162314395 -1.96745249773 1.33918071291 2.90932078103 
-2.34681369002 3.88290294069 2.92330792416 -0.311808538478 2.73414267791 -2.0062871273 1.35297678057 -1.50346255459 3.72962198581 1.83833330002 
1.03243062518 4.07936587808 4.36489160848 -0.554563116798 1.82265772172 -0.88893362878 0.64772334182 -3.15987155521 4.16837555505 2.47939492737 
-4.00278287124 4.50839295006 0.821552118553 -0.215706427802 2.32659260154 -1.70378295422 0.695156696952 0.0758621491198 2.01371321305 1.01006765882 
-7.45250982042 4.4386765224 -3.32375621634 0.809022730282 2.66638654605 -0.0407513886801 1.07253163689 0.512233085558 -0.774271772646 0.329435492831 
-10.3064396559 4.62886604055 -1.35107773919 1.81175593524 -2.51720558088 -3.88537637464 5.90953294999 4.50852797364 2.59021467254 -1.78806852321 
-11.1493551003 7.67803220466 -3.45018219887 1.98658606136 -1.29522676973 -0.837670756322 0.643923802145 4.42050130821 0.336647572297 -7.14054357763 
-11.1917933387 3.38478287437 -6.40646909895 1.64447571295 -3.75350807575 2.22199459159 0.755776400356 0.783293679117 2.00144562337 -2.36324438271 
-10.9364452279 -11.4662280414 -7.57971818319 1.23638414081 0.872806962633 -1.65934302281 -8.34082638324 3.65763211328 0.169877632382 -0.64958279765 
3.36797442009 -4.40879798017 0.308383718657 5.75245680562 1.73026473434 -1.66003894026 -6.33862761622 5.05292928081 1.97442413934 1.68455789094 
1.74521742685 1.84470352954 -3.57126377898 8.20484143164 -0.8072962371 3.09273554011 -1.53866855444 1.73829135703 3.21921075447 -1.99125121343 
5.0563538631 3.13102439295 -2.82254398552 5.85512010352 -1.55331622119 2.20239139677 -3.60680843751 -2.63016217151 5.53065218917 -4.87962490554 
8.74068630438 1.67786077363 -1.30056493445 0.680795201425 -1.95349900387 -0.0869540185653 -3.01005849237 -2.54748214748 6.85536280242 -6.3166640094 
6.9015424812 0.547664943242 -6.49862047702 -0.575748146519 -3.65829170432 1.47932085211 -1.39491719997 -0.383347289955 4.26260722695 -4.13390870805 
4.80216154311 1.63474623548 -6.04496773718 2.60011765076 -4.07909213372 4.69949425745 -1.40732688981 -2.05778055862 4.83972021197 -4.66506778899 
16.2708474645 -2.90902354854 -6.65708682689 -2.70222039779 -3.50230884859 3.97850892406 -2.06534852408 1.13234804349 0.332676737969 -0.108434052933 
14.4274960247 -0.540580705933 -7.28499039408 -5.46149212113 -3.40141899492 0.272471700779 -3.25168201521 2.06983209715 3.21986799877 -2.62582760118 
11.2100158545 -1.54105081026 -2.00362864245 -3.46237070693 0.404935945242 -1.79679630267 -5.45876042266 2.34838805819 3.2988267383 -5.2967622483 
5.33583537128 -9.02221765901 -0.107442496932 -2.88135323968 1.49880295472 0.351956032753 -3.88888059969 3.52977155473 1.00815130782 -4.84348554912 
0.727042070255 -8.84850102453 2.67165766094 -5.13807079109 0.497871442646 4.45682439843 0.699544343388 3.79654363844 1.3946702617 -2.65490853708 
-13.842469213 -13.0361184045 0.654665949257 -2.4050281504 0.978314805518 1.69695989392 -3.45689440643 4.36418044145 2.71001416595 -0.725723093052 
-16.1636018698 -11.8417953586 4.05211478975 -1.55979287439 1.93523769222 -3.39907957905 -2.67995209197 2.51672546315 3.00531141603 2.1979595184 
-18.4938810631 -10.9255192628 2.36277364442 -1.68575129202 -0.515573516649 -5.2409197605 -0.807905479714 1.67296836376 2.39084785347 3.16115020793 
-18.8976629728 -3.30347820053 4.35566786659 -2.8452938304 -0.587754934247 -0.822564339195 1.11292899187 1.05074016787 0.515917030273 0.541789835725 
-16.1614244351 -5.31022973352 2.16765181742 -5.34705204801 -0.199407644416 -1.84807642143 -0.836895112085 -1.44586156063 -0.809485992641 1.31445703529 
-7.55078101821 6.93515103015 7.68920944599 -6.53095262077 2.78160557867 -0.385021205998 1.05896651443 -1.15454866393 0.683408378316 1.30098336736 
3.30785600405 5.22446051972 9.27913685712 -2.00188668391 1.98473732362 -0.567092682267 -3.94104145998 1.51407825786 1.8330498822 2.79235093747 
6.4970576337 6.17919047119 10.0823145866 -0.45412163295 2.86073892772 -2.91469632482 -5.97539046145 1.6659836691 0.325605488952 2.2489395852 
1.78446118736 11.0041956486 3.06390323618 0.695508883062 1.03780801778 -2.98222934103 -0.477360463632 1.76222626798 -0.828502140676 2.6595583788 
-4.2734826696 11.9601767905 -5.36288038344 0.0467231890816 -2.44680101645 -3.53305325544 5.42692220037 2.09069192643 0.192235794771 0.0208206671239 
-4.15648998513 10.7703130406 -6.94082949579 0.775272288723 -3.67635462255 -4.75839560776 6.6245867302 3.02505643751 0.395107209512 -0.301991706408 
-2.82876478923 11.1722896363 -4.00130779752 0.69075001492 -5.1155357266 -5.31551776062 9.0074621581 2.93073608058 3.27514094792 -2.57022628736 
-8.76544536606 12.877528645 -3.0830303583 2.82218578221 -3.51052156124 -0.398476298539 10.5253680343 5.97032393473 4.06501193702 -2.94099482377 
-13.6221722022 3.21526586325 -8.20051166615 -1.77371654673 -2.41076513503 -5.22190797347 8.46888113168 6.006956703 -0.697554961308 0.913753796201 
-21.087357678 -10.2038244597 -10.1785959928 -2.21165352252 1.59114892509 -6.33139358463 0.841525804199 1.31030901381 -1.90996639043 6.37287381874 
-12.5129804719 -7.45194295452 -5.76580572104 5.30470838499 1.91339552526 -3.75629893741 -0.482911924269 1.03979979122 0.786732985144 3.75353408512 
-7.35633943803 -8.71890313024 -4.48765471189 9.02128442552 3.72795105838 -0.0539288223125 -2.48189889689 1.71287270961 0.92739005637 2.58185346432 
-2.51001467025 -1.10918098398 -10.8715196921 7.72354043351 1.15324604367 2.4711475498 0.246888641682 1.16260432367 0.916271274195 1.15936470993 
0.194194988048 -2.68226366187 -17.7251557629 -2.00152278457 -2.15609957316 -0.318560380717 -0.504171970068 -1.25844340979 1.33778855206 2.44947133554 
6.95697710922 1.36175964957 -16.3848330134 -5.82517053798 -3.9863920997 -1.31551810889 -2.20107940907 -1.2086645638 0.972016024924 3.51099930549 
9.88310338119 -2.02709398361 -7.92641476239 -1.68128495944 -2.57721377786 5.09050501921 -0.764362363817 0.168324220785 0.954173313229 2.60902693391 
13.9782164555 -1.75665398666 -5.55683435062 -4.75382867244 -3.12320167944 3.55275188687 1.04522874749 -0.22040069624 -1.77912800997 4.67074842075 
16.7135183426 1.30420852737 -6.13745841235 -5.03005908856 -2.1209207175 -1.8375361762 -2.13665361898 -0.794257672537 0.535624211921 3.05769245946 
14.3753935275 0.532526359389 -1.47083912035 -5.79079496648 -0.388040014028 -6.55447675091 -3.89260465191 2.18682223758 0.731546764208 -1.2573664462 
12.5154678198 -2.35226475752 4.12396521778 -7.70439251656 -1.28235746758 -5.06046961539 -3.93899938428 4.0211806527 0.340404420471 -2.68976347845 
11.2413142476 -2.0818647563 4.34924545385 -0.691220796704 3.51124501737 -3.4314234455 -1.54663781448 6.73373927104 1.79932767927 -4.9976189562 
7.64859896764 -5.77602957338 2.06585876873 -2.014434903 2.32459638538 4.55478322493 2.51638575124 3.09081905695 2.01706087311 -1.99698526536 
-0.339923214518 -10.653455792 4.8542162877 -6.08233859179 0.422533435951 2.65301328819 2.06309825758 2.24825204771 1.49726073844 0.769922968205 
-8.68333720547 -6.60211142876 5.07424519837 -3.45892453875 -0.257365881215 -1.89858327016 2.64826103786 2.36243931238 4.46640036898 -4.17278321887 
-13.8522004771 -6.37616176864 5.22168372617 0.656358003455 0.774111389625 -0.950423714356 2.33301488867 -0.107375958052 4.90917152365 -0.478003581975 
-11.8732565022 -5.92590323092 6.33165145656 -3.60272286353 0.521201084295 4.1967913068 1.41190282225 -2.51317042026 6.58477382679 -0.293192611294 
2.8248079611 5.62326906381 8.2107560306 -6.04519817926 3.98365464523 1.50209188099 2.1358825939 1.16061938945 3.50717429282 0.169355860478 
5.91294591447 7.84751299193 6.28210423649 -4.92929726452 4.36664153233 -2.75392885388 0.325927103478 0.578011919338 3.9181520313 -0.28711775683 
4.88706033709 10.1342324102 6.18067033224 -4.04910186989 3.9329028249 -2.6905339622 -0.553068112712 -1.10738018077 2.46089118208 1.19979923538 
4.52347042102 9.69670304288 6.46618684816 -0.17749520027 3.23301180353 -2.06003347058 -0.0534529270435 -3.57166729827 1.73137709406 2.9459930756 
0.755491893081 8.29844234179 3.3826329334 -2.75342419278 4.70473405177 -3.21234187266 -0.671856297908 -3.16087705366 4.83312003173 1.24068340536 
4.6521602658 11.3258546815 1.35433321122 -2.87049626653 5.500518792 -4.82386344551 -1.71816779628 -1.06059101801 5.07725053627 -0.637832541293 
6.23282001492 11.6269033975 -3.71790744207 -2.32329714405 6.8972193267 -4.33846984159 -1.05386748027 2.34565600052 4.40711710011 0.0589880008181 
4.44444220713 12.6991285933 -6.92739198634 -3.05785191052 7.42265984511 -2.87293583648 -0.485260239919 3.32294191089 3.12866257522 1.15032974388 
2.12899142428 8.95167884709 -8.27605388999 -2.09379480556 8.98766176493 -0.857802653667 0.931536245242 5.32774272013 0.0344765597417 0.558191270847 
-0.646478369329 1.89618969544 -5.36278667942 1.32953492824 7.73397009399 -1.34758810633 0.821892912612 5.87793716905 -0.89866935557 2.88108919369 
1.29230066828 2.75593340059 -2.53950628314 2.14491834378 3.40927932314 -1.67199471843 6.30164034087 4.70986344412 -2.649829109 2.69085782238 
4.02655039352 4.81693784895 -0.663310966279 4.07670459721 4.69147509121 1.09711614062 8.22267835772 5.52545926668 -3.91307189159 2.56306799459 
-6.06594036876 2.83620267504 -4.27327479482 10.1446420549 9.19077988521 4.6372041569 -2.47249903192 1.06735014372 -4.0272674163 -1.87580104641 
-1.7164413609 9.26405924053 -2.91826835469 11.6627924186 9.44944012579 8.61172909971 -5.45379883488 -1.25005934755 -2.34601706578 -2.01963692769 
2.43012071549 8.35142422861 -5.78495695359 5.21344497431 8.5427105484 5.72074642329 -2.87889866887 0.206730251782 -0.0548456853941 -0.753126564469 
8.95509871714 4.08838937619 -4.3696168226 2.25306725077 7.93795002719 5.57674098024 0.218917346208 2.48523952488 -3.35589088806 -0.293700041275 
6.60614151115 4.29879973805 -7.31819245322 3.44888832308 5.23149780413 2.99318687815 -2.47527495151 -1.65876376576 0.415242010458 0.289636590151 
10.1777890537 1.20242523729 -5.59509927323 -0.620548589991 0.88180065086 -1.07121229844 -4.36455630404 -1.82518702206 0.90054058051 3.86514183922 
12.104806126 -0.209645570749 -2.14505102087 5.76995304556 -0.586043688884 1.88678971559 -1.63213103002 0.36743294404 3.66069268967 3.77562179204 
9.89993779063 0.46218824837 -3.09884917968 5.37168686158 1.84001434868 5.06523812127 0.794054876683 0.464543384864 1.72704774587 1.74685112055 
19.1825509506 -3.08275645549 1.02224456744 -2.71680586396 0.00357355065128 4.23745687712 3.6090739217 -0.0350028394598 -3.96466422214 5.11070267541 
19.3134340689 -4.45090332801 0.47959635086 -3.96203969231 0.788552422796 3.4094471818 3.68199111916 2.85113015455 -5.81714490779 3.40449171732 
18.7597469529 -7.26968229385 0.743198990819 1.44452829056 4.55429349485 4.01111839757 4.76763570918 6.91110638014 -5.84414117534 -1.02805489649 
3.84658043168 -7.57736989207 4.18743561424 3.68684913277 3.81193819397 -2.23961836898 -1.53799142164 0.641086905328 0.175283723797 -3.29994571164 
0.161580630251 -12.5928033985 4.81545051849 -0.708537912562 1.48292770529 4.69821325009 2.70039829651 -1.78786130699 -1.36972004571 -1.0267844584 
-1.15503803161 -10.228604132 6.60072126812 -1.91079834375 1.99285424377 6.65506783419 5.89938881224 -3.44704184016 0.503650062298 1.22515840184 
-4.99450914338 -2.88979393328 8.82072673609 -0.236222425986 0.350497768687 7.28807874823 6.65902288287 -4.60835407513 3.10159979608 1.63486304199 
0.655122246021 -1.16228350344 8.76799686087 -0.271650717691 2.35809041172 5.07101543069 4.41643111822 -3.92032538512 2.78390221791 0.534249198547 
-5.86115003339 -2.02714909038 4.60327332563 -3.13855470423 4.86565960783 1.87192652925 3.52246085334 -3.56317279774 -1.30912630805 -0.947367923754 
-6.7693375798 -3.18643196907 3.89971003567 -5.05455045444 6.7788231435 -0.254015891623 -0.21865874513 -0.687063198396 -3.495984637 -0.500959311671 
1.48610855953 4.09968708453 4.4829628871 -4.92685308665 6.06058846578 1.00524384778 0.453544998411 -1.19829968709 -4.10972986549 0.78798817791 
3.3393506776 3.72005199847 5.32916969071 -4.26427568074 4.70803776446 0.344759952066 0.85290343555 -3.73157468457 -2.53747628238 -0.0191349535848 
0.210086428263 1.47043819321 -0.264241158571 -0.842985821385 5.42658092901 1.53774108665 0.682899642641 -3.79037070111 -3.43589373412 -0.554144740852 
-0.553422107278 -1.36651713409 -1.2191650069 -0.607219018774 4.50624095084 -2.61253618376 2.54823941243 -3.97392962958 -2.60379183316 -0.862835280547 
-4.33142751703 -3.84914589496 -6.08016136084 -1.36071791581 2.87577625155 -4.56210966204 1.22118730905 -4.83869965755 0.449703801856 2.1249787361 
-6.09803905364 -2.38389858395 -10.3730588186 -3.59119268592 3.71951511843 -3.97415823175 0.328806959021 -6.24943157702 -0.235656117875 0.979209914282 
-7.20217317828 -1.72076354035 -8.571474655 -1.49814475909 2.11586420594 -2.15518893279 0.0564147876788 -5.58198364486 0.0246915432305 0.635101712779 
-13.6314750601 -5.33322315506 -10.8300304951 0.893353949963 1.76560493235 -2.63315694374 -1.51092776241 -3.94772482623 -1.01026594763 0.880416695908 
-11.3959472982 -13.2300133787 -8.74132633283 -0.467402409224 0.220953563542 -7.85376404919 -1.58033013184 -3.56245640972 -1.77063427815 1.27113704255 
-13.9000066817 -15.1346960985 -9.29572993449 2.48907069831 1.06415981853 -7.11595877263 -1.99011389705 -2.95475898829 -0.0221299228872 0.249881928496 
-3.19218794442 -12.4574250546 -5.54077285827 8.98817012349 2.14294516656 -1.1682831686 -0.832938505853 -4.25593472067 0.32190071476 -0.842655654465 
4.40467359202 -13.1125845025 -2.75467326626 5.66563805455 1.24819842145 1.18643249221 2.06603534399 -3.69034105523 -2.19319817724 -3.13529623918 
11.3919620046 -2.88681108747 -0.355313657104 8.13435134119 -1.37442467055 -2.88056142649 4.03551806645 -6.24482245361 -0.105124021819 -4.23765586356 
11.8838242945 -2.01198545493 -2.45909745254 7.80476447668 -2.65790400591 -3.73924213225 3.61568504333 -8.77691256227 0.23968070827 -3.44985833067 
16.8309520768 -1.19998828699 -2.37954747723 3.34894709859 -1.82461301159 -3.98012119749 4.30916399959 -7.62531639554 -2.8455183488 -1.28298452813 
14.9190241977 -0.948648883981 -6.88008296502 0.861449214245 -3.34399253538 -6.45546356447 1.81927790191 -6.80059413424 -1.79068239099 -2.21403341912 
16.9667867314 0.580739008629 -2.2294161597 4.12997328707 -2.91877944617 -3.3182127821 1.7615070307 -7.34446023006 -1.3989642999 -0.111546979164 
17.8205351248 -0.034178036149 0.802937847856 4.40494198537 -1.94039547488 -4.11197854888 2.00829172478 -3.815978729 -1.51492111759 -0.296668742882 
17.7486188523 -1.10117732746 3.93061521656 4.76717169156 -2.13835665421 -4.0009793074 3.99832697694 0.309295999447 -2.59978580749 1.15650830338 
17.9454015192 -1.91247466235 5.92639667775 4.30953956789 -1.06764246213 -2.64432181463 4.40471980285 2.49560650188 -2.36384836984 0.513041975903 
13.7726510559 -4.66443550724 6.3543507643 0.880562845081 -2.69458600363 -6.23308919392 2.65712794991 0.13516240909 -2.73945379754 -2.46667586398 
7.80912051004 -10.6311770106 4.33247436586 -2.12183763827 -4.78809593435 -3.72624022767 1.8423354424 -0.326834112209 -2.40531820986 -1.81105855959 
12.1945842875 -6.60481970084 8.13573492893 -1.40447772367 -2.6596294241 0.775711362944 1.96950336713 3.40161160078 -4.75267840401 -1.7082634015 
3.3874250259 -11.6042288905 5.82918324098 0.29941887286 1.18995703336 0.754629670005 -2.35038043763 1.28597705778 -3.34189820735 -3.10597848167 
-1.29146036949 -14.9746378359 7.20140029179 -2.40262876181 3.35883120119 2.28860483978 -1.3316492349 1.71005792836 -2.6961518604 -3.97735753128 
-0.195075217447 -7.20080832487 12.2290007609 1.73767614081 4.33517435081 -4.65617337251 -1.12934303726 2.1125579941 -2.02461754434 -2.95482374968 
-3.10720538802 -9.13459261145 10.9741315012 0.863366670012 1.81924202783 -5.75411395045 -0.790586445226 -4.40325210605 -0.565454711182 -0.211629733169 
4.15739113903 -1.35597486223 13.388918199 2.55908739282 1.38784888171 -7.20326868751 -1.49617989953 -3.56016725746 -2.72508476288 0.677211468422 
