-11.3033180996 -8.95322476872 -5.55148576715 1.31634129244 0.730973054892 -7.1074445711 -0.525614938754 -0.845733283112 -0.482368351 2.48387958868 
-9.47501205023 -9.21589983935 -5.7962601482 1.05275826197 0.836109066586 -7.56073479445 -0.336071801724 -0.931228678339 -0.43142245271 2.34532577299 
-9.33351275975 -8.69198803066 -5.71110052346 -0.332018008365 2.29669987003 -7.46205919942 -0.83135231474 -1.87658237588 -0.44065512612 1.22225409421 
-7.02240595384 -8.25250093116 -6.7307557417 -0.466453961269 1.45836540386 -7.65166647162 -1.40177813366 -2.63950700041 0.0944148456064 1.53336323638 
-6.0657268644 -9.1876285336 -6.09939493448 -0.41858637659 3.04978927768 -7.82982636869 -0.326799617083 -3.16833401164 0.558988211692 1.77383234723 
-13.6106203161 -3.14971350225 -6.08915054713 0.801726252232 -2.30521442381 -9.06906226885 0.320031178483 -3.34631769292 0.0845258023758 -1.07673780619 
-13.3752561131 -1.97337560458 -7.06823899357 1.02239425519 -4.41407812994 -9.06077150922 1.37515942807 -3.77928541856 1.33665919172 -1.98011150795 
-14.0435724657 -0.918853185697 -6.05526402689 0.588436170328 -3.56812154313 -9.22188124301 0.173243851451 -3.99045974241 2.11646943588 -3.21524888429 
-14.4663773751 -0.798764604101 -5.68681940833 0.461971636292 -2.78248143447 -9.58833354196 -0.480675118436 -3.38226834082 1.43625995592 -3.78996009064 
-14.7026720022 -0.968750245691 -5.71698893242 1.13889051395 -4.13401620309 -9.77889478548 -0.158082895655 -3.34716120174 1.30722843051 -3.24427134369 
-17.9633888786 0.530264658844 -4.85217940134 1.35964551066 -5.01982913218 -9.97936833342 0.816575017558 -2.80298492654 0.52828690684 -3.56597802503 
-16.6541912536 0.185133452226 -5.38062099182 1.66262278376 -5.86772910078 -9.55038719669 0.571576270494 -3.42730189335 1.66217529954 -2.84120318924 
-14.5074198333 -0.583063134891 -6.41908026681 1.57529210401 -5.56832422938 -9.34389907439 0.257787592637 -2.50981984111 0.577260885434 -2.33538786947 
-9.84983057025 -0.748779573329 -7.42175798466 1.55931587151 -5.94255718615 -9.31249114337 0.132964036689 -2.69858648663 1.20244958931 -2.87408861061 
-8.01260535411 -1.5780401132 -7.87805259945 1.7835012666 -5.70641013589 -9.38193039149 -0.223824964879 -2.57076295955 2.0464687551 -2.74391951427 
-6.6080495518 -1.52462267823 -8.08814185623 1.8538359247 -6.22386047527 -9.29652241624 0.000669997270428 -2.78824564251 1.61239525509 -2.66026421994 
-4.78662880083 -1.18264296694 -8.0571988731 1.46794693976 -7.77764764736 -8.95853658917 1.55440664555 -2.75937949531 1.42021713089 -3.45149824642 
-7.15309371383 -1.24539928953 -7.1912364608 2.27020841245 -7.35039264435 -8.97267852516 1.40349466538 -2.78741601863 0.569476884585 -2.29016496835 
-0.605601211988 -4.56694291103 -6.21564402927 2.59988387261 -3.62738815548 -7.94078157359 1.19637387102 -2.6647759799 1.00477462231 -1.23392149306 
-5.59624531142 -1.82975933487 -6.65300854767 4.05123130861 -8.24892219031 -7.6469076776 0.387875701318 -2.36572433543 1.04263674003 -1.89284270433 
-9.76132075208 -2.63657800985 -6.24091533759 4.53943908333 -7.43781773166 -5.46819795788 0.4121002368 -2.29328532439 0.47727191192 -1.21849350857 
-7.71560993701 -3.25124641137 -7.02947663503 5.25560671174 -7.81510090025 -4.01363108013 0.69239798683 -3.40918791321 1.48048642987 -0.432655072533 
-8.22029541577 -5.27373663334 -7.83720354067 5.51682132433 -6.52390406635 -4.0833068953 1.73791043273 -2.75838550192 1.73045703893 0.983759837441 
-2.78626937447 -4.64207403423 -8.73598672115 6.88208478596 -8.73044094701 -2.8403723652 0.744143843661 -3.91994495885 3.46182881036 0.465929542102 
-1.98819088176 -5.75649830757 -9.2090222113 6.82643532722 -7.7353364344 -2.81848901668 1.66906404088 -4.96919601962 4.68016414958 0.452080000356 
1.80966037485 -6.46462598999 -9.73459361264 6.39698908499 -7.26881084692 -1.46439659393 0.638888696698 -5.73660375974 4.81689636297 0.687913344504 
-1.09415710013 -7.10023528261 -9.59261239943 6.89414361172 -8.55269315078 -1.44313424518 0.0785297881696 -5.19242244811 3.33212321691 1.12295940377 
4.970328296 -10.3266018982 -9.38286176953 7.69845270011 -7.00301863629 -0.373932540241 0.169467416679 -3.83082793967 3.40828950654 3.14648068834 
1.4901182248 -9.00348943588 -8.9889902297 8.32762960632 -6.73016949987 -1.51280650725 2.00645491546 -5.70004483632 4.46150314003 2.96170172987 
3.35083783208 -12.3299900515 -9.19718898547 8.73354928391 -8.16856470266 0.672513559608 3.86750419723 -3.36637479533 4.17453073061 4.58372312491 
5.62200211227 -15.121138933 -9.86301141879 9.47981456245 -8.6346023636 1.86376249755 3.77246052912 -2.14943742281 4.26284516464 6.92646631324 
8.78000385456 -14.3948929025 -7.67944109342 8.60676758949 -6.33598386326 1.47926870192 4.80716029367 -2.23323444658 2.83840410495 5.77898810157 
9.00341792475 -12.8517120944 -6.58247188943 8.44276393378 -4.59896579693 2.16957506596 2.64597753552 -1.15977527771 2.95637656203 2.98810028267 
11.1953384244 -11.074652573 -6.93808151189 7.72863519212 -5.62394713522 1.81156501402 2.97756330175 -1.64403111805 2.15761176326 2.37133289412 
13.7251940151 -11.5745057081 -6.63651943045 8.05774074925 -4.40902771397 2.05695419659 3.12700331612 -1.85378247794 2.31076563963 1.92546913815 
10.2249487659 -11.0869871253 -7.35202596426 8.27014456161 -7.19810277979 1.66202233839 2.76561761063 -1.79724664355 1.07904950578 2.47269132102 
11.777718459 -11.3579675858 -6.69078546671 8.45455272467 -7.71182695649 1.99320613408 1.87455329027 -0.523857150545 0.347650833217 2.96175932359 
11.0809420845 -10.7794276638 -6.57051572302 8.52208456248 -8.49274300126 2.5581625708 -1.64807088274 -0.194242476238 0.590367225313 2.42852546731 
9.15909485164 -11.6072772945 -7.10127350228 7.87725550891 -8.91626306031 3.00320482449 -1.37056292639 -0.557000414874 0.795294684724 2.83046014452 
10.5424352253 -12.2449469613 -6.6421396177 8.6664465754 -9.27177328825 2.42590039719 -2.23092889991 -0.105817559619 1.09898611321 3.20951756993 
15.6384977391 -12.9903621288 -7.53819600293 9.4425466952 -8.66688808945 2.91288923232 -2.20260087875 -0.995116914065 1.11651557494 4.13188029565 
13.6817201149 -12.5839971354 -5.67891436017 9.15922416305 -9.18269306371 2.41500110263 -2.75564199463 0.643936905073 -0.0479208562547 2.1189492549 
16.525648394 -14.1769803449 -6.94819446712 9.45700696177 -8.03380319439 1.723374044 -2.14203235214 0.0514539833853 0.516216686955 2.99895852424 
11.7941661873 -14.5820979099 -6.63446454344 7.09311885509 -6.73138640227 1.54500295685 0.554919371717 1.66565132568 -1.36739722488 3.63464076756 
12.4975075303 -14.8377347618 -7.51075962456 7.43769455865 -5.57842022453 1.4456619288 1.12678381047 0.0615443926452 -0.12085811813 3.76792545042 
8.31375283648 -14.0818355529 -7.77494356802 6.50853439092 -6.05346880681 -0.417190751556 2.58809548951 0.693192415201 -1.95347750986 3.96752815124 
6.35364908967 -12.1180409087 -7.93846541179 5.82066703869 -6.05658290707 0.207703554819 2.54548112962 1.13039356244 -2.02787819734 1.92231563711 
5.71184386465 -11.6480154765 -7.1485218914 6.136147414 -7.891591268 -0.57554314215 2.32587092976 1.95026028413 -4.02679873975 1.77459722905 
3.9540942702 -10.7913446824 -6.25266756252 6.14853208081 -7.64852214537 -0.956658168235 1.24889863118 1.91502420233 -3.80103123066 0.287582845089 
3.4105417993 -9.71477613175 -6.14524536569 6.09813678687 -7.40169579724 -2.19548067978 1.72291810807 2.5904806628 -4.16834392438 -0.197733469391 
-0.0655128987268 -9.31341863741 -4.62618910954 4.8396289033 -6.01540158782 -1.68008414704 2.19839728116 3.17068165461 -5.23045640105 -0.823995400475 
0.437644034848 -9.32565625842 -3.78731282093 4.96053841221 -5.40179778439 -0.890498172693 1.81574077539 3.31796268954 -5.55673523248 -2.07014013713 
3.28524876154 -9.84023028394 -3.38020715718 4.84131307451 -6.01711911993 -0.244122700394 2.08830451665 3.2618745328 -6.54700451137 -1.80461430188 
6.20123041891 -11.7422555549 -3.25237068759 4.63392056958 -3.94094410877 0.490475663076 1.5840123434 2.64826154513 -6.28604360579 -0.613965198618 
6.28926672155 -12.3200007918 -2.86629117829 4.66952472559 -1.33230785429 1.39595401 2.14968323703 2.18249520953 -5.02477114383 -0.0505463367894 
1.47311130127 -13.0404504975 -2.4321793266 5.01323596699 -0.622824283303 2.69819010923 2.42008272773 1.75347953278 -3.97016487124 0.10063737681 
-2.06088149468 -13.4382109971 -1.31188556073 5.9059529675 -0.587222704337 4.46547638825 2.0147241705 3.17894819202 -3.7984774881 0.864675970458 
-1.39438306586 -13.2219224283 -0.324569443739 6.36294346362 0.118549193359 5.07651979036 2.74351609301 3.46549899785 -3.67365089915 0.762725289828 
-0.587871160791 -13.135364588 0.510350877626 6.99886831125 0.865174568033 5.93446209328 3.03379053132 3.43611130508 -3.28488682915 0.243404107151 
3.27077586605 -14.5303700781 1.37611977287 8.20310751461 0.793683460787 7.43506813216 1.72910979677 4.21032430837 -2.8789465891 1.80132218135 
0.583285727675 -14.6963010538 1.36213394996 7.8804754231 2.05479476919 7.30797572975 3.03339919839 3.98748065781 -2.35742271088 0.873720367121 
1.9408270434 -15.7711807279 0.72335728477 6.82149689021 2.41836109165 6.06682032432 3.87808524927 3.69791126625 -2.49446049607 2.17869870459 
14.0749648673 -17.2383026564 -1.14568489721 8.05547107868 4.50286650676 6.78747594932 3.36453033595 2.40291811957 1.46634875763 5.03756139935 
3.40797828122 -13.9932919745 0.0933414090908 7.55750924619 5.14576395989 5.92549496639 4.70276907904 2.75887180804 2.42411489 1.6140301597 
4.2909085047 -14.0807988243 1.22825836468 7.28814030073 5.71141399816 7.55268277163 5.49264832985 2.40826339521 3.98863366468 -1.06659396587 
-3.56914128595 -10.8620277122 -0.368561249844 6.31649987242 2.60541887186 4.82315057442 4.52658862511 -0.49880372378 0.838964524865 -3.47387817781 
-4.82636636315 -10.6710989071 0.543324282046 5.10391375244 4.84205381418 5.07675635576 4.32445119562 -0.100434887181 0.678922815867 -5.48976956395 
-3.2802610632 -13.6867035619 -1.27330354637 3.56697923908 6.25347488113 5.27886122168 3.56732871992 -0.334379172107 -0.305664859586 -3.58007722092 
-3.74882132321 -13.4341034205 -1.44460549791 2.69873357805 6.39663844928 3.67917487068 3.97778516951 -1.17258201152 0.199543946169 -3.81887578924 
-2.44612558685 -13.0329315867 0.0693457318134 3.09777184799 5.75182789723 5.70548603385 4.77772352706 -1.13108732968 0.621208239744 -5.17226060907 
-6.22528144186 -13.0246979087 1.01653950037 3.62079150837 5.85231995925 6.14358753702 5.28304465977 -0.82160000467 0.750420057267 -4.89881553637 
-8.02573477979 -13.8597104227 0.224006189857 4.64046584179 6.51177013119 5.74539643729 3.84904748624 -1.22989255887 1.14059027732 -4.52601732728 
-3.03549628264 -14.0155999477 0.517950762689 4.49242173035 7.57059016786 6.75935726557 3.76467143799 -1.36116837109 1.18350188046 -5.11144491762 
-0.029143926105 -12.8802292323 -0.0434006347299 3.46654152713 6.00776792264 6.97327513206 2.42052408556 -2.73411259331 1.6905334291 -5.97084231726 
3.54340603602 -11.5544895135 0.219606444596 4.12681688394 4.74913783178 6.85169619765 2.79294548902 -2.4398282674 0.985328362829 -6.36387217571 
1.35189691703 -11.3129059729 -0.97230382306 3.39734550465 4.38255112617 6.23428724855 2.72704846844 -1.93367458589 0.264271856514 -6.26731385698 
-2.59894714502 -9.97443834248 -0.800908787449 4.5573354605 4.05209792564 4.10474904747 2.81335168129 -0.848528425515 0.0299481465104 -6.20564949985 
-0.288436339601 -8.77201069876 0.0573363710565 5.13161064204 3.20524724176 5.1050967807 3.56802195089 1.05514572882 0.425196189518 -6.79378374186 
-0.831722501857 -8.03839390766 0.680613225984 5.92756845628 3.92460275047 4.5606722974 2.08961547874 1.31011918787 1.42856930789 -6.45597508312 
-2.98096979639 -7.36868775666 0.68658833132 5.62036213885 5.52449060849 3.35344223768 0.831309148227 0.119166005363 2.39380272267 -6.22754284126 
1.2167006701 -6.9263108552 -2.3807094302 3.40640673708 5.85413879605 -0.759101843147 0.12337879175 -1.10516033722 1.83523129886 -5.15513218046 
-4.05960491816 -4.53138430478 -3.91201799628 4.17424620253 1.86828641588 -3.25819109622 1.53091590825 -2.09498139169 2.21732664919 -4.01767652213 
2.11667502437 -9.09480214089 -4.7115260798 4.20349151822 4.02150240659 -1.76397893616 1.24905591205 -1.31005465414 2.80303163514 -1.71285470856 
8.19601261843 -13.855145308 -5.18595487869 3.51989110843 6.29777299712 -1.79706412376 1.19961233574 -0.412391515748 3.90614086306 -0.164064069633 
6.24458542064 -15.0987100042 -7.30158003795 5.27514862199 3.15834602769 -2.43801865167 1.21227605618 -0.530904295289 4.2280178997 3.53028916898 
11.5696648777 -14.7403830235 -9.32912235992 4.51784172324 2.83775497727 -0.823052058791 0.684926688135 -2.65380791785 5.1877485718 5.68697861858 
3.24765617712 -11.1798167244 -7.20967850282 4.85015024429 -0.637853970392 1.15946457228 0.66404396173 -0.533454400215 5.15548984619 1.90364398409 
1.47233427841 -10.8352660992 -8.77014310635 4.03679316509 -3.30540576681 1.41749206862 1.83873177113 -0.899835490587 5.06162335783 0.860728420423 
-1.06328356669 -8.38176594948 -8.31626386431 3.67334455949 -4.21227703648 -0.41035035593 4.25983983153 -1.90515170043 4.95219095751 -0.24355215133 
-4.07385260822 -10.1960379648 -6.6705259028 2.59887430153 -2.82313294275 1.76820001158 5.77576320662 0.214162144441 4.08303543688 1.12711606694 
-1.12355241544 -11.0010472004 -6.34423652109 2.13447315886 0.892633252547 1.09608180746 5.03631634706 0.504801047072 4.73173670727 0.694374048511 
4.72382534831 -14.7093695642 -6.60885155598 1.44959367199 1.14618389275 1.9418482427 6.47737563916 1.02144324762 3.08743321534 1.83381328077 
5.04742141835 -14.6388733431 -6.89876725088 0.373884483304 2.44735678234 1.79877217774 7.23109024651 0.294634247003 3.00658967142 0.847213636039 
5.34232189043 -14.6938095194 -9.13092379331 -0.675199781678 2.29321013173 -0.685039808335 7.0010301776 -1.42559160974 3.18130251118 0.665599583691 
3.51743651334 -12.9382821487 -7.77465773625 0.114037690444 2.27440405467 -1.02434276308 5.62262045633 -0.933362063985 2.29462109838 0.365476513409 
2.62573754484 -13.1555246057 -5.80973698772 0.406322864108 2.73128717866 1.52701363791 0.632269731144 1.40131364896 1.24127457599 -2.42400800219 
0.601187456457 -11.1757815878 -6.37806777624 0.139534180404 0.924691401917 1.14989369029 0.519565615757 1.13959086279 1.35361619699 -3.23261461764 
-1.29977174026 -11.5070045638 -4.71644930764 0.825303646168 0.495595768923 3.51574408822 -0.306852009693 2.11187042811 1.56794756818 -4.11693474542 
-2.07648719908 -11.7263892273 -5.24685504969 -1.3950987857 1.16432255021 1.38838164347 1.37971275374 1.99565404683 1.27204312336 -4.06919884642 
-3.47863408852 -11.4305698848 -4.22661911803 -1.07698545087 1.87898088594 2.14163057447 0.765878429773 2.7088212289 0.403536709708 -4.18537624744 
-1.40640728698 -12.0826598322 -4.89557236127 -3.06818053738 2.73512193221 2.67075383024 2.11643846276 3.3325741528 1.33205810833 -4.74304722457 
-6.03542426973 -9.29208750618 -5.19213763567 -3.1283247891 0.193067946713 0.839571979113 2.08572787162 2.55271750822 1.65416797267 -4.93092777896 
-3.72549368387 -10.2009887365 -5.41983961467 -1.76185348699 -2.46701868265 3.04169270918 -0.470030201943 2.70793229157 0.769086969107 -4.44675883516 
-2.53859867256 -12.0740412723 -5.07944380034 -2.67133697153 -1.29675688199 1.92506087233 1.06849088962 2.50353808526 0.196100658628 -2.76393361523 
-6.82652266858 -8.58802150415 -2.73524511684 -0.456088571183 -5.95438140333 2.72274239247 1.32330410559 3.52474420155 -0.138876074505 -2.58154443497 
-9.36247670761 -5.08953114058 -2.72472551171 0.363826448417 -7.20165244633 1.20970821955 -0.252765482322 4.57552233877 0.968434914112 -3.62967075719 
-9.64295799529 -6.87892094454 -0.753189253654 2.80180098689 -5.78383681331 2.11283773957 -3.51622236027 6.87833459666 0.647460404609 -3.3495957159 
-9.74625829937 -1.84274856364 -0.117856226154 4.38491251065 -10.7540539747 0.909133283153 -3.24793892537 6.19802659699 -0.155183862295 -4.76081075934 
-3.68481492435 0.550181839744 -0.231436559236 3.87009686954 -8.47634791011 0.0890391753579 -2.34931861495 4.06592822336 -0.590645573274 -5.37219545135 
2.78329082071 0.620526533031 2.98250427846 2.52299041631 -9.88190163201 3.42419519495 -4.34704815847 4.80837134181 -0.215244554907 -5.2971695194 
1.67756171808 -1.00824231101 6.0403272116 2.13470200989 -12.7699871437 5.41932916103 -5.05836124043 3.79518451594 -1.85529362979 -5.41909291861 
7.59325058344 -1.42858842864 4.19699673993 1.10237508377 -8.23528295807 3.87156113039 -3.44496443035 3.46104409923 0.656417140352 -6.01921794066 
9.32013236935 -2.16947427564 4.01097285608 1.30236592587 -6.51641952087 3.31273985272 -2.89508489733 0.992101560284 0.89566522926 -5.87285130764 
9.26992217382 -3.89333886619 2.30861293264 3.73927521624 -5.74502149968 1.88248413786 -5.26279257232 -0.326587705975 0.970516156483 -3.5862276875 
12.5449233276 -3.8301733243 2.32198685108 3.55135919803 -6.17144544872 2.36139472 -5.18998907368 -2.73372861668 2.28330902661 -4.96978870083 
9.9696446517 -5.28897787216 2.22397641614 2.60718273185 -4.04820501875 2.59701105102 -5.51264968976 -1.66529787022 1.88590991916 -6.46605281193 
5.90578423519 -6.24130441272 2.09597956897 3.97525975464 -1.50749831634 0.356879245909 -4.31121347634 -1.79342376771 1.53137029353 -6.29948819519 
12.1971640132 -9.90654276129 3.84760602082 2.9007822743 2.63689663814 0.134898604041 -2.92215851221 -1.312346454 3.01428142621 -6.36999779041 
15.777916022 -9.7342524557 5.00093656993 3.96015179231 4.70748965023 0.757521562611 -1.24828584764 -1.26065671753 1.83586281656 -6.31490438267 
14.7771724224 -10.8141565572 6.54449346947 5.52883981283 4.21737426875 -1.22689090147 -1.405552245 -0.8227585184 0.103079641395 -5.6809467444 
19.7413147453 -10.7038246016 8.41642042781 3.75823630223 3.33520588911 -1.18418039875 -1.47030437776 -3.12729683846 -0.767465930414 -5.51581405724 
19.1176795594 -10.9804646094 8.3294195764 3.63611341591 1.9733326589 -1.54283164201 -1.05594597605 -4.3082911384 -1.17561370675 -4.67372710541 
22.8930916114 -12.3111976441 8.90159905698 1.4284994071 4.05759617402 -2.53769803283 -1.98176650471 -3.60348967458 -2.19420035937 -4.4392498615 
24.8770758144 -13.0533964623 10.5140946195 1.71975557777 3.42989879583 0.365777288592 -2.39460702562 -3.96828141421 -1.124110744 -3.76141225283 
23.0153949231 -13.4027114254 12.3232389182 1.93433350308 2.52284866904 0.301959247056 -0.665224953652 -4.02357058896 -2.20957131675 -2.47670743238 
26.2958536936 -13.0605572506 9.71217560187 2.38807066238 4.91861621313 -0.317828934587 -0.907573825053 -4.43164026749 -1.41533518251 -1.6600372841 
23.5795313984 -12.3175171105 7.38520258513 2.91348121577 4.61987166791 -2.4384346731 -1.18942693408 -4.05449103387 -1.98431068771 -3.23035684801 
19.2635911258 -10.7817932197 6.11203424237 4.15250877398 4.52098226265 -1.25298528389 -2.58863083484 -3.33101548034 -3.44659006291 -3.51566892969 
18.2534968639 -10.8438719892 6.974693285 4.61324384051 2.48836550449 1.638098621 -2.03697262883 -3.72676270681 -2.70930774218 -2.05834023328 
24.3139284975 -12.6291995588 8.12572408328 4.02640129293 3.14478011791 1.32208411959 -1.8520759124 -2.58115675853 -5.68421215416 -0.836833343367 
21.8874488217 -14.2898857418 8.34470665934 1.30963226403 1.73975327247 1.42779260132 0.458114687751 -0.702884697518 -6.39874809285 1.76160345139 
12.5246824724 -11.913996295 15.2193375078 4.44983315104 -6.35763773165 8.54076827585 -3.51732932403 1.33183421559 -9.14776743592 4.94721123779 
12.1601751022 -16.6218380592 13.8114487807 1.66807254742 -1.50093121149 6.95806040341 -0.189558481913 -0.123005843279 -9.48692364861 7.1876755779 
16.5267927413 -16.3790581418 7.89771906149 -1.61510903766 4.7747184339 3.61358794848 0.651925937157 1.19368283205 -5.94755475922 3.50863081127 
2.12253655219 -12.3837274382 11.5024380515 -1.69617335652 4.83434206287 4.61224350792 1.24647571317 1.84892224293 -3.05919896501 -1.21625882054 
-7.59911215568 -9.80542786835 6.15743749721 -0.674145230563 3.88739655171 1.78612453211 1.2211686513 3.18752431211 -2.94287710733 -2.69166194131 
-9.66058277584 -7.15383164023 2.68080811214 0.255752526143 4.76794370788 -0.552330803682 2.52457449374 1.51238102977 -3.34454496218 -3.79666243299 
-18.3687294918 -4.23991737529 3.24070310006 0.832103976684 1.46004894255 -3.49516324928 2.77115857115 0.576070691572 -3.46287891613 -4.34962230783 
-11.9539281477 -8.95601839685 6.57060907644 -1.05847577704 3.95061227742 -0.445244287508 1.72747167451 2.51764190129 -3.50917024106 -3.06345724945 
-7.09413799346 -11.9081061567 6.02937887917 -2.07509869172 8.14806536625 0.584019551228 0.911340899739 2.76347256853 -1.68535111578 -2.45028802817 
-12.0979538838 -10.215182135 6.75918358567 -0.0785873697299 6.77748811055 0.582647460443 1.32974657903 2.40350736252 -0.875536056102 -3.03996440026 
-11.9323937152 -9.85427867054 6.42052553356 -0.0517704979102 7.30439810448 0.0243514477298 2.28126156374 1.89446272582 -2.32908351007 -3.08821840901 
-13.0307138417 -8.41523631856 5.4140661789 0.387445349948 6.56291308058 -0.997263431844 1.76616747813 1.68089517203 -2.16180284812 -3.43597629775 
-12.748809201 -6.67553360992 5.74530320714 0.375204686066 5.36948525689 -0.591760073642 1.84934768685 2.97055474896 -2.3711431475 -4.70871512734 
-13.2551144661 -6.14077016604 1.83816389028 -0.125221323014 4.65607796188 -3.12954902827 1.07141167624 3.10832512157 -2.95455243613 -5.1381807993 
-16.0037189897 -5.24452180205 2.55816247868 -1.2763048284 2.40112422923 -3.93903404752 1.31993329789 4.90525907833 -2.46081257852 -5.59686065202 
-11.9062954388 -6.61786228098 1.85218587985 -3.31451486165 6.92625518445 -4.75900587029 0.895039353998 4.58995626877 -1.76385843427 -4.95822144122 
-9.0873542891 -10.0532431286 3.94593476496 -4.3622864 8.59148723791 -3.34920090121 0.586074874342 6.78114018679 -1.29002699131 -3.2612558674 
-11.9969234422 -9.08931200703 5.9713465094 -1.0081511837 7.45746909686 -2.34201592135 1.18034788709 6.61528141755 -0.104398044076 -1.91551884548 
-6.99549226278 -10.9942052956 4.05986183778 1.89818045461 5.49718198116 -3.39395198401 -2.01715692028 5.16091588135 2.53764078302 0.83036592997 
-8.4831764897 -9.80914261382 4.64202788787 -0.405088239813 0.541824025385 -3.44976063399 -2.33101554206 4.01914631721 -1.69294957496 -0.0286472801361 
-10.1341543189 -7.43754883839 0.624405264209 1.00567726348 -2.67636155527 -5.57077734504 -0.287427682263 0.695735641085 -2.47367706893 -0.0357099699717 
-8.40066609133 -9.86049618967 -0.863615396555 0.248873899565 -0.381569644309 -6.42671500867 0.730262835524 0.635953912846 -2.8438930515 1.68954938737 
-5.9149223379 -12.5436517985 -2.85221630034 -1.35421441623 0.395270515669 -7.02097371312 1.74690360785 -0.55431121346 -1.28533983333 3.50878084513 
-8.38286978009 -11.9197856228 -0.465769281004 -4.4662446576 0.265034182708 -4.69742352688 2.02158928952 -0.543233162025 -1.13982874178 1.67930797675 
-8.65846845278 -13.2729918245 -1.28607215177 -6.02277265805 5.3467002312 -4.78597300566 -1.56319407931 0.398063004856 0.451981286291 1.05463650167 
-5.37729416297 -13.3990609287 -2.53284061368 -5.85872616714 5.45706652632 -3.2736126478 -2.46866459564 -0.463453490316 0.954048431782 1.11839943407 
-7.79974954501 -13.6729302813 -2.84062342266 -7.18002527512 7.00898990001 -2.93814248659 -2.37619183465 -0.227926209917 -0.375777860727 0.452687754162 
-8.9803823367 -13.6109174098 -2.84477548078 -7.88777613547 7.88869894655 -4.03468028902 -2.15331835312 0.49225240974 -0.584799942366 0.391518303559 
-8.3157112655 -12.1038751241 -3.44573282588 -8.07729817286 6.63913634027 -4.43803625096 -2.03651449687 1.09084743543 -0.158208684028 0.117424908222 
-5.14403311714 -14.5771195635 -0.687410809707 -9.20072882536 6.77023241081 -3.16612008155 -2.63836506429 0.344010068399 0.941916985019 1.1659948397 
-7.69021385944 -13.7507954241 0.220703099538 -9.19377517363 3.85480723767 -2.39025696176 -3.17388259323 0.463681107218 1.1108675184 0.659524477763 
-5.92857650313 -11.9371417924 -2.05851669574 -7.08015422647 2.10829819376 -1.33150963505 -4.74973944194 0.136049279446 0.663292429783 0.639731546055 
-1.52563559156 -10.1087802567 -4.39421454823 -5.73806463231 2.4913034565 -1.95274387417 -4.42471459381 -0.953747922044 1.11861682145 1.06846634013 
-2.38921245723 -11.5680102876 -1.9379446547 -8.03652704608 3.31184012685 -1.52981411705 -4.82863038317 0.981539865285 0.897040635122 0.674074516338 
-4.08742310173 -11.7508387734 -3.32329118077 -8.7917104003 4.20717278534 -3.02242117776 -3.70637158286 1.5173974188 1.06329240149 0.644125209988 
-6.1043635881 -11.1456075636 -3.13929392226 -9.39989718996 5.93079908118 -2.90530912682 -3.07714057158 1.03087251389 0.161847828992 -0.0952221660643 
-5.92938113988 -10.8520562848 -2.10205935693 -6.01439117161 2.47214119973 -4.73590882071 -4.89262540404 1.30472905185 -0.0863160662603 0.109177354109 
-5.28070270418 -8.19935951415 -2.06783287632 -2.93509930159 -1.07407183391 -4.86491513121 -4.01701037491 0.382610755329 -0.671122279188 -0.210541904878 
3.59747439995 -10.9637187357 -0.93587215304 -4.1841839953 2.56784709828 -4.18100295188 -5.30118222233 0.697604588744 1.35034526721 0.00453413396889 
6.22004969824 -10.719971866 1.68454325096 -3.97822019268 -0.0976076313334 -2.94562183016 -6.0147987676 1.88089269918 1.44036094056 0.0853747724456 
9.74984647341 -10.5961883569 2.35872823499 -2.96670257044 -1.52112720769 -1.96276826773 -4.88835450288 0.296789232405 3.77247765301 0.860681880033 
7.64647353492 -9.82408637513 -0.503604691473 -2.01142700199 -2.06912051395 -3.51137951362 -3.49949811701 0.374594106993 2.68561411385 2.12258511636 
7.31972388293 -9.41772387391 -0.221191745735 -2.27375096704 -1.91647594719 -1.93015375432 -6.017061421 3.84531800363 3.44342595147 2.10005298342 
9.52058544414 -5.39511381623 -0.129444845511 -1.73217023058 -1.02991279493 -2.57466927578 -5.16401745984 2.93053014482 -0.174023584114 -1.23191316419 
7.89100313531 -6.72896276973 1.11181558136 -0.71924971036 0.139827007019 -2.27468677095 -4.19293735692 2.82402072294 -1.29890776569 -0.419259297 
10.1083711543 -8.44849590328 0.502234997651 1.40463578118 3.89570331714 -3.40925224778 -2.86726583406 1.23463711107 -0.491389975259 -0.546762236777 
10.9822272241 -7.69418838726 -0.100623978814 3.04388088519 3.01035351419 -3.99704329927 -2.98297222031 -0.110818575976 -1.53442950045 -1.10258093769 
3.23009076685 -7.71782503272 3.34676713872 2.97336517093 2.96102551539 -1.71529503885 -3.08852690148 -0.588909711231 0.173917598255 0.0194780881295 
12.9876629086 -5.34911570183 2.14357539944 2.33927409017 -0.683980651571 -2.77677577099 -1.94035258091 -1.09705394373 -2.42173476501 -0.531250912324 
17.0397144265 -6.50300163675 6.93950881829 0.519149311869 0.67156248402 -2.16013957333 -2.04831412459 -2.29103310626 -1.69682574247 -0.303333056814 
19.2711018967 -4.78238890854 9.9080646077 -0.66661942193 0.46558544269 -1.07247076337 -2.86427629366 -1.3007835445 -4.13712422259 -1.71255663642 
18.2890727435 -3.81902715613 7.95648217695 0.561644228569 1.76294641194 -1.26291841351 -4.34227346503 -2.70940770727 -3.79858533551 -1.15855664879 
15.4705060958 -2.33882076449 9.92784316742 -1.00144262467 0.211403805329 -1.70986854313 -3.71167896877 -2.79838543523 -3.67414539122 -2.26232680396 
17.6696425104 -2.43537443495 9.99729792911 -1.73736404668 -0.526102787371 -1.8716780057 -4.06379621225 -2.24582481299 -3.25307079927 -2.16538805128 
15.760614913 -1.89173618212 8.75087482951 -0.895776784596 -1.41726343681 -2.69725672949 -4.43066625232 -2.27825419127 -3.57290016422 -1.70023432551 
17.5609594569 -1.55611989958 10.6007506982 -0.224884033464 -3.71417449388 -2.69360143996 -4.82580847247 -2.19039509107 -3.9293918568 -1.30516558643 
15.7854864874 -3.02135779836 10.080662936 -0.495934216429 -3.50865289468 -1.90640447672 -5.4660039228 -1.76301654419 -1.96729711711 -1.3225995792 
11.6385639909 -1.58802948289 12.1425960244 0.409028620969 -3.00820924808 -2.3510658106 -4.15357638392 -1.53857366241 -3.17929370124 -1.95147955083 
10.6738411123 -1.26362515827 11.3939355544 1.36515276401 -4.43753749678 -2.44992544107 -4.09391876788 -3.30560254729 -3.45609720903 -0.932222506675 
4.33271085601 1.6311487984 13.0630709392 2.29852400746 -13.3929418328 -2.54723680078 -3.57748566776 -4.22302243664 -3.56743346535 -0.61378644188 
7.35522121997 -2.21051886129 22.1109779406 -2.79028793457 -15.2473677891 4.12490692859 -3.71054631097 -2.35495936031 -3.76237885301 1.52838468394 
8.10368614771 -7.21753976955 24.0456875746 -5.33348709177 -14.9863800567 5.22337880857 -1.03727227239 -3.66737458183 0.0563596768822 4.13559819978 
6.50136010751 -6.33463002189 24.4931134325 -8.94366954248 -14.0393777345 2.89057076182 0.414546103665 -1.92605691927 -0.0954381780435 1.76093766612 
-1.31992820272 -7.0885497774 22.9749091085 -10.0808517522 -3.84240059169 2.26674835609 3.14353427092 -0.43574720476 3.20067345805 1.2065501386 
-6.7852506916 -8.9116434608 24.1701802311 -10.9177069162 -7.20292629411 0.672063542907 2.44362938325 -1.74255488517 5.95565488707 2.11474758815 
-12.3403134724 -6.59484627851 23.675907123 -9.46246979335 -9.17663746845 0.347171380453 2.83254224883 -3.30380770887 4.22459618908 0.620457126422 
-13.8329961936 -4.3246007865 22.1774804864 -8.70014952014 -8.76494567859 -1.65127917332 3.09282117128 -3.24861842344 3.2942313197 -0.917886561924 
-15.9396217915 -5.30368481852 23.6353666573 -9.05638667604 -10.6041109596 -0.417892100582 2.64225097394 -2.06146793929 4.29838335955 -1.14618300796 
-13.2684461542 -5.17659060712 24.3741724836 -10.4169891325 -10.0328153747 -0.392588175352 2.11008909677 -1.49375182251 3.15552738888 -1.28107929511 
-14.1674069761 -5.84198761923 22.6326189486 -10.3365257335 -7.4673454928 -1.72556081977 2.12230643718 -1.92895905543 3.70118640765 -0.57901172471 
-12.296901205 -6.84709971603 24.407139154 -12.3053845485 -7.87966243048 -2.1161323644 2.43682126879 -2.57585500004 3.69923443022 0.199140171021 
-15.6071933283 -5.43080500687 23.7435098116 -11.5085267695 -8.53417721282 -3.23155354637 3.99599564964 -1.88445595149 5.50149298638 -0.0402756848135 
-16.7429776985 -5.2337269932 23.1998028683 -10.1536784581 -9.82052511782 -2.97771140878 4.29590085956 -2.07820829336 5.60761974522 1.07277793739 
-13.6382731584 -7.30401714597 23.4240938812 -9.58517015696 -7.69905475647 -1.52865794745 5.190681763 -1.32742655027 5.52196795307 2.30110513698 
-11.4077049481 -7.71716411851 23.6455282732 -9.12775744412 -3.78991372737 -0.345326157944 2.41544181393 -0.521968102772 3.62910387364 3.31872345975 
-8.51649720363 -9.18179234698 22.75348327 -11.2191033094 -1.19250201912 -1.23452882253 1.31888461274 0.109034029088 3.93773151958 3.30406723439 
-3.3692544502 -6.80402127432 21.4688623458 -10.4965371934 -1.58724502764 0.421512900188 -0.486851654921 1.40007141279 1.51110685658 4.00851677428 
-10.6218223108 -1.20540205746 18.0181318406 -5.5939486458 -8.24514654703 -1.16256935759 -1.76128428319 0.676203710142 2.12108044072 1.08194743962 
-10.1513503376 -4.36226945207 13.4156086271 -5.64398095714 -8.01300991037 -2.60512552747 -1.01809752409 1.03505786287 3.28876695085 1.77209425716 
6.23562132415 -7.36935827785 10.6579990411 -4.13232814919 -4.08761571888 -3.31024783398 -1.56717715334 -2.75851327061 1.82627621283 4.76639332613 
12.5421136032 -10.4187941246 9.70710478338 -8.30621476349 -2.58789141678 -2.37200537437 -1.95474323345 -0.350061347012 0.517110422079 5.27369612019 
3.5121490558 -8.22389585331 4.84400267615 -13.4958947984 -4.99870537208 -6.76745105058 1.20005003493 0.552622821577 4.67208542344 3.01392903401 
-7.15920558091 -7.2297746514 3.52367601412 -14.4088568677 -1.40158400244 -5.94622474066 3.12235548193 1.58202586839 1.14071420523 1.04730297858 
-0.718309131581 -8.98510859125 1.42006363426 -15.7917192697 1.45761898223 -2.79349498101 4.03653049789 1.46367586864 0.606747764686 1.95452977818 
-2.85902135932 -10.1298544362 4.25449641145 -14.0217833595 4.80947598538 -2.87812994568 1.83951273624 -0.725176400253 1.36339383222 3.77063596304 
-1.11343691431 -11.3074198846 0.434667365704 -14.2230410678 7.1635527337 -1.76939144894 1.41215204251 -3.28076709649 0.957304917961 5.33734465975 
2.99763106574 -11.721312305 -1.92389572299 -13.0880953128 9.52615351215 -0.591173834743 -0.181152681244 -4.07274578093 0.650839942647 5.07835460804 
-0.0875571960686 -10.8506291299 -2.4001931615 -13.1043765142 8.26470466915 -2.16509941273 1.07292721844 -2.23016222756 1.47635551714 3.796416303 
0.123794714362 -12.124467542 -2.55200550429 -13.7914082316 10.1311185043 -2.24616633459 0.411454673044 -0.665446916935 0.961090273179 4.17123174735 
-3.01941595654 -11.4090597337 -2.52637478963 -12.7798421436 8.64698834191 -1.99576359314 0.642931527801 -0.214210250178 0.899034907745 4.22787884655 
-1.73604857175 -10.2144706257 -3.99795242235 -11.873226798 7.59755596192 -1.09138322004 -0.0771148598052 0.480906099059 0.573422899653 3.69102020624 
0.826996984755 -9.1488569257 -2.74514158864 -11.466046619 6.78631671476 -0.638472334811 -0.242091849449 1.40089208846 0.671685595048 3.78006497511 
-0.450423366216 -6.49644692293 -2.39213254601 -10.592781967 3.5064295394 -1.69679548124 -1.27619394302 2.6844765117 0.694552028646 1.86421135931 
-0.25221060538 -2.44822688968 -3.46672466946 -9.48724914597 2.17194155609 -2.44456116858 -1.51901791218 5.14400301922 -0.547223168346 -0.318769852896 
1.13706731597 -3.26558708155 -2.0891882027 -9.82980255047 2.79233139322 -3.66452801823 -1.69701166281 5.76118639858 -1.05549553277 0.938364998382 
2.87189972649 -0.844273397148 -0.895154843592 -7.21978353244 -1.23636979537 -4.04112315375 -3.26448243193 5.97384251365 -0.725308485292 -0.482978879597 
2.69468183511 -1.27443568198 -0.703575041986 -4.65009115451 -4.95673922002 -1.62381357852 -4.1990081242 6.36205651958 -1.73596806869 0.770036029776 
6.0120441296 -0.625778152767 1.28150402234 -5.44491467806 -3.45543053604 0.0724889914006 -4.68760485133 6.58971646158 -0.971523054492 0.665699675155 
14.3813579895 -1.41293928912 -2.81855638359 -3.91044412275 1.21486244342 -1.42644163041 -5.37414897414 6.76748845848 0.138631450919 0.869265976723 
16.4218496492 1.28475689188 -2.98470870257 -4.84808238923 0.1381082636 1.03940445812 -3.82309952425 9.16969840065 1.45312625805 0.549051871402 
26.3082086955 -0.828951549738 -2.73104089293 -5.69762640884 5.18753307545 0.67870412306 -3.60563731614 10.019552516 0.787282731613 1.7162619094 
23.565779756 0.0450150087059 -3.29467842684 -6.37147346638 7.81616015274 -0.99077564651 -1.86488096755 8.33663692907 -0.512373606452 1.69153883814 
27.4484090419 1.09559982869 -1.70898858077 -6.33657270183 10.1081491008 -1.99276443914 0.19185669705 6.76643939334 -1.07653653455 1.42810539212 
24.4473582562 1.9263101524 -2.24134097783 -2.9222358179 5.54046120321 -2.96714048076 -0.702971409901 5.76715321242 -1.19576185411 1.27394170105 
18.7620745642 2.98486511455 -1.27296944645 0.419538419445 3.72022777373 -1.67694610789 -2.0955964652 4.3582547661 -0.414381755118 2.05822024618 
13.7275266156 3.31607582216 -2.49577698995 2.60718636192 2.86858019991 -2.88340748537 -1.01613424266 3.44415431984 -0.473876331981 2.41630125246 
13.5505437736 3.74306387585 -3.29644487804 0.698011596787 3.23881216076 -5.38754754019 -0.779743759871 3.21872046591 -1.71556750463 1.0472962031 
17.5299320973 3.09557574561 -3.11628257538 0.0263539783618 3.12938293237 -6.14780792288 1.16941515282 2.93956542012 -3.27422207947 1.69306009815 
22.0796137724 2.33176623017 -2.56168215073 0.967430059575 3.07935096445 -6.38779279517 -0.43547115163 2.419966346 -1.77928181552 1.83785125458 
21.4851109049 4.3969509782 0.946024149512 0.200442836982 3.73345137975 -5.0116676756 0.689157020456 1.61254467538 -3.11904597691 0.717006693541 
23.4457063668 3.15031372074 0.61479498153 0.732220040673 6.35894654767 -4.34365501002 0.381225469898 1.74412670402 -3.12096041305 1.69420976329 
21.6861220866 3.41367875781 1.35580784249 1.88902850032 6.50278354796 -4.37801162396 0.122684172312 0.0152911398113 -3.06413112064 1.92545535938 
21.6921968874 6.94033890932 3.67569480476 2.64610706363 3.72457409302 -4.33834397934 0.0549742894812 -0.515557761027 -4.00395063604 0.781571742259 
19.2716921341 5.2965167163 2.79492430005 3.08770362119 3.33708676195 -4.85117915259 0.687431671353 -0.349816832367 -4.19119498121 1.83143836601 
18.9053264178 7.69705090961 5.07600072736 3.62705229956 4.04978659806 -3.09820297363 -0.541668955444 -2.00550357337 -4.42141721349 0.482987139982 
-3.07156969052 6.00827659297 5.05414639549 4.95198792767 -1.52568641584 -0.986451862971 -1.97681759159 -0.835967794979 -6.39088763315 1.54689800466 
7.19644230054 8.10240208149 5.07719794713 6.20998145764 -3.61483452342 0.568260997799 -4.83041487161 -0.389006050033 -5.67357124062 0.066765629464 
-6.7229962528 6.77103557581 7.89992370129 6.2064977475 -7.65884374855 2.82457242477 -4.92483493813 1.11462874319 -7.63996203604 2.56351638303 
-7.13567044345 7.63541094466 5.35835479421 5.33145726856 -8.76955612636 2.3356505726 -3.29863500466 -0.954127472961 -6.55282581046 1.7017833957 
-6.23899661192 2.20199631642 3.51226873725 4.12624214049 -6.00836031519 7.53089404396 -4.04708183113 3.46152832006 -6.36086635117 4.17142825042 
-2.68651233339 2.28172866079 4.65167201943 3.28279091868 -1.94756119074 5.55129060688 -1.70184187217 3.98615939514 -6.18540711927 2.96683297889 
-16.2372567775 4.88353535809 -0.31532031685 3.00863543307 -0.621333794711 1.2702539296 0.191721896618 3.27331279295 -1.76204002308 -0.238126916262 
-21.8616102818 3.5143379407 0.246507710123 3.55389289569 1.06378384813 -1.166881324 1.42592355876 3.14872310038 -3.83291659581 1.87672781184 
-23.3810655456 3.90746355012 0.839526562952 3.13069966895 -0.823141189646 0.279340276086 1.99503461077 4.38297294661 -3.95378513205 0.593990293037 
-20.2901631838 4.38450615824 0.0694325580069 0.922544238555 -2.8243682515 0.749451588654 0.0693945526165 4.18079642782 -5.5377583816 0.278521632916 
-20.3696862936 4.40736221856 -0.375262651856 0.746702930467 -0.341466564661 -0.0205642386917 0.569130144936 3.22120163248 -4.43085682836 0.506468657037 
-20.4275027116 4.58300644818 0.0889551483568 1.32887244644 -0.639275280922 0.191734148496 0.756161955414 3.13152269146 -4.27417506164 0.624066805492 
-21.0051927842 5.39864360265 0.0775476564491 1.67332263117 -0.591694926231 -0.50595455459 1.04412693705 2.13788003314 -4.86415662218 1.25563505611 
-21.4549490175 4.74360520834 -0.640764493808 2.04792653108 -0.530694003877 -1.00756154092 1.18183963521 3.63517970356 -4.88388471673 1.50057186593 
-22.3083923936 3.71385759378 -0.77148215765 2.08282637397 -0.89701304743 -0.954955065675 1.82326290211 4.01451362505 -5.14800415439 1.69386586137 
-20.3943684021 3.21551319745 -0.097409712437 1.95661678099 1.64500881117 -0.394338023615 3.56704484858 3.3304655655 -4.4457465092 2.98574866899 
-16.4260658879 3.48271418915 1.02352215401 3.80906873007 2.29058415504 -0.119869357646 2.44651600463 3.35340735351 -4.01878370582 4.59771037103 
-14.6864230977 4.98656649674 3.21895465165 4.85106964675 -0.861418021335 3.66749933389 1.07005423316 5.77113094241 -2.92440067168 3.35287372221 
-18.7745603603 5.49293930702 3.45000740841 4.92659209553 -3.10234905893 2.19592831526 -2.34246970254 4.95391525994 -1.99523106188 2.74380461212 
-15.5849825559 6.58269519882 -0.300811162928 4.47154000551 -3.15750177185 -1.62129372148 -2.79022582937 2.40108145414 -1.81552636574 1.76630970375 
-18.1624399287 7.35709012621 0.967871539825 5.2283565172 -7.02791042519 -0.178262545717 -3.78011767797 3.81913700068 -0.15862313381 0.184670735142 
-15.5288066972 4.00782677665 2.56876261696 5.38907642872 -3.69782161996 0.47401433684 -1.38973950175 2.45670302549 1.56744843175 1.30029288973 
0.452410817259 -1.78915042643 0.173237172193 1.92430343251 -4.51510284409 4.29961568513 -3.22022546352 7.04715809537 -0.5447457768 5.68772451097 
4.59025987295 2.18611113561 -5.68713167158 -3.14828959612 -6.31720040826 1.18938563545 -1.10490512675 8.7050030706 0.990726884874 2.45279121545 
-10.1398777761 5.6257540534 -6.20248574402 -2.3179269117 -8.34618974577 0.270051761681 -0.905202016404 6.23705408172 0.143074207498 0.91518245479 
-2.4299108324 4.42389124009 -6.93159800934 -4.31084365982 -3.49074058686 3.14306440032 -2.62020729263 3.71882937973 -0.201056767743 0.620711743953 
-5.01045199306 1.74578088936 -9.86871466078 -5.1613092982 -1.17233305898 1.58253555781 -0.0765002552075 -1.93789410921 -1.46071809912 3.88036547604 
-6.43943209589 0.657668403179 -10.0845977317 -7.14588990845 -0.853166448686 4.07366851994 -0.241911287963 -5.00632991143 -2.79851943088 3.37211149091 
-8.27166108441 2.80718240051 -10.3917063801 -6.45994401285 -3.23927573516 4.33513393169 -2.25312079914 -5.50241511135 -4.28948890403 1.5920758934 
-6.26126509629 2.17302242502 -10.3073422407 -6.47350226343 -1.99198288883 5.18798842287 -3.82348467767 -4.5038812929 -4.51772335014 1.65377550009 
-10.094777996 2.88549941592 -9.71264218802 -5.61463404116 -4.09653345699 6.13100121533 -3.11696487729 -5.00570676307 -4.22570322657 1.37949904068 
-10.7252929997 2.79129206876 -9.83577056018 -5.1603911664 -3.94345319244 4.19395658045 -2.71618110259 -5.39963083831 -4.50994107312 0.941170403375 
-10.5992590364 1.71864519967 -9.63081010761 -5.66142953161 -3.03500622756 3.3284882626 -2.38718638619 -4.16228738685 -4.79552193385 1.62185842882 
-8.10478518035 2.60982792391 -10.3968776239 -5.8460949699 -4.0217404756 4.0731071233 -2.27969439093 -3.5593256849 -4.16215865775 1.85088497206 
-6.69435513693 4.30718326488 -9.98748565102 -6.61160462451 -2.35752109477 4.0061627864 -1.8209938561 -4.47177403895 -3.53242495463 0.984137879948 
-1.81608555958 3.98801903278 -9.01212826046 -7.18254089534 -0.760136634178 3.27294167712 -1.1489543164 -1.5816360626 -2.55096304731 1.29650750691 
-2.34798888399 6.65232649457 -7.61326610663 -6.85430852123 -1.25296862829 1.84018621016 -0.571671645648 -0.770146777224 -2.19654147052 -0.931451378496 
0.680697476176 5.6295817512 -7.18204385406 -6.57009096252 -0.61155429465 2.05992043723 -3.17961859253 1.91568516709 -2.26197318082 -1.63941810251 
8.48049903429 6.76392507927 -8.40289270326 -6.75862592924 -1.30366899956 -1.36792208835 -0.601426701974 2.76744253632 -1.36195579969 -1.43378520831 
10.8068807159 7.53858271573 -8.04262188853 -7.06549300531 -1.2335320782 -1.16975057233 0.200096883408 4.7554706138 -1.84313602601 0.013130539715 
13.8528972215 6.54005900277 -6.66643557098 -4.14535008393 -4.11144740379 -0.251039737939 -1.04161734066 6.5406805719 1.34243733695 1.20462108876 
4.28274753858 7.20449721527 -4.07480397941 -0.483951061358 -7.80429141393 1.63715818017 -7.03270013345 5.06649061101 -0.157922050867 0.298079514216 
12.8587431591 10.5765362448 -5.66510857474 -3.50148125643 -3.21744345717 -2.10655079002 0.210561730683 3.82998086386 -1.01173135979 -1.18337950789 
9.46385322695 10.3624190684 -5.07074170237 -3.07755550738 -3.49018808365 -1.00022011646 -0.538190341621 4.64593767805 0.534052668405 -1.2522082105 
9.85054220629 9.90937834842 -4.51588982846 -1.75137784427 -2.40610660515 -1.29963566716 -2.95627772461 3.95402338029 0.800171171515 -0.334610920682 
13.0757312885 10.9678041615 -5.9639266097 -1.75782222279 -2.35684606561 -6.0161256006 -1.3890949561 1.88080876138 0.27969991308 -0.855887857061 
10.9750109727 9.57534041363 -6.01731137605 -0.652796351748 -2.02734299118 -5.53968084521 -1.42369155659 0.722866706783 0.230342388593 -0.251543133025 
14.8724518988 8.33567582823 -4.81349954824 -0.604658689713 0.386017725562 -6.65912071642 -1.15002622062 0.578856514176 -0.24071416024 -0.316228788308 
12.3150348106 7.13322276919 -4.34673119783 2.31541668812 1.06051956312 -6.93697136099 -2.17514982249 -2.7364979605 0.27011907398 0.994457488446 
18.4842852729 7.75619234915 -3.04189816117 0.993701563577 2.7378561247 -6.66031645129 -1.06362835194 -2.81222576581 -1.00405583066 0.500115545406 
10.9618798351 6.34945850603 -1.1133041968 2.21706782961 3.91153385428 -4.80460836085 -0.51126404183 -2.12062213307 -0.971537388714 1.26630738414 
14.1334977553 5.00611615617 -0.672527763973 4.09618810571 5.51896669233 -3.59793634985 -0.870543703686 -3.88543202749 0.302889423992 2.83521899522 
19.9643781771 3.18369632894 -0.970987942083 4.92660060004 7.35857957187 -3.48589950415 -1.51031050576 -3.50097394969 1.51454033901 5.53662135682 
16.6129209909 4.44567399411 2.95205619287 3.72238045214 10.3560616628 -2.61140746071 -2.64674738536 -1.74497623631 -0.223455699955 4.57236246152 
16.1567005316 4.71392909007 2.65871794518 3.46337668095 8.48962932619 -2.17270450095 -2.76543281057 -2.46707812576 -1.13501464223 3.68818448594 
9.26236714944 6.23360119956 2.77070346077 3.45588236558 6.22703933935 -1.94441364759 -1.8390673661 -3.13893862622 -1.37982290236 2.71327321657 
-1.93978410358 5.93389143405 6.98346314406 3.68711807245 3.17926130483 0.549620275721 0.14514853713 -1.07453891457 -3.56826552831 3.15421643992 
-10.2929379526 6.381014662 4.7103692357 6.84763941362 -1.49161108461 -0.21057626794 -1.4348379566 0.329855174159 -2.67821677542 3.06782178683 
-16.9198493296 6.29860285901 6.92358799491 5.73096195253 -0.581805779134 -2.42983403947 0.173519405349 -1.59635646707 -5.84588845659 3.5987392845 
-20.1061666401 7.69934458434 4.65646570792 5.18671698334 2.43414668041 -3.81777300058 2.47927584582 -2.49250195592 -3.72839128526 1.71633052656 
-17.6966059524 6.70270264567 2.69293819051 3.91357326226 4.49930610505 -3.66131061943 3.81328112025 -2.89272229901 -3.31180305709 1.66877695045 
-21.2094457009 5.74925226282 0.810533059802 2.98607141237 4.3703587702 -4.5591745107 2.48425520085 -2.08675663837 -2.78729491613 1.52458372859 
-22.3419394949 5.98797790432 1.19512953584 3.38014109827 4.48399206771 -4.95920508598 3.14571301352 -1.73772309116 -2.34637806668 1.22471704216 
-22.5267963984 6.37329435037 0.483020376436 2.2139149726 4.71260055248 -5.3329873483 3.59064102537 -3.18174573153 -2.19399513094 0.796029202916 
-21.8516887582 4.6978934891 0.520757523029 1.01484955697 6.18422808188 -5.10653901678 3.85862772544 -3.5795008714 -2.39947223171 0.879819195569 
-21.6372663904 5.50921005522 0.659898076514 1.5224726796 5.50304404959 -4.95847873446 5.33253846432 -3.43758853942 -2.94276071402 0.174894781558 
-21.0243977633 5.08784007707 0.650470131879 1.38660076304 5.61980955621 -4.1124199046 4.75682406691 -2.70750476279 -2.57112348462 -0.203426621019 
-20.3578772392 4.69562627336 0.694662561291 0.873657817113 6.09089971224 -4.43850607709 4.84740471402 -2.7534998684 -2.51356032668 0.0182781416486 
-19.3541555906 5.19743230684 0.732146061003 1.00229290112 6.01028099963 -3.30718941044 5.2764733665 -2.86497216655 -3.16832225046 0.0733807570058 
-21.6995665667 5.58500355935 0.521170768018 2.05496539227 4.0831391448 -3.37166653912 4.84745325713 -2.59481414628 -2.93089158618 -0.492211148673 
-21.5661776057 7.02340267019 0.861275063507 1.95188527273 4.19254117816 -3.90323280106 5.27734182285 -2.54092875508 -3.12591519743 -0.259621704703 
-23.809138029 8.19379313634 0.0547677890297 2.12551221316 1.12933131974 -4.9589997124 5.89919948616 -2.32766796151 -3.46543358302 0.297763539973 
-20.4203013547 8.74495556966 0.339713809281 0.567032265625 1.32522621305 -3.63988650881 5.91024554834 -1.72075324649 -2.87102580555 0.0877391166163 
-22.1972728839 9.12435590643 -0.0683574533448 1.52094562627 0.585837124115 -4.39879075518 3.79809411257 -2.02452908906 -2.76876530467 0.143917145615 
-22.7973802581 9.17716009812 0.571116851291 3.28916415061 -1.14627629983 -3.87018113115 0.621111103934 -0.95848314181 -1.56834330531 1.09595609314 
-19.579650644 7.06214186591 2.77201571231 4.34180793165 0.60955303329 -1.49991244412 -1.26656844432 0.903301989809 -0.70040651711 2.13813700239 
-10.7557451672 5.19142179838 4.14854852803 3.89661670689 1.33790965231 0.551791679021 -2.82913840549 0.445379777631 1.5403809212 1.41163847731 
-8.44804835117 3.10398331422 4.75191135745 3.32957735886 6.63572042683 1.68474101955 -1.55772098458 0.870966553819 4.37079731175 2.41211630591 
-7.8259564148 4.85795701912 -0.282609127544 3.21168177305 -0.818243360186 1.62850795894 -2.08999715274 3.28620870461 3.83059522632 2.32490320968 
-10.7615375239 7.47761661026 -5.45471524709 -2.89485977809 -8.62345495202 1.38509220793 0.121154406409 4.69820359544 1.39022065085 1.32764721245 
-12.070321161 6.76604283983 -5.72308249388 -3.65546214259 -4.43661671533 2.0387197556 -1.84022490783 1.57306780003 -0.153307487328 -0.419121743856 
-11.4669409727 5.05237579043 -6.48350742924 -4.7055848614 -0.448968765315 4.92281694828 -1.66666079064 -1.70763343393 -0.86454946349 1.1612393367 
-11.4034854475 5.0053094718 -7.02482509813 -5.3062610997 -1.35742846115 3.4864018014 -0.671327943399 -2.77977970954 -1.87501617787 0.0877124223382 
-13.0832769405 5.93315948779 -6.76726894972 -5.3080684102 -3.54537013239 5.42078260913 -0.785396845155 -3.70038477968 -2.61021214818 -0.166600317313 
-13.6901203393 6.43724561041 -5.86250083382 -5.07382408738 -2.92438468843 3.91216139114 0.0533482910388 -4.7728726323 -3.03222213958 -1.09894367469 
-11.967137058 5.90110804878 -6.42922177105 -7.43485652866 -1.35581171729 2.31976745469 0.247019475911 -5.71345866957 -2.17519098102 -2.0324891939 
-11.4813561942 5.25402570333 -7.81707980816 -8.06194662263 -1.31672167152 0.754341618074 -0.0126480237739 -5.04450481753 -2.24536475619 -1.93597891504 
-5.55604249579 5.39326601043 -8.63546396212 -8.45685437628 -1.9167451092 2.28549253598 0.336859592448 -4.18030941073 -1.08653644208 -2.81629049951 
-5.89540840468 6.19696656988 -7.68510465864 -5.71874782781 -1.77890629328 2.93193706993 -0.576806995327 -4.04437728512 0.172117100805 -2.34016759908 
-5.76217720785 8.59679671967 -7.61970876134 -7.61867205204 -3.23612646146 -0.184986746288 0.999327076532 0.45273110224 0.224193676271 -4.3378598825 
-2.92658574457 9.89137640853 -8.35350957417 -8.35526177537 -4.20358014215 -1.27028193293 2.15228644903 3.17721535053 2.09616025348 -3.94260507364 
5.85669615465 8.20981828059 -8.45340639287 -7.45060577438 -1.38299989248 -1.40829708796 0.367326094588 3.51445321832 3.22006285079 -2.81227537758 
3.34544820299 8.9718046517 -5.35412623552 -5.13856758734 -1.58136170957 -0.108617427303 1.08881568357 4.01253302865 2.71126121474 -1.87169867907 
3.61251192401 11.2224024401 -6.46685730269 -4.35072342478 -7.65657411543 -0.511348719802 2.40356640292 4.77104889096 2.26082135295 -1.84544345685 
4.11886723379 11.4800921357 -5.48353340044 -2.22428093503 -7.22864462427 0.441266146138 1.96906013493 3.76104441111 2.43427645833 -1.22086820301 
9.70263789823 12.4349862083 -4.78895052266 -1.24846011824 -7.5693023394 -0.229735715979 2.17481114598 3.52082686533 3.20468073361 -1.27401523332 
11.2507196735 13.0578285396 -5.31567922574 0.0904875804951 -8.0508591036 -2.86566516069 3.21528932004 2.43596113882 1.64842698753 -0.876858984921 
10.2207932039 14.6339464844 -5.30857223059 -1.31211222312 -9.2781626243 -3.01312605975 5.58807851841 2.13958696732 0.534466607994 -1.46802862513 
17.7632506715 14.101982999 -5.02708376795 -2.21523883481 -6.71089865312 -3.81360133303 4.68930772997 4.06169634774 2.0340173967 -2.05228864344 
15.334062338 13.4122277796 -4.69261598293 -5.2746492302 -5.90042976487 -4.40950177405 6.01708015782 5.26893852863 0.236790373169 -2.46800209569 
15.9500837067 10.5882437353 -4.57510298757 -5.2703511551 -2.20556033461 -4.36118143977 5.16782403431 5.0082955326 0.456991831943 -1.82579166314 
16.2802608888 13.3520659388 -1.66042245997 -2.21410813335 -3.08725524897 -3.80643460651 2.01703405348 1.71137911542 -0.963057639265 -2.10529722636 
24.01901136 13.1360639306 -0.664326455638 -1.72431702564 -0.168001298454 -3.91389836727 -0.209727116911 0.477114240662 -0.439328012307 -2.28131560875 
25.4737659258 14.1607223802 -0.690035155819 -2.20357342058 -1.538575661 -4.46835094208 1.12720368912 -0.979538959621 -0.432602370963 -3.22697356539 
23.3581157899 13.2388604608 0.0377344932263 -0.760197224685 1.18484439434 -4.16513363451 -0.566173309965 -3.275059234 0.400353710298 -2.54151286659 
20.1455662933 13.9668790911 -0.736530921865 -1.51877761245 0.0143554204331 -5.01859505112 0.610427353159 -1.37595773608 -1.01824805103 -2.86246156391 
22.798766565 13.5678712717 -0.800090415795 -1.6616624652 1.91181704324 -4.2698751391 -0.192439101405 -1.27026162273 -0.785327499795 -3.71378299601 
18.8929701734 13.5654310394 -0.218439755657 -0.371488880426 -0.120580464062 -4.3831281788 -0.278627454172 -0.29673582586 -0.590560872016 -3.17759309004 
22.4927743203 12.3112245015 -0.930893548637 -1.07526728743 0.223080257958 -4.55518618538 -1.872359139 0.184457397479 -0.950957981727 -3.1161608316 
26.5464633657 11.9954632553 0.293394697586 0.0164658713281 -0.0110414750587 -2.82138240448 -3.10824395496 -0.554734812667 -0.830987932109 -2.17234041349 
27.9419313246 10.0426072679 -1.40195597964 3.16100618907 0.527376057831 -1.57818589306 -4.81846000718 -2.55601528707 1.68745056056 -0.130374282428 
24.3041268837 9.03941621284 -1.41311736931 6.12142636309 0.675653273269 -1.25251657044 -7.29060677593 -3.41291874698 3.81448254759 1.04746091337 
20.1196652627 7.53659251712 0.277576615476 7.05336303407 2.30353782745 -1.25289838782 -8.60896383082 -3.88440338575 2.67885885955 2.22729561958 
28.0755104082 5.15890222596 -1.46451362074 4.12111796722 9.5213726416 -2.91440537327 -9.01709194651 -4.68442424296 4.82904753829 1.43800912274 
20.9553899473 8.16301305797 -0.979537656945 2.69887941284 5.89237359199 -4.36005222689 -7.31956060224 -3.55320938833 3.36607185649 -0.17398694508 
12.6109667582 4.10902275572 -1.86953674656 5.47486605081 6.22493051974 -2.51679517641 -5.70304615474 -3.32829004269 5.0610495074 4.00678145702 
-3.56983743494 7.26924812191 1.89129594953 5.79059352739 6.52883415914 -1.19206877707 -6.0490926988 -2.44381733632 3.46379385342 1.54234895666 
-11.8413179831 5.63526110501 0.109986496543 3.56650121745 7.96549762624 -1.29422228497 -4.02121418093 -1.36343936518 1.20918971953 2.62142817721 
-15.7960758742 7.46735390209 -0.604405515373 3.94409842432 4.51300307332 -2.72324558119 -3.69955059921 -1.88626898205 1.17664153114 -0.0570455182841 
-17.6727983965 8.37152043418 -0.111648130084 5.66461421146 1.2840346979 -2.67848570521 -4.02867922772 -0.962916878734 0.65568705234 -0.293618024845 
-21.0893021573 7.85430778288 -1.09789503648 4.78542081303 0.419901934404 -3.48640151051 -2.44151001478 -1.1827294574 0.195091022234 0.184325567539 
-21.797224439 6.39429135078 -0.0803670546837 4.563508082 3.06907421195 -2.83744959946 -1.78795935708 -1.00273446282 -0.563885428806 0.274185443936 
-17.4462950958 5.05059375299 -0.0819689715117 4.67031349817 5.1683674444 -0.539389000883 -2.35027396746 -0.762855929572 -0.0320354284031 0.568421987429 
-19.6237689189 5.1062484796 -0.265589823213 4.48399479059 4.0171249033 -1.4566854041 -1.56066071593 -0.111058873389 -0.47472137492 0.66506712932 
-18.6425424951 6.42520350272 0.100619213545 5.08902753233 3.75818860601 -2.30873620415 -1.5650840217 -0.352433944122 -0.284844997121 0.410815338622 
-19.1349755868 7.45623141534 0.217807833373 6.08901249397 1.72971696462 -2.40517174531 -1.3216274918 -1.15181373519 -0.301053176963 -0.054261864626 
-20.9848999371 8.02537283378 0.513419676978 5.97071599765 0.987639361657 -1.76460115698 -2.13209450022 -0.00151502850798 -0.42064215471 0.51642088164 
-16.7893977183 8.31868126242 0.757821016442 6.39807543957 0.852365325336 -1.05467538969 -3.70361788029 0.738638636367 2.14135603055 -0.200906943654 
-15.5375923582 8.09797920642 -0.309339021339 3.44514178314 3.51789262282 -1.86929414421 -4.38021322226 0.154015351625 2.66284402215 -0.959372034122 
-19.9148393106 9.75346251064 2.7024983667 5.39832345475 1.98796140381 -1.20788962076 -4.80596708685 1.24644652535 3.48971165372 -0.117057642108 
-15.7149612242 9.37653776025 2.75453538704 6.83454176312 1.21821660421 -0.947431257007 -6.97506723596 2.44752666051 5.06593966892 1.25217581198 
-12.3948374621 6.09606665543 3.2127372959 5.56480207744 5.48199531882 0.564870710323 -8.75998239041 2.0883119585 6.09755931011 2.3155697483 
-0.517331309494 3.96816398812 4.54592375458 3.44755612167 9.81739992001 1.27754020108 -9.30787012597 0.219451175899 4.48861523793 1.26814743352 
-2.36492070667 6.03751873037 2.12005530694 3.30112086332 6.46516357504 -0.689077373466 -7.35838794901 -0.537141706883 5.35988250418 0.190709959025 
-6.08034092249 7.32383198809 4.04935773665 6.43247834153 3.08375636554 3.09507800238 -6.83254848352 2.09738797659 6.54012408586 -1.20243775008 
-2.34407281245 4.99547384563 -1.15555322833 3.35075967548 -1.30683908137 3.19806709648 -4.45119462203 3.79769396967 3.23811140516 3.17482514864 
-3.34474850197 3.65379646204 -3.3558786084 -3.16099976841 -0.942898966052 5.9121833504 -1.43209978294 3.94877385501 0.566327356229 3.44884033494 
-12.0109888665 2.51914099792 -6.53818466659 -6.08160517109 0.414910158728 2.68624314355 0.423078395187 5.48114207087 0.301792261313 2.33366774765 
-6.10399233203 -3.46879807466 -8.93809701331 -8.97600823661 7.15200224925 2.26399285628 0.109589444515 2.41001387423 -0.914869514632 4.18538010855 
-7.22632676892 -1.87250991483 -8.23328940045 -4.99785868488 3.35697257081 3.96888003562 -0.797302228889 -2.26779277148 -1.56073050578 5.17617711173 
-6.45261565158 -0.35881676754 -9.3556579575 -4.59930575164 0.18664131871 2.43710475896 1.17081930865 -3.75445949888 -2.24085070774 5.18917351171 
-5.97167185204 -0.371500916824 -10.155147037 -5.01687880513 1.08701921198 3.32000816575 -3.20823187605 -7.50774839004 -1.13763217573 3.53286045887 
-8.5024784188 0.547177011673 -8.87672105944 -4.46846132483 0.852532866949 3.61883146124 -2.74775717526 -7.54981119511 -0.708752858508 2.2320292949 
-9.06233143767 0.233246748289 -9.20156158249 -3.04216172736 -0.0590255235895 3.07096004821 -2.86308404036 -6.67156678842 -0.36479896381 3.01325663454 
-6.2938993297 -0.061231302134 -9.82633523087 -3.37894248299 0.67880220257 2.28469726412 -2.41309913744 -5.11336265026 -0.248528287519 3.61169683918 
-5.18006607624 -0.690553424921 -8.95485655692 -4.1339793897 2.18700402131 2.97273872988 -1.91114964907 -3.33552037045 -0.550940046527 3.07213075913 
-1.76508660048 -1.0294685928 -9.73520322201 -6.66593303023 3.66898261558 2.44943456458 -0.675346139923 -2.2525064676 0.0289985717101 3.1160678658 
-4.37848422342 -0.221367958502 -8.16110181266 -6.23184646455 3.80636616595 0.694274865694 1.24909964237 0.372544014809 1.4599187516 3.34871325498 
-1.06302400987 3.17465138813 -6.89149972064 -7.13536494615 3.98969358421 -1.02683258391 1.86897649652 1.17564935688 2.19594322189 1.3852021965 
-0.181503936302 7.50225821671 -4.92981010866 -6.31331039291 3.19443878185 0.00464041455885 -1.37884393409 1.2672807356 2.25329538648 -2.07728402055 
3.19285988477 7.53171381852 -5.64132062938 -7.55813861321 1.91956019963 1.35629894431 0.973052377549 3.14479631964 2.67732223314 -2.05181100476 
2.77151922679 6.32887666599 -4.82950347382 -6.37617417744 1.88248993455 2.11052772292 0.339818554617 4.12962682282 2.88213539052 -1.45212829297 
6.28537680535 5.88597627573 -5.14151404608 -4.91434068973 0.97710111107 4.63462502449 0.652157104397 3.66908064671 3.71250902416 -0.497964460682 
7.5375022055 9.26262914473 -6.50599179632 -3.50076159915 -2.72051882719 1.09172575039 1.64800257078 2.02985641941 3.13821282077 -1.2536301707 
11.8471552585 9.2348694185 -6.37074058081 -3.22807119074 -0.49178183799 2.22361160164 0.72241297228 0.151992845515 3.79486199966 -0.0372720987845 
10.6337750342 11.4693132499 -5.09971192856 -2.86997169951 -2.12304546864 0.914779625175 2.67002175 1.72533663816 2.55937732584 -0.304949410086 
17.813982434 10.6290546577 -4.45079303872 -4.77422084624 3.16030485642 0.379567428923 3.04809454546 3.68543404802 2.4613261613 0.0771723570723 
12.7585307595 11.1417726088 -3.74399052923 -2.18038372901 0.910363297392 -0.467896746003 3.89682291296 3.31435533134 2.36587353491 1.07828592087 
11.966535643 12.5553193795 -0.661817823222 -0.926964412055 0.338854773347 -2.65677698348 4.83429807741 2.71794109691 -0.162014352603 -0.53139823811 
13.6146271149 13.2023544819 -0.201258186033 -0.370732714429 -1.67149886988 -3.96550554922 4.47776729719 2.5539394743 -0.651659704405 -0.733431701628 
9.37807386687 14.7899731369 1.33525992944 0.307900812269 -1.79732134642 -4.02946525283 4.25187282269 2.47692025647 -1.16454043946 -1.21793195179 
5.89031221917 13.4747780159 1.07789881005 1.80545539036 -1.13573239187 -3.19334535245 3.83609968751 2.86157918973 -1.97889368125 0.138674781702 
9.71150909719 13.4331525888 -0.788428490819 0.644313000817 -1.32851404186 -3.50438104179 4.47183833128 1.87870625428 -1.103448385 -0.100576107741 
19.2016281404 14.1123711165 1.57306203619 0.641847828695 2.51106591554 -1.93083721443 2.9085826224 -0.345082749912 -0.697276211774 0.133153576298 
20.3146833322 15.5055584569 3.04093271475 1.48804773736 2.46897400638 -1.96205419708 2.40928510623 -1.04960279452 -0.543540939007 -0.0482257441197 
20.3978314111 15.7014733484 3.05159656584 0.699838148003 2.33974592887 -1.60156222845 1.32289190047 -1.03182173079 -0.430009473168 -0.878379326469 
22.7435115636 16.4083494597 4.26453249815 -0.27701918049 3.24365363542 -1.79143523019 2.04277859375 -0.24756559091 -1.23363513961 -1.35355462418 
18.1169503113 17.118159864 6.06500673591 -0.310248670856 1.05944916693 -1.6847835419 2.30570015824 -0.922438045924 -2.25684639161 -1.04726126224 
11.4572632364 17.352522837 6.52701715703 -0.40174082962 -0.0933051032867 -2.3709609157 3.55222451621 -0.265488334835 -2.77394747793 -1.88338167438 
17.1772384823 15.6332259279 6.69196893998 -0.164410473943 0.993051537717 -0.4434010613 0.818723770137 -2.07869217303 -2.03501739817 -2.07558108845 
-3.93074439051 13.7941341764 5.28726357156 3.92766801161 -1.68639466289 0.872864951031 -0.34125378411 0.741700956614 -0.140867759574 0.978813814913 
3.67414976212 15.4918052299 6.20505707758 3.98613815293 -2.89602544073 0.0518112330069 -1.88299385133 -0.56280339773 0.162405972423 -0.483241018069 
-2.38317676309 12.6152593366 8.01163008524 6.71054638727 -0.49483498606 3.01567741736 -3.2551724213 -0.255695875481 2.01518612057 1.32688138247 
-4.86680178458 11.8099536751 5.77010903702 6.26382145861 1.49467828798 0.970991578671 -1.66530566977 0.747373657224 3.81263446134 1.62695230354 
-9.32957504328 10.5902453412 4.49109818429 7.23197533579 2.83154792147 0.444303714572 -2.54678285362 0.849903057129 3.34198149551 1.90518690042 
-21.0760068029 9.47556497667 3.77835905529 6.33773113295 3.50209914609 0.721866275798 -1.53671653879 0.627153724139 0.469866698557 2.16536334218 
-21.9120257453 9.91660999003 4.57804476932 6.2018546881 2.83795107511 1.14020014383 -1.17034912135 1.38346334368 1.2989726296 1.50666388485 
-23.8463428345 9.91673236513 3.44700733675 5.00134609596 1.90431853593 -0.171464003173 0.253794950554 -0.320687463809 -0.258852703929 0.447720231462 
-22.2094201134 10.3732995162 2.17171471532 5.35722630294 0.945386017724 1.63728860188 -0.639443063719 -0.856649552617 -0.39949826493 -0.939244067374 
-20.2698657838 8.28714206049 2.54619746533 4.46943848611 3.5826327662 1.38537000189 -1.47108749068 -1.22573463176 0.0826609755374 -0.0976101895199 
-22.0782160779 8.83570794866 2.67479235448 3.85998609293 2.57861319684 1.14628990853 0.016708405868 -0.688295313692 -0.757351055048 -0.00584813583461 
-20.9038332323 8.4005961391 2.64012260014 3.16686630861 2.60579011277 1.94368624836 0.0114938056672 -0.878632560294 -0.270489959691 -0.563806032974 
-21.8214339017 9.58975270089 2.96461509013 3.35074398755 2.45278102378 1.0508071595 0.519608121174 -0.970140482217 -0.753102734883 -0.641389927316 
-20.4093583117 11.0249159317 2.2075731869 3.77168884455 2.26334874185 0.376437889244 0.701321655761 -1.10947552179 -0.466721807181 -1.06096906615 
-16.9055136645 10.49157929 4.61053183255 6.16476607342 3.87289068533 2.50435226025 -0.783971263499 -0.378814348465 1.68676544655 0.438708190682 
-18.4930032772 10.4447998359 6.41511957484 4.769667946 5.20655520718 2.73333416882 -0.00899691342786 2.96205256357 2.01479010608 2.32729254554 
-17.5837662905 8.58944904218 7.14202125319 6.48980803068 7.07781110761 2.45420837257 -1.17804756434 3.44480014665 3.99655218079 2.37030763325 
-21.5759108007 9.96153452977 5.19015697314 6.4125709 2.30642973095 1.74171711768 -1.22728895949 4.40643644431 2.68772532733 2.20685054407 
-13.659779942 9.58558897013 4.06570135877 4.60303319169 3.0009206286 3.60980759476 -2.79354095736 4.72427820991 3.68879685556 0.61241277963 
-16.9930851168 8.69825662005 4.46917754744 4.28888411043 1.75081014354 3.95532145485 -3.47100382077 3.95003079712 2.76171618028 1.46417853455 
-17.5410221351 8.86188178392 1.74991559658 2.38919213447 -1.11682951741 1.18587332825 -4.64030922476 3.49657156059 3.11263878124 0.309863199332 
-7.27990162306 9.86713544967 3.34952047597 4.07950521683 0.45157488939 2.01557648017 -3.74557498059 0.940625927193 3.93122499742 0.441172503881 
-11.6339860933 9.39794576411 2.05546377051 2.9992833613 -3.742178332 5.12128891809 -1.65274287378 1.66332524242 2.35059510954 0.137282981972 
-13.185715659 10.3436103859 -6.09827004677 0.0787351612154 -9.39940610552 2.73961001609 -0.703995030577 1.61604669566 2.40691613773 1.21219041198 
-19.8616451167 8.26059702492 -5.58211267137 -0.825351607965 -6.10872503237 3.52584907505 1.19469556106 1.87881351131 1.77965971103 1.97543769479 
-12.6021942325 2.77113318113 -5.86051037271 -4.83823259064 -0.0834200497299 7.41887552409 -0.217006820967 1.72591025062 -0.835191602542 2.18502871793 
-13.9962924943 3.79147858791 -4.00117425009 -4.85368573098 -0.0901863162682 9.74671684554 -0.820259027392 -0.768559090263 -2.31405409997 -0.271891151871 
-4.39144970986 0.312766413589 -6.71382927947 -8.27790567825 4.73016770444 11.0705482366 -2.30851854041 -4.66494492307 -2.41272934519 1.78587702873 
-3.8965054013 1.22632851379 -5.33751933308 -8.65571960815 6.48983441811 10.425426533 -3.27329531889 -6.31213119065 -3.44630417524 0.779722374525 
-10.9945776597 4.21296185033 -5.37951175089 -7.89565602802 -0.155917642191 10.569858446 -2.02785363597 -6.754067826 -4.35337083083 -0.629778562215 
-7.6837983552 3.8897586538 -5.98603469874 -7.47502187908 0.311712272098 10.2834471156 -1.37777335003 -7.16925940459 -3.00428263311 -0.172519149618 
-7.1324510719 4.23362206777 -6.52997116116 -8.04900604569 -0.197692701608 9.71553505559 -1.2902553891 -7.27579848689 -1.9791785605 -0.993244593627 
-7.45439465186 7.21842610212 -5.3951868493 -7.39321066555 -1.92279351631 9.72515217392 -2.74226216809 -6.00778325401 -1.71933354391 -3.32190290315 
-5.75945874122 7.64400177286 -4.68323435692 -7.55748781355 -1.26351963878 8.0894642466 -2.20370447926 -4.79573097695 -1.64957945165 -3.97407245208 
-3.90980906495 9.15668995277 -7.10674206548 -9.4473261632 -1.97222900705 7.15447653778 -3.04615702109 -4.49892053369 -0.407715379701 -6.02576900316 
-4.29857611214 9.63909043379 -7.42578724014 -10.0706882478 -2.07818749749 7.63961331244 -3.56488985882 -4.24569452571 -0.20969946086 -6.46621181192 
-4.48795018809 8.87458143157 -6.52864605022 -10.1277099304 -1.24894330051 7.64413686474 -1.88802509028 -3.86662576102 -0.560870785467 -5.13518082431 
-4.44544914788 8.48117030372 -7.26629983621 -10.5147988688 -2.77635934534 9.11434940723 -3.05388938065 -2.70095867639 0.243467151741 -4.96711836215 
-0.260264524778 6.75116888929 -8.46981952547 -10.4088782266 -1.53889176355 9.14455541513 -3.45028733266 -2.54704005312 0.693986595271 -3.28511569358 
8.60716963918 7.74371218332 -8.81665358739 -9.58945243589 -1.96120162403 8.74448068349 -3.35612447767 -3.05020181577 1.78082227756 -3.38103162231 
16.191028726 5.57170749415 -8.31138661916 -9.90470509654 1.69935737553 9.01946367856 -2.04882812959 -2.68610289718 2.2881637079 -1.40183875507 
13.5333183672 7.18016477009 -7.26334716574 -10.125089365 1.07640602071 7.72999951098 1.59424459004 -1.32719082505 1.47500229383 -0.162091715622 
11.5147002594 5.61831905646 -6.11461953816 -9.41209345796 1.48782205908 5.90912365486 3.91785772212 -0.0256619819698 0.451760357642 1.6814477069 
12.7818015751 5.86761076933 -6.11786101574 -9.55846117588 0.258609145461 4.27259793973 6.80163246575 1.86730032971 0.385115167804 1.58618801545 
18.8926322652 8.49998211446 -4.45688071662 -9.99478442295 0.181324992395 4.43215128748 7.79806714904 2.11169252871 0.109746213715 0.174520245644 
18.3025783769 11.6061107615 -3.94306928824 -9.04258825239 -0.419231176579 3.01022057605 6.01633206777 1.00765423924 0.33989660407 -0.478425995892 
19.564331652 11.9348686257 -1.60899233179 -8.46155427295 1.72060664848 3.73456060992 5.65808319444 1.59074154915 0.398708250698 -0.593913006498 
20.2882480635 11.6588011341 -1.24361509772 -5.57094457168 0.589176550564 1.51015492898 8.63684067939 1.98326521092 0.252792887791 1.10031050265 
19.4976095839 12.5801431222 0.923026356567 -1.01154304377 -0.426926021298 2.0216353835 6.29069422915 -0.0292165048347 0.428120177853 1.82727757059 
23.6567270543 15.2019414351 2.06658493905 -1.57189859113 -2.92817270717 1.45710365636 8.95590205373 -0.573678900005 0.71412689249 1.44960913384 
22.2985924059 13.5714779165 4.15320146694 -0.0221078738458 -0.988854650926 3.16632242452 5.56130249175 0.135815776622 2.64949208394 2.7164084412 
17.6139125836 13.7733723658 6.81921311168 2.87257819922 -1.73363395788 4.20318079318 4.21150945048 -1.74245803795 2.06636869889 3.00235817256 
16.7530814004 15.2217657208 5.21270992972 1.69691642567 -1.90645940544 0.836407685786 5.86888120264 -1.75329350217 0.898509292985 2.67021404559 
20.1918755767 15.1995588703 6.32466648909 1.36405417947 0.520064327417 0.375456817181 7.84613781732 -2.04586502426 -0.401505925993 2.5536192691 
20.4776219549 16.3767623764 6.87845681471 1.86298790562 0.765790099561 -0.999478731964 8.05476639932 -3.43902489931 -1.35294407366 1.12606396928 
21.2869160377 15.5965657362 6.57113192955 2.12059817715 2.19321424341 -0.516901190925 7.97418204937 -3.04526556117 -1.93878873982 1.92594219196 
20.4343759238 14.9052987199 6.48912362617 2.82538694463 -0.163139933521 0.246306225119 7.42877707522 -3.58569633202 -1.38687923097 1.94532761239 
19.5392920144 14.847901673 6.51419895482 3.1060538535 0.955287482711 0.853701390849 5.64793886459 -3.15986212775 -1.14190859944 1.324281057 
17.9415721298 14.4250701016 6.75745376343 1.74745672144 0.163974420695 1.49527697715 5.55670817354 -2.84204892961 -2.06144931638 1.33632617049 
21.2823241557 15.2954546212 4.86386801815 0.675075468638 -1.28126893436 0.826117293973 3.8376118657 -1.9126483937 -2.43336619611 -0.819730233175 
28.6885356233 13.0723850846 6.32292306625 1.34642714924 2.39348400026 3.29067266573 1.76631695879 -1.82684921998 -2.44720166107 -0.303800542404 
24.5661166542 9.68202829454 5.56232339499 2.66139966553 2.18309079302 7.40590100422 2.49265356168 -3.39671198873 0.803726928432 2.51865896819 
19.6417316892 6.30282394072 6.75116692774 5.05494555715 5.65259381782 9.2118764931 2.71475092724 -0.997381381197 6.66342448631 3.81102373133 
19.6583545947 10.9897814778 4.9350687597 5.3664724691 1.98297082184 4.93284403452 1.55806421814 -1.44345858445 7.85626939345 -0.0797176158836 
-1.04023288237 10.6235048395 6.73727724187 6.81213184118 1.3666298244 7.03878933993 1.10089490229 1.73480151639 7.58900088832 -0.55524270649 
-10.2010532859 9.04680757522 8.94338252315 7.04087671402 6.08559280476 5.73007715745 2.47293900031 1.0836699759 3.30036826122 0.587783953635 
-15.124337336 7.28354999709 7.57045899845 6.48657200835 5.66359938304 5.26671820396 1.48027454123 1.09070995159 2.23183385887 1.9491210434 
-7.23569956959 9.24883251032 6.86871974237 7.12789032992 5.43468731267 4.98311131541 1.0744028727 -1.22877242733 2.19659600694 0.0785348477183 
-8.18401501488 11.0497612379 5.82019549737 6.22444739347 2.17684727923 3.87662297932 1.68895049251 -1.60836188172 1.29240944589 -2.13093349246 
-7.03988285619 8.50264786148 4.90495048534 5.94878577747 3.95163024293 3.33414299653 0.978214363199 -1.71302288507 2.32055438857 -1.4235280925 
-10.8102605222 9.62378920213 4.61067229063 5.33288243181 2.13382680976 2.73705961464 1.24713959912 -1.80881172506 1.31971577471 -2.37205005568 
-7.4365681472 9.88018965142 5.66820701393 5.82895850744 3.0651861547 2.65417077524 0.793323656487 -1.97715817845 2.54045437629 -1.93671797914 
-6.66804511207 9.35442045424 3.973569217 5.07308692713 3.45878718375 2.79123367022 0.895871402298 -0.421729188875 2.53379226753 -1.84176423002 
-2.73002625382 7.81896575915 4.29548310021 5.82138370948 4.94825799436 4.06497995246 -0.384762053666 -1.41254277645 3.3902419491 -0.348065430446 
-3.99388906629 8.59478183332 3.87399531451 5.59519192178 5.31448525004 3.49941061862 0.110938129216 -1.64107127862 3.16118161935 -0.512149139979 
-4.67034546637 10.2751652214 4.03678514919 5.24783299497 4.18211112075 2.86238569657 -0.0893927656736 -0.723440794013 3.23327848408 -0.20641790981 
-2.88045198607 10.0356318846 4.06837047257 5.29181870945 4.73040419071 3.19381289611 -0.481590438031 0.319550305576 4.60428966799 0.34656524889 
-5.65618824182 7.67268223249 3.71325761695 5.44167565157 6.58893426077 3.04409146004 0.11324809973 0.685758806212 5.17651905134 1.91808739764 
-12.2948372798 6.62415943967 4.61559376902 4.89447868366 7.56529572905 2.5633778284 -0.153089081186 2.27586249838 4.78793459581 2.24050880962 
-10.8335992746 7.51728232965 3.67049183674 2.59835233217 6.04582103205 1.71530997118 0.506768032937 1.9020407218 3.39938102453 0.548586496422 
-6.36922373603 7.46054700205 3.06090458277 1.43082606993 4.35440983682 0.581648757999 -1.28538593866 1.13374547637 1.74534255603 -1.16372819355 
