26.0231423195 -1.59544974327 11.1929285779 -1.24894996326 4.29090504924 0.334126932517 3.5989453571 2.20268042536 -3.53205715587 -3.12278598191 
16.1662157408 -4.60337942869 15.1609023298 -4.10837194543 3.51810746054 -1.62346893793 5.14140607859 -0.327463527473 -1.49838325886 0.325013157294 
15.9944563813 -4.57418061605 14.944769139 -3.28859494556 1.39882147519 -2.40113563158 5.92944676559 -0.902877614498 -1.72744317815 0.119560294335 
12.1949273357 -4.66794861106 15.9592633673 -3.8201181396 0.0972746640082 -2.44143355755 6.69035783314 -1.56393824182 -2.62523911112 0.0410721771988 
12.5943528469 -6.10183480292 16.6045042585 -4.49179124651 1.28747232057 -4.39157996818 7.9129166637 -2.39606066953 -2.71538035728 -0.254929110288 
15.1641849323 -6.00671503415 16.4925604483 -4.45606072638 3.99268118068 -6.09948982198 8.34663657109 1.03485636837 -3.8469609518 -0.399489989465 
17.565547073 -4.14590367747 14.5563288515 -5.36459184139 8.07333795101 -4.38296625161 7.579342296 1.34111731711 -1.17365402209 -0.611405953665 
27.11818223 -3.07294015187 11.161095285 -3.30920179812 11.8621515247 -0.430562939978 5.7406482749 1.1153563921 1.33561675488 -0.465793505633 
24.962297833 -0.145754658729 8.41045316136 -5.29998382611 8.1202772776 4.0383454645 6.7194927524 0.572420655474 4.63494283597 3.00483600927 
17.3953078765 0.249373423502 6.76542653845 -7.40446994254 4.83290274758 3.61148668685 6.65001281312 -2.71423418278 2.1239130439 0.0579936506205 
12.5545385616 -2.88698147163 3.56103808723 -9.91999825503 8.44673844475 4.30512480867 3.96250846939 -3.94699168844 2.22667786626 1.94662688485 
18.8906901902 -0.0362864918024 -1.21549095328 -5.63055330808 13.0355568986 6.95870380489 2.4706785608 -4.21383545802 1.12555231214 1.51119748832 
12.6720889613 -3.24099850301 -3.58601935073 -6.56093695539 10.8522981639 4.48682520348 -1.82394071391 -7.89195978721 -1.36691584902 2.90629717443 
5.76159835019 -4.25783620599 -2.54869554111 -8.62418527311 6.13579339849 2.2206668362 -0.901501400479 -6.94385621882 -1.09435724182 0.211602306813 
-7.94259366654 -9.40653766019 0.132442010165 -11.6345538093 4.43274368066 -1.49727935414 -5.65142239586 -10.4715045376 -1.7417091136 -0.299742404407 
-11.1867844328 -12.9673079796 -1.35528715526 -11.2880773291 4.45449444951 2.07860267143 -4.14965005251 -3.42166840127 -1.43827080527 -3.36986568192 
-16.1509942006 -9.24485478166 -2.15404234678 -11.6627981001 -0.72950895194 6.21833875599 1.41742014054 -0.337230809408 -0.396092423546 -4.58706703098 
-15.4578454831 -14.1956135403 -2.7712410769 -7.48967957716 -1.18033154869 9.91629038897 0.799003454305 3.51834286074 -0.394269926885 -3.81305954202 
-13.3239783669 -8.93623312993 -0.20691930808 -2.97173488486 1.97873328189 10.1895075327 1.87446012085 2.95678001628 -2.8261641534 -2.1786704373 
-12.1154388348 -2.85479335015 -0.337363474851 0.0946008718085 4.74459047779 5.2561818243 2.90636495198 0.361356845846 -3.89384279919 -0.850180799301 
-14.630855814 2.87431451258 -0.000386665279614 2.02001076848 3.03205898078 4.11665120356 1.35080803941 4.93074175629 -4.39633201498 2.48131935796 
-20.5587730962 11.8689105179 2.09469501714 -5.33971441888 -1.4159617711 6.181749262 0.593131585637 5.54317954176 -2.86560079752 2.95256780345 
-22.441045997 13.8089061587 3.94439562697 -5.09255658471 0.176527793417 3.85996116889 -0.973467963939 3.83033234076 -3.48829324725 3.15559328586 
-22.6506805742 12.7223407617 4.9704395078 -4.46714100478 -0.145088055174 5.0210081157 -2.30744704477 2.74708961694 -2.2627969132 2.09641432651 
-23.8546290957 10.1464438262 5.20519004984 -3.63066178613 0.620210639562 6.59156486448 -3.97944019128 4.01322749752 -0.831969600748 0.716223967089 
-23.7470349955 13.2657838971 4.87605113306 -2.48554251674 -1.03858842317 3.63779755956 -2.12169676682 1.70865311869 -2.57832834684 2.10947401987 
-22.3860684029 8.12718329157 3.79882889306 1.0400431667 1.75789889745 5.20289295538 -1.45831354924 1.29235089007 -2.47002864998 -0.827446373598 
-20.3136250667 3.02907927851 4.1116396171 1.15630660134 4.66825085054 2.39852677552 -0.530938884592 -0.18341855872 -2.47958274086 -2.07039502518 
-16.7018798724 -2.13986694838 4.43434179739 3.63449476911 4.42439444956 4.92673449416 -0.164346012564 -2.02043815526 -3.44609657558 -4.18893577301 
-15.4597064079 -11.2804294042 2.80462473472 2.30077598058 1.44342533864 9.14862338733 0.820186419302 2.09133420151 -1.81363788747 -3.5725939299 
-13.7419998512 -15.0155056271 -0.481871347083 -0.898919784841 -0.798698238116 9.14633932443 -0.150466113146 3.24033589418 -1.88788294509 -4.15248743727 
-14.6177577975 -18.7606050855 -5.97286235562 -4.23688462291 -1.33983631766 8.20554593884 -2.80769692842 6.72211061123 -0.472256259909 -2.0903792721 
-5.7632304883 -7.6383850157 -6.05992419059 -6.45176869899 0.784194331593 0.375525799376 -2.58853318513 0.188819904337 -2.02493981544 0.555606852259 
4.45319675198 -3.08831568342 -7.47759344538 -4.54045946454 2.29461215653 0.802639246032 -6.17963037714 -6.58264901542 0.228227663977 3.43336099403 
7.53046799496 0.432696094241 -7.19849513569 -3.46124079136 2.62099303212 4.31658688247 -0.777008546863 -7.19383202033 -3.39380323888 2.97893139269 
3.10873291346 2.12533704622 -3.22490055971 -2.83971701372 -2.04661545614 3.99438482557 -3.29234080267 -8.32682334552 -5.96172412466 5.38464078168 
19.4477351435 2.52241250776 -2.84745242789 3.38442006315 -9.58300829735 6.35831553762 -3.19481772179 -9.62833139641 -3.03578081725 3.95617180577 
27.9442581614 1.83024455479 2.22916528882 5.34288798174 -8.97223036047 3.69337284493 -2.22519562384 -0.265125085351 0.308138292739 3.08983655331 
29.2858546619 2.35256223325 9.20132977245 5.25946288068 -6.42807006777 -0.558710494667 -3.74122252022 -0.027870767025 -3.76560725828 -0.72279422274 
29.4746142267 0.0890951133283 13.4736763688 3.70626166975 -2.92201732345 -1.60072224501 -4.66340319807 -2.0064492561 -4.18450808274 1.92973941504 
23.5508571972 -1.9952735204 14.1331785134 1.1320561125 -2.79115584315 -3.7924038886 -2.40776160598 -2.23944501664 -3.81956667525 2.48822377384 
18.9122641741 -2.16595618332 14.5515183544 -0.106844594382 -4.04451992589 -3.37211110762 -1.95122383356 -3.28790549251 -3.06229111171 2.50681712082 
16.3673120172 -3.05697430275 12.0809556644 -1.02103262422 -4.67675680236 -2.73543736301 -1.60585565606 -3.28111364077 -2.01545996833 2.79484309125 
10.2669479511 -2.79280391546 10.981154091 -2.93823264586 -4.09475011436 -4.0362755139 -1.0711422657 -2.6849046501 0.0105822442933 2.58537498138 
18.665433896 -1.41967587447 9.33193670673 -0.587216022291 -3.43509826719 0.288378908513 -0.418068157479 -1.13826616932 0.291660402303 1.88048299356 
30.1015720668 4.25110904189 2.95683937794 2.56160505882 -1.84702581789 1.15764671841 -0.84339873371 3.47928814149 3.09755002265 -0.70181911853 
24.6313495528 3.01695181488 1.90258067154 0.0531484950154 0.285986987882 4.89590043945 -0.267544092265 4.02687722102 8.36691929139 4.01346689707 
17.8309415482 5.48282508278 -4.32171519295 -0.728020860228 -5.46520286003 5.26126252037 0.705017228296 -2.09843052812 5.63546930813 2.51247746972 
19.2552208055 7.02434323618 -9.39195209139 -2.82807412944 0.0671363151232 3.04144301171 1.53705254616 1.93861478526 9.30865956097 -0.734907564623 
13.8322851524 3.04922934041 -10.7331639981 -2.83254111361 8.14805493753 1.37003055746 -0.097236113725 4.41477754708 4.2240399084 -2.25624482562 
6.46816332504 4.52407250729 -12.9037578557 -3.9930340031 5.40435731647 -1.27693033162 3.16682658869 4.6551442971 1.17094812712 -2.14943089935 
-4.92925288466 0.417353973001 -7.52869841419 -6.26659034309 1.49236453886 -4.57969269624 2.28773562537 4.17193049763 2.66327452384 -1.32921202901 
-9.26254224918 -3.06197265195 -5.31721702091 -5.0311732549 0.589652517484 -5.58940977247 2.21163729443 4.5582935068 5.13159738799 -0.451889494147 
-15.6554842133 -8.20510456819 -2.30699807388 -6.00157213407 -2.86035149724 -6.03584146679 0.790174894072 0.0231346438097 4.56736675937 -1.89842078049 
-16.6418882745 -10.9564994353 -0.490933149427 -2.04432279507 -4.77148849713 -2.04907197068 1.99899623582 -2.70088397512 3.38188397645 -0.424799340063 
-15.2369127803 -10.9439400564 1.68187906525 5.13454770869 -3.81278572394 0.52400599825 0.426892415595 -3.20734067742 4.49973425935 1.81998581149 
-13.5809596846 -7.23880264321 1.44517435454 8.9619987374 -1.4130155643 -1.42543751896 1.97202116802 -4.28828851667 5.06296979737 4.24121018871 
-16.157140769 0.494303325603 0.334378510246 9.20366253079 3.12006951403 -5.45712509848 -0.143472822315 -4.5309243869 4.31825011525 1.67807184617 
-18.8642846796 4.07656880563 -0.172693519928 4.62622803042 2.5578812324 -7.55131680392 2.16353899165 -0.214441832618 2.74722554947 4.36711145733 
-24.1100502749 13.0404080033 2.18049849733 -2.61712813702 -2.86453976628 -1.42422462794 -1.05628681471 0.278112737161 -0.286224295304 1.42491914956 
-26.4769855207 12.0033929147 4.00517767375 -6.9281380371 -3.95718670397 -2.36160667479 -0.731955680792 -1.10357593008 1.83576322237 -0.471357863308 
-25.5563768164 11.1315916048 3.92353191706 -5.62961385828 -3.27712927794 -1.34777003219 -1.73527970105 -1.11331582199 3.32035943548 -2.71070204453 
-26.1565415028 9.78811014614 4.68485896609 -3.9162953584 -2.0839163594 0.519572168502 -2.94785043631 -1.42814262451 2.86912053608 -3.89460994817 
-25.5710163787 11.3201847967 4.38475329661 -4.32367291873 -1.01213559444 -0.0774964158187 -2.40579978398 -0.894666593732 1.73189244243 -2.90947182344 
-23.3107620311 11.0280516084 4.60824522366 -1.23123557373 -0.163396270253 -1.47705098955 -0.981011674454 -3.41958872145 0.926582543986 -3.01981547456 
-19.3369155438 7.84378908418 3.77726005668 4.96494719235 3.9471802151 -2.57606887666 -2.55681568727 -5.17397450827 2.59119857032 -6.58545097499 
-17.4493223109 5.06746593444 3.11874957271 6.5638385525 4.60326673687 -0.685225265435 -1.04262584496 -7.4898359423 4.55591105385 -6.43302817883 
-15.0165122009 -5.42517513244 5.80240769092 8.88627695028 -2.12861935551 3.57695309701 -2.01270539663 -7.54211376458 3.827946483 -4.96526584728 
-15.7688818688 -6.84559038048 1.02422681869 7.28947260656 -3.37014448202 -0.468995275133 1.70445069353 -4.92241416995 3.0391987749 -1.1697143224 
-16.0644331312 -7.88489790667 -3.09043836611 2.29578830426 -5.90823996372 -4.04790697094 5.12727867017 -1.23787578432 -0.192309749839 -1.19132420123 
-19.0340082635 -4.63447044847 -4.43301435243 -4.68701892639 -5.33888120843 -7.72647741367 3.53092646489 -0.481346764584 2.73508259945 -1.46906785069 
-13.1815307349 -1.06909078618 -10.1867913088 -8.23626917131 -5.60367522771 -5.55025849179 6.73644266952 2.24756451937 3.57832212533 0.343938964396 
-5.68151500949 0.635189009267 -14.7245886316 -6.55566690568 -5.26687394814 -2.70137119228 11.0189536038 2.76977413557 -0.338476034898 -0.635345423592 
-3.97432800941 4.06820969144 -14.5158048865 -4.88287951624 -6.0713812591 -2.92337065338 7.94782179652 -1.8616734439 -1.26911703134 -2.44646199698 
10.1164862655 7.25626102655 -12.3137254389 0.949139021735 -12.2527156938 0.968083414171 9.34605286674 -1.72793206337 -7.88483261163 -3.85628083215 
20.2056156801 5.72312206155 -9.52095136724 2.04744953339 -10.1837067173 4.3188074637 2.89090248756 -0.0142102086012 0.150828060559 -2.56764416299 
29.6141936394 3.74499432516 -2.75549358086 3.68083365388 -3.73995536036 -1.83924111412 -2.02859467251 1.98549344481 1.50541058903 -7.07348765269 
34.2410602784 5.35350029925 2.76324812797 5.68828323063 -5.038569492 -2.55286716768 -4.21466231008 3.4099995623 -1.70157579917 -7.23333463222 
33.9074952489 2.62271408711 6.03647027419 5.74266481471 -4.74750144966 -3.26473968024 -4.05663865156 4.88817443911 -2.4922318266 -6.05144141866 
28.5918799807 0.381256302658 8.13068708902 2.77467579376 -2.36303632798 -4.0345162061 -2.83797437036 5.18275324989 -2.1657380874 -4.97342951493 
25.2936510992 0.780369123108 6.12719300546 1.39941192303 -3.50627877698 -3.0089526293 -1.81369349652 4.20490761282 -0.108152872745 -2.71679776955 
22.2746998151 0.32405461214 4.77011066248 -0.172692474672 -4.66539442712 -1.37227555091 -1.76081470212 3.64586620538 2.66571461323 -0.775823461416 
20.4002323672 -0.871734378531 2.74703346863 -0.943654438536 1.89044100672 -2.14321398564 -3.41073580484 5.2508882697 6.86379688787 0.914409669572 
25.3280527775 1.70916745732 0.471680604301 1.84154869953 -1.50525593584 2.48058791517 -2.0473514889 3.14464351813 4.35480125369 -0.0041078780157 
21.4035113638 4.68135389094 -5.74168883887 2.14660636686 -4.33334299413 4.9458124572 -1.41001193312 -4.72863499996 4.50316645534 2.00024795737 
23.8464752262 7.40428945861 -12.9666797026 1.98457562917 -5.6182727088 3.30101620268 4.77936635386 -1.52857772298 2.7853921506 1.06521025136 
19.6021646159 3.64982662947 -13.6279514822 0.119110175125 2.92258475521 2.1575001454 4.25598488837 2.26269915849 2.56706609033 -0.00845200985589 
18.7465370442 3.774093554 -14.0326299484 2.1714100815 12.0015115076 -1.37218673498 -6.50641643964 0.592235477754 -2.92916651573 0.0328089946755 
18.4369841536 1.2268301228 -9.77270135326 0.302300550371 12.6597014873 -1.11692349613 -4.97766011827 0.881083124656 -5.31002978541 -0.332834978426 
-0.540775734979 -2.32172879146 -6.34205953698 -2.84318729477 4.62871643461 -6.49464206406 -5.43759617068 -2.50290985505 -2.49404937281 0.759764452165 
-8.5606076845 -10.6233927573 -3.91534322797 -5.68621111244 1.58911553902 -7.03741652571 -7.96504360377 -1.0675606802 0.842897986038 0.893396646799 
-13.4240236952 -17.2907595539 -3.57582206914 -5.9721624206 -0.35939780035 -3.66612264601 -6.75857200426 3.58901012956 0.472830074652 0.686981397525 
-12.5914104436 -18.6995863517 -3.50556699878 0.194025966438 -1.04841413473 0.700886447856 -4.98254270293 4.94786270435 0.307149571502 0.854547357705 
-7.37219147414 -15.3343745802 -2.70497885256 8.13238023722 2.39107867768 3.86461929713 -1.14563430965 5.11831695041 0.332003772647 2.99007485113 
-5.69126921195 -6.23352502129 -2.74375146756 11.8829642318 6.69852115104 0.817852203219 1.62009947401 4.84313513765 -1.23744630334 2.7034968867 
-12.4099881067 1.43529500265 -3.55144113182 9.65507498162 5.72867115086 -3.96591124219 3.97893632762 6.01959901569 -2.4467751957 7.83341930185 
-15.0554070052 13.0663865131 -0.608503848739 3.93742294092 0.915317010663 1.83618238049 2.5086861824 5.43422378522 -3.86472648913 3.92236694031 
-18.8236930986 14.4498710414 1.5548101675 -2.28559396217 -1.2302343346 0.845641640407 1.6712997811 2.87148846392 -2.82862553385 2.95820281091 
-21.0522982237 13.7945877438 3.03446236877 -3.11646119824 -2.0101479131 0.0785612886878 0.710685888944 1.99539019058 -1.77180939036 1.70193164797 
-21.277545549 13.3060116612 4.45179530505 -2.77497821073 -1.55638225069 0.84300063705 0.291379691841 2.06598504043 -1.42030210073 1.21523787148 
-24.5885190773 10.435712776 4.3016624552 -3.74878229725 -1.1451439669 0.11531689121 -1.443111832 1.73558113282 -0.330157382629 1.12834839866 
-20.8059865877 13.3237003929 4.3051232544 2.59059683013 1.47504556209 1.46504992616 -0.936922761732 2.5463518734 -3.51096626335 1.13966512811 
-17.8913368713 3.4830401165 1.35971639022 6.56751975376 6.09251600393 -2.02145267708 -0.261124369148 2.94805231572 -0.775175196568 1.21142382208 
-13.5539675134 -1.02243799834 -0.0408690597035 9.0345615686 8.49419752853 -2.08331906181 -0.0723234902431 -0.735056586642 1.97577561442 -0.975232806775 
-11.4895256926 -9.87967771924 2.43989379131 9.25880039044 0.967831677404 6.42460817533 0.0773002030512 -0.309836943937 0.702371384389 -0.819332593716 
-7.95521080518 -14.260977097 2.38087941802 9.02436105995 -5.9974338911 8.22123243519 1.66081571632 1.14254101336 -5.13312204082 -0.667591402264 
-9.17077542503 -17.7095125857 -4.07365224086 1.59438818171 -6.1198030008 2.72692066593 -2.85006336591 2.61826900741 -2.12502943612 0.990413654798 
-2.32047747114 -6.62279898701 -6.74908122621 -1.69891048096 -0.57310165391 -5.3405251054 -3.1133847167 1.49610421666 -1.86317814449 0.294445807182 
9.72702676894 -1.23898044394 -10.3412766455 1.23107630861 -0.788582375655 -3.94020387679 -3.08881550818 -4.31931977125 -4.08473512628 -0.147803484972 
20.2688956791 4.48411000158 -13.4886501847 3.82559143958 1.15002191703 -2.25409884175 1.19311983963 -0.783654768529 -6.25212426956 1.0029441734 
15.2775325835 7.14969168682 -13.3239478169 0.907926673342 1.66307179595 -1.75664152899 0.77008562279 -4.20871149715 -5.35446374431 1.48759700026 
19.2168354043 7.82560408693 -8.13116734088 0.938452245144 -2.2015192204 0.534028270102 1.30131313065 -4.11644262995 -6.38991223865 -1.32470520172 
27.1064833083 9.09471221467 -8.02348836109 5.0851829169 -10.3057367037 2.91612381848 -1.08379576818 -2.81223775564 -1.76939269678 0.606082150663 
25.6894613604 4.46341825285 -2.30672872075 0.808015299748 -4.23997289913 1.26545710154 -1.52273500131 0.0832119152564 4.19546486041 -0.190687604017 
23.5755814768 2.10436795506 2.37004377472 -1.13570510572 -4.88183990523 -0.53114674375 -3.7129515425 1.67318992788 1.88129506767 -0.48031884175 
20.3297845608 -2.04469233883 6.54793509411 -2.28048620659 -4.04975038448 -0.752656035813 -3.26007596886 2.55470932764 1.41952224722 0.0929414241402 
16.5112542169 -3.19803558046 8.36854479331 -2.88540617194 -2.91327439641 -1.76619783317 -2.60193125774 3.40768944346 1.49014167164 0.970980745226 
16.4336517726 -2.58557492609 8.18399811481 -3.32574042796 -1.86077556428 -1.9150140657 -2.60349139393 2.73369207645 1.62313275672 0.627532585423 
17.9973726217 -1.98014617526 6.61186530433 -2.59159624913 -0.289349676625 -1.22518829235 -3.97277995378 2.33619550091 2.48825024964 0.442991060842 
23.7642957259 3.09831077226 3.9578247621 -0.035910916009 -2.00216483013 3.03595983452 -2.90367252414 2.01044462651 2.44635694876 2.20386161033 
23.0993874367 5.07638158017 -0.355845849781 -0.388905240985 -0.538476239198 3.72301896245 -2.56307533021 0.990083544479 6.15604337453 0.665522323909 
22.0069214574 7.50168796084 -5.82766027304 -1.17384488605 -0.706481425824 2.86817703414 0.165735253528 -1.59561471581 5.59974438314 0.460341713172 
20.3020052677 7.72912465015 -12.2077667859 -0.244153585235 0.630003182915 3.20551684453 1.96991003709 -2.00808200387 5.51781278972 1.40406045309 
23.1322439192 4.39488823483 -14.0025092723 1.13101900543 8.92761143271 2.15232286237 -0.445265482677 -0.310240516703 4.19701878581 0.368564706684 
27.9634567024 4.71544773956 -12.6047746033 7.15924015581 12.2478685294 -3.63861993599 -1.9201758019 5.92841347427 -7.92415836253 -3.74447504164 
11.8003904531 -2.18523103283 -8.40530624884 1.38711033439 7.79827400642 -5.96999484679 -3.77670389225 1.19669423483 -4.80928344118 -3.03732922159 
-5.45569559671 -7.50039343477 -6.0485321594 -4.30281899865 2.22692153666 -7.12686647001 -5.37561168662 0.519500040921 -0.947478439661 1.99290265902 
-10.8967557093 -13.8168543616 -4.88468622469 -4.44753173134 -1.93676205976 -7.25128492506 -4.45513453911 2.49599947343 -0.170307618576 2.55292353338 
-15.5250292942 -15.7612623091 -5.45581905253 -4.27217084156 -5.73023452071 -3.63701178585 -2.24831954464 2.72043193751 1.35768140475 2.93663373225 
-12.7243294773 -16.113799433 -2.23115863302 3.26987805207 -4.67787331316 -0.291294774727 -0.0355060875389 3.62509497471 0.944153182799 1.67790349486 
-12.4299020438 -16.3935513933 -0.191247630308 13.0420294879 -1.16672722375 4.98285219605 1.40827960343 0.155204275736 -0.0955174458908 3.28295083684 
-10.4941325206 -7.49340291577 0.984791715445 14.93287105 3.24845441333 0.33290021274 3.07434882592 -1.6408280382 2.64502343011 3.32011379608 
-10.8280771421 1.90279841761 -0.940030532406 15.8194993578 7.70894278489 -6.47982988728 2.41315602323 1.14268950907 2.67114605737 3.41949497436 
-18.160126698 9.70692971609 0.54401764224 8.14593828058 1.95111357111 -4.19417048036 0.594048086817 2.18621733078 0.381703566562 1.34549132999 
-22.2033187636 14.1156023811 1.98975568531 1.10919141064 -2.87889714455 -1.46290126356 -0.302263036676 -0.64791508529 0.241366111022 -0.12030984254 
-23.4521067631 13.7125581251 2.80813031967 -1.20182714161 -2.45117049904 -0.368318205372 -1.48088489059 0.614256250288 0.136506624031 0.187962393641 
-23.6132194273 12.9773811513 3.42233028368 -0.0033066054109 -0.98546696555 0.431349229797 -2.77120255316 -0.561985350053 1.38982577414 -0.657394835538 
-26.1937226846 10.2819198535 4.76596460198 -2.65273935857 -0.428866450515 -1.16783852929 -2.42974210209 -0.278845019093 1.84348683929 -0.504598391709 
-24.587297531 12.39547532 4.44752611034 -0.749801975195 -1.22345707229 -1.27156359516 -1.65739269386 0.343136510929 0.389423847509 0.286170906873 
-21.745625684 7.65621890868 3.03970168995 5.78713744635 4.75461743729 -3.29179419433 -0.602300748426 -0.247629029573 0.0330059409249 -1.41648989232 
-18.4967209589 2.37359193564 1.54925462117 10.7579422242 8.27063381195 -2.41508504826 -0.741608387957 -6.604797211 3.78045786759 -7.53229781441 
-14.2584733454 -3.65173085422 3.1560458656 10.8062213956 4.4250497176 1.22764552938 3.5731636467 -4.35504996553 2.31155625816 -1.85029724373 
-14.3872422782 -6.68754406335 3.48674780344 5.00397151955 0.520345024638 1.06285170796 4.54940903571 -1.27653316253 2.41382458399 -0.735742547897 
-11.6878582696 -11.7011141111 2.93198406655 8.70335214136 -9.58457667273 3.17816071891 4.09664995051 -1.89727200195 -3.54908442046 -1.41478119744 
-16.069764771 -13.0612597108 -2.96771722835 -2.46353248106 -6.80499686067 -3.22060285108 -0.0957614777483 -0.325664830279 0.812213755292 1.64669678476 
-11.2055225518 -5.8418683898 -6.92490891281 -1.5462511298 -5.70848124286 -8.57913320899 0.781233798864 -0.574895293253 -0.694654459282 1.2218685962 
-7.86532206516 -2.00839790518 -6.59668388725 -2.37832915523 -1.18723880744 -8.20329609982 3.88924489045 -1.53350413984 -3.08872656331 1.40274734603 
4.52146237991 4.30073832811 -15.6775135832 0.543936181804 -7.17658945748 -4.53437360387 6.23984314177 -3.09113816303 -5.73165696817 -1.88529287623 
