-1.6413477651 -1.81916141698 -2.66849449738 -3.86713943411 3.18226012295 0.610124212262 3.39351642458 -0.544867781173 -0.272820701745 -0.479355689783 
-2.97813367939 -2.22884032954 -2.7920197331 -3.83967975639 1.9672058367 2.03907084006 4.26742758896 0.497895869809 -0.253323912427 -0.604587358503 
-1.12344292149 -0.476529901848 -4.59596490681 -0.838982493612 1.79179828041 0.453989844925 4.80692788296 -0.697742869228 -1.70416713301 -0.374972189618 
-0.0269850833784 3.25030255874 -4.70099940405 0.0743178770745 5.20192429339 0.954593033322 4.69690472064 -2.88141406255 -2.19679886382 -0.718945149637 
-1.34214588786 4.3024469001 -2.43361162398 -1.61926407136 3.07142332949 1.72359793428 3.39992126011 -2.18043972133 -0.580288992329 -1.36886041379 
-1.14463113343 4.50672306417 -2.58826067266 -1.36393519761 3.28016736566 1.60643522536 3.30625204053 -2.21160644625 -0.629904615366 -1.17606005351 
-2.65599421552 -0.700659938093 -1.74194538324 -4.61704282884 1.81909241532 1.05691033556 2.92982378066 -1.92220314511 0.667786287317 -1.11383451346 
-4.25564501111 -2.33050010424 -2.64082253993 -5.44258424584 0.702107417458 2.0197240137 2.28961157538 0.18482178844 1.51461439063 -1.3600858566 
-4.87195008397 1.43140382856 -2.44912149241 -5.97339838103 2.12752617921 3.6754885205 0.959359208317 0.1311975728 1.9701729441 -0.384999705233 
-5.58025573052 0.650676766395 -2.09482433913 -4.36360392596 2.06380070238 3.24599004137 0.499797446396 0.747102222576 1.16245947561 0.315866631063 
-5.60079548618 0.462741328105 -1.68863973201 -3.93234892655 2.20626305205 3.07737493536 0.49632096421 0.646210371402 1.03023250526 0.289136188014 
-7.13262559914 -1.70472449718 -1.48203777029 -4.27426690305 1.09955363824 3.04249947284 0.266245065785 0.615209141725 0.275809206262 0.54058105488 
-9.74559122465 -0.457634880858 -0.650560642432 -5.02999041054 -3.32753995675 3.00028337978 -0.338811674097 0.228894554568 0.342189901651 0.874709166545 
-8.02728576244 3.36156435648 -0.585368950171 -4.13929249566 -3.45768965478 1.83650768497 -0.0575471349393 0.797683203583 0.0707239642781 1.5381137388 
-6.44259081798 4.31241582273 -0.417592014233 -3.30871041991 -2.47084936237 1.0500346927 0.696932102767 0.155436784924 -0.0366431951443 1.25806246223 
-6.30589835964 4.42692562831 -0.237105686296 -3.48987158932 -2.46213864811 1.05254358092 0.564971051679 0.202769716903 0.0968314568021 1.24694532792 
-8.12817842728 1.30615190116 -0.802472422669 -3.69333242441 -3.61232752373 1.21523875077 0.432619992521 -1.64911563182 0.38661580155 1.09356545181 
-6.06667206333 -0.736372094148 -2.30587012239 -0.769892142545 -2.80442820186 -0.831511138934 1.43368506588 -0.271855412432 3.24624394698 0.157681569692 
-4.03955569014 -2.08385312339 -4.10932647597 0.275754902854 0.73472461241 -4.64216081889 0.826263394427 0.350655209651 1.73583866679 0.773736586218 
-5.58982753691 0.0132570310269 -0.443990941677 -2.19888453604 4.39499338784 -3.46664979755 -1.26382473547 -0.514182893747 1.14115111981 0.775010922473 
-5.87542117863 0.252402119167 -0.408245259201 -2.4033794794 4.60869591489 -2.92144053314 -1.45704914381 -0.138454695594 1.11477590895 0.977980177241 
-5.7102504347 -0.377488713558 -1.11282130604 -2.60715433924 2.31048019796 -2.6866084316 0.01446252992 1.69086002453 0.206309211898 1.34937514642 
-7.34780844318 -0.473825616782 -1.48518766433 -3.12482648086 -0.097308738487 -5.03670623515 0.671948550123 0.356629135512 -0.722077275127 1.974068767 
-3.93492539539 3.41560617226 -2.12038613711 -1.57358888015 -0.518592428272 -5.42789761009 0.309079981306 1.93267725319 0.166555702794 1.99636338567 
-2.78321008946 4.52905806 -1.81450859973 -0.728013519057 -0.26915258876 -6.16294271247 0.22500338601 1.47222816624 0.976531824259 2.59899676464 
-3.09908172736 4.46638318901 -1.65705651042 -0.720615397313 -0.304249020955 -6.09528172036 0.433336641127 1.23667370162 0.868267141825 2.61675811947 
-5.95877974638 0.446830462702 -0.80734707732 0.213299043976 -0.84708599497 -4.96047939509 -0.0571202099219 -0.0279030137896 -0.655735882808 1.26795039081 
-7.06966738113 -2.63006839426 0.456096914684 -1.8802962301 0.246086277176 -3.94836598668 -2.22025337014 -0.462864687086 -1.21512979701 -0.755576793903 
-5.60113679367 -0.542518399747 3.09027521096 -0.7539472041 3.22612672585 -2.96974306235 -3.65792167989 -1.34956953236 -0.150616110005 -1.87987947225 
-5.72641455023 -2.10495567135 2.73159172897 0.469213798969 4.08792871278 -2.70389373318 -3.50454056106 -0.829565656281 -0.435055289453 -2.75943354717 
-5.80424331969 -1.84183487133 2.93769678816 0.451757970388 3.889806715 -2.52499743309 -3.60021498166 -1.00111239389 -0.395535627143 -2.72711843598 
-4.96784929869 -4.60262769078 -0.475582202319 1.98785919378 0.203028869119 -2.99244167336 -1.45955719653 -0.188500598291 -1.40127220287 -2.72615477741 
-5.21403840222 -2.47335684012 -1.50437461114 1.99344306828 -0.899606316411 -2.28840048816 0.339729123267 0.192016972945 -1.66752225787 -0.907110431624 
-1.69811096932 2.91708690261 -2.5037886057 2.99823439136 1.90031753415 -0.389411971366 0.652670768244 0.771107635847 -3.65344187038 0.0486804951954 
-0.411274554427 5.52659331707 -1.89823363731 2.65935693046 1.71908812216 -1.00345336974 -0.177805570174 0.985460970881 -2.95681701704 -0.637114648552 
-0.205884984824 6.15074876703 -2.56667604612 3.1047089576 1.23760960588 -0.386740321025 -0.0167151009285 1.00920121989 -3.27814634549 -0.525864325151 
-4.3343209582 1.70611401027 -2.88136595247 0.77190738907 -2.08677326726 -0.0656282111059 -0.646171096377 0.90465216478 -3.84758819732 0.537649322006 
-3.9403101614 -1.26661192545 -3.25169278348 1.76411303513 -2.48375973619 -0.27645132122 -1.0029124189 0.427806524002 -2.00532389661 -1.4964067449 
-4.96819231316 -2.7309329893 -2.57114722215 1.3878892908 -2.60538407406 1.03249743197 -1.62037201475 2.18439148402 -1.24902735976 -2.4825320242 
-4.48511089798 -0.161353979703 -0.77898553528 1.07699173108 0.0941410249337 1.99880456917 -2.83815988705 1.83868716606 -0.62678268964 -1.37903126134 
-4.24261702853 -0.434520413169 -0.614219696636 1.22592233425 0.634364227132 1.86911543851 -2.75977613445 1.51308466614 -0.534113083096 -1.51335283507 
-4.42845242576 -1.98918052879 -0.715902072997 2.05918001197 0.181977783086 1.0919465526 -1.84216889796 0.693954252267 -0.142034304204 -1.18938771749 
-4.17207778703 -3.29346409991 -2.20153310649 3.77173291415 -0.974648661799 1.25285978834 0.616384947856 1.61077047051 -1.24528333053 -1.65415916294 
-3.80058920905 0.424236949626 -1.91251439497 3.56501411465 -2.32607289644 1.06958690265 0.494645201233 -0.0722561962296 -1.13111924956 -0.339927577938 
-4.03722146255 4.99924807764 -0.236715375467 2.14203558209 -0.985820850747 1.02549254906 -1.51237746216 -0.715324620799 -1.65671546021 0.122850308162 
-4.11090480763 5.27928457706 -0.245876872137 2.11125532787 -1.10000843333 0.980318395701 -1.52784144085 -0.645976386265 -1.48448562619 0.159473196011 
-3.33775956549 4.4639884736 -0.0738039540809 3.34944090602 -0.641001044903 0.121534231033 -0.65830096517 -1.73248193304 -0.783433743196 0.0349128082811 
-4.03528868205 0.363252882938 -2.52410772655 3.28121639598 -2.5682751493 0.336788708647 0.0409184803852 -0.617867377226 -0.526242538108 -0.551005717439 
-4.66054684576 -1.74730844896 -1.88083641552 3.13041804868 -3.34801589165 0.763953801105 -0.615359421467 1.20540341344 0.49222447221 -1.67188516385 
-2.04662001276 -0.150979960066 -1.000781216 2.98340240755 1.95594989173 1.54735312477 -0.738921458457 0.305414292471 1.94202697452 -0.875113540735 
-1.92423815588 0.10792145245 -1.01292444278 3.08800498264 1.96200282407 1.4932264407 -0.859796354013 0.41112726042 2.03651963189 -0.838526231195 
-2.50283602685 -2.26471207657 -1.26150644693 3.6838253342 0.0452267800103 0.444849461018 0.507928186897 0.755569368322 1.09633525162 -1.35979308797 
-1.9844357185 -0.729641493333 -1.6963287999 4.17616528734 -0.516214259117 1.55948191068 0.837110016429 -0.151133986709 1.35961833826 -0.200670668723 
-3.92184931546 1.75428268241 0.205514700985 2.86692468108 -1.50898053351 1.84758374664 -0.961921551574 -1.43300154497 -0.188269309798 1.27769585925 
-2.62871001302 3.44181403687 0.326144407715 3.01511119166 0.0720518958077 1.19825174589 -0.874999663491 -2.07286086841 0.37985496552 1.19783127427 
-2.82373005912 3.26722776476 0.394878852289 2.9386413731 0.00197264804115 1.12495046297 -0.840161305442 -2.10772834633 0.425436836447 1.16951683477 
-4.30805018283 -0.0778056148471 1.38985456244 2.04633273402 -2.79145938021 0.562566799176 -1.3697858239 -1.94884198331 1.25094393758 0.192552173237 
-4.12055085222 -2.30099604221 -0.649465847871 1.97094888923 -3.62087077173 0.794899450732 -0.822461565786 1.28059070867 0.588670958591 -1.48872168833 
-1.79492872755 -3.55977564961 0.415514466268 2.19630136767 1.03420888271 0.312655626322 -0.182636089689 0.572413351381 1.35329467928 -1.0876260176 
0.0341079664549 1.30633924503 1.19703962674 1.83311850307 4.07165817636 0.880675078072 -2.60211160862 -0.673095878413 2.50210569838 0.733680668165 
-0.0866760048522 1.32099574956 1.35158632521 1.91770882086 4.11163283741 0.970066571382 -2.63110859862 -0.632034368816 2.47706321199 0.953813117702 
-0.05078905555 -1.21290473858 0.947687850024 3.41201782305 2.22738001147 0.422297071698 -1.06704920554 0.350154808551 2.33587974203 0.481697673127 
-0.704707330313 -1.22978823949 -0.0779978525737 3.94483703697 -0.00438435437037 1.31748442933 0.35379326093 1.44131596741 0.811560783133 0.950877927072 
0.98206833249 -0.0694326843866 -1.95466423524 5.58658592332 0.266744361475 1.15205008322 1.57354564697 -0.931409187564 0.510657645654 1.06159010129 
-1.84772927364 2.9143609666 1.59436276298 3.63909841714 -1.8778453716 1.3670814687 -0.508378691252 -2.27042399325 1.32483378861 0.943314445823 
-1.92346569531 2.95387243015 1.68862430689 3.80544045164 -1.8003183497 1.22522488002 -0.520371726635 -2.25426001496 1.30994869212 0.874877009529 
-1.59990495743 3.54262572614 1.37207869777 2.33522426969 -1.88681052518 1.50015226743 -0.464557316812 -1.48617158577 2.10117133636 0.264367877229 
-2.06567328913 0.159127978917 0.552248728289 1.82396035758 -1.44079487785 1.14078117808 -0.0315765301633 -1.58502580294 2.36284720235 -0.359143968548 
-1.34744378947 -2.04266277034 -0.537094794883 3.0181218878 -1.19678001011 1.26686405176 1.90591341987 1.50587195631 1.55802926397 0.22614626175 
0.970203226816 -1.02203155426 0.222754766033 2.1338164618 0.676273474956 0.667002711288 0.552881748312 1.27169566487 1.18517682322 0.750053472015 
0.955639021287 -1.26974548065 0.384193822897 2.18191368842 0.59780985193 0.884789986713 0.494796246263 1.01887409543 1.09538782962 0.771827449677 
1.11451692954 1.41509808738 1.18389317718 0.997946378866 2.3618196127 1.20868339161 -1.87421859035 -0.525346761294 1.03951552844 1.51768263611 
0.873448808629 -1.56525295197 1.45788601137 1.55706939748 0.42880337018 1.98645050045 -1.41129708245 1.14544991413 1.04003579439 1.07354145737 
2.98796205009 -0.790997006946 0.190174031792 1.24559003101 -0.477711592863 1.30534498446 -2.12498739044 0.756187563352 0.752824004007 1.10114210989 
1.47329221451 0.171110524425 1.9491827229 1.51949021271 0.012904890162 -0.0316850131362 -0.979720890869 -1.35144802106 0.580137749135 0.0341420313026 
1.08713221524 -0.214748620934 2.01114625324 1.76215690364 0.20557022613 -0.0858311851726 -0.64544315811 -1.50551642374 0.51514527571 -0.0166287260877 
3.76901069266 3.05396589042 -0.7943687658 2.89402465181 2.36667056729 0.84074740664 1.22101324515 -1.78167286986 -1.3041272358 0.493954439615 
4.24060089165 1.58240525167 -0.119641735226 2.25995707235 3.08659389918 -0.134886563977 0.824607788608 -2.13429784997 0.463726268996 -0.0344865742053 
2.2906564715 -2.83424607078 0.883005815567 1.44803749401 0.0553521877161 -0.32597656568 0.775396157244 0.434273997372 1.19704009757 0.584183581347 
1.88711446099 -4.2282990391 1.47188016347 1.46206681333 0.258256198646 -0.606351027917 1.73899188757 0.694193235073 0.218435852197 0.258617055853 
1.70279716913 -4.15890613223 0.922216191446 1.5553111787 0.34203034422 -0.420528703577 1.78710397853 0.848674837531 0.105717628821 0.017373190854 
3.32934621676 0.656483048774 2.16139315352 1.0552606413 3.36606212138 -0.358894923133 0.431286399397 0.531991234839 0.626476376325 0.979848069803 
1.99007588971 -3.30833076438 1.09176735953 2.30966351922 0.189742606039 0.0729104839194 1.7689325393 2.28256018207 -0.652178893787 1.67676666997 
2.10604654652 -3.83661373442 2.55833241625 2.55008928512 1.51595276226 -1.20318398851 1.71798535776 0.891090091963 0.157173262199 2.04304494592 
2.13816032357 -1.93570150142 1.65644979285 3.16727514884 0.95281005329 -1.26754992265 2.61216381809 -0.474068001471 -0.101238075461 1.66441398402 
2.2530368376 -1.89777008066 1.95063336633 3.18348524261 0.69963107135 -1.39961456688 2.51635958771 -0.721980111044 -0.112766485222 1.65941129782 
1.55686058475 3.04662647696 1.69096922457 0.460365468663 -3.03979217535 -1.14439092365 1.02036551108 0.512646323667 0.622716360484 -0.0250938640733 
3.88893676094 5.48080384781 1.1083430938 1.93864818351 -1.05651103431 -1.76115330805 2.05687672767 0.123765003386 0.73634077582 -0.376634646124 
0.71259667043 0.773508382041 0.447868996884 1.80758982458 -2.65559213835 -1.4017186196 1.80648893748 -0.87216576685 0.252024385878 0.445364720944 
0.832770202677 -3.48534695426 -0.0558673104198 2.71250704224 -1.00570259703 -1.41857124146 2.49096118024 -0.115044675448 -0.472134435277 0.0183797351538 
0.736506840816 -3.17556483223 0.0339843712799 2.85663430874 -1.14320740885 -1.27436979733 2.16510045281 -0.0472479732901 -0.455216860009 0.0972601240899 
1.26044340252 -2.23668221574 1.69758422858 1.68396908675 1.21376355574 -0.106161652923 1.26546842052 0.856731763694 0.243482971023 0.994339576892 
2.49404456222 -0.736111869128 2.65911245656 0.69935576303 1.71840643088 0.0119710144836 -0.244137803533 -0.0750040287208 0.610723058189 1.55297297071 
2.29876892856 -0.756383041151 2.59112891175 0.228516367108 -0.201639347933 1.11391933553 -0.47395383629 0.227699638246 -1.69985317423 2.21136612577 
2.33117250123 1.14413003523 2.93459039447 -0.622255703629 -1.90274632183 1.01967824472 0.0363728181663 -0.0397143811503 -1.57924433386 1.23047585669 
1.5765857553 0.640043398076 4.30405806027 -1.17715799373 -1.0881186345 1.11610088907 -0.0940019406273 -0.317093836247 -1.5461860451 1.19660937924 
1.43346178941 3.52414935521 5.68991915445 -2.1723457339 -0.891810040769 0.807177881011 -0.357289940905 -0.627052892364 -0.405373338622 -0.00691840938078 
3.43664562445 8.19512685299 4.17379771933 -1.09243046477 0.614637900425 0.658213067344 -0.178469893845 -0.0608132520209 -0.465620391701 -1.52131692839 
-0.165898297322 1.36216315753 4.88774907451 -1.44372587933 -2.20593678945 0.875265706955 -0.267437579676 -0.888236994434 -0.949798128587 0.228053161217 
0.61065978127 -0.170477819904 4.42394335636 -0.810782544493 -1.034867799 1.26960899061 0.113010032798 -0.611892722031 -0.856560468438 0.838045778761 
0.956175876866 0.00580935064194 4.52245666427 -1.24802859784 -0.798858153649 1.32980481469 -0.263630188734 -0.801969943301 -0.831770115864 1.12196935888 
1.64526339423 -1.01021215704 4.38244040777 -1.92699335396 -0.781362639121 1.59688353454 -0.0133203016611 0.458343995324 -1.11234066224 0.798686339907 
2.18616284992 0.431477747397 5.06592223268 -1.40916070167 1.65047605534 1.53544026178 -0.34715445688 -0.295097473726 -1.27059740703 1.40821435539 
1.76409391335 -1.77771411362 4.6764429298 -0.850842116872 -0.320059888572 1.77050674501 0.639433685511 1.06322567671 -2.15589995158 0.941777771003 
1.05096932982 -0.25579394276 4.17773279073 -1.57120344656 0.132808206698 0.604435853722 0.451420414678 0.21963348956 -2.11904511058 0.817686608382 
1.26732311685 -0.310859258315 3.97900882748 -1.39167969182 0.32409562097 0.477198522083 0.424494807002 0.0753557421019 -2.13023874284 0.583491490683 
2.16868135172 2.84548854633 4.98295473353 -2.95514389775 -1.78347641356 0.283813792934 -0.965584607782 0.414345575003 -0.449831676246 -0.503099482643 
4.45611932028 8.16881161532 2.07832297877 -0.975904138565 0.514513017195 -0.502742228436 0.348428812297 2.62791575475 0.512802022726 -3.57822480145 
1.92445210491 2.61602780018 5.66483789441 -2.66441986021 -0.937217529617 -0.456463174597 -0.212217397097 0.373476669179 0.713925612064 -1.89254653613 
2.0618320469 -1.70523321909 3.00249397479 -0.886482344369 -0.963842114911 -1.48992673323 1.43386398912 -0.447630991052 1.73012853471 -1.27404655949 
1.96648723752 -2.05068802556 3.11114875538 -1.10164002696 -0.962969620045 -1.39521642919 1.13068515229 -0.666238428723 1.66737682381 -1.33646731338 
2.48666626649 -0.404361225992 3.12670076404 -0.720509101471 2.26303772415 -0.544332778361 0.393812026047 -0.854658386413 1.36209065967 -0.867033025911 
3.80258151943 -0.874714644962 1.34306128273 -0.465011715798 1.64864161279 -0.894963273941 1.75387646134 -0.627530818614 0.930384306464 -0.314326060255 
2.12857902206 -0.91900241828 1.97208748172 -0.747461307594 -1.0703235218 -0.922842278832 1.65582497493 0.584029824895 0.855405929939 -0.936882544072 
2.99280434839 2.15726997149 1.46731420036 -1.84163502889 -3.40820746737 -0.464090105116 0.729641063401 2.8161584552 0.92271213661 0.541701072762 
3.16979362849 2.29989357568 1.36783197147 -1.78108947121 -3.68636585212 -0.46062714101 0.519117418547 2.87450940236 0.942722958826 0.551825959297 
6.52054003869 8.37057673728 0.326628550109 0.377725510301 -1.13821746251 -1.31738339504 1.8277609389 4.76799171781 1.08827351328 -2.48685890774 
5.40574878532 7.53121796863 1.03973418005 -0.106773264346 -2.13070558857 -0.936993615809 0.843658810293 3.89180455354 1.77401224731 -1.89289315057 
1.41473218518 -1.58353623103 2.61482037694 -1.29535663742 -1.20468711348 -0.808401145712 1.49049724822 0.927675292723 0.0877293323685 -1.16433901561 
1.7263819027 -3.70241583471 3.11586482508 -2.0164076013 0.559819952706 -0.0842054316657 0.23332014623 1.04188254423 0.700151592922 -1.10619218479 
1.82716247277 -3.37753800538 3.44173750352 -2.28068466405 0.751598752767 0.0692166571193 -0.0826004275262 0.98536659655 0.734520779321 -0.908763292096 
2.33978311825 -3.23870465328 2.66208908971 -2.46885904402 1.57018474358 0.613278435489 -0.986240520382 1.93427865059 0.286100079321 -0.842704110405 
3.00277407801 -3.29298115328 1.77321577715 -1.03559011134 1.82330594012 0.680690262066 0.0335670550879 1.39457235283 0.0362687242226 -0.546305363824 
3.40081697608 -3.08682645375 0.710168912927 -0.4469679283 0.560922203341 0.503399677722 1.19632666443 1.21965390693 -1.34657518581 -0.0209368725929 
3.68031128218 -1.17804748293 1.17552679926 -1.37178734784 -0.524184259879 -0.543435410737 0.642541950997 -0.21181615889 -1.09028468753 -0.182698170291 
3.60899062364 -1.09704045067 1.20948513795 -1.22354013683 -0.459007747059 -0.492900786593 0.733910946228 -0.0725179410022 -0.883659431824 0.00196252804695 
4.50180171201 2.82110681758 2.5603022045 -1.84471971172 -0.000974118915776 -1.60434974047 0.0918445569689 -1.0324785831 -0.688454375717 -0.852583329241 
3.22359740722 2.94697258999 2.89206516427 -2.31351207281 -0.89467440895 -0.978593210115 -1.07971100938 -1.31371454947 -0.517949052794 -1.78349682469 
2.3749824939 -2.64814258333 1.14899717722 -1.77112653498 -0.702236874652 -1.22721051399 0.15153525172 -2.68762245392 -0.411234067983 -0.573405435347 
2.12891919901 -4.67851212893 0.258368376516 -1.36593224128 -1.60529003875 -1.59987904652 0.0188186640778 -0.285087659117 -0.849413704914 -0.593003223498 
2.14588443329 -4.83582356169 0.608409324369 -1.46728786813 -1.52312974319 -1.7830943097 -0.0967084181736 -0.180953317391 -0.578218023362 -0.459241105758 
3.25337305565 -3.12547869207 0.805155015035 -2.09392539551 1.26073570462 -0.618732192089 -1.11611446107 -0.725986898591 -0.458818427808 0.765958285846 
1.73057062647 -3.81592376502 1.43426239802 -0.758874944496 1.5337345304 -0.733756513526 -0.0261906493119 -0.0458576809301 -0.0606906726465 0.416623425158 
2.9694809987 -4.90740342395 0.34648555435 1.23135233771 0.503196021214 -0.262080179121 1.6695338825 -0.104489144648 -1.22657564993 0.0755595488412 
1.32955903581 -2.85667822031 0.802227353938 0.174790814733 -0.798033485382 -0.435557490206 0.3871830949 -1.26113169702 -1.27029433608 -0.344909723818 
1.38160471651 -2.80259091808 0.961804618657 0.197247157268 -0.687477975675 -0.599471853113 0.441855364057 -1.38784062445 -1.08041391749 -0.370004717902 
1.9395991992 1.51125627331 1.84749443561 -1.20058197488 -2.21362252619 -0.110210074468 -1.21898479008 -1.43658379492 -0.0336307110073 -1.2116915087 
3.69841671583 3.29283260588 1.64736369155 -1.44904192369 -0.688037168942 -0.438009117495 -1.0270663504 -2.45658163905 -0.156405855558 -1.53103278093 
1.41914530743 -1.43931233107 -1.30665016239 -0.516825088594 -2.01630099404 -0.427443049873 0.259848312761 -2.68560421046 -0.539329326686 -1.32082773301 
3.11152887082 -3.9328377916 -2.69302835933 -0.0583418135274 -1.0026731413 1.20555534952 0.59180711995 -0.216923337012 -0.477418711657 -0.472405313327 
2.24252602164 -3.89851310225 -2.54590837695 -0.116912707699 -0.988434668927 1.41993184011 0.489005240219 -0.101630932503 -0.543526451664 -0.658843545221 
2.00769838242 -3.46944782802 -1.04780127049 -0.44996818861 0.63258149976 0.676023104439 -1.06003097113 0.379773609724 -0.377995181833 -0.245766622738 
0.209172231498 -3.48286630874 -0.228510086895 0.302321234565 1.43291238432 1.7931808996 -0.286701683919 1.06410257331 0.119650707507 -0.15079994228 
0.539558112892 -3.37004412077 -2.38975741769 1.64160259275 -1.91224219148 1.34391251723 1.28849232098 1.66016459408 -0.174275031032 0.410090218536 
3.26517465438 -1.50747948876 -1.37830069114 -1.19412581076 -2.15773315207 -0.443078651814 -1.14816099326 -1.53691196311 0.197393518359 0.418577037624 
2.72877679567 -1.48204263248 -0.935294012236 -1.00656188636 -2.09430650575 -0.368603384975 -1.06123751466 -1.57705310787 0.393837956741 0.305616364768 
7.53588190172 2.46838531114 -4.33912226941 -1.04101074889 0.305112438968 -0.65124144393 -1.25343535753 -1.4688677672 -0.160255345162 -0.452577531631 
8.60063348265 1.64140733779 -4.68902751327 -2.78334541652 -0.913227345742 -0.594527585099 -1.74085210117 -2.06143837538 1.56922701294 -0.528473062959 
8.21142450119 -0.603362738787 -5.62023987918 -2.45141537599 -2.58619755161 -1.98757966958 -1.49400242432 -4.57170866386 0.49216251279 -0.108245638868 
9.40953071167 -1.37318214831 -9.22287019229 -0.725335376259 -2.75691235869 -0.0850161666177 -0.90313584521 -0.944270259485 0.803823879052 0.479036995069 
9.61541596862 -1.40999404399 -9.20233724927 -0.694142145118 -2.60668719303 -0.155127946277 -0.897347728736 -1.02220984534 0.789816684848 0.477993126992 
6.96924500014 -2.78984350212 -7.85700195812 -2.57630429943 -3.18793027919 -0.800969529665 -3.25946035556 0.39839686909 0.282704906744 -1.02574015514 
7.35005953441 0.448189202731 -6.18941582147 -2.18662381721 -0.00139133799098 -0.119980950213 -2.62628189791 0.264652587675 0.157241243532 0.788823032702 
4.05930463165 -2.81301566577 -1.13286307353 -3.26952312837 0.464885366789 1.5261929771 -4.32433634015 1.80402544799 -0.700218228161 1.56833278995 
4.47920873976 -1.69507141545 -2.53543585834 -2.22837015666 1.9585973653 1.8308558248 -3.57055302841 1.14405306738 -1.58325359378 2.12136592467 
3.50907826942 -1.26989165389 -1.84805032018 -1.58669266807 2.08161659009 2.13100976269 -3.34031363055 1.3047619252 -1.57039348432 2.21465880777 
6.32756814616 2.55398831081 -5.39012497126 -0.0495538095386 3.77159775128 0.991802389453 -3.28807311224 1.91269774387 -0.877327337959 0.941371510809 
5.93066133304 7.65302389473 -6.30779932735 2.11335190568 4.90703592783 0.508311982385 0.139724343281 3.02767428747 0.167671617041 -0.56094007284 
