7.76372193491 2.11514194539 -7.03583485292 -8.48180129579 -3.40213943671 -0.411699923915 3.22937026611 -1.15605512357 3.33049754403 -0.0294816729711 
9.70361474612 3.18707279579 -2.59517006797 -8.33356009722 -4.03120437622 -2.60313052621 5.37678503144 -0.39965695661 2.00173692119 -0.371379112579 
11.548220257 -0.967390143534 -0.209471847263 -10.1656478513 -0.743995294471 -2.59203322933 2.56969265348 0.962608033775 0.50599706149 -1.81135871167 
11.5417175833 -3.38576421416 -2.44644677228 -11.1875008114 0.996334941939 -0.9720125887 2.00492005577 0.169210633458 1.79601989104 0.358433360107 
11.7703144624 -3.35713948641 -1.96945948456 -11.0358233169 0.889521375222 -1.06919870668 1.93289017444 0.333607207836 1.68599017056 0.215973111397 
12.4287837567 -3.39396991612 -3.4367915405 -8.49891380802 0.704231484375 0.507014441643 2.39593673439 -0.525383973201 1.64405336019 0.664076342682 
9.26758754225 -3.04705618589 0.147345217695 -9.70708944219 -1.47628047287 -1.02256217499 2.87454462711 -0.681639568665 -3.58692085843 1.27268481152 
10.2398844077 -3.58659710738 0.397975962903 -4.99750941882 -0.232183392776 0.334427128439 -1.21047285941 -0.15163604849 -4.17263300687 -0.533327353904 
10.1431857853 -4.73195692784 -0.0600083333059 -2.20074129549 -0.363786050922 -0.224849751663 -3.03449600829 0.0130160265051 -1.83784030914 -0.894570647569 
9.778701964 -5.00605210921 -0.283789942671 -2.2093045184 -0.242005637639 -0.239637704105 -3.10379200763 -0.256745356269 -1.81638800975 -1.04032641589 
6.28558623107 -3.4292875442 -0.67128530739 -1.05604982353 -0.293856653795 -0.530758605553 -3.06249132135 -0.681129556201 -1.11107627693 -0.122964368359 
11.647886345 -0.640496346938 0.0740044345904 1.6746606921 -3.99670788666 0.494410224357 -3.36268098284 0.210594668339 0.0647182729438 -1.42661917976 
14.9790319763 0.886801909624 -0.392615670988 3.6069606213 -1.37915145385 0.679203587235 -4.37343552053 1.29534953008 0.736220724731 -1.04508699384 
12.2761482894 -2.96109088348 0.308599755225 1.86403430204 0.555167376364 0.498297014418 -5.54315285121 0.730050994106 -0.54293353876 -0.282606069297 
12.3606011799 -2.73443996108 0.408455636582 1.90720801131 0.177860630612 0.611232599091 -5.61900205918 0.853665395932 -0.508045397178 -0.109297893618 
11.1998770537 -4.1099193129 0.711988424043 2.46742272845 2.42853379167 1.37651021699 -4.09881472891 -0.137568625604 -0.116743440631 -0.00900131803372 
9.76052374242 -3.23686687791 1.650662622 2.55972989641 2.01616606315 1.34717587298 -2.14290498329 -0.0814872013886 -0.29366381165 0.0952841019101 
3.56061953561 -3.23879423885 4.38075251686 1.67795498551 1.57471658666 0.222293297178 -0.202898854106 -0.341643805433 -0.408428659313 1.61141573447 
2.53269898443 -2.42755842498 5.42639834742 1.95608846934 0.429543253981 -1.08140583234 -0.0289827679394 -0.0327710008011 -0.665552047307 1.22082850262 
2.39888006683 -2.5690534844 5.03163424151 2.15552916403 0.432411564263 -1.16671145046 0.0282790595573 -0.0968001823129 -0.647553717892 1.11129726971 
2.31254982245 -2.41348933717 3.51683351574 3.85487668464 0.887308643852 -2.11714539948 -0.197890034123 -0.48566279597 0.998921968581 0.0841990015148 
2.67660378773 -0.293559590355 4.39117222741 4.4957931151 -1.46501034648 -1.71384019745 0.817882223913 0.255691555722 1.84478297772 -1.7334335938 
4.34866705819 0.77647991085 2.90254376498 5.389528136 -0.77783333468 -1.68060631241 0.733099126999 0.0977383879183 1.64965602693 -0.695416355299 
0.414227743805 -1.31121612466 3.82423339069 2.03434959491 0.598251313362 -2.75342253677 -0.0323258498464 -0.931563480752 0.84648664918 1.37191918305 
0.450095364645 -1.18905787148 3.8480304143 2.07466038581 0.599920941813 -2.74641931688 -0.0704849475172 -0.97042576136 0.977525475659 1.40619335058 
1.39574309815 -2.38424177246 4.27761829578 1.71965086506 0.913695642799 -1.75682324772 -0.272151513524 -1.06800837602 0.607871907504 1.19874556417 
1.49405988389 -4.01686825023 3.78367707701 1.72702321291 3.02328850139 -0.718381139468 -0.352881835982 -0.954978849907 1.85857519165 1.6027297344 
3.2271422647 -4.19554087796 4.08087337441 3.56512795538 2.49146915233 -0.256267731865 0.391085992126 -0.985270841764 1.57322364452 0.532859976907 
2.14286613195 -3.68659548618 4.21152548532 2.94395374437 1.85943838767 -0.5118395907 0.221561582097 -0.593660048667 0.906848003728 0.605827769125 
2.09917898621 -3.65825785777 4.04791045819 2.90661148385 1.93115488222 -0.448103325518 0.133421075089 -0.705768107794 0.974885179586 0.692993312238 
0.788411874775 -3.82284900494 4.09781076606 1.97040865996 2.28546279422 -1.92678032343 -0.598546036572 -0.683884218187 1.25518491934 1.58560985338 
-2.21947758236 -2.06343574472 4.18577706827 0.417283388888 1.34197527135 -2.60156161219 0.195966538755 0.523686375178 0.34208877257 0.615110160657 
-0.418936967077 -2.82670596117 3.96535374551 3.84524093465 0.58580999475 -3.27682027008 1.08907383253 0.232291852017 0.788998224231 -1.77650813825 
-0.110029207243 -1.08990104147 3.19049382539 3.25879294706 -2.13005348081 -2.18390868135 0.705273349145 -1.03876072511 0.706486970041 -0.713976004784 
-0.202739268621 -1.11265559189 3.04227477917 3.32046544328 -2.1215066191 -2.16325483225 0.70516542623 -1.11019496888 0.712139128755 -0.712827582055 
-2.74342551599 -1.33758726825 1.95080650788 0.864865817268 -0.325606594406 -2.82078453499 -0.169830794686 -0.211592018028 0.0597426351485 1.02669132086 
-2.15754233973 -3.35619112346 2.18638849406 -0.47164495835 0.532684616011 -1.71957242781 0.126277714185 -0.482531658757 -0.210339223564 2.12165761937 
-1.58618933456 -2.8132438723 2.98295289345 -0.632134347585 0.759198633865 -0.841451470732 0.312402911943 0.780380619675 0.695898030073 2.2874735765 
-0.751450669853 -3.89324656116 1.47276423623 2.06517221383 1.23156632629 -0.161684833487 1.00933992265 -0.0847432026525 1.11449337382 1.04398004036 
-0.804126683083 -3.90308470219 1.38425162212 2.0568964889 1.20059045456 -0.228851272796 0.891308278823 -0.100246662845 1.32161703519 1.20096912274 
-0.602677923492 -3.16667097855 0.959970147222 0.943299452177 0.275372080364 -0.110278112877 1.00035645989 -0.216487920159 0.296606256737 1.75038167941 
-2.12438779683 -2.8986732023 1.44854989488 -0.216706435474 0.147109243249 -1.00807309828 0.615295080837 0.155110874254 -0.093198074893 2.45757053365 
-1.85874055155 -1.72421442369 2.99292079356 0.346344642401 -0.683955801016 -2.26081383946 1.27076810917 1.00092993219 -0.846957383558 1.81122735855 
0.369553694617 -0.595248166789 2.63066225827 3.23306446496 -2.42495264035 -2.76211666687 1.81044529772 0.17494158304 0.025179301823 0.362368576454 
0.348785577248 -0.584600108269 2.54947855985 3.20326555345 -2.56293605424 -2.73410841543 1.75669731199 0.119303649524 0.00370512912774 0.497698198981 
2.33689679973 -0.418441843364 2.65312443298 4.46294369684 -2.76393107231 -2.05355439945 1.63817787788 0.469197140538 0.522053771523 0.256803689021 
-1.83235366632 -2.7300045874 1.34855721806 0.151310025583 -0.184749061107 -1.75287859697 0.97194074125 0.385896105161 0.0149436701787 1.21001827954 
-1.29232504982 -3.4956048149 0.571213110675 -0.607562236147 0.519601855748 0.179476549111 0.494055343407 1.15676373308 0.268753396961 1.65087979902 
0.227425087998 -4.38959138583 -0.273945719202 1.74443122298 1.48242318 0.850870757687 1.47154601524 0.678951309355 0.136028408281 0.334607045179 
0.122814546066 -4.34092179972 -0.208952368875 1.72617751172 1.66748909039 0.670834280504 1.46728071109 0.947845793271 0.305766252982 0.576115702994 
0.315921280988 -4.9118469635 0.118641640366 3.19947979385 1.20323707019 0.640933153304 1.68895542593 0.350247074614 -0.189681841499 0.130008704292 
-0.702610772512 -4.61895727403 0.0865009835987 1.76614927443 0.835672389702 0.295558770076 1.0340492489 0.521155367875 -0.495344497122 0.272740171555 
-1.25748129465 -3.24949849121 0.0155639878957 1.0656117802 -0.0732378311988 -0.371125649469 0.944810901659 0.955360772979 -0.647498520948 0.99209435552 
0.140936819732 -2.07957223927 0.601453068904 2.90888624233 -0.461936122716 -1.39101811232 1.33695582531 1.14658330518 -1.44858876668 0.737250868395 
0.0283185119526 -2.19347910265 0.736493754073 2.69708994095 -0.528145126082 -1.32170666814 1.3599790267 1.13224658912 -1.3946012873 0.728852106019 
0.659339200108 -1.06898473608 -0.36559093288 5.54363216661 -0.725581541771 -1.8535293459 1.74791775434 -0.0678792340967 -0.900442755958 -0.891689688718 
1.07942595699 -0.55193986862 -1.87431880899 6.27636249371 -0.880474289473 -1.33070805784 0.968042001602 -0.416889976715 -0.482797688004 -0.68392209486 
-2.46436408939 -2.84543808288 -3.61257801032 0.504293523922 1.12788482729 -0.306788703187 0.0915773654067 0.441491685889 -0.772907075027 0.198296438934 
-2.2438935757 -3.74649909303 -1.89206703216 0.026777609667 1.5022059888 1.0375357853 0.0190331062057 1.49654946912 0.718546491055 0.58908340846 
-2.54511234027 -3.56403206347 -2.37257896589 -0.0316604873223 1.38421176606 1.07948853461 0.145095021785 1.72352386264 0.790506403729 1.01649520389 
-0.777832610866 -4.03150649984 -2.22767014644 1.23683597272 1.51071800948 2.06486160996 0.909136523303 1.63900431386 -0.0555553211984 0.9484693417 
-0.338109502246 -3.76260339205 -2.20752921302 2.09896754458 -0.532511008748 2.12910777657 1.12655160289 0.824651174753 1.17822017835 0.581012930535 
-1.70046126926 -4.35265594931 -3.582862055 0.931963909436 -0.502532120407 2.15097681388 0.242039865081 0.060536589925 1.77556663955 0.144695937248 
-2.27947487352 -3.93046968628 -4.12003499722 1.02546323854 -1.10020165344 0.431621424509 0.236307817194 -0.186127385593 1.61579646025 0.354193943409 
-2.14595274043 -4.07480828802 -4.06051692728 0.905082716358 -1.02946826278 0.343489023764 0.284699970848 -0.111645217493 1.555118064 0.346398262774 
-2.61632473253 -3.15411657787 -4.05707723847 1.64918604919 -0.17905008587 -1.7155437907 0.778402702967 -0.0463214857228 0.938056171574 -1.09442291816 
2.54834240232 -1.43192006743 -4.81552913025 6.60641384123 -2.83303844372 -0.0718282263507 0.725797721676 -0.0111467807215 1.65324748288 -1.35859968603 
-0.763177449002 -1.23688625225 -4.63591290013 4.55133878092 -0.296577734833 -1.08908923233 0.000580936952321 0.76912667335 0.78266225625 -0.690039422864 
-2.35901907769 -3.59256917258 -5.27146145759 1.98438381733 0.220917881912 -1.04254705702 -0.682166671337 -0.716418520794 0.331742190758 -0.628064403882 
-2.42610067712 -3.50776957061 -5.18818158397 1.98084788291 0.0463264083982 -1.00987931192 -0.607196191895 -0.751809599647 0.338765643494 -0.622062307459 
-1.12709347934 -4.49564307742 -4.45230992153 2.43407232655 0.131871535662 0.364195281956 0.00943244846935 0.0232187866801 0.0549211242994 -0.522702097671 
-0.627382497076 -3.68532972353 -1.01467513275 2.15791695278 -1.9234136415 0.890361596236 1.33719416084 0.762228171155 -0.4127293644 -0.359574360223 
-1.2335288961 -3.88758778268 -2.37105067984 1.52324144025 -1.2880847589 0.719581565738 0.978642150769 0.90497428948 -0.364154530254 0.0734146285796 
-2.90686953049 -3.75424711313 -4.64168094395 0.715311735541 -0.00875383608215 -0.467549138353 0.348741252809 0.490841218983 -0.185813326815 0.326524441285 
-2.80542559632 -3.64887501572 -4.65913438803 0.698858919962 -0.0034873839743 -0.571479718048 0.439792970184 0.606201587982 -0.025537158146 0.348408008432 
-3.75121122323 -3.035261578 -5.0137616482 -0.0445271313037 -0.243194476382 -1.47600162354 0.240318600163 0.285725838769 -0.679007232358 -0.588146860675 
-1.42544943431 -0.983965028036 -4.77640827247 1.60638674118 -2.4051706851 -2.20342324462 1.32742808892 0.821822388921 -1.95059742361 -1.0088640697 
-1.83022043814 -0.641237278638 -5.04700069713 1.45747400791 -1.68288041836 -2.10253555754 0.746364483673 0.912026865725 -1.59298050445 0.201313829649 
-4.85352582208 -2.25712297766 -8.68732753977 -1.00798836437 1.60436714065 -2.17427500261 -0.413014529185 0.0455878697959 -0.323983623778 -0.75320034023 
-4.74439201947 -2.36643211392 -8.62115781545 -0.979904426993 1.52724314002 -2.10703247401 -0.374650539673 -0.0431979766981 -0.354150217095 -0.867064062876 
-4.30793518397 -4.34269189793 -7.33925207567 -0.992091431779 0.618924177084 -0.119067755674 -0.834139344904 -0.477911334699 0.049905231306 -0.622010867287 
-1.97570701232 -5.09135044266 -6.01650142895 0.569632838068 1.62439817461 1.53656353871 -0.448642260814 1.03505886697 0.410735215448 0.437907072659 
-0.775188845354 -4.00636749611 -1.6994106974 1.00956746399 -0.890136876674 2.64481524074 1.37572629178 2.1551646729 -0.846783453015 0.785495886222 
-2.95136863992 -3.11414417481 -0.883872956037 -0.312159238853 -1.43637075256 2.06087359752 1.19391408975 2.1707220941 -1.48395094913 0.771303690009 
-2.8650357783 -3.32674149958 -0.362166649568 -0.44768414857 -1.81685268366 2.22715373391 0.997778889875 2.17305771085 -1.81933294377 0.60541159786 
-2.95778770214 -3.86187986628 -2.02298885497 -0.130765810648 -0.892197923938 0.472947637285 0.553559310203 1.26145650401 -1.21321840414 -0.122249790773 
-3.6622998247 -3.03943650746 -2.36243147145 -0.293420011284 -1.60753026273 -0.196082672274 0.487981902219 0.129828302548 -1.70348940977 -1.2318533983 
-1.65242473036 -2.39198259182 -2.1841697451 1.64596532224 -2.71481395572 -0.535269741772 0.949240928151 -0.532332565774 -2.22233832091 -1.83562671788 
-1.99337186899 -1.94216124111 -1.78454393656 0.977194311717 -2.7024690726 -0.147899676986 1.20241086279 -0.0333959405144 -2.51787470783 -1.15751019197 
-1.95797913547 -1.94891114108 -1.63051633047 0.942275567164 -2.68025858551 -0.135515653037 1.24006855912 -0.0356682081243 -2.56877608832 -1.16931859625 
-3.54731080477 -1.05038292365 -3.39543685079 -1.31822124339 -2.73451898975 2.0248767364 0.424295753334 -0.39386126646 -1.29735483093 0.203012938771 
-3.9715403978 -2.637209122 -2.6578386824 -1.22324101763 -1.44298521265 2.06181895085 -0.0895139063141 1.16716292816 0.0467268248788 -0.684692908793 
-3.50727965349 -3.5032520323 -0.271791361799 -1.49625270377 -1.65512159142 2.99013797359 -0.179224989559 0.912087309711 -0.876783163679 0.257001231496 
-2.09719309704 -3.75716560283 1.01973521731 -0.172414434475 -1.19907142002 3.06070588189 0.135970124825 1.34791284688 -0.461885651239 0.188562005649 
-1.87574463462 -3.87084277521 0.514772713107 -0.0198067886577 -1.06166690109 2.79936458968 0.186023266557 1.36882948554 -0.528412316161 0.191419695722 
-3.37527202439 -3.61083881639 -0.667284974594 -1.8995414331 -0.865517550228 1.94086910065 -0.71309563984 1.36058976156 -0.213215911706 0.636771578667 
-3.41609328062 -2.54628922836 -1.54434068191 -1.06561439023 -0.223464093998 1.63359303413 -1.09140320572 1.14667536256 0.639942837365 -0.158470776448 
-4.20312706354 0.102301561693 0.321862703169 -1.94045326336 -2.46614391702 -0.134715328693 -0.935918321335 1.20641294344 0.291021517943 -0.348434632654 
0.750031394878 -0.310119609353 0.0489029205917 2.99376505545 -3.62239548818 0.151690532881 -1.19604224443 -0.49844498455 -0.334585242202 -1.94937424929 
0.875397810386 -0.166392616869 0.114411537544 3.14005333368 -3.84410333953 0.17431574846 -1.10761510728 -0.574570393956 -0.141731737445 -1.88113192472 
-2.4056552511 1.53490282087 1.98778329913 -1.17026946132 -4.39531472783 0.806006833152 -1.15275780002 0.541558061461 0.29913100992 -0.455065597315 
-4.17412058889 -2.23430625535 -2.66656043728 -1.7862398318 -0.214612144217 0.42146140385 -1.89404620838 -0.664628936305 0.885583238682 -0.990980232494 
-4.31054861488 -2.58637420879 -2.85777288981 -1.71609999354 0.210657096328 2.43510664427 -1.78697943979 -0.834009186653 0.96100568733 -0.359874902389 
-1.55558333843 -2.41512718525 0.794160409473 -1.42493315968 -2.01310642083 3.9555493311 -0.910605959669 0.233834740551 -0.117536400875 0.541038480989 
-1.82256981387 -2.02179581982 1.13060934546 -1.54018881709 -2.21147139998 4.15638449434 -0.853267796737 0.408795351055 -0.0255623816368 0.641761839115 
-2.06884976588 -2.11389510311 1.01067887957 -1.92035619143 -2.06384704844 4.02337243227 -0.700604903865 0.431503378512 0.519111577781 1.28805785939 
-4.21873363573 -1.1416635413 0.280920188504 -3.03175389314 -0.785847161487 3.04281946484 -1.86916893833 0.795236941911 2.25746989417 0.495030823634 
-4.12763413587 0.638889855634 0.967978426943 -2.91476147359 -1.56598192183 1.76068270553 -1.49040411637 0.0943445358073 2.10025163995 -0.342671674412 
-6.2785596256 0.632251243097 1.87316394665 -4.37713810691 -0.504278141388 -0.795612487089 -1.62626313893 0.365672353976 1.87512449816 -1.9102352393 
-6.45439906907 0.413110059463 1.83202668166 -4.50971678394 -0.348485130905 -0.868621167117 -1.62894031869 0.382709027705 1.91206813657 -2.01118923357 
-1.06774072312 0.338633116753 0.830775501599 1.52617767727 -2.55075004854 0.266557076861 -1.81479013907 -1.59697242323 1.96213862322 -1.1076652029 
0.511555345757 1.84128294712 1.02595796771 2.09800141644 -2.06096141515 0.53903650966 -2.23854697504 -0.281149193288 2.60529101561 -0.484064081362 
-5.00340497548 -0.458507910921 -0.502921060877 -3.42449097514 2.0187886516 -1.12309408204 -2.41219900747 -0.209609243447 1.85589370606 -0.951394013478 
-5.94154090001 -0.772261534426 -0.0952154275053 -4.2204578178 0.952184299778 -1.10104150741 -2.08949702017 -2.81879956595 0.722150225867 -0.892511696729 
-5.96852429984 -0.764936657179 0.0460580936881 -4.32292353142 1.02864794712 -1.11064865134 -2.10175754042 -2.70749022048 0.76288512254 -1.01413059744 
-4.19089005154 0.565555298219 1.70654429695 -3.62128808741 -2.54709208681 1.53779632672 -1.11786674609 -2.67375758347 0.234469413032 0.818502280892 
-3.65945375209 1.57376135908 2.41587469983 -3.16455374503 -3.21209241358 1.8944310216 -0.346079266753 -2.49257051383 0.285218265932 1.58445230751 
-4.54531254553 1.7768796781 2.494838213 -3.44152071248 -2.09879535726 0.584356593554 -0.980849426362 -1.39222501355 0.355952030579 1.19750306675 
-6.33888415126 1.15667986979 0.0985130723568 -3.92659406816 -0.962661744385 -1.02378870328 -1.45227002869 -3.01780145889 0.0998083522442 0.167517132297 
-7.47565424512 0.223759452489 0.438121712584 -4.83210823239 -0.385915676576 -1.07975764708 -1.18472943228 -2.79657739188 0.12410995937 -0.0390016491061 
-5.12878614643 0.502129694872 1.72725647509 -2.91566758134 -0.864763880577 -2.15699988143 -0.673184963846 -1.13932850059 0.137240579494 -0.989629456169 
-1.0757030448 2.42430670487 0.563339872121 1.1197125852 -4.17415877083 -0.445642067592 -0.525862090688 -1.90873905742 -0.177728752142 -0.222923998071 
-2.79525279799 2.66404263872 1.55178892015 -1.56105115708 -1.16086744633 -1.91608746355 -0.459498536902 0.226357227621 -0.933610921935 0.533599170624 
-5.28960729585 0.528547604806 -0.477591291347 -2.95761305542 1.95662808556 -1.68260382362 -1.87447588203 -0.316428806052 0.21351760886 -0.601455010341 
-5.54840560114 0.322018290218 -0.228858482055 -3.05018089309 1.89487137619 -1.66568318677 -1.83136925483 -0.137813321879 0.523920446258 -0.720382193959 
-4.32581998478 -0.0122315151089 0.655519111749 -3.37064493627 0.74743132912 -1.61991026525 -1.777251428 -2.2541718333 -0.493611951331 0.499245005739 
-1.86760386891 2.91521429589 4.90342923287 -2.54276045568 -2.63305183978 0.601156318094 -1.24290771764 -0.612139934864 0.216369003466 2.3192522992 
-1.07894852931 4.0590944292 5.74043058389 -2.13759432827 -3.17711227722 1.33938155092 -0.515035667833 -0.86513918739 0.351550368649 2.90260390707 
-1.18671779327 2.51601412603 5.00637876875 -0.923666524321 -1.59177305096 -0.760973709367 -0.85464712606 -1.35181974618 0.466552268601 1.39124308642 
-1.36602456974 2.39044874928 5.31286644954 -1.02814059547 -1.55272798557 -0.881732465738 -0.931790283116 -1.30805414153 0.289348867462 1.3747584176 
-3.79268061572 2.87918547858 4.62139419545 -2.22489598219 -1.93753741219 -1.82964509385 -0.656914508912 0.140663316638 0.677056800151 0.261178423579 
-3.3905111686 3.12542039504 3.40192189552 -2.92361927554 -1.64975759804 -1.89133791462 -0.282043755228 0.701356879929 -0.919914116179 -0.857327324893 
0.198419677286 6.58189816561 -2.25355664481 -0.105875659296 -2.6755793349 -0.598839110795 0.772913153084 -2.77620030685 -2.81308933739 -0.96958665197 
1.33335958803 5.155324854 -3.65116693702 1.66769948458 -0.035916444516 -0.10571588688 0.0280963654531 -1.89746528332 -1.31448261984 -0.297189257168 
1.29878331566 5.22815471603 -3.62572750175 1.59916945518 -0.121861127404 -0.205888809249 0.0407085465674 -1.95390092216 -1.25883120564 -0.300393896417 
-2.53000287262 3.48725585007 -1.35139692805 -2.02742134708 1.56119499215 -1.38805067668 -0.827175654834 0.50289433269 -1.35958504788 -0.533011099655 
-3.28673203942 0.3127945237 -1.10145736617 -2.40314427352 3.98464052166 -1.13478076051 -1.97111948269 -0.911916378592 -1.0258908157 -1.65846396246 
-1.7583342804 0.628572473672 -0.473502236089 -1.54899327821 3.95638166339 -0.688122689327 -1.32884546213 -0.834197073608 -1.47094252494 -1.45746300912 
0.281633244649 1.51693880417 3.2881378074 -0.553039531625 1.70831896115 0.483840399445 0.80128848732 -0.111516089081 -1.45266790444 -0.0814546245493 
0.177736334556 1.61018249931 3.45209334051 -0.730501151625 1.77339240761 0.501246388395 0.819677843717 -0.0589553909524 -1.597562207 -0.0441060998779 
-2.24429014669 3.24095714572 3.37951027291 -1.91315455022 1.38837627522 -1.17153876173 0.249108988986 0.716068166332 -2.60511635842 -0.502507895947 
-2.15943023965 2.80803159134 1.54501695902 -1.64505791846 2.40642470258 -0.870925083743 -0.171240684325 1.31348882472 -1.29726018607 -0.830709084887 
-0.0760096681644 6.7455974767 0.076704185455 -0.476396113024 0.423988310979 -1.33166932575 0.828735367213 2.8347215031 -0.221488525733 -1.94242063169 
1.72876205809 8.01347502988 -6.24011222726 2.3417108755 0.689581070857 -0.0627982376388 -0.469918530734 -0.912642073944 0.504799138924 1.88583186493 
1.94201123761 8.10283029683 -6.51738971723 2.44773493617 0.845466267301 -0.0696154545166 -0.470355764134 -0.937217617085 0.697152914846 1.98476812184 
3.51785509349 8.15309178255 -7.1703386564 4.63521011096 0.555885560336 0.351494583665 -0.353943593949 -1.28096206486 0.142086899983 1.92338167501 
1.84106807725 7.66533163528 -6.01522164932 1.16024007471 3.32082429398 -1.03743351662 -0.167196294573 1.39698380009 0.80581898395 2.38119802749 
0.561257460943 6.01826840865 -4.60266701633 -0.619758051697 3.75489364356 -1.10319783308 -0.975107647182 1.10500167787 -1.10026794685 0.224491365705 
-0.698665801594 2.50488739673 0.799857257284 -1.28628106513 2.74861716034 -0.360607712435 -0.688965654822 1.43052379383 -1.5935598636 -0.619273177714 
-1.10890491116 2.1957025511 0.961639604908 -1.50288224321 2.61822328081 -0.387433194909 -0.491923611089 1.5690255463 -1.41366488052 -0.667493307478 
-0.50998624719 3.34443920864 2.93258270095 -0.654135604611 0.552350569404 0.556656389624 0.623056420401 0.685228351904 -1.65254397634 -0.0202871372973 
-0.720823332277 3.18648016997 2.57666418797 -0.798817116176 0.675436429917 0.790871507529 0.467833028138 -0.557214806863 -1.73779830474 0.501846247603 
-1.60243081493 4.47072535275 2.67866230913 -1.45687035115 0.640442343425 -0.691321230613 0.218896652543 2.05108659883 -0.225405815189 -0.271633330646 
-1.30848863601 8.09940107303 2.32513522059 -2.06053540529 -0.367896216868 -0.155648675119 0.0181288630816 5.00962517817 2.24249238959 -1.46981316826 
-1.29079252488 8.10757021966 2.35377598288 -1.97757409358 -0.312503671691 -0.258768991692 0.0541661347842 5.26808158611 2.29659973192 -1.44054387681 
1.83860865166 9.37679333957 -4.52760187843 0.370652408865 -0.833251191186 -0.821298751918 0.341966548335 0.869282710276 -0.158165690405 1.90915436658 
3.18923589192 9.01799940347 -9.49532838094 4.16214706115 -0.984082636041 1.28080427618 -0.363808593835 -2.27307316038 1.12490932232 2.20662088103 
2.47918501573 9.34290858802 -6.32936185476 1.68847866127 1.00031673892 -0.516960349224 0.204130675157 0.228223759655 -0.10278144296 4.07251874837 
0.0668646964794 6.23598685562 -5.03459122963 -0.363938672732 3.99451914576 -0.773844278963 -0.447328344229 0.525464635969 -0.483774751994 2.01281938897 
0.182506042772 6.37176475807 -5.39808776272 -0.24274170746 3.6577045192 -0.520651073481 -0.666656289474 0.262152253824 -0.662502332511 2.06112301901 
-2.60885204332 3.29691187181 0.433241074471 -1.98995900437 3.44877478149 -0.210467522112 -2.04894859575 1.13320655818 -0.655889916553 0.040332135555 
-1.50053884303 2.79461838658 2.64048186429 -0.93987000708 1.85589494579 0.068509978283 -0.446111957198 0.0397392098681 -1.04335617997 -0.120872859833 
-0.731173635465 3.87461232599 3.62010465095 -0.83163530377 2.15511286135 0.960812627788 0.265661080905 0.244986046597 -0.992308124299 0.506416150272 
0.394371086015 4.40488153697 3.6385930918 0.557803416897 1.40324384555 0.672464828764 0.345794552363 1.15472670928 -0.335414617641 -0.189800967223 
0.466027046686 4.31899310149 3.51112927318 0.531825500651 1.5501707307 0.624977293141 0.270040700658 1.07280800727 -0.399197371566 -0.137079471166 
-0.299508637653 4.6245861824 4.2267140137 0.60876711087 1.65386478418 -0.352217328826 0.332559222671 3.38946754186 1.88609124474 -1.97058455071 
0.777446775129 6.6494863688 2.0071697642 1.18044538946 -0.585639434232 0.843629030222 0.553211638394 3.53775328713 1.82847388123 -2.42154645676 
3.95772080097 7.46967882332 -3.92174443959 4.05614473655 -2.13396580686 1.23338154387 0.770342054789 -1.68706233361 0.500161665759 -1.3537621541 
1.93974838467 7.87594891565 -2.68043207929 3.27721672762 -0.834174006837 1.02182724037 0.318179112127 -0.843012861637 0.58564568919 -0.801651262306 
2.12553820346 7.94020166169 -2.7354003782 3.26043066319 -0.669956166194 1.0811072437 0.252432807239 -0.716039690193 0.585854215529 -0.858312790417 
0.364692212005 3.62462313875 -0.695757466736 1.51255547014 4.42488182017 -0.0580912782463 0.347025046549 1.19680850166 1.03075468425 -2.65481539782 
-1.36866866815 2.19531128976 0.0494635781556 -0.730668534236 4.2625069338 0.0253906506494 -0.498583141649 -0.38600741006 -0.373925268714 -1.2520755992 
-0.579867420679 4.88846242185 3.02833073747 -1.09247500614 0.485400808991 2.45547423062 -0.0957032561675 0.320113940223 -0.477564109947 0.911330492733 
0.540488182042 6.02442139863 3.70566959338 -0.319062408423 -0.451993269199 3.07237460312 0.14332449372 0.714722108888 -0.593861853847 1.20253529003 
0.556493334203 5.9981080912 3.67289533564 -0.389980118227 -0.400292684744 3.0220803816 0.322005816983 0.739843455046 -0.508549576923 1.25894055455 
0.410355694915 6.87491586156 4.8690708541 -0.382235714549 -2.79527723479 1.97814167808 0.570308437513 0.704821375358 -0.389020483033 0.0427864327124 
1.69604248681 5.50992524782 4.82767398083 2.35642039658 -2.54673218983 0.88582104453 0.440564406655 -0.184660652703 0.0523382201568 -0.634423622194 
2.56755522501 4.026842787 3.35040156182 2.89145626464 -1.18277992895 1.39063117898 0.841462397276 -2.33751514154 -1.38095111619 -1.75202085411 
1.64058671471 2.84017797025 2.22507279232 2.09409647622 1.54779600628 1.95973105838 1.70206835818 -2.31310305964 -1.52374568509 -1.6548021029 
0.762129772931 3.1883931505 3.03406434752 1.47472857008 1.17414936822 1.83383413864 2.11995577535 -1.76182246435 -1.37139774433 -0.8678442086 
-0.961435499911 1.85656512664 4.1317882115 -1.47760686744 3.02965220539 1.35020398765 2.41637706262 -0.433014566816 -1.49669372458 -1.06409100806 
0.144855448133 -0.398844928603 2.72664650979 0.142240397441 3.8638430581 2.71604577893 2.69451045835 -2.47721156614 -0.239610555021 -2.23588259363 
0.0556167199471 -0.741747225089 1.44389512261 0.33578008792 4.41740072932 3.08537298575 2.24080587883 -2.89316658209 0.978660999901 -1.94826441231 
1.00484132832 -0.623187593548 1.71735818874 0.142496544392 3.78827520444 3.51789004415 3.26210267921 -2.39880477484 0.919004597494 -1.49140550629 
1.11698095447 -0.674889228909 1.69554708074 0.0546645787998 3.81143059866 3.49242852692 3.37771975078 -2.53782762317 1.0260316583 -1.45640156122 
1.510480293 -1.21664019143 0.667151244638 2.36396056112 3.93520523301 3.60669514625 2.79858160178 -2.31612230156 1.7159390515 -1.58290334991 
