6.31804049569 0.195344897357 -4.34661373251 -2.67388371404 -0.243197843454 -2.46362700188 1.89126665356 0.400229235821 -0.362686190428 0.607413426582 
8.58719024974 -0.280667934373 -2.38609440472 -3.34348784472 0.123873381802 0.197416050429 -0.154638799842 -0.42866493566 -1.13220605306 0.272614052 
10.3405334626 -1.4831116543 -3.58570317007 -1.67755414522 1.94048831522 1.72800184999 0.152033894732 -1.92300796547 -1.94497339496 -0.144627546078 
10.6791597558 -0.786265571686 -5.09036030972 -0.257798293997 2.29817800186 1.58476483745 -0.739859492661 -4.3477321632 -0.4272987098 0.236329321898 
9.56665337058 -4.52078063616 -5.31004783189 0.851108797821 3.08413140658 1.794198677 1.07673983442 -4.71848608018 0.252157114423 -1.96996541758 
8.18621752029 -4.97557892308 -2.00455150055 1.81249061941 0.276083362814 0.034597945648 2.33098206087 -3.36479683581 1.01440606626 -1.37942860537 
7.62386041707 -6.5580742602 -0.566029163792 2.56223669621 -0.345534603686 -0.318758205419 1.16091550126 -2.11280811583 0.899448167266 -1.02529568437 
8.52665649426 -7.35310217954 0.945841803786 3.2314490856 -0.980444027278 -0.894849407207 0.394817649706 -1.4707810271 -0.216882287468 -1.1726351674 
7.08138475493 -8.59781080658 1.34906735456 2.58841491602 -1.72193073606 -1.56645277202 0.60781347235 -1.44417203091 -0.781790576526 -0.822808188739 
7.4191310384 -9.08836268837 3.61988867625 3.03783017523 -2.43402623378 -1.8652294189 -1.29853567945 0.69004042829 -0.521206860307 0.402087862882 
7.10523555807 -9.60509642604 3.00008269828 2.62335307199 -1.81547144994 -2.42132010011 -1.14863281415 1.19158711146 0.2203949938 0.488250726403 
6.60011056654 -9.07661463707 4.51436828718 2.82122542417 -1.48836236016 -2.5940277259 -1.99310881495 1.00128304498 0.155034704702 -0.0990006142715 
7.6285175204 -9.37702083283 4.621684996 2.79948943024 -1.32409671745 -3.58528684325 -2.35266543206 1.6816066592 1.15252848581 0.472617684148 
7.82187757177 -9.25359278395 3.82855713959 2.62557891607 -1.85597863359 -3.74272140849 -1.99624524666 2.32490310844 1.80757452186 0.657870711442 
7.55606507433 -10.4129741161 4.48746607684 3.45446314223 -1.50911565098 -3.64839772007 -2.70817398658 3.04015643718 0.724305561557 0.0347133555897 
6.54798452344 -10.8886614614 2.30396014314 2.15060411573 1.74396881666 -2.03945049133 -1.20455733586 2.61678578492 0.996799445414 -1.72828292682 
7.09856734528 -10.9633674807 0.45817072069 1.84898392867 2.73245997225 -1.81750631881 0.812245901338 1.97496087362 2.29619926765 -2.5079303236 
8.10902867592 -10.1882234008 -0.15231005234 1.37631080689 2.77626070327 -1.32984669103 0.628420194619 0.316473608855 2.88132794483 -2.18084468337 
7.86419125385 -8.0776290732 -3.02954014392 0.870887126223 5.02125744021 1.7580104676 0.504242937812 -1.68784676961 2.18521864692 -3.06277807806 
8.40584038872 -7.17278110814 -3.27165167889 0.97379212987 3.14861722664 -0.18857838183 1.01591657512 -1.95491250338 1.60097798592 -2.75187735742 
10.3052637805 -5.61296809602 -4.50038144585 0.10927430462 3.65917006927 1.07857744392 -1.73970091784 -1.82965861628 1.9894789802 -0.604354494749 
10.4547030991 -3.65922718122 -3.11381890558 0.255752593576 1.83429163222 1.95561412384 -2.07486524972 -1.28178447385 0.28320596512 -0.905993650981 
9.50710182793 -1.2593473677 -3.21255477017 -0.541688662063 0.71356369171 1.70262105219 -2.02963637086 -1.73730963637 -0.847980489422 1.27535087018 
10.1625805378 -1.74194158628 -4.55758849462 -0.151595139468 1.33714765046 0.992085824484 -2.62319346954 -1.63061402394 -0.894307018225 2.96620351917 
10.8081272725 -2.14398263218 -3.44460290442 -0.340702455155 1.65888561306 1.95710743266 -1.50572322925 -0.619211328942 -1.7377543132 3.216682029 
9.96678275834 0.47482016762 -1.49561415017 -0.710093882137 1.76428227902 1.94810893392 -2.29154557541 0.880784230227 -2.69605630814 2.88515093422 
9.21002235796 1.3203940207 -1.17231976316 -0.851941414967 1.12761350834 2.50734783891 -2.58223173626 0.648063166628 -2.75960626991 3.56161554763 
8.86228222829 1.96806460448 -0.238982978389 -2.69386615089 1.40971719084 2.93888704043 -2.56012098853 0.87939001189 -1.16366146047 3.10779488578 
8.75642228703 1.29487807313 -0.0397658727278 -2.9090155134 1.23788988417 2.38507034136 -2.01122059991 1.60066352113 -2.22297615235 2.4533870955 
7.99801610225 0.713018798989 -0.712030898801 -3.538997259 1.15974325553 1.20457505415 -1.66379319556 2.42358754452 -1.25375609882 2.14330862275 
7.15479750321 1.38954794633 -0.0676514966131 -4.01839693866 1.38739689496 1.02331497785 -1.91889067282 2.53501201288 -0.14694675564 1.96421656195 
6.74132538598 2.61232444449 0.449533559839 -4.84099049636 1.16776179161 1.18038879529 -1.28849369432 1.35537845974 1.35505466451 0.754382270927 
6.87769286646 3.06081435085 0.717691766491 -4.64627620804 0.746344606423 1.3277238627 -0.733511297035 1.53917835865 1.61354347655 0.447858922708 
6.55893386931 3.10219591658 1.14147036241 -5.25021491217 -0.067933199193 0.629666174353 -0.937680819818 1.2608322167 2.68637904283 -0.316288556276 
6.78270018558 2.46413767991 1.03725524487 -5.27713622275 -0.655974456714 -0.402690490746 -1.34002241552 1.49346299247 2.26867946014 0.413674639416 
6.31038364748 2.77606813029 1.55853690301 -5.6310528386 -0.566458065273 0.735731454534 -0.782835775775 1.88216305927 2.15558963113 0.689403242665 
6.41002992007 3.07627003712 1.85034626895 -3.94844832537 -0.603995966018 1.05757680358 -0.632538141818 2.34245411069 0.658291446663 1.29774104067 
6.33348682447 2.54425926195 1.45215546435 -3.16019477655 -0.312189845401 1.28413086234 -1.29388587018 3.44674331363 1.31433729413 0.784425939388 
6.72962683392 0.6822849057 0.0345593226157 -2.19160749288 0.0595867196258 1.16572922715 0.0582219025091 4.90160197321 1.81748750183 1.50798981816 
7.32746009529 0.103555844706 -0.347163595517 -1.34620134333 1.41741580426 1.75893734224 1.27092295955 2.78304957731 2.11516652632 1.69822484611 
8.111961434 -0.45034207362 -1.38890425262 -0.113348151862 1.12253046903 1.15711571881 0.505636915974 1.98705408146 0.688443624224 1.68749965411 
8.66699309528 1.92240812541 0.111133348097 -0.786009527826 1.28182047083 3.59419364774 -0.215738303989 -0.182772594361 -0.547848000963 0.534959049347 
8.70850892695 3.01708789594 1.91402887922 1.10873157558 0.190990443699 4.84196407496 1.43006236535 -0.264195657006 -3.45413135513 -0.37842590363 
7.54889453029 4.07270671529 -0.367151123916 0.00917260011506 0.516822227657 2.27119455453 2.87504730956 -0.0588604839368 -2.77416678245 -0.290498531505 
6.03078550843 3.61155905775 -1.4800779849 -1.23479903886 0.9395094563 1.07110157727 4.27077075924 0.978854879282 -1.72413559121 -1.18805932866 
5.44064475142 3.67509617627 -1.32852982116 -2.00029157053 0.911932871762 1.50721038339 4.45753802965 1.24630331263 -1.14763518954 -0.8876581471 
4.85469882102 3.85876413285 -0.55114992271 -2.91351033906 0.201602748537 1.95656786551 3.67032955484 -0.0415437400051 -0.43722165443 -1.88573350792 
4.47906318225 4.63707216361 0.128185982596 -3.49307062918 0.152443261878 1.67825135129 3.00851921839 0.907555647815 0.56062606086 -1.67177189006 
4.39456868763 4.6142983013 0.193631837544 -3.46702056565 0.401640647177 0.838374249711 4.02994890793 1.36953731835 -0.222896791451 -2.15678308513 
4.37869229192 4.92378159554 0.103091679635 -3.55424546175 -0.0603203930737 0.484208124733 3.92102506339 0.990236213068 0.37602571733 -1.85250075156 
4.75515727098 4.90322473173 0.0791963917071 -3.22963529083 -0.562309301523 0.481390099462 4.35963403765 0.603146886444 -0.0856214823652 -1.23792229311 
4.33934627 3.92087486512 -0.294992809567 -2.47525178197 -1.14213134637 -0.447625949109 4.71437108296 0.382600791633 -0.879288534998 -1.07746401478 
4.70747471663 4.41454644442 -0.900338585072 -2.19748171367 -1.55908142499 -0.840245134618 4.49480300055 -1.34243939795 -0.814256272873 -0.674538937313 
4.96728210658 4.08796391667 -0.309142137894 -1.17893318137 -1.50931341477 -1.86338446833 3.18148815822 -2.07401099243 -0.348957606279 -0.523843256958 
5.30177191089 3.665094801 0.910999695485 -1.01961008685 -0.626968807541 -0.893259849166 2.8915974745 -2.63794393421 -0.322745554099 -2.69351259461 
5.05654414944 3.8016959055 3.15259246815 0.219101823643 -1.79663550335 -1.67423471706 2.39119170718 -2.48136963408 0.919718832662 -2.57495953274 
4.08945805255 4.58214450873 5.21543587911 0.320697534408 -3.20867787224 -1.70866387114 2.60158891255 -2.10554989805 0.196735387872 -0.902303536943 
3.07922083603 3.71169940765 7.125513913 0.376643175678 -2.82039158549 -1.01000184367 3.31544264293 -1.07793752821 0.232030215965 -1.00127152831 
3.4819749504 0.89592914483 6.59303404745 1.84727158032 -4.24026723298 -1.99650872868 3.42010655805 -1.01963581992 0.758590828302 0.0416572407737 
3.4356752305 1.05404145334 6.26943906846 1.09352760066 -4.52823590208 -3.09615535444 2.48150501359 -1.0736201601 2.48358732912 0.489253982505 
4.24252162037 3.00138246615 5.74589730176 2.85982513868 -3.0823405835 -2.35104257778 1.19738962553 0.203925593915 1.49735948608 1.45550581132 
4.26690829792 4.69370346214 5.4160995987 2.49377564802 -4.87370963696 -0.580133079207 0.840795601741 -1.51198244047 0.941358774045 1.22016490765 
5.50212264639 4.93078627411 5.22512009304 3.43566232744 -5.16660482991 0.468252559478 -0.264538994974 -1.35610783476 -0.452330141567 0.546251939824 
6.22844510555 5.51328561333 4.64732460775 2.99001070896 -2.64057813277 1.02241580135 -1.64292727925 -1.73921871674 -3.49316946993 -0.969930145565 
5.7334967477 6.43525131076 5.79020670913 2.26874226064 -2.7150716448 0.342345881813 -4.78014761586 -2.70236413957 -3.01307268506 -0.702849062708 
4.47969070032 7.52598535848 3.68953536309 -0.329280528068 -4.22091012753 -2.48345485609 -4.85440168948 -3.00128168912 -2.77804847269 -0.992746678612 
2.71578404442 6.68950597609 0.807164673839 -0.65576975704 -2.67569858157 -3.58202426519 -3.33034143467 -2.0235725199 -1.28844304293 -1.00987492879 
2.20299373295 6.79913706274 -0.144480208227 -0.480532200999 -2.70043263968 -5.14728703434 -3.78314836656 -0.825423335999 -1.02996390519 -0.46345221109 
0.363867244295 6.48021640999 -1.47695815134 -0.830923270591 -2.46253767854 -6.22703616021 -2.9827076345 0.0920292448112 -0.72633989594 -0.852346894708 
-1.00374766101 7.51045102681 -3.72523261456 -2.07846738326 -1.93238947094 -6.41225658521 -3.94856341266 2.90226639774 0.564365963552 -1.39842896161 
-1.43399570695 6.91483469866 -3.95322496145 -2.35190085904 -0.816166139625 -5.66738835276 -4.46928067904 3.18246759818 1.68982533739 -1.50785881195 
-1.54411335761 6.95693145712 -5.01104228232 -0.176260976956 -1.93084699425 -7.04029966841 -2.36676014326 2.46939329092 1.11289574186 0.897719438689 
-1.3134511001 6.30752113741 -5.59890099433 2.13097788457 0.577760458179 -4.03360581612 -0.586612305415 1.50081514535 1.18197035963 -0.167671171948 
-2.61296158432 3.18566926707 -5.98096297916 1.26208691415 -0.497591693575 -2.07982658765 -1.3632218189 1.45794369751 0.198285433411 -3.26778129401 
-3.84740898354 2.17352896337 -4.54179692316 3.16848383238 0.353794852137 -0.30689773116 -1.75016660344 1.79255453947 0.576194474553 -4.15001746715 
-3.81469163954 2.14427394657 -3.67762529392 3.7665696931 -1.43580030848 0.0700072714241 0.0294297132231 2.14931594312 -1.87919998508 -2.92415942 
-3.63770465344 0.706289996229 -5.60488791401 4.08113308658 -2.1874498343 0.453714774386 0.334469637105 1.95410773257 -3.77988187841 -2.82405061791 
-3.58018427483 -0.897670599752 -4.54337511692 4.47151719287 -4.40059926718 1.78764281704 0.749343248766 2.03588304014 -3.10654072734 -1.43666783164 
-4.24386116798 -2.36578790807 -3.97990405224 4.86139540558 -5.07177962856 3.24962785332 0.280675618905 2.341113622 -2.77955160686 -0.983848253637 
-4.57259400825 -3.07395761283 -4.08194780237 4.68987132836 -4.70632652032 2.99692001892 0.241656886129 2.76586160719 -2.93200126054 -0.0225308697771 
-5.14631697332 -3.63473262026 -4.84437160241 3.39587653544 -4.27755101822 1.84919791013 0.200978591644 2.13191395839 -2.50423094585 0.988874121737 
-5.53708797534 -4.47955817512 -4.9947456115 2.66669344684 -4.01808280918 0.677535407733 1.26896776626 1.84694555668 -2.51459042032 2.01269986388 
-6.97197660959 -3.81442536387 -5.26540997702 0.587185198559 -3.07622680588 0.265978908686 1.54306313088 0.848439720846 -1.88533742807 2.84441212832 
-6.39523225108 -3.81037620079 -5.48932310159 1.5824852619 -3.08283581755 0.469774092803 1.42285190661 -0.252645718721 -1.49727858519 2.62492455384 
-6.37873056612 -3.34038133277 -4.80317139774 0.401814709026 -4.4591100868 0.314917421262 2.38742463696 0.548541171993 -0.0939190306133 2.03585265486 
-6.13749630945 -2.45280555885 -4.6511484586 0.254667170148 -5.88104842042 0.00551932413382 2.79677140942 0.120227351353 0.499484035455 2.50464985874 
-5.70276990565 -2.196972382 -4.68761741235 0.68978278156 -4.94110286921 0.607068850717 1.86011699823 -1.1500550528 2.99444438206 2.44196304854 
-5.87324392092 -0.777935706922 -5.08437694343 1.31050417424 -5.7476509756 0.337455934051 1.45786623016 -1.8689545223 3.94202814385 2.97942723705 
-5.22359175294 -0.289373117476 -5.36149637943 1.11266102718 -4.48815571449 1.37376763126 1.27990844814 -2.33908779951 3.81110615722 2.35562465143 
-5.78363440859 1.74041397306 -4.67146811334 0.708866581059 -3.15166381968 1.38943449935 0.364725181739 -3.17181755562 3.8635820132 1.69147484719 
-5.78243596899 2.53318596593 -4.15661597533 0.865490159456 -1.48371784759 2.29230458644 -0.924521845361 -3.45203354992 3.55134260353 0.0916803322997 
-3.70954399392 3.64857582418 -2.1069933746 3.57042539089 -0.582975730546 4.97546508534 -2.60777303381 -2.0203961016 1.4205976078 -1.2172507292 
-4.07944522173 4.84762959967 -0.868308845046 4.03757199457 1.87262897981 3.28084695696 -1.63755932693 0.596644511086 1.00896582097 -1.28171458312 
-4.82771796495 5.57344291838 -1.41758093829 2.54073339523 0.163755634495 2.41116755653 -2.63251517689 0.259416691813 2.61889209422 -0.412368369639 
-5.36975107877 6.10557221162 -1.28324492841 2.10737648939 0.604503561072 0.443627606813 -2.74109055599 0.442993355447 1.88117509913 -0.284187719165 
-5.09055643084 4.46429151977 -1.2727688624 2.4345822434 0.878716197195 1.3048319736 -1.2897283136 0.919161863284 1.65046319059 -1.56077232557 
-6.92036996318 3.89657060478 1.87812232402 2.47457596019 0.675589032166 2.45386051507 -1.09231006256 2.81355460153 -0.0989038519342 -2.66756835273 
-3.87900184714 1.82936977677 4.0296110997 3.71203803001 -0.876599455072 3.21560605129 -0.359407495976 -0.537030036612 -0.274640211872 -1.10707589202 
-5.09230835787 -0.569730721561 3.56542019613 2.09185837755 -1.86064510048 2.78843816483 -0.764254915009 -2.27987745246 -0.713479715997 -2.84914324747 
-8.88431584783 -1.28962588348 0.911217720104 -2.75190399581 0.270992608804 2.78946399858 -1.77744721489 -3.13187690348 0.345964123373 -1.62832087181 
-9.85399108117 -2.40626024406 1.14279027869 -2.69569889714 0.177490980553 2.07290966355 -2.31175284016 -0.611266922136 -0.824556308248 -2.08927998798 
-10.9658067228 -2.21103930109 0.500404276305 -2.19897560322 0.45444081758 1.90817699028 -4.07254214532 0.000542329797231 -1.23127376167 -2.05231222295 
-11.3090642449 -1.98828840509 0.779304194535 -2.42035704636 0.400782432986 1.78724526396 -3.68214269434 -0.178561467048 -0.579404060674 -1.46850819369 
-10.6007496861 -2.64149445923 0.366584810543 -2.39738544033 -0.466754778536 2.38814539858 -2.98318855522 -0.99235160399 0.949239975456 -0.89787319544 
-9.32376252607 -3.91817938372 1.23501461049 -5.58972797637 -0.251405111936 2.82294916407 -3.15587980532 -2.36673193579 -1.89278105415 -2.40982389933 
-8.29242743474 -2.90398014884 0.419681549216 -5.02805567591 -0.149626690192 1.41889693339 -2.04188304996 -3.20671351843 0.55866156233 -0.89207885983 
-8.07108838645 -2.30918141366 1.05991481899 -3.43371998685 -0.338516299926 1.21142485363 -0.539722000273 -1.98283020121 3.22573847451 0.0733716647361 
-7.6720135924 -1.43527045765 2.13504437223 -1.04701352424 -0.727914361294 3.1608849572 -0.64497690275 1.1293637995 3.3050163144 -0.379840363366 
-8.32830106483 0.468624362787 2.27002774646 -0.886788896171 -0.268104599441 3.72279778038 -1.17981192346 1.02021972091 4.50081951178 -0.0418150873745 
-7.20231639553 0.690864220389 1.17180395839 0.755943916427 0.00685682425306 3.77338156994 -0.538479348803 1.23883057463 3.47354438254 -0.437450705312 
-6.49950491961 2.19882300934 2.3028609384 2.58197071951 -0.206238764685 3.23952373366 -0.0428340423224 1.37675319918 4.29502684794 0.24095494041 
-5.60249775594 2.25758145258 3.83337991311 4.14134269347 2.50672552563 3.89992654747 1.4535600534 2.31174257354 1.58995737724 -0.0686926725766 
-4.57318489967 2.7840113724 4.19943429064 5.72517240712 6.26216908071 3.91760212053 1.82671397639 4.55643122462 -1.73546952132 0.309813410595 
-5.49573049208 2.75767433047 3.78455191127 3.98093727258 5.24347799617 2.49805356679 1.06399587148 3.80002576762 0.252603662565 0.90903187593 
-5.4474179996 2.32150218903 4.17244016523 3.14847300929 4.68473314374 1.82095238678 0.571181040853 2.62778379736 -0.490845218241 0.461910261523 
-4.21864883701 1.53090032236 4.03776669577 3.49805614303 2.91447840908 1.606787757 0.953455975747 1.44270550286 0.884179325602 0.0360085447481 
-5.21007693327 1.24466740429 3.78397667813 3.3512243038 1.43604419641 0.192664885256 0.994630075116 0.21471613433 1.72213743302 0.699013499525 
-6.27471895368 -0.563387128774 3.82905542363 -0.964072482718 1.9170036067 0.859212943288 -0.310338580816 -2.3390964501 -0.326814182599 0.597248986565 
-6.48507983459 -1.74268719489 4.07445524754 -2.08696508696 0.230522994039 1.21481155474 -0.646966537945 -2.93566824746 -1.13424739475 0.82922073747 
-7.11780121835 -4.06825852972 4.0064486543 -1.30476420496 -1.037770769 1.44011167387 -1.33435227522 -1.93536096831 -3.31148538733 0.277668762951 
-8.99431978806 -4.41756323147 2.78492898215 -3.64882410679 -1.17209716884 -0.251310371367 -0.202977399647 -0.789061007095 -1.3276963329 1.02778381458 
-9.70895514358 -5.00438918954 2.33226682369 -4.716444843 -0.786311439341 -1.89045100658 1.19070030161 -0.280801903715 -1.51064699101 1.07122686793 
-9.76602485329 -4.83561839702 1.44724857322 -5.04990212886 0.396522161979 -1.8595354528 1.60166150278 0.939556309945 -0.231305360631 -0.0756767373759 
-9.60691145148 -4.92513243561 0.217865108627 -4.82395069169 -0.379386297794 -3.13120567552 2.4706915908 1.64483436691 0.232195354184 0.137772405831 
-10.2684507528 -4.85258311429 -0.441895811237 -5.2050279327 0.0026247777963 -3.31688109848 1.80756897562 2.11979583413 0.441768626854 -0.90323179178 
-10.3338567415 -4.43312527891 -0.687144575969 -5.26468560001 0.448763839523 -3.31310315931 2.09219010076 2.00510434381 0.406820765814 -0.919973650759 
-10.4062090951 -4.43719294437 -0.107544125399 -4.96568238532 0.896574640006 -2.64608834654 1.44479982274 2.65520839998 -1.15317823376 -1.09990705237 
-10.3922360381 -4.74828771913 1.1718882413 -3.79551418401 2.54616215182 -1.06831811811 1.0737802726 2.42413221665 -3.76943915054 -0.906634449571 
-9.78706397084 -5.0273701677 1.19356867272 -4.56133542424 1.03302583039 -1.18401693895 0.744490821484 0.275563370736 -3.16589470515 -0.19728561761 
-8.96067636277 -4.7869830523 3.55250772895 -3.87338638039 -0.0706604444947 0.498311597579 0.0829179676588 -1.62434305203 -4.60974578874 0.55684288587 
-7.10200107658 -3.8853779168 2.37552303657 -2.40209505308 0.37636353407 -0.653382964187 0.00559332565038 -2.4145918796 -2.77738976399 1.28334246368 
-6.92512337826 -1.06328783712 1.30593026404 -2.15079618517 1.94559429767 -1.02145104529 0.76853860614 -3.85886308342 1.0438472437 2.51948435316 
-6.640039987 0.566873876619 1.16323202977 -0.678505794841 3.88988922848 -0.224428813923 -0.439720126672 -3.3591439315 1.64376254888 2.88667264021 
-5.88949678612 1.85609492426 2.16045603022 1.54941843971 3.81046021424 -0.940862429145 -0.0246290437501 -2.38279271189 1.47751959468 3.35278898755 
-6.20450133406 1.75086449281 2.04965101044 2.62767691016 4.27953340821 -1.21803430327 1.07423941834 -0.626828680749 0.236674089341 2.36031227548 
-5.18437466182 2.92853299497 1.49674543124 4.68234106274 4.00528594006 -2.64501868246 1.28406832683 0.0641115581931 -1.2197691476 3.01412527766 
-4.87229606645 2.53297647279 0.887108428039 4.91886731541 4.21012577411 -1.81301579348 1.71197141601 0.762009426258 -2.29566715914 2.31742244455 
-4.97843513837 3.13879987559 1.36255520457 3.77400490225 2.80878585614 -2.50468646853 0.622682995596 -1.22873264419 -0.5127763076 1.98045041307 
-5.21983480509 2.95888140485 1.30844368216 1.90218067641 4.13933149933 -3.56578517448 0.101892246592 -1.95655426288 -0.795620758649 1.62665888087 
-5.02799865948 3.21401143227 0.463140834579 2.80162537364 4.11383632674 -5.16310497713 1.42877956721 -1.29276365036 -0.712440171315 2.54947405304 
-4.21501203992 2.79266109748 -1.41350689504 2.32215511015 5.84881137511 -4.32131959315 0.953189884203 -1.56019040547 0.254102853086 0.812973032432 
-3.64727914729 2.58392032536 -3.29598234713 2.40417713886 7.3541855694 -3.93049873714 0.23639799802 -1.90938294107 -0.356710065967 -0.984789366958 
-4.10521069197 2.52324006226 -4.32951151486 1.25532165612 6.23669415179 -4.56035455734 -0.200463783104 -2.04564479287 -0.608137609349 -1.35906712924 
-2.71779984955 2.26851517904 -4.43040989534 3.09454530259 5.7575697579 -5.36078754218 0.382859884995 -1.50695868099 -1.22005022677 -0.179260898843 
