-3.16114613073 -0.156476052681 13.4593013961 3.41657237691 0.326925676621 4.17104216027 -0.678302462582 -1.34249216551 1.34156614929 -4.60749570966 
-3.78284556165 -1.70535615852 11.8645267641 3.55107633622 -0.756977691867 1.357178012 -3.28428720385 -0.598523875252 4.5992061632 -4.23911444554 
-3.18203818174 -1.8680130379 14.4305097216 4.26804803285 -0.345402879875 1.77016654971 -2.5454880194 0.709410301381 5.22085549867 -4.09904686465 
-2.99621651484 -0.453079693463 9.8841669965 2.11885436975 -1.16808238976 -0.327515951878 -2.03127338331 1.42349133987 7.78662804474 -4.60403705474 
-4.98703369084 -3.34206423843 3.74490144198 -2.50655033339 -1.54060458214 -4.80610733621 -1.03804454967 -0.343768949971 1.90691754977 -3.0264725495 
-0.794806058363 0.341089345386 9.30933858404 -2.01246253309 -1.42316353242 -2.96668664344 -1.15565438681 2.26946531849 4.30709301199 -1.96644805762 
2.17684597197 -2.11019747563 4.04391697961 -4.57362106818 -4.55411045189 -0.922500234669 -3.83554503675 3.85222930783 7.92582096126 -0.946355265102 
19.4939121764 3.85411678948 7.3800799337 -9.16336115758 -4.43385115118 2.26227337869 -3.20149134461 -0.584919112532 6.22421314961 0.407677535596 
14.1177424184 3.0544801185 9.15200658664 -9.07477075352 -3.6364283262 -0.984415511809 -1.23763350008 0.664310719576 7.07057602789 0.702589039346 
9.94395026327 -1.34624964907 5.10994593716 -8.6531541351 -2.02652787272 -1.34564851289 -3.76640502868 -0.32230228338 5.20159236201 1.81312775224 
8.74266584307 0.218650593871 1.57458750323 -8.2171867144 -1.97419006731 -1.03976110449 -5.45571272458 2.39672550921 5.98064980668 1.8435782029 
5.59055207052 -3.46117516417 -3.10522158784 -5.81842904558 -1.17116829415 -5.05965285106 -1.95411811739 -0.680466221959 2.74084786557 0.560881635131 
0.6835327395 -3.54545504209 -4.27416052869 -6.52776895525 -3.17483330173 -5.19664565174 -0.977599457071 0.0815191275853 3.59499566505 0.8598848579 
-0.615145820219 -8.39523102954 -3.76538798372 -4.28798317654 -2.27724420645 -5.36955886053 0.338206442764 0.255896557618 2.83177910222 -0.647778663577 
-0.250947917802 -7.04444730154 -5.85815825621 -7.03130503037 -2.32236696327 -2.33140883406 -3.3384915503 -1.54696181437 4.78195916054 1.92514676394 
2.65423522572 -11.4851511416 -7.57495305841 -5.96491157553 0.0116028235187 -1.70490298168 -3.18572056283 -2.53397019929 4.18270700006 2.87699130252 
11.0445119367 -8.31578769279 -7.97041795823 -6.03225996399 0.168393407734 -0.350582781063 -3.93190442484 -2.45488702007 2.89061911123 0.487724707531 
8.02262729994 -10.6381995242 -8.09719638534 -4.38199409204 1.46201542237 -0.363361305921 -3.7640752806 -3.62462777065 1.97974149599 -1.54171211557 
7.34640986405 -8.16926333066 -8.16589797028 -6.39684946596 0.731296748216 0.613559694302 -3.23195210414 -3.77273458396 1.73449571522 -1.35635673137 
5.04951551812 -12.2497883556 -3.98700047534 -2.92441496005 4.82446803435 0.717431949311 -1.74670677079 -3.27156219407 -0.318217462386 -0.341981869265 
3.60626376148 -11.7332604496 -6.36194781414 -2.07855366885 5.54754753842 0.834547372266 -0.998899858467 -0.479433224545 -1.27380601972 -3.10520083403 
1.35087608952 -10.6994515994 -3.20014997916 -0.914232575828 6.03331857636 0.89801529283 -2.09595172706 -3.40493798433 -0.77007681664 -0.559762676657 
-1.24449357808 -12.3999516053 -2.80784836332 -0.686071714255 8.34687495123 1.27025037198 -2.30241052732 -0.443676961434 0.401497217325 -0.263474963699 
-3.77682349625 -13.9445870699 -3.06886557541 2.39996036965 7.32630445757 -1.08715797715 -2.23196922362 -0.65299207083 0.784144710993 0.316182926056 
-7.84789013148 -15.1572927231 -3.8926456892 2.17280091534 7.74169859291 -2.66811179433 -0.660632675945 -1.1184002322 0.385879759691 1.78925691296 
-4.74780620447 -14.8201847799 -3.51366555738 0.19989487846 9.0185948348 -2.16752995036 -2.53363700516 -1.14309113805 0.832815267724 2.46942978082 
-6.10002254074 -15.4716753579 -2.70889169317 -0.759793556119 6.95061293287 -2.67385043447 -1.7819882157 -3.02686694743 0.7120052928 1.83019382482 
-6.18128634045 -16.8489718374 -1.59953301249 1.64518374667 9.5786464279 -1.21593282961 -0.769211587989 -2.16487270828 3.95806300355 1.55334852728 
-4.64413751668 -17.1781182672 -1.30309383313 2.39331769559 10.4852973063 -0.268924618956 -0.0773601352548 -4.15802622748 2.69851657787 1.17142250212 
-9.88817505928 -15.4820623558 -1.84624886999 -0.826573840651 7.93306619598 -3.70187737864 0.881312893698 -2.77544507654 2.57855348965 1.07306393977 
-9.41716005251 -14.5883907907 -0.0765423634792 -1.20996404103 3.79200149208 -2.0177508228 2.65979919476 -0.145661222728 0.531696830081 -1.40367339722 
-0.354671102982 -12.862882816 -0.440679878815 -7.04443309003 0.875369578603 4.52224113708 1.31100078473 0.761633429883 -0.624781728023 -1.82674757355 
1.99549347946 -4.23868410236 5.44832773107 -10.8213913041 1.18452695537 0.10907291457 3.88871136132 -0.310584015756 -3.05787239371 -0.321373601686 
-4.54651314181 -0.808300806062 6.16178525201 -8.47806933665 1.29262781817 -0.765087065468 1.53119712529 -7.67117297423 -1.37065126451 1.65843317366 
-12.0525646623 1.14829300677 0.375475993917 -12.3867676163 -5.19800922539 -4.84404753066 -1.86017434517 -5.67672123118 1.30241220271 1.24302450981 
-7.06690372256 1.40033398889 6.03585906315 -10.9933744549 -1.08446912445 3.83131526215 2.99525943494 -6.47834241309 -2.15296436837 2.36021064542 
-2.45335166386 -1.9227145417 2.87510026046 -6.78047531512 4.7888290391 5.00686659591 0.929880113571 -10.6549244302 -1.53695886857 1.50757366697 
0.234660190945 -3.65787657609 -5.84692058342 -3.74010775888 1.44257460721 10.703773671 -2.64486121631 -7.08709845617 2.91259099412 1.47283180895 
-5.76135971123 -4.42821120448 -4.76339530767 -5.96472934502 1.45479625283 9.04097515235 -2.96179669139 -7.5474705944 -0.314068485072 1.72652388775 
-6.44527560567 -4.37686410197 -5.40424132481 -6.64004828254 -0.554550041204 7.80998269438 -3.15920355759 -8.30284516735 0.896543739832 0.995829786397 
-1.97545803242 -5.43699316726 -0.0657977451966 -3.77434912903 -0.733662822731 9.2911720091 -1.42801560551 -8.40000459684 -1.45689391254 0.774745915451 
-2.59971315852 -6.47452705081 -6.50141173185 -4.38271138004 -3.58851091794 6.27098472494 -2.0161843332 -8.08587079826 2.18995862694 -4.64367598049 
-7.63416030676 -3.86643531203 -5.56166671549 -7.47575511776 -4.82085409052 5.61782434546 -0.324850981668 -2.3759755913 0.597058256255 -3.60955140074 
4.52840553236 -3.82204054378 1.76333186345 -5.45860576839 -1.06131096201 7.8043050693 0.628146239703 -3.04163988114 -0.760028553969 -4.48162979619 
2.96806668706 -5.27697247886 -3.07015670858 -4.01355188321 1.96680439045 1.6101557018 0.89350742159 -5.3047688118 -6.24672369779 -2.36488230034 
3.34078918057 -3.15361434861 -4.36116411098 -6.88805806625 -2.8763935252 2.26465819534 0.343350764101 -3.0685523183 -2.2397691517 -1.55493142423 
3.47771649285 0.990254114794 -3.3566322282 -7.45626853174 -1.84950476719 0.666398833002 -1.9393764274 -1.00164702151 1.10643453175 -1.7280647474 
-0.807493837909 -0.61509042773 -6.26295574186 -7.52377142336 -5.63507449868 -0.75845469703 -3.90348806779 -0.300183448642 1.13193703181 -2.46971645108 
-3.6964464869 -2.26281113768 -5.79718192671 -6.9429418921 -4.69326869207 -2.37705705186 -2.10123988796 2.21554268353 1.42677974294 -3.22799823329 
-7.05138760226 -1.45667617873 -4.26616580887 -6.47210082061 -3.26169910698 -4.73482845068 -0.4621601506 3.08478770918 1.388569535 -2.84417109356 
-2.92760871704 -4.42235738559 1.24114150897 -5.30597090554 -2.49289123518 -4.24078186781 -0.921290665476 3.60384382645 3.11904928324 -1.17286261309 
-0.533718864781 -5.38322067317 0.16480029192 -6.51882209402 -4.81465481372 -4.10002826807 -2.27206341613 3.42833738728 3.11637903461 0.0855533342173 
-9.11509465014 -3.3441331209 -1.5157894592 -3.98935146398 -4.42457747407 -6.3231649867 -3.82499093439 1.46793043103 1.23207021413 0.705446424528 
-6.65917715213 -2.83078157162 3.9739220954 -2.93597681169 1.00648200516 -3.66097117543 -0.476895845932 2.83770599259 -1.36717114076 0.331757084154 
-8.20034353376 -1.20738948241 6.2722107822 -2.02809259091 -0.00791461771679 -4.52712919302 -1.6277991854 4.9628432623 2.25752621164 0.574569982047 
-8.81693650276 -0.949179774747 6.81989824751 2.07690957263 -1.60036859622 -6.36397704693 -5.40217159209 1.02157906438 1.04727915748 1.04781817874 
-9.23270358438 -0.957749018326 5.01451782645 0.304870529884 -3.6096110573 -1.88814837446 -2.41112651741 4.50065058964 0.40722522678 -0.752867666471 
-3.89871984524 0.436976714718 7.34368728547 -3.31455662265 -3.63692695314 -0.835821833995 -3.56552343665 6.44881928013 -1.41129951653 0.658356463515 
-5.65935120865 0.346914701349 7.13858046657 -1.44072403289 -1.69101521699 -1.5219041911 -1.52984859128 4.75543124273 -1.60007926651 -1.11102116025 
-3.9224088517 -3.04424125523 7.84417169454 -1.24646202903 1.16684749351 -2.10107124982 -2.06426097488 4.51305535923 -0.631770497055 -1.80012873429 
-11.426902409 -2.48888549606 6.11774538453 -0.320821270774 1.14099038428 -1.7464056478 -1.96756724571 6.11068251577 1.66256995895 -2.17689365341 
-9.53800711215 -5.63351050931 12.976479028 1.34732980612 -4.10642873136 2.14255920852 -4.6713898339 3.13734146626 2.6931827737 0.971419783549 
-4.26515148536 -3.6963812342 11.6241282536 -1.63792507969 -2.5326122144 5.26586865465 -2.74312668269 3.54976528136 3.49511834517 0.397893351431 
-9.86090115263 -5.53542675235 11.6080863392 3.2103195958 -0.460804363416 1.15011860462 -3.93914433305 1.32531357232 5.09590541004 -0.170848585644 
-10.1998074376 -3.93448532475 11.8108556194 3.67157731178 -1.14376038599 -0.783904811843 -0.0402125578842 -2.85926132925 1.68129492468 -2.82647501321 
-5.76956764836 -1.24275130539 14.3545318211 7.52619644552 -1.85127230336 0.196595704512 -0.531228395065 -7.13748436924 5.19145458604 -2.37584729412 
0.100314024286 0.641594917301 17.8365982264 5.21828765589 -2.4750120304 4.18372784007 -3.70227326583 -6.28022836199 2.10967849976 -0.259021541 
-1.08229001719 0.437089821826 13.6528400022 3.98139984742 -1.79285565954 2.66692471437 -3.95511462497 -3.57934760871 4.0953351171 -2.68646226968 
8.52216273314 -4.54569055012 12.770431022 1.00740737237 -3.36931907862 3.24036674117 -0.445453953939 -2.40986297539 3.44557817157 -4.59008814387 
3.23251897092 -2.12311565397 13.3923205058 1.56952023551 -4.31816341158 -0.038557945028 2.17504126989 -3.695712392 4.12548072509 -4.73177201061 
11.8336613422 2.07539423139 14.7626941328 1.69251074541 -3.20040666215 2.35329512346 -0.0978266846793 -2.31300537191 6.18465460518 -5.21588442989 
14.8252501956 2.36279364944 16.7844949945 0.194559606594 -2.58916978108 3.16917683338 -0.0139865557853 -0.820454581804 5.53064955168 -2.02541558325 
7.87155298284 1.18630415629 13.0879237161 -3.89721810951 -3.40760750457 0.56430633922 1.0005691059 4.01095458081 6.66780130781 -2.25124414743 
5.64331641119 -2.74340946723 7.08786459186 -4.03205890307 -2.62594145658 -2.62182831439 -0.0176201776252 2.25392043952 6.36191884942 -3.01878464856 
12.0997087002 -1.96641595081 10.0254639035 -5.15583709867 -2.89249057986 -3.68772130877 6.38622680374 0.0899905931229 7.26731733015 -4.74943256688 
11.3911996518 -0.342958734385 6.67609681723 -4.1352338784 -2.1947586387 -3.98894186703 4.89474827173 0.123758849147 7.06087273106 -3.62554580169 
17.6052269449 -2.35395465767 12.1625754629 -2.77717364031 1.76378334049 1.00491267162 6.69035222798 -1.34013813066 3.1115094661 -2.81619759129 
20.9424316187 0.352977752281 13.742297708 -4.22173673982 3.72460252906 3.76575391318 6.72591629672 -1.67685883564 0.77662425898 -1.15161507364 
11.0663100058 -3.55923553926 9.8405865528 -2.57124097039 1.77462728497 -1.30599608023 4.10623115746 -1.6540378549 4.05441209235 -3.72644755866 
14.8043454905 -5.02895852903 11.4815149754 -0.730123146378 5.85542152234 -2.24012628508 7.82914015233 -4.64055853486 -0.6283263232 -2.45089931923 
14.3688348072 -2.87817237957 4.39466369431 -4.29751439016 3.29107301363 1.34564427435 1.37325992267 -3.37582772287 -3.22801924507 -0.037878084063 
4.36970118397 -4.26655005807 2.95180814943 -3.93848675459 4.6385378655 0.602508922081 1.04473271016 -1.37830692734 -2.33609353324 0.330628088432 
2.821309743 -7.17690914347 4.46802191781 -7.13650928572 2.33550725381 -0.0942738976914 1.36484342334 -2.57572476675 -1.1463221918 -1.57116215173 
-0.862498962718 -7.78982305425 4.15420603896 -7.04410695471 1.72918678185 2.30856111063 1.77820950881 -0.772505641912 -1.56873980528 -1.11833058556 
-9.93110908034 -8.88294663176 2.02283166321 -5.74231807361 1.74838813227 -3.37237879277 0.575940914513 -0.0250511958069 -1.36435130777 -1.36223695905 
-2.4273738921 -9.75598217016 3.11635776147 -4.21916429332 1.36078996348 -1.89704532646 -0.515297417295 -1.6544817891 -3.05442541237 -2.74682787529 
-4.09255799062 -8.73721404967 3.04996860371 -6.02472861021 1.71768490005 -1.0944023407 0.250528565643 -0.67250636778 -1.29794391658 -1.1906322301 
-4.25871160348 -8.59415873032 0.50002599743 -5.04887499628 -1.07206024854 -0.763040556219 -0.307551964888 -1.80050358922 -2.89594388424 -1.68482134339 
2.18200413576 -9.85294937785 -0.058106702049 -5.86789380226 1.69700075358 4.42180414533 -1.64971658199 -4.07807296688 -4.14012582511 1.04285488921 
-5.4845541886 -10.8633207189 0.472478899995 -6.52656138835 -0.460649196254 2.68281575058 -0.138356204396 -0.143791302195 -2.83558735052 1.38837652043 
-0.998883544943 -11.0698149672 -1.72039522641 -4.92715778792 2.96681378165 3.64201242154 2.07308834705 1.16313339463 -1.36233066814 0.996591375692 
-5.1231285057 -12.3145367983 -2.75167223502 -2.42336120153 5.28609535589 2.09719367083 1.87912690068 2.36926095346 0.0877070512308 1.57858715437 
-5.95405258226 -12.9693795053 -3.64361833701 -4.14144495554 4.26099769138 2.06290889527 0.843874662233 2.14124025214 1.55208295889 1.444973909 
-4.6340071356 -16.2214353427 -0.351684403678 -3.31779799636 5.38480427978 2.27854631303 2.08491014492 0.680750017127 0.0967600235031 3.32260906737 
-6.56053129991 -14.7234342546 -1.62234546728 -2.99456060992 4.86855966481 3.49109683838 1.34796428749 0.105949407204 0.172905755101 3.72787718967 
-10.3055055882 -14.9938668547 -4.28311285206 -4.67524622957 1.50966161813 3.63784259353 0.0748227651497 -0.504266472443 2.01252206259 3.71739759974 
-11.8400592972 -8.50145129675 1.04201585238 -7.52747955372 1.63599158895 1.54918481369 1.43087773541 -1.66696430502 -1.98034159061 3.7958978699 
-13.6641477527 -5.26202548207 3.05362447668 -10.1857523818 -3.11209579119 -1.04336085733 1.72201572581 -5.4142999922 -1.64157434862 3.67492840719 
-14.9062162625 -3.04425496156 -0.0207534161563 -12.1601988519 -4.42734778517 1.15729889854 -0.464364378464 -9.42309285556 0.35704878787 6.96280211963 
-14.9834486866 -0.515774377621 2.00621379546 -8.42478822277 -2.13985872913 0.309911743625 1.28976664521 -8.50000185402 0.396894692775 1.13146825425 
-12.6926739766 -1.38686089236 3.08844955723 -7.9809523772 1.17639071858 5.50543481688 2.5918995263 -5.74800825704 0.048436885807 2.09118804297 
-10.5351528952 -3.42630418628 -5.22059632425 -5.70322029656 0.91297945428 7.551746597 0.958766771951 -9.33725119235 3.73917729019 3.51507816426 
-12.8007230393 -5.39214438758 -9.11126322901 -5.56809830977 2.84336207448 8.47618812908 -0.647312774698 -9.64076143356 1.90538254833 5.77525305301 
-11.9036669363 -2.10875607672 -5.85555827504 -4.90057195675 0.690861303896 10.4479898844 0.27452090127 -7.40775692712 -0.462503080913 4.29254091747 
-10.2444776389 -2.93954200623 -7.14554353041 -2.73682046117 -0.0397246521975 12.5815587534 -0.24413677403 -4.36621725816 0.44906525787 1.15654660343 
-14.4285313471 -3.36369633281 -4.61543775147 -3.05322009239 -2.64981535738 11.3316676352 0.352952971721 -1.19755826907 -1.77658669594 1.7297120075 
-5.33691579608 -2.33276472414 -1.15352169073 -4.4476119089 -2.64680946282 7.67506776661 1.37071596773 -3.29108898501 0.935823744005 -0.465393404735 
3.90118946065 1.00882273808 1.136893373 -3.75371588984 -0.210241590216 10.6963257963 1.62471586677 -3.77505164169 -1.97383272281 -1.53751438197 
-3.05737248559 0.42433722775 -2.28580730414 -5.00972109833 -1.97713468513 2.67980895028 1.17021331976 -4.91023194262 -1.05567496135 0.887067714376 
-0.380346765882 -0.0148888359759 -6.05608104574 -2.46705876278 -3.29654396506 3.15995779623 -0.709780171346 0.591173846163 -2.22980758454 -0.45433489716 
-2.28556082047 0.0180999595366 -6.7312843552 -5.67033010848 -4.96428488205 2.7750796047 -1.74831529292 1.94826993948 -0.67563639444 -2.3978008848 
-0.561108227425 -0.177299356352 -0.660519918641 -3.42893274093 -2.08565552423 1.63131822036 4.07173893557 0.140282603733 -3.41506899839 -2.3509049298 
-0.826211935717 0.418546747208 -4.20101674211 -7.24029341816 -4.52867701702 1.59006835033 -0.890461533647 0.298035991654 0.478162082039 -0.673617336771 
-4.29094094243 0.128644672564 0.241731582506 -5.82073951049 -4.25140493381 -2.49711316697 1.63607494667 0.884221835262 -0.923008874485 -1.55751985634 
-12.2609884318 0.401002000708 -2.73790182725 -6.35369634152 -0.824126900499 -6.31597649474 1.1057989626 2.43479602017 -0.317372133136 -1.59921366984 
-7.78106283222 -2.37685145349 1.32471451769 -2.37964803768 3.04746567823 -2.22995514723 2.05651737008 -0.439388607263 -1.09151973835 -1.12537332316 
6.64969127604 -1.21937626482 7.03368213338 -3.53289347906 3.02422805548 0.58439212762 2.76190375277 -0.285241845259 -1.41078361555 -0.427159189058 
3.01389287932 -2.51362665921 7.07723209059 -3.3436166771 2.71420838121 -1.4246437734 -0.842359273299 1.84006841131 -0.488786389396 1.44316220308 
2.96015039701 -1.0192971338 9.6706821898 -3.78880418118 3.04116421179 -1.95375955801 -0.934794493256 0.494436723484 -1.5817498968 2.9116552958 
-1.72378950372 0.332827357664 7.23086380009 -3.40248113033 0.600515738222 -3.09589689791 1.92938696105 2.77496877047 -0.0976691678396 0.0882701903541 
-4.35152398487 2.57779107969 9.22124529638 -4.149141217 0.949529888351 -0.344633246563 0.780483141231 3.53703648152 -1.93425355292 0.988745742558 
2.42028699206 1.07320944638 8.25784069622 -4.89311002224 -0.0866074528099 0.306472904354 2.98572319089 2.28608152989 -2.41955770914 0.709472857303 
-1.1430112344 -0.900393358578 12.3008741734 -3.01088512087 -0.09940984483 0.0482552765403 3.53750826282 3.82655174339 -2.80090020277 1.94852443861 
-2.32318421491 0.0507966140696 15.1610332543 -4.41204772345 -3.3154087296 3.73737180074 0.647843677702 4.67247104782 -3.27231713972 2.48667598662 
-3.05730722471 0.207170660032 9.51010398201 -5.49352919973 -2.14686337019 0.622658018034 -0.823708948931 4.71049838706 -4.47473168744 3.88744521733 
2.17893765314 0.631880370436 13.3179942121 -4.99314163979 1.76491409228 0.614351941188 -1.59291135091 4.9970454007 -0.0719949005404 4.37939204301 
-0.590793467686 -2.04217887186 13.6878502469 -2.27110734466 1.20577186568 1.09153123195 -3.62634634525 4.69789078567 0.270213458692 4.60022290994 
3.22585075191 -2.35627516495 11.2428316125 -0.593433211347 -0.659147421297 0.511288002955 -5.8725754674 6.16277332361 2.228688736 4.88573495298 
0.35473166319 2.68585761452 11.4608457967 -0.407681625948 -0.233393363172 1.15980834921 -4.52764525086 7.95166990507 4.69995049414 2.34286566395 
-0.557951373342 -2.32470395753 6.85140840633 -1.25610228567 1.39473953879 2.98581003076 -2.61459951244 6.3154742503 2.36164993472 1.33945414304 
-2.54455228681 -2.21651351867 4.97800413485 -0.688808022154 0.426580431401 6.10197035899 -5.37804088507 5.73678054205 5.9031977002 1.25913168934 
-6.9728252482 -2.39429098702 16.7503209727 2.13465385633 2.28563483375 1.16868466867 -5.04266453923 -0.0692120490734 5.48233545887 -0.630992035649 
0.371653167639 -1.36897700185 14.6672618639 2.30163488308 3.3229698887 4.4646301444 -1.12044001178 -2.87311944819 3.09551979476 -3.32028255373 
-3.77504064798 -0.766794575958 12.8696078493 6.78050247106 -1.45353072257 -1.63303997017 -0.980702446839 -6.21857815808 2.7817312199 -4.29314336723 
0.86689140581 4.2827998531 13.477132218 6.34979980138 -1.16275411337 3.41483981623 -3.05317782482 -3.90274780549 4.09120978566 -2.82263441436 
-3.63191654816 6.21901617296 13.6561495626 9.04277899663 -1.36675266948 3.43924659701 -3.29582104375 -2.181984151 3.3045277543 -4.91194234975 
-8.52937159856 3.56102945692 11.5299012709 6.64574951526 -4.42587973618 3.66913002977 -2.64146687903 -1.40312863356 2.24877937402 -3.98757176746 
-7.28714411371 4.20877560896 11.5568769374 1.97619827086 -3.3876814527 -2.51118689267 -2.63211378159 -2.62768277968 1.17930446355 -2.00510999391 
-2.91197325829 9.79774101545 10.0190341871 0.00340404713602 -3.02490267212 -1.21297333198 -0.619570533616 0.177298689453 1.62799185426 -1.54055874896 
2.69320595578 5.66762905306 6.5143058207 -3.36098469061 -2.37501077634 -2.76236317879 -4.07435326143 4.34271188041 0.512759309247 -0.579337155024 
3.83796052069 1.40858559468 11.0584241764 -5.98068673573 -5.16765250904 -4.89856544438 -2.43870992283 3.00272654678 1.48743879724 0.694727503211 
5.15658504111 4.03804045423 11.2217624149 -8.49978484274 -4.41584502133 -5.19081287538 -1.7602966741 1.98419063152 2.52238166 2.95670277138 
2.98916737233 2.39927528803 11.0983422126 -8.30918277314 -5.51045029095 -5.72478241821 0.477530544245 2.10097940918 2.93285398586 2.10111341309 
11.4257354763 3.11819522691 12.1596637707 -7.36034667812 -4.22987647456 -4.32225245941 2.52865582749 2.78112495866 4.67376063033 1.11667339355 
8.78399921374 0.390818735876 7.87178423956 -6.62073276302 -4.34962634485 -5.83524717841 0.602653269146 0.0172366446804 1.9617479857 2.67245247161 
3.21136634747 -1.24710157272 7.21960252721 -7.00089092573 -4.31061779303 -3.03633747339 -0.109367690142 -1.28879481571 -0.215670685459 3.2235919303 
2.99938591169 -1.65462196888 4.70516902282 -7.57366490372 -4.10971038617 -4.33744620996 -1.52750818238 -0.789413528829 0.874814394272 1.9782081354 
3.28699836993 0.834260131721 1.51644194354 -9.11728745555 -6.88853141165 -4.74116956767 -5.31370202875 -1.17556190352 2.59382817998 1.08964559677 
-1.90710156065 -4.55540808223 -0.744270070511 -9.19638267411 -8.47863760862 -5.17182223665 -6.07313994317 -1.25555701354 3.04967510652 0.531895332297 
2.53248822836 -8.47119006837 0.614905954988 -5.34093748693 -3.03171797876 -1.37638368211 -0.135907982244 -2.16894564308 -1.46185922169 1.53865925702 
5.40938504252 -9.92593053272 -3.97793706933 -3.62606853163 0.435744068531 -0.0258158743234 -0.389809127678 -2.6680179254 -0.515310362425 0.427584150168 
-0.0285289376038 -8.66841174081 -4.80806502328 -3.78706400915 4.29934491115 1.2479142292 -0.435774867828 -2.06710071521 -1.56293779006 2.69849932596 
9.97889082274 -8.46337739894 -3.3968271283 -3.98229413229 5.00208984938 3.16826376167 -1.15346251443 -2.04125991108 -2.58836361569 0.617728606555 
1.83687801944 -11.0370882314 -2.20479207816 -0.345616140389 6.43184300671 -0.685647872037 0.165207272257 -1.60215498885 -3.0285456001 1.11958102628 
3.05967451625 -10.0417202518 -1.03440999852 -2.35190761192 6.56333892134 0.988298878049 -0.0824736476674 -1.35770197558 -2.28649608384 -0.30095601644 
4.42557215083 -8.17213466452 -3.53654301315 -1.27098934789 8.15765303204 3.4547513584 0.570414935967 -3.54977816412 -2.67386640769 -0.797043344329 
1.56002629612 -7.57438361198 -1.77107570621 0.524891104304 8.90144332158 1.62384347643 -1.49820424642 -1.54057250179 -0.579319948216 0.653513394184 
-0.233299536512 -11.3974578751 -0.788159492591 -0.0312516459838 6.79742843691 0.935769741298 -1.1585524839 -2.14083665048 -1.41687776158 0.0852930009592 
-6.63093789483 -12.561028512 -0.728448313653 -1.44889295556 3.77402243797 -3.3413935493 -0.141182363251 -0.971067946325 0.447479553472 -1.12600630523 
-6.58851710346 -12.82590059 -0.87712385585 -1.39606149271 6.44748409691 -3.44322868488 2.89074498054 -4.50514330582 1.29665003502 -1.55848666516 
-4.07952158689 -9.69259823903 0.761903303325 2.20685957463 8.72168747364 -1.07538814713 1.99791451774 -1.70282703343 2.85372895384 -2.29056242173 
-3.72399352848 -10.3517110578 3.21279374485 0.915592323268 7.62672594393 -2.40042468968 3.36325677883 -1.39268401174 2.01115205471 -2.75070729834 
-5.56365466477 -12.0861198809 1.411175266 -2.26822658803 3.59349756144 -1.51368824501 4.66488360149 -0.207088348648 2.56855383655 -2.86869555158 
-4.78953524072 -8.01088077456 1.03718930985 -5.26514158633 -0.182348549943 -3.86712812089 2.89123921191 -1.98672483912 2.96881388231 -2.76140169464 
-4.12997301481 0.28108181251 3.28690454484 -8.43775875821 2.54615109431 -3.08823608669 6.01011584893 0.0891448902418 -0.789794928443 -2.31030285231 
-8.51453865509 4.87228285854 1.36021772387 -8.11821835361 0.61064032075 -5.90937618422 3.96333748799 1.59981909522 -0.273016876916 -1.62606483045 
-12.4599751344 9.38548313162 0.103160084586 -4.40052606404 0.0434563767367 -6.86148006381 4.20788836433 -0.0118183596387 2.11605832702 -2.32019947036 
-6.82079620219 9.7995215831 2.70106138745 -3.78934500835 3.70661688041 -2.00246116421 6.74947168502 -3.78029870828 3.66266185599 0.0871448706379 
-5.85688496141 7.51348492536 1.56482864065 -4.17351129706 2.73926226322 0.770943617491 4.31584466553 -4.0657819071 1.39854005117 -0.208502279665 
-5.9996978082 11.9334427619 -5.47405773842 -2.99048574784 3.96729115167 2.67383680593 0.0608427393923 -4.60938705709 1.14054577115 1.61550973469 
-8.46503592948 9.08904776422 -6.63852766138 -4.82560459091 2.5406667818 1.72367682561 -0.642098847362 -4.72100023634 1.36747260836 1.88994900423 
-2.81391753535 14.6989918847 -7.74912261743 -2.4314045657 1.42919946552 2.02340722419 -2.31821470782 -5.53078012772 4.80696736273 2.23262995934 
-0.624501717721 18.1513835597 -5.83225000543 -1.85751445129 -0.0861746489298 6.86107635208 0.619222622533 -4.68168396547 3.34771632895 1.40862987833 
2.21332866165 15.1784863627 -6.28973649473 -4.90488512566 -1.44449053692 3.88845820162 -2.48070184932 0.0778681679785 6.63707738081 -0.580691485622 
-1.42983071316 13.5960167435 -9.30372422145 -3.73209723447 -0.493848201945 5.59645343652 -4.31889380961 0.269758260577 5.40741721312 -1.13888738362 
1.62252085778 12.8926454631 -10.4162002535 -4.56524007747 -1.5935670883 6.3634710674 -4.05371415689 1.59268034156 4.49086571034 -1.98855438105 
2.73065885059 11.6885381744 -6.13882184391 -6.82553059438 -2.60756230633 3.31068736406 -3.63734478471 2.03423144643 3.30326937491 -0.478720608873 
1.54611949867 12.819345884 -8.06872827664 -5.47110704995 -1.67280671712 1.67766889746 -2.04874417388 1.94997667625 3.95326488307 -1.29712718857 
5.20227075049 16.3918213375 -2.93876650555 -3.99594295053 0.602063603104 -1.08001247563 1.41163028442 0.704412698707 7.11498415862 -1.68250421107 
5.82325737656 16.5405306249 -1.81486593951 -3.58918800705 1.30531207335 -2.64978707713 -0.637599451908 -0.567798304994 5.24518247481 -0.364587583927 
-1.27147731876 12.7726265936 -2.58920747333 -1.68759142953 -0.134290254214 -3.82445523467 1.74871045403 1.33876882052 6.51481968976 -2.26023949447 
0.846729265162 12.6528042762 4.3261200859 -1.18491492922 3.37595291224 -2.31004960385 4.55394119712 -1.43578530456 0.604769748005 0.641573111884 
11.123887467 15.8011806328 3.77124449298 -3.28011032137 3.33661128507 0.828278251811 0.438245850173 -2.794818284 -0.311226197855 2.98737027122 
0.923281081702 9.02319844841 0.291520893326 -0.586369241644 2.04090196974 -2.43512032277 1.14751309423 0.406297268563 0.741891423965 0.486506589779 
1.06012676021 9.07482567061 0.506265520654 -1.05406198655 -0.509578681721 -1.21114922661 -3.17356274319 2.2907231961 2.00496247837 0.475433272068 
4.70755182978 12.7493882409 4.11290021799 -3.11887485096 0.472201830048 -0.438676902618 -5.15339410053 1.88973696201 1.69800541609 3.27448694132 
0.462418145323 12.1278590071 4.40707937238 -4.4279113921 -0.474217266847 0.677919798895 -5.37201022713 3.67130752089 0.103966468504 1.82882147416 
3.85128709971 12.5961049153 3.29485017697 -3.01650838997 3.00186955067 0.646522607981 -2.42798335202 4.36327031024 -0.92432104058 4.00125533062 
1.62225913766 14.615916454 7.84152699037 -5.16323040168 0.248316822316 3.95940028446 -4.58879785898 4.1813012476 -0.526047604612 4.16260448702 
1.29814144681 12.1276070876 8.67904376713 -4.43358548201 0.458067488853 3.06933636019 -3.99875160424 3.72273568129 -0.798032671418 4.74917152371 
-3.41185568896 5.08367098329 7.0565603456 -2.18438165827 0.0691774168758 0.0605521583342 -5.90581479302 5.79133775645 1.81130942566 3.11060733559 
-2.29064530273 7.15779215612 14.3278854837 -2.83114185861 2.97623049404 3.69361782894 -3.25887736798 5.12552771834 0.790219800537 2.89418291101 
-3.52747556736 0.346221495742 13.4425930428 3.32610993092 2.90961884095 6.3632780136 -2.89696371404 5.03237773119 2.47123204688 -0.24999375485 
0.884659576787 1.17078692263 19.1315743307 5.29804514067 7.47997779502 9.9046122136 -4.23700596546 2.937887369 2.96727163606 1.44613771186 
-4.43593434902 1.02059115005 13.9021561537 5.74475965265 4.80306342583 3.72098892728 -4.26712319218 1.77576241055 2.22964149353 -1.26124151741 
-3.39475240283 5.82487146568 13.5851494631 5.46755420444 5.9372541745 3.47633963348 -1.88211881593 -0.759993959249 3.37486382032 -0.981228050831 
-1.55733934979 6.17125510461 9.8520483727 7.14350085731 4.9625658319 0.791917713537 -2.04811689461 -1.64633860369 3.79279905271 -0.973171975101 
5.57110081434 8.93044833294 10.9272592031 3.53413018186 1.11593083537 5.48802094968 -4.16272988638 -1.38976545566 2.12036888245 -0.220166715656 
2.39958467301 11.025453368 9.24655635602 2.15385400173 3.41118180784 3.21574653082 -4.36303466034 -2.50351895956 0.875407261051 0.159497513945 
3.31374850396 6.31040641352 7.27930354545 1.86810271973 3.90359214491 3.64271528934 -1.33503036556 -0.615720352972 -4.75975909686 1.28620168368 
0.480350081656 7.15426993074 4.38371839299 -1.82429350429 2.07506857468 -1.20429735366 -2.37756539147 -0.702966592668 -2.85718058658 1.57939888903 
4.51975651035 17.0921952335 7.93098710877 0.321228895005 3.70285066595 1.53058181236 -2.71830832365 -2.63910383008 -4.46458786852 4.71597080673 
-2.90744215564 14.7240191493 2.88530049711 -0.370694955559 4.55319114186 -2.77588367701 -0.229872415364 -3.59009248662 -3.76456723081 3.58861709133 
-0.982430216309 13.9039556467 4.40008552795 0.250548515396 2.72550738024 0.0375118949646 -2.55056718205 0.883254999664 -2.25439596964 2.03923242015 
-5.2991090651 13.48406675 -0.3824036307 -0.102636832633 3.51474024405 -4.08930769747 -1.30402917761 3.03540651799 1.85199418139 2.23132751883 
-5.77716265263 5.71171149786 -1.82188115809 -3.06038746103 -0.397625974658 -5.93973541551 -1.29580708314 -0.181997003291 -0.0349877963197 1.52029234256 
-11.4929236371 10.2428703355 -9.63213495753 -2.3431830712 1.00720744166 -8.62696281579 -1.91006320095 1.83234402843 2.00962452335 0.76115192973 
-6.76863244044 12.1184264129 -7.31524083367 0.542114531233 2.11511898331 -7.10804125082 0.40888806849 0.573126615678 -0.815734722621 1.38592081674 
-7.4841741589 17.628187639 -12.268651486 1.1438437363 4.64479659593 -5.67463425917 0.134262403992 0.522342370808 0.939853014662 0.300565000601 
-3.57981842854 10.631952575 -9.15845409726 2.49591416706 3.73583423912 -3.81514848739 -0.0138367370636 -2.68495558161 -1.79526059863 -0.592993575472 
1.88432882677 9.08029874827 -11.745015752 0.984304857621 4.03290287219 -6.12960846884 -0.763456259077 -1.77569031442 1.56406764192 -1.38421338805 
2.31563527455 7.32525686527 -5.46739528536 0.517240470537 7.51316966924 -4.07594375939 1.07128188526 -1.7320246665 -3.68534378289 1.45643180338 
-0.68736398922 6.95979344167 -5.5072855314 1.82089220301 8.56773876775 -5.32749698872 2.2554128814 -2.99030041056 -3.59357787243 1.05216272407 
1.25040636588 7.91121597369 -3.26994785662 1.69914382887 9.17466131013 -2.79912599023 0.564312149657 -2.91431806351 -1.70365058819 1.18005470406 
-1.48877634275 3.90644350213 -2.86646863341 -1.34271093564 7.73862881094 -2.35615662869 -0.794695137445 -4.15792334985 0.137038733123 0.707908251585 
-2.99095028159 3.91063104287 -3.32545621707 1.14381806334 6.03757363526 -0.832180716902 -2.57294844753 0.373423355109 0.562019614216 0.000499741568752 
-6.15398115286 0.489460467111 -1.48582651529 2.08745040024 8.05727417169 -2.69140770989 -0.503452473429 -0.667060632255 -1.55691607541 0.0206088365823 
-5.11466877666 1.52857675772 -3.93351599201 2.63393960249 7.62618004224 -3.07505939483 -3.45152972341 1.74336335466 2.12846665647 0.241177174533 
-5.31434899768 0.747075831654 -2.57834715095 2.76709477746 9.00295661988 -4.13697869193 -1.83020888213 -1.24579760197 0.485985816688 -0.683851808178 
-7.30920614738 -0.46948790235 -0.0115640236988 1.32790848426 9.76970947522 -2.61409047387 -0.301613825492 -2.36516705392 0.609496692305 -1.54833542276 
-11.3637561994 1.55682988087 -2.0677075795 2.71279732402 6.53826913969 -3.63414914425 -1.71928936542 -2.54536514148 3.30689324395 -1.75173192651 
-5.92387571595 -6.70330506293 1.64326330649 1.49106288459 3.87641583067 -7.29142589653 0.804548235584 -7.88685561109 2.96072484427 -1.70401396071 
-7.7245593411 -8.05963383491 0.971458948598 2.78813716777 8.96173649836 -4.37331162192 -0.514070826676 -6.06123246634 2.85719872216 -2.60891942236 
-2.8239610836 -6.61773230114 6.5948287057 -0.375818751877 11.2943546526 -0.371194275253 3.42376638451 -1.84960577856 0.395913225601 -3.17984284118 
-6.98341083127 -3.18310505484 6.09934655665 2.06552036284 10.1936598868 -1.6092302039 5.82801849043 1.33466531824 4.79243662089 -6.5290405713 
-11.8029128947 -2.98952633011 1.59304765297 -1.05036282275 4.40369966888 0.9466896451 1.85413796736 2.99588621289 1.43977833049 -4.31260724939 
-12.6176541217 2.28379271052 0.20886576674 -1.72987349719 3.27721769708 1.53819381472 -0.765080159871 -0.111160446243 0.191210961722 -2.05299278848 
-0.59947890847 7.61168402702 1.44829055125 -6.7535864669 1.18827583734 1.39308078969 -0.253172293578 0.140876812063 0.683322176199 -2.24999812955 
-8.02829559252 9.52051674667 1.86275867648 -2.43830566371 3.86386854688 -1.73520459853 4.32015882204 -1.15841457485 -2.6136203152 0.262670548689 
-12.5775010401 12.5797973331 -1.15639618409 -3.17128236421 4.18029340978 -4.10272432801 3.63724842864 1.28594548904 -1.64373191622 -1.3645205412 
-8.42221140192 13.0956532868 1.36381868326 -1.77522805566 3.22150949408 2.30251013262 -0.901834518593 -1.91389230935 -0.314638067584 0.710172964676 
-11.815306191 14.1154958613 -8.80320584744 -0.900827472337 4.25217978247 0.572287608732 -1.07082595031 -1.08323038016 1.07398783837 0.514264536295 
-13.9331027798 10.1460318975 -9.60840049548 2.21369765569 2.12975092086 4.49273206394 -3.16621653595 -1.08786254789 0.550280004977 1.33397174311 
-16.1918094647 5.61119080578 -5.62277901728 -0.397697435016 0.994628973712 3.07159079227 -0.511476791975 -0.90342618172 0.371344211524 -0.54120179612 
-11.0609687881 6.62944967301 -6.51857277979 -0.319241445506 0.136362620764 4.549923938 -1.22267153911 0.607620819921 -2.93968323376 1.14857339856 
-3.32436251204 6.06621735544 -3.76643540124 -3.62977367948 -0.0204075843561 6.0245962438 0.0140711483293 -1.13243398999 -2.24133623169 1.14647233389 
1.41726141673 5.55393483701 -7.78030226338 -2.73338949849 -0.881648899772 6.02792529501 -2.71900869592 0.208090609407 0.733957522507 0.551513867625 
-0.266871085385 8.31545711395 -10.2163617396 -4.15268353875 -5.49168399819 0.421603734538 -3.97702394167 3.0694502849 4.25654657366 0.312928908719 
-1.0657343984 11.7821899803 -11.3566627075 -3.66236480732 -4.16594869513 1.80626938722 -2.67787849174 8.04946344147 3.77907646487 -0.585738819699 
2.32989478742 6.58304643945 -8.43729211714 -3.32131764464 -3.60119760759 2.70717328225 -0.43658246244 5.76595874599 3.08195103611 -3.80047301096 
-4.87508635492 2.98898129215 -9.86610208009 -3.94343756962 -6.50990811273 -1.86263790971 -2.66150249642 3.50496874553 3.474893284 -3.21680935093 
-0.584183805723 3.87398161461 -11.9604581671 -1.25204768253 -2.97201718961 -2.86804687957 -1.42905672864 2.23510541911 1.83631323494 -2.18563214196 
-4.28548030325 3.11065731572 -9.15453358659 -0.834221722369 -0.247124142549 -3.50749378005 -0.502775354601 1.79282879718 -0.0542379013549 -0.655899493109 
3.47065072403 6.43984135317 -8.92599204095 -1.93148475469 -2.63119813647 -3.21717520157 -2.48638925063 3.84891665418 2.69487920175 -1.14139134968 
-7.85066724038 9.17182606621 -6.34808040785 -0.0687848772267 -0.353696646799 -3.82533032646 -0.308832938184 5.10878422556 -0.403755864505 -0.716187158844 
-3.05685587717 12.8421361369 -10.3785989199 -1.01761368802 0.111216288832 -1.31011446655 -2.22118264437 6.11429072182 -1.55094758892 0.525336719241 
-8.73045583293 8.97909929025 -7.41300872334 -0.336304966765 1.80923316718 -2.52815667858 0.164971239866 6.77715176315 -1.73829629516 -0.250092881765 
-8.48203970696 8.49592404312 -7.07884279304 -1.50170590898 1.24104067623 -5.9888116732 -0.737054474946 4.02626816185 -0.394832858416 -0.104508287094 
-0.100427884699 5.76699591999 0.553480119217 0.469993556556 2.4793532823 -1.17091136194 -2.17014162261 4.66853943572 -3.36506164236 0.764142560143 
-0.443493233206 10.2485152739 3.78205059883 2.39838400612 4.8993375023 1.42196229748 -1.66868474325 2.98975922489 -2.74009752938 0.544770777384 
-8.89828350908 5.40711668239 -1.09173716982 2.28298394276 3.70658772117 -2.34040022889 -1.00932097001 1.2600908145 -6.36243257756 1.47695512101 
-1.19128848176 3.91513531194 1.33354266276 2.34236100787 5.00622761296 -1.81216947727 -1.62595514875 1.52457720612 -6.36299675384 2.76109342128 
-3.87310316258 0.603918374126 0.726835592929 3.32790861998 2.34688231575 -2.77315376828 -1.5241733642 4.0851371305 -4.63176779801 2.2227795784 
1.03638617797 2.04494462768 0.466986533634 0.660964016333 -0.333003596523 0.0121724213485 -3.81572668287 6.07699362276 -2.89305085015 1.17060602531 
1.89325129642 -0.31471012261 7.73243077423 2.29817513668 6.10507858162 2.21881461737 1.30915362818 5.36521268253 -4.29293080868 0.994776939332 
-0.150630791661 1.79328301681 8.8868919824 0.555354157402 2.77877022926 -0.125056434 -0.772672756497 4.45618661327 -4.45927368543 2.64989528544 
-4.4211866239 1.89014991034 3.63396421848 1.45172267843 3.67472400714 -0.709836249318 -0.426466636134 6.65381746067 -4.76500518429 2.4093734182 
-1.87515743634 0.836199836773 2.05856080591 -1.90863921432 5.47636418429 2.32312769104 -1.14434125007 6.2643959885 -2.88865923741 0.277051025015 
-2.40753889531 -4.58312439181 4.3787537177 0.223636307417 6.70388581918 6.50948820206 -1.57465428113 7.67669530058 -4.51392782012 1.75515748534 
-0.91447581118 -6.59339928588 5.1977493509 0.214009086094 6.20063691394 8.17569595594 -2.81097139118 6.98578027843 -3.16868776849 1.74598764132 
-5.4751096151 -6.34789662737 9.3394878594 2.706255893 4.62852167793 4.4865755306 -3.43754939869 2.81176846721 -1.52150440351 0.456446084618 
-5.47436009576 -2.41905427426 9.4783427435 0.901911155748 0.762770751339 0.675717140406 -5.58849545812 -1.19682443608 -4.19158071631 -1.10942647794 
-11.9349506073 -0.183039659049 15.2142717152 5.04867967502 -0.951171449878 -0.603864377622 -8.29310859063 -3.90900590678 -0.468791068968 -0.376131146292 
-2.83160703025 6.89230813451 5.39363155893 4.51025200943 -3.75595436923 0.707523120015 -10.241197693 -6.09762294948 -1.00842510529 -1.1080693538 
-6.39344295829 -0.381213584799 12.5843072962 6.09213918175 -1.70318122467 -3.83962244711 -8.54653150203 -9.82943446875 1.23470403351 -1.2855844469 
4.62932760742 0.643520785281 10.2490015731 2.15358363302 0.697435058878 -2.29578132447 -4.15155248303 -7.27365560489 1.73445429022 -0.403998252144 
1.55804540434 2.56070507798 8.99652255743 2.84660117312 0.530894391007 -2.09290539828 -1.53136397729 -6.30937016194 -2.59684146844 0.861081567748 
4.90356088121 6.50952068716 11.3363000142 2.3598150024 3.67914041072 0.0744553238003 -3.26181794012 -3.01770224305 -1.80408007214 1.77268555544 
3.40997417902 2.60656671545 9.44590556302 1.54483049199 1.34215871821 -1.2360309872 -4.75699306229 -2.22366479284 -2.60260848295 3.19430989238 
11.5968747863 2.23673430659 6.96534634718 1.84033931641 0.569938276391 4.07080033621 -6.83697551495 -1.41661234125 -1.35131840723 2.37336191337 
12.94755817 -2.08658016799 6.95596490323 1.37888559212 2.32719970652 -0.904157687608 -7.47697314299 0.0410944024584 0.127493898686 4.33010491126 
2.57580913279 -2.37965127626 2.13703604353 -0.0595566303822 0.194328717551 -3.83424851396 -3.63805425576 4.26994185501 2.13883739614 4.93001548143 
13.819943594 2.47631725437 -2.63054212423 -1.91853788092 -3.48275757544 -2.7290190281 -2.11600552928 -2.15796975665 2.75738363713 1.13400873272 
17.3190878494 -2.02778120888 -0.869162490287 1.98996752493 -0.81288166656 -3.03181284004 -2.03592064547 -1.56416809598 1.726140892 0.20816456457 
19.0960791542 -0.421654983242 -3.05998318476 1.27640973317 0.75423007566 -0.434974240266 -4.80740200815 -0.286980160489 -0.170152365689 0.525149995495 
16.4151391058 -4.48791066433 -4.95679332153 2.00573486131 -0.207715099472 -0.387501878675 -4.8453285311 -1.71080157135 -0.124431455803 0.628219946527 
16.1767494445 -0.951141824558 -3.57244801419 -0.569160960223 1.0395365853 -2.4657351363 -5.57542749237 -2.10086200167 0.144403735913 1.71013869195 
18.6607249934 -2.54880296502 -7.46917827397 0.606273894915 -0.33710107329 -3.71720168304 -7.9959962988 -1.45167542584 2.75792490592 -0.437620918958 
8.48751431148 -4.20644819569 -4.52869335923 -2.33625530157 -0.54993079633 -3.31499331074 -4.36286875922 -2.22874785658 -0.203900096296 0.164647177427 
12.5841372884 -2.52152173704 -4.3965196482 -1.58214967556 2.23531721084 -1.0068586714 -5.64372188396 -1.07701656428 -1.52032075189 -2.14514102465 
7.59466213637 -2.13871022331 -2.62292285455 -2.56399076868 -0.185774654793 -1.71739264557 -6.90545683538 -1.72793893476 -3.64905277836 0.998669749592 
6.32903551184 -2.55048400748 -1.75023740658 -5.03988086849 0.874661340571 -1.57105599185 -4.70838889859 -1.33530808074 -5.70269640479 -0.958136467551 
9.58984413278 -5.35957674748 -1.09805700784 -3.55724972676 3.27057200722 -1.38629077739 -4.31300607989 -4.04434947077 -7.32201599779 -0.621335257203 
5.33791306202 -6.82683379285 -2.87894820066 -5.13391629631 1.85991310361 -1.05043230742 -4.39200132344 -2.98686095119 -6.39551209595 -2.70716408799 
7.35112977295 -7.23838610635 -5.04862321733 0.0941379282265 3.80515814982 3.89655457616 -3.33442884101 -1.92289132324 -4.99816644547 -5.60951611343 
2.58268244161 -6.5645831665 -5.84576553101 -0.863339085044 5.5404831937 3.12172529909 -2.47253307843 0.223577721292 -3.36899415393 -4.36592562469 
5.61730320229 -6.009376132 -4.29707918166 0.0508614828252 8.7941488187 3.93842699013 -2.34665264477 2.79307846568 -3.27637656774 -7.04673105159 
2.32786483792 -6.36290207325 -4.65181282609 0.813470193911 7.05919346259 4.09079279504 -1.88410799895 2.97868542443 -1.4920230401 -7.76946006785 
7.80714822283 -4.47156320177 0.736283633598 2.61820403605 6.67128365772 4.49161033022 0.585183040401 4.79084619838 -0.526439423563 -5.77502880371 
0.512344073319 -7.36696524973 0.0621666628817 2.01776512368 9.33320773909 1.31675542125 1.39358049261 3.39202178914 1.10516547892 -8.14700043121 
6.78241572756 -9.78167689669 2.08113376332 5.28437557687 8.43987491641 4.39430053874 2.65996463454 5.80313722 2.47816379603 -8.46038703738 
-8.53087940902 -9.35490271373 2.74142683708 3.05747379725 6.28101318048 -1.31146450287 2.56339753596 4.76062182667 3.36102892126 -5.57445783011 
-13.7389845264 -7.56422638115 0.0281768502484 1.67967749744 3.31710664407 -1.22390786762 1.14637810091 2.63685717661 1.70742597245 -4.37875951848 
-6.82026021855 -0.796162978391 4.43326398201 0.707609821308 4.79135712423 1.0917804793 1.81261303154 4.4117613809 1.85105954459 -1.82199127369 
-9.15080481227 0.652691060394 0.392936597363 -5.17795059372 0.0674186274818 -0.87160301657 2.78512488598 3.1344643797 -1.06881439188 -2.95930887647 
-12.4929246018 4.62007043001 2.366231308 -4.29591842408 4.5170570594 -5.05880435256 5.97740496514 1.0667208063 0.0402881821882 -2.36910150326 
-17.8280160896 7.80883760023 0.131919166248 -2.31644561071 4.62693678301 -2.72052513228 3.18252618906 -2.45094386012 -1.91598075642 -3.4786527546 
-17.8260606561 5.39553320519 -3.48417324768 -0.444499598544 4.14643288108 -3.06466116871 0.710006664243 -4.66506123999 1.32529361953 -3.28066092779 
-9.06467661007 8.89619077985 -3.02809063359 2.94231679871 6.14211214417 1.97433059892 -2.99791196977 -0.315615518889 3.38546227099 -4.05681211564 
-16.2364700491 6.07863300253 -9.62481402611 1.07986221775 4.08218271948 -0.411883397955 0.78938460575 -3.67643888643 1.34869651976 -0.530205119074 
-17.3024680922 11.5242397232 -10.7404110029 -0.19426313406 4.71134618313 -0.756057412608 0.438309585644 -3.47409426787 -2.31500319558 -1.18805596787 
-9.1631016571 10.7778541833 -9.80533840143 3.04095275238 5.27179099638 2.51496838759 0.0968287505143 -0.880246083073 -1.30396148752 -2.13317213401 
-9.48809578691 9.24448184904 -10.454792461 0.155722545053 3.54385397928 0.393677051642 -0.828190303239 -2.91402321166 -0.773024281788 -1.0935857178 
-3.11637897654 9.09585711739 -9.38633493133 -1.08513058455 1.28546492405 4.72502964394 -1.78314500527 -0.403686178788 -2.3946431357 -2.77386723501 
-5.49027028985 5.89631122904 -9.20088532338 -0.876856806253 -4.43223487832 6.05498945522 -1.1886634262 1.98539739062 -0.460965342838 -2.78486479038 
-0.619532986712 3.82867274583 -8.18745177855 -0.397743556917 -0.593842433096 6.45258508958 1.16845799386 4.48804910241 -2.09926302643 -3.76765631952 
-0.801305326984 5.3321317201 -8.30424384627 1.64326483466 0.0833466782914 5.14723425138 0.991555150073 2.7127423687 -3.59017129663 -1.80338868774 
4.37334817628 4.2837270488 -10.4823297033 1.23555939031 -1.33339268768 4.38030616255 -1.09205394052 1.2619724408 -2.91730600596 -1.49557681587 
3.19646915293 9.09154760504 -12.8157721856 1.21505421045 -0.969563394005 2.6695250293 -2.12356175983 3.68778599286 -2.50639408179 -1.03177032086 
3.16408362335 8.12969070189 -9.61096091152 3.57065901035 1.07840345277 2.77849736296 1.66219202136 1.00647791198 -5.16327843225 -0.66734555444 
2.31969236088 11.0616447301 -10.0425882802 -0.61115316934 2.20424319403 -1.17145432136 0.855469348108 2.2408455904 -1.95395403136 0.713602953556 
1.79651615595 15.7379232129 -12.5309514805 -1.13682566349 1.63051810424 -4.29058780264 -0.782131400419 1.7642887759 0.911901924612 0.730875065863 
0.106022783596 12.2600494714 -4.65825761563 -0.744884054121 6.0162149756 -5.60123693023 1.20050688588 -2.80740748746 -3.8516467112 2.5256503749 
-1.38047575624 11.6526441387 -4.79605826276 -1.92014486066 6.6860663921 -6.35751855173 0.555615553093 0.876578243332 -1.81227692731 0.948117204869 
12.9094767025 21.3364716843 3.31111008898 -5.13563054477 7.76735198867 -2.92282136865 1.12015403205 -0.182397096283 -2.53200391043 4.78528916181 
8.17209493753 16.6250254498 4.17712259927 -1.92644233874 8.3938257269 -2.3968871205 0.856439349146 -1.13234154456 -4.09679530984 4.60430577187 
-1.36167866507 13.2365144464 -1.49347406277 -0.641903964337 6.24673924542 -3.35414196555 -0.700089058788 -1.14900032466 -3.94015927509 1.45324334586 
0.186377820716 11.8582887719 -1.49884382815 -2.46538848389 4.3188208118 -2.38550670209 -2.63893295751 0.441334343637 -3.49557047921 1.97932399641 
-3.55124984196 7.9807084675 -0.599039051908 -1.56731604842 3.41946911828 -3.29956007013 1.32964271048 0.643356970463 -4.43257846407 0.774487715506 
8.34416063003 6.18939858326 6.87312498256 -2.5849601672 2.83320616432 -1.31020747646 0.852591487669 0.341057050869 -4.0998636167 1.67654251239 
6.72437311062 6.81793075775 9.76156009042 -0.980368984819 4.11611656028 -2.89869128957 0.0781491851085 0.348016527535 -5.03953935123 3.08674530239 
6.98123241919 2.9192531793 5.99403858298 -3.17576776964 2.52706561949 -0.84441004494 1.10896631498 1.88703639261 -4.17515047853 0.947621215375 
4.28689963401 4.12276327041 6.61794277257 -2.90860705836 1.78769297687 -1.79500489735 1.3569911878 4.05296376344 -2.01132315267 0.637990783738 
-0.362719936395 5.07375363751 1.9386838843 -0.323336581639 1.52176048467 -1.11642932345 2.09571613732 7.49744849909 -1.46257794882 -0.41519479902 
0.530139332025 2.95141309362 4.02271671804 2.89652766945 4.02302211019 -0.8853288076 -0.510830208397 5.50701203854 -0.142664089906 -1.59103138625 
2.42541415053 -5.53193774587 -7.19174105203 -1.25300609457 -1.93994426341 1.26446088924 -3.02775708187 6.5815512043 1.58853143265 -3.7022530175 
-3.91551649883 0.47509749722 0.826391201839 0.817749648615 1.99081363013 3.12067727286 -2.67445675326 6.67628608769 -2.72373278288 -0.226682738395 
-8.44442686721 2.8449254522 9.29929359963 8.22325558844 1.759219215 0.872697274769 -5.57023240603 1.8211028957 1.20571760554 0.390107099931 
-13.2091876988 6.45871735285 6.50757752527 6.57367967895 -3.26441572516 -5.90176198173 -3.14120163777 -2.42810514424 -0.705186577751 -0.561955490531 
-10.4669867744 5.2134448832 2.59528122268 5.78959439908 -2.24310476958 -4.84693922987 -3.51201134086 -1.70569172017 -0.562246159641 -0.424440851043 
-10.9381095114 8.70891154946 3.11804807109 7.89009504976 -2.17913082617 -1.32191828405 -1.46026499831 0.93826176938 0.798454919242 -1.6258160851 
-5.2962906297 4.40570926175 4.54137635803 6.11980212196 -2.69707074739 -2.69083216234 -0.132984662871 -4.09733656437 -1.67324133776 0.618876179933 
0.0227771806064 3.20309331814 3.52634645909 3.51021471254 -3.50230332848 -0.796858958811 -0.212701315739 -4.21353386336 0.0968394662865 -0.819496911361 
-0.453071105238 6.15597356298 1.75861543715 0.896518434537 -4.86646307927 -1.68267119492 -0.752871229536 -2.339820035 -2.69612352374 1.39845557322 
1.36714026115 8.93189120022 5.80134297232 2.21010941593 -0.456282076643 -0.577174882758 0.574028890717 -1.48040640181 -0.595513262347 1.43575383067 
2.55226392936 9.92849689924 6.84219618605 2.16357994914 -1.08898670956 1.25603449126 -2.96878099939 3.11191147569 2.95744073916 0.841388864384 
6.41804238606 7.30137819608 1.36507143557 0.746391496805 1.10950415248 -0.510673330266 -1.50086224083 1.20934150743 -1.48177547957 0.855862520844 
5.27880842859 8.31944993191 -5.78126673909 1.10012004156 -2.41766736497 -2.99384982957 1.19538301538 2.88959415959 1.85622870471 -0.576505757227 
15.9007431229 9.63843941404 -3.16894885512 1.98303119818 0.105492256908 -2.36946940981 0.635910831001 0.926771297151 1.34598179941 0.496804724222 
16.3687296319 7.61950503709 -6.48180292297 5.22062297397 2.86179195902 -4.95326424769 3.17670849543 -1.8833887991 0.16591058336 0.274439907479 
26.107002031 7.58260661232 -3.89318540337 4.97114935661 3.73116188724 -1.6693876376 0.583703064171 -1.46673880135 -1.55795874088 2.12746066528 
27.4509311029 8.30847102566 -3.89200549856 6.17286200317 4.59423845235 -3.47678233715 5.43771434184 -4.34021908741 -0.157079231051 1.88762924098 
18.6656522396 4.23757103495 -4.0811762081 6.34822769377 2.21624543173 -4.4081996665 4.05510905496 -5.98103336372 -0.913544880898 0.213306736706 
20.5915979888 6.72286751423 -3.16068327059 4.59180613853 3.43864046888 -4.57328059422 2.34508249897 -4.17834568238 -0.251174752562 1.38711040763 
8.00123026562 6.13716710882 -4.43945688813 4.04759804562 2.44219309416 -5.89353125482 -2.20279168184 -1.832235307 -0.857365163829 0.610573945518 
6.23870615543 5.33033959032 -1.9377686377 1.9508507314 2.61524574643 -5.19191942777 -1.59271061638 -1.70728974213 -1.9231003451 -0.463733443023 
6.11326998755 3.01885511759 1.49652761547 -0.266475117611 4.08704540251 -4.15224855154 -1.20033081521 -2.6122197162 -2.74955244823 -0.83141126191 
2.8018331985 2.76473013045 -0.83951409856 0.3673818597 2.99541068903 -2.58424895124 -1.46371443666 -1.70677696221 -3.78318995712 -2.22653898156 
12.8380349753 3.54849088644 -0.699550693946 -1.13672273214 2.95597519478 -0.119607644934 -3.17188390873 -1.47290239309 -2.06617344997 -0.704294695679 
9.66951712125 -3.21630153547 -0.888998720977 0.814709200462 1.37963339956 1.56801960266 -4.72171350842 -2.50525196609 -2.30216918187 -2.27598998962 
0.699654115268 -1.70745916544 -3.34254822764 -0.371732294173 3.80190050011 -0.357850134878 -3.88099965034 0.00622400302386 -0.714275640382 -2.48408518374 
-3.63893832595 -2.92932159979 -4.46729804012 1.50376637549 6.38577148165 -4.39566094586 -2.3501276143 0.695248894904 1.42704226443 -3.29162749666 
7.21086234999 0.693055070313 -4.45063355206 1.27080046321 3.7653295111 0.008043830521 -4.02975911558 0.970565577487 5.13417432259 -4.33971266113 
-0.6089029291 -2.67196465309 -2.44384689729 3.23678461644 7.43908036734 -1.41004004496 -0.00858697733012 1.24238263865 1.06472212598 -4.56074620061 
-6.2882912612 -4.45004682382 -3.03216720333 2.02268857754 6.66279567573 -1.63647157103 -0.0615967282784 4.07957655065 1.15461197826 -5.35145368967 
-10.2141237199 -8.34958946355 -4.51298131151 0.116922575885 3.66518698466 -1.56920563962 -0.851997265649 2.90195404526 -0.343469994191 -4.08767404244 
-5.55958405785 -2.98243932452 -3.64126442585 -2.43897322368 2.91720151459 2.06185879053 1.79065264261 6.59463380948 1.88194309692 -5.55735230264 
-5.98576178264 4.04928753864 1.8548285724 0.949326301373 4.00902441013 2.71932650564 1.57367132941 7.12737103823 1.29590002675 -2.86032172664 
-6.55846338763 7.18166115451 3.86967507352 -2.22699767019 3.66893697613 1.21586562181 4.76084631805 3.54736239094 -0.281609505996 -3.42215491282 
-12.1651418276 4.64050393261 -0.671535139854 0.611295090733 3.11870500889 -6.9550993414 7.74372441637 1.40502436779 0.412101750835 -2.80754805734 
-16.7053734079 5.23315845449 -1.29137262394 -1.95379635754 1.02419261813 -7.52879806474 7.81287230201 2.20902045517 0.302322620212 -3.66275644936 
-11.6582945315 10.7324457198 3.90639370015 1.24702254664 0.756243876407 2.16173302615 3.60180488182 1.88638870458 -0.518917115056 -1.13554610665 
-10.4811632636 12.5256870483 -4.67141021353 1.40552839938 2.15905474019 0.519271330268 3.00121810298 0.551905222027 3.30536817305 -3.60408577678 
-6.18044146965 16.3521495103 -7.53886561886 5.84680561408 3.46482104003 1.69604602128 2.89367663809 5.10065300821 4.82266138762 -4.07072071044 
-7.33319265043 14.760116614 -8.24333698666 6.19763871514 1.76023003177 2.48372250802 2.03136025136 3.76754683172 4.40451804414 -1.97819939047 
-8.05530829802 15.850917919 -8.15501793223 6.07235138871 0.38652225 3.49910406584 1.67640065996 0.244550542635 3.82731985058 -2.56644057848 
-9.52683788251 18.3771570227 -10.5187802163 4.59971276919 -0.0392262149754 0.0509944801833 0.98582873605 -2.69741427774 2.51852856506 -2.42421554745 
-7.58154193939 19.310408714 -11.36326672 5.14037885979 0.197493362082 0.975416099054 2.14802276385 -2.55581454186 1.01119102859 -1.60267227464 
-5.24914729053 15.4757691282 -12.4408570604 5.43672764295 0.218603505916 5.58962598762 -0.351423300618 1.17850198776 0.6058658958 -1.38834899964 
1.80618677914 13.1522815803 -12.8414115125 1.32196150213 -3.58674345927 4.2961429496 -0.00363829436261 0.26770563285 2.90229159643 -2.53887353944 
5.57587531885 12.7979502493 -10.278109267 1.35756911447 -3.48803838187 3.12603489891 1.21023108409 1.30825988362 2.18627009704 -0.376583858637 
6.41555441301 8.91167884799 -9.87621294605 2.25958488332 -1.84586434775 2.1659069571 4.87910614916 1.73156139867 2.14987235952 -2.01403200448 
6.28814037732 5.80793457073 -5.6570097048 0.213239640665 -1.10565279824 -0.0300733271119 6.42582271263 1.49689237573 1.64692902062 -0.723850454554 
3.57639402911 5.28637292462 -7.56312896373 0.290511393612 -3.07395270746 0.0636250541803 4.17036368845 2.80561564452 0.406855925525 -1.43636962884 
6.31647203619 8.10091773486 -10.9205581319 3.18291471394 -2.17851896819 -0.341017712305 1.18452102029 3.81929850609 1.63450621969 -1.31994533049 
5.29191632078 8.11846031665 -8.04086097505 2.40906380067 0.454042797931 -0.852709424439 2.0298779305 1.31068951106 -2.20006988662 -0.488418544489 
4.21190643138 4.12248326751 -5.92825113071 3.09617604608 0.155390251236 -1.13833848938 5.30808484994 0.461078613135 -3.14359909209 -1.19697964722 
6.73864790145 4.88625978941 -4.09472248075 2.88178773484 0.457484767613 -1.51568906883 5.03806794961 -0.304662095859 -3.92014381666 0.557538638013 
12.5797282423 5.78278989632 -0.604017544477 2.0783988919 0.260785106639 -2.03946440069 4.32536950514 0.339999980123 -3.52940122745 2.50751183567 
15.8586334738 3.90414378191 3.50736121044 1.52308100192 3.20919037933 -2.44206950532 4.85327134283 -0.628773082441 -3.19367631291 3.3841520693 
15.4170951887 5.69187087377 -4.61412087866 2.69116986728 0.613200093966 -0.979824214162 0.0063692943078 1.84406969209 -2.19978128645 2.80481936434 
16.7589124529 6.74257954953 -2.42822327277 0.507192763605 0.230138291919 -0.419403085188 -2.15519780416 3.51953661574 -0.715142349035 2.07745484295 
19.6239601778 4.6545827498 -0.606675807059 0.0846501331577 -0.67823091245 2.10960316651 -0.749166198923 1.5520282884 -3.64297500427 3.71544900247 
13.8930555157 6.05972145996 -0.58514903898 -2.1725074933 -0.575627107412 2.66210997881 -3.66766896851 4.15686899409 -4.22026946469 4.42201842329 
14.4502621527 9.42353506609 7.44518557488 0.781090360514 1.5346768917 5.39128868014 -3.35375337224 -0.191083509278 -4.60580517841 6.09495371797 
5.65363526882 5.65112267398 8.91384468364 3.65285404141 0.364194428548 1.95684689577 -1.57476480125 -1.27106797699 -4.46146468935 2.92579181377 
-0.996016560382 5.90244526092 7.23326757802 3.51703909081 -0.742511885481 0.359777501029 -0.623564292571 -0.868154632408 -5.60985355949 1.24270838885 
-0.997622125597 1.33008352343 7.21785411316 3.66477043421 -2.35761561781 2.72111610824 1.3512056571 1.4504787379 -5.14587118763 -1.26573397925 
0.359483107633 7.48604681027 9.82065651943 3.09608983204 1.01050960863 2.56068120981 0.549332313532 3.91937749374 -3.62836249814 1.08360263813 
1.52460783127 -0.781304203173 1.70608462629 2.56310136404 -2.99305294616 2.40319147375 1.00775030695 2.8214723349 -4.20258009442 0.501029077412 
2.70687464627 -4.012108899 1.43694089457 2.48628459907 -0.655953013887 3.86161822138 3.26462175178 5.99802236984 -3.52379961512 -1.94270311675 
-2.10658255416 -5.26024012139 4.19173346989 4.91515753052 -0.212521844321 4.6053904258 5.81955897221 6.94272696275 -3.35955123692 -4.81398455279 
3.06805378821 -3.83968317689 4.61870883903 4.67206546146 1.49191832153 6.40244001342 3.64299787885 6.3539654842 -2.78690983551 -3.74384654948 
-1.2484739383 -4.30185154046 4.10907497172 5.52085588521 -1.18728893668 6.401418452 0.437824403994 5.96680708436 -2.13528218562 -0.930559256427 
4.56154918174 -6.86623797064 -2.49082471876 2.52572691344 -3.27374624431 8.44884132087 -2.58580486517 6.21989920994 -0.708265960967 3.45008877512 
-4.16664357137 -8.80583563792 -0.300514289271 2.12532876583 -3.86423985432 5.11296143287 -3.31512162613 4.76239524775 -2.18600205865 6.95794089457 
-12.796635814 -2.78401064071 4.28209855934 3.13353057435 -3.84096351569 -1.22834756123 -3.32693823766 -0.617270290717 -4.03599737389 1.3306733103 
-16.5105073905 -1.38849655246 1.67613410825 5.41886439116 -7.61740435175 -5.99356794175 -4.3171976598 -3.94661216051 -3.28039235386 1.811956652 
-14.7370149116 0.831156266103 4.02415079528 4.83911212709 -6.57192606479 -5.41284221788 -7.95416656127 -3.85738899692 -4.9279689789 2.7117923847 
-4.80268045312 -3.74845012507 5.82903467035 9.0302289009 -4.65596386109 -1.88895963771 -5.63334790342 -7.17424584827 -7.05519848042 0.201503337918 
-1.82858469156 4.12543922346 3.56190385722 8.42595326273 -2.55358858792 -3.4670173064 -2.87224387734 -4.5242039363 -3.00355968877 1.13356368148 
-3.32623924986 -2.34449455037 5.06497926751 8.96706562582 -3.75486386376 -2.53671434169 -2.41155086816 -1.8235340448 -3.56108983698 -0.672415089203 
-4.21374608385 -1.21508647467 3.70200819645 6.04915267457 -3.75804130789 -4.87942389303 -2.15613482045 1.87136090376 -1.45276871985 0.331292406605 
6.25280442077 -2.96150602103 0.0697814725031 5.68266948378 -3.62207913517 -2.30664593073 -7.11824820911 -0.361617168776 -3.13323764509 1.00653965 
6.52163507233 -4.14800242611 -6.19779226298 0.721329968771 -2.70241663285 -3.9142176629 -8.05536052844 1.21806060462 -2.35844828119 1.23790789372 
13.6269970012 -2.71493742115 0.09080415791 1.17725859674 -1.49322794473 -3.33857131805 -7.95085819066 1.77265361899 1.38434554683 0.784495986441 
12.7334103919 -4.01113531021 -5.07559763546 5.14179760034 2.77379753756 -4.21528969357 -5.64187667753 2.58235961622 0.51807209658 -0.0946565862352 
12.4145924053 -4.62632990706 -6.2615049863 2.39690384508 -1.35762054774 -6.9394064497 -5.634832337 3.84625771825 2.51603954634 -0.906894578139 
8.37514995782 -4.20698484713 -1.71682452255 2.59154959531 1.39803644939 -4.71055288929 -4.95430202229 1.79809335122 -1.85065432064 -0.716903344193 
8.13063254061 -4.0387962659 -6.05342901822 -0.247985447119 -4.27302077593 -1.68686447698 -5.36586725005 2.54661372635 -2.33890746243 0.0180786198127 
4.10192852576 -6.08367892733 -7.35882671884 3.27872493083 -2.13755133028 -3.64706529904 -4.16372265627 2.84253073724 -1.94984035156 -0.112700891448 
9.19498470319 -8.35527906898 -7.20635173684 4.68993815758 0.209969300095 -1.71027857676 -4.49638368054 2.62217769779 -1.59550167501 -2.24221474571 
6.06947518948 -11.4331442265 -6.06276399382 2.62062640375 -3.82950785132 -2.66371897212 -4.4001697382 0.0501248168414 -2.53972128112 -3.12295836078 
9.98141187634 -9.14473858109 -6.39874303842 -1.10340471609 -3.70972345276 0.411206914613 -4.84466160888 3.24079517321 -2.1891553996 -2.42898221059 
6.96813790869 -7.67860935745 -5.17142440993 -0.954594271263 -2.72183758593 3.36778405846 -2.2205320001 3.49441546668 -3.70152580785 -4.34657448883 
6.71198249118 -7.50185609689 -5.08928836623 -2.34932420071 -6.09825043573 -0.0995058743647 -5.55584254801 2.90815592815 -0.735114663179 -4.03990194365 
3.94660100196 -8.60661313331 -4.28566428516 -3.54150784873 -5.14580320028 -0.944322705436 -2.04580692761 1.57785903535 -2.00235047746 -4.200716096 
-4.71487374774 -5.2276176149 -4.27555521577 -4.72944456603 -5.98442178804 -3.22221937947 -1.86605372856 2.91996661032 -2.39365685336 -3.83213303713 
-8.174430837 -0.685277808048 -8.2018842071 -3.12084220513 -5.1752385025 -3.26106788783 -1.3004855054 3.15415820536 -0.108319525087 -4.96551046955 
-4.48358976073 -3.57841534082 -6.52345232671 -0.531841232598 -7.7052272322 1.89592836497 0.146028312266 4.49296318504 -0.581352830112 -5.01800533985 
-6.08713614982 -3.45622343162 -3.19785784654 -0.618746402159 -8.38324333148 1.0873322739 -0.43932235055 4.82723868971 -1.47903327696 -3.73411564615 
-11.3516851832 -3.65544873496 -3.41760493909 0.917861981967 -5.117622635 0.309379026028 0.920323953303 3.77728836221 -5.84128017121 -3.0684338732 
-9.55330964905 -5.36134050233 -3.51433671431 -1.75979040754 -5.85989630817 2.07679280251 0.571910546144 5.64958477252 -6.04938259498 -4.20659829888 
-12.3997380235 -9.53696529926 -3.19853735041 0.157255985073 -10.1196947742 -0.745843714583 2.64408939417 4.25514004689 -5.59204621259 -3.78780297718 
-18.8798033941 -8.65414475423 0.0114256607942 -1.44115931898 -7.99605536173 -1.58067207268 4.28198801208 3.00587002627 -6.23436097341 -1.62487702335 
-19.0093244673 -8.97623343632 0.927091631311 -2.26510285473 -9.26585651825 -1.02669370864 5.05190389904 4.22041172492 -6.80948038195 -0.8385486105 
-21.9114192372 -1.40841887594 -0.504178263258 -0.888878312187 -6.31383075249 -1.0672932256 1.34862008342 2.75184671738 -9.57447454518 0.938196785595 
-18.5312492525 4.02298779427 -4.57125198472 -2.33659616336 -6.05997078263 -4.42766700516 -0.635150826564 -0.0555086636131 -4.95003408503 0.469814127819 
-17.0216714447 6.58772395485 -5.33269463376 0.165425199619 -5.86112458285 2.01573325537 -1.92166631179 -1.2014648758 -4.08361112292 -0.0669560300459 
-14.5251880276 5.03903172506 4.91793846838 6.68295260122 -6.37797137337 8.90803807298 0.0625238965121 3.31974254571 -5.07430220039 1.25396523903 
-12.9915569084 6.39116533301 2.69484475231 6.91506116674 -4.618455731 9.69374746513 0.0320039072741 1.7330273722 -5.05857244835 1.26776626264 
-15.9135954737 6.49927611174 -0.252702492816 7.39782786812 -8.17657867708 6.28554288105 1.91301181808 3.35617808086 -4.0949383133 -0.426771197203 
-13.8118038017 8.77769708761 -0.481033059212 6.71695611397 -6.78063592419 9.06069533575 1.03781268816 0.984290787957 -1.99083296241 0.526150923111 
-14.2557125089 2.52629803771 -1.65905239293 3.33221630297 -6.63783076594 9.94831606285 -0.118937951473 -1.28935016262 -2.80008609601 0.129955602943 
-8.70199881736 3.98109665454 -3.26221233386 2.93054238244 -3.93814497983 10.1440062629 0.786341898125 -3.68023484272 -2.80339636528 -0.657740317987 
-2.0955170702 2.87426181907 -4.33793532181 5.53569752329 -5.25784435615 8.56778548898 0.396276111526 -0.537931813698 1.33740169214 -0.955262950831 
0.64731878459 -0.110830513837 -3.75822603461 4.98050385657 -8.58789122059 9.56127317592 1.02760987387 1.14402971392 1.51312042216 -2.13338590072 
8.35062820464 -1.90001170497 -2.43278342274 2.94500046217 -3.59807986933 10.1729543534 2.69245425584 3.78333649974 -1.29043504667 -2.49847139427 
10.9079639293 4.93979077379 -1.92995816044 1.18522613554 -3.40852503183 0.148898885173 7.23984218602 1.21128482133 1.82559963272 0.718369946975 
12.2493469796 2.66923638878 1.07778865469 4.92226421218 0.663628876324 1.16082890242 8.57203822614 -0.664701206809 -0.377436357307 0.323925064439 
15.8599168245 9.15191226342 -0.872494536113 2.94714599448 -1.94560457166 -1.54956301861 8.58223218598 0.147702599879 2.79724446435 3.49964467208 
7.59401323321 2.64958439492 -4.59137764702 2.0708420305 -3.8901645309 -2.98769348653 7.3529046646 1.27653493292 3.64498044861 0.703155612287 
2.33150096354 1.45740134574 -6.79218302462 0.724779503314 -6.65405290327 -4.83336176726 5.38736459912 2.00715327765 3.12944620123 -0.404032780159 
3.36237330156 -0.464604011125 -3.9824664104 0.866596196014 -3.57540843337 -4.85868228408 5.05142640983 1.91962318633 -0.295267392192 1.47422056251 
8.62415159031 6.48736266507 -1.65226476942 2.23923976129 -2.60645602313 -3.91548714688 6.26421005643 1.91950523224 -0.0632182910275 2.51340244703 
3.76105662302 2.59305211602 4.44581220529 1.93755272312 -2.85322924261 -2.68231945329 5.85689593824 0.262928359674 -5.01142415697 3.44000146735 
7.69878383239 0.818534246382 3.14413121503 -4.01001469709 -3.0918722339 -1.96050512547 4.20159690541 -0.222277181834 -2.66451261317 4.21401943977 
4.35581894702 -0.322400878589 5.15739188483 -5.16042093344 -3.03237437542 -2.01032677878 6.41801600273 -0.522572139287 -4.3584510676 5.22441567779 
-0.595812177336 -1.68537912668 4.35320792565 -2.54909269029 -3.68020662258 -1.98471587781 6.07703310975 -0.274680880093 -6.48527700247 3.37799730702 
-3.11452645331 0.318400164783 2.09811844907 -2.24083793371 -3.1102198366 -4.00769906909 6.23506452774 -0.652866551778 -5.14263660444 1.96095107129 
-8.12312489477 -3.96438884822 3.21419023505 0.337422064476 -5.85185386384 -4.12611934525 3.49318681578 0.537525186042 -7.23199986144 2.07120245988 
-5.14993380563 -4.49766285125 2.43229103417 -1.91998941217 -6.3029006644 -3.81056785238 3.86759560037 0.666527513952 -6.3813977333 2.59212094491 
-5.4280921923 -2.75655590617 3.5756817006 0.399396002062 -3.74244519719 -1.46322589689 3.3681591331 0.660495128593 -6.64085558669 3.53400224531 
-7.1694637159 -5.29923673366 4.42194129589 -0.882968307522 -6.10211376686 -1.28289995669 5.56714611053 1.5646834703 -5.6306961598 1.41496894193 
-3.86919229244 -4.9322900101 3.74218701582 -0.100832144636 -5.23171835221 0.370769836536 5.40784466301 2.31629245273 -5.23456223295 0.401291381062 
-0.807379469611 -9.01262135985 2.38620032096 -1.28804689095 -3.97408237267 -0.500697846765 4.03325936942 3.20358304621 -3.96036793641 -0.505008677829 
-0.446426956829 -8.56794032717 1.74878168274 2.44253246768 -2.92627413891 2.30100521484 2.52185452112 4.0030308909 -3.70981260021 -1.47542989093 
-0.971660031263 -8.44082204411 -5.44331466127 2.07947480208 -5.22216488608 3.50013659868 -1.56436365855 5.66904817736 -2.00453408182 -0.0874708474152 
-5.4947471903 -9.84106729209 0.614776359552 1.48067499627 -4.31538216051 2.34987332291 0.79274330914 2.70361997539 -5.11750754809 3.97739733661 
-3.09915737216 -6.80211534943 0.462978640281 4.35515171157 -4.94619449094 1.47248661294 -1.03384173365 2.76755267884 -2.6409083873 2.64445083463 
-12.8336826842 -1.8978871704 2.84204356837 8.80941598166 -8.08985655738 -6.96876948255 2.62978872944 -4.92784814056 -1.75219407871 0.952606907044 
-10.431981303 1.69087976341 4.01746768311 8.26140690294 -11.1144506262 -3.00171277726 -2.44398652962 -6.36557506803 -0.274360788468 0.305296004675 
-11.1041389539 -2.85510621664 4.09169841668 9.61153799771 -8.42682440711 -4.45621561358 -2.18650776649 -7.83341259646 -1.74705519763 -0.0190087158075 
-10.1105771136 -1.59634227339 2.52931391355 8.5721716467 -7.81548418199 -3.80935618862 -0.969296372699 -4.59474074025 0.625627227103 -0.905555253114 
-5.1442165516 -5.44652160249 -1.60659523732 11.7545409902 -6.70216223413 -5.37574737238 0.072070045976 -4.63605567601 0.330928049719 -1.30914538054 
-5.582769655 -3.84621369121 2.54956916995 9.97912900666 -5.89642871733 -5.9347317451 -4.30183683025 -3.16844171955 -0.0857930721313 -2.5412940659 
-2.5521381737 -7.82055476054 3.22580939022 11.4446767444 -5.19507709522 -5.77931704478 -2.8800178875 -5.08070034373 -1.9505953535 -3.1556517478 
7.35850676172 -11.6441693667 -3.27679762106 7.01651957587 -3.48724850016 -5.23461866128 -2.88933273231 -4.67070234755 -2.39697089223 -3.97916688132 
14.9813964454 -11.5459629752 -5.60173885636 3.82905577151 -1.49608328261 -2.13260897337 -4.88442940089 -0.411756477492 -0.653402411405 -2.98973922387 
8.61730417795 -8.29426272515 -8.27766559428 2.08861026233 -8.42452924605 -3.20768024571 -4.39610795675 1.10199979526 2.42052548634 -0.409644510032 
13.6147194966 -2.16976320387 -10.6395112905 1.30334637862 -5.44219869749 -2.39242982466 -5.52250504892 2.38240262919 1.88747424511 1.18517682895 
16.0995747779 -4.22328454961 -8.95699153069 4.14111011803 -3.98419502857 0.253494277026 -6.14642431731 1.24206051832 -0.367946553792 -1.13981626131 
16.802415969 -7.59071775125 -10.5312265969 4.62083495936 -2.77331395749 -1.29022919973 -5.14543735092 1.6174549671 0.236409851341 -1.41848243606 
15.0550512801 -2.99379356319 -11.1398038222 4.23224550296 -2.77298744767 -2.1676823425 -5.52284009134 0.431813402103 -0.852975320186 0.919436023769 
18.8951191993 -5.76861342073 -11.0528747411 0.981034813997 -4.27234171045 -1.40638371759 -4.38106302597 0.0887888306271 -0.224705998069 0.25135567977 
17.2587797412 -6.65557630746 -8.18291496884 2.55343862803 -3.07330082498 -1.79497977256 -2.38436048764 -1.75307593174 -0.762627678026 -0.871304733094 
24.8046630696 -3.51399578325 -8.30275463371 1.33103993934 -1.93857679147 -0.443951207786 -6.01479742187 -3.61343812399 -0.17959332415 -0.199009495437 
18.8063567699 -2.07107357439 -6.2959996099 3.21015756749 0.528925641283 -4.04378084428 -3.1930922944 -4.60934956855 -2.39516012452 0.947863436559 
13.1308585312 -4.29863105181 -6.30290754217 2.69006740344 -0.516328449929 -3.87447887494 -1.04066144618 -2.2760658771 -4.16389334234 -0.454634971155 
16.4854581986 -7.718705582 -9.29647807511 2.40873921778 -1.39318771928 -2.246083738 -6.50012940987 -3.03613186866 -2.16140586797 -2.92158066698 
17.9042449495 -6.88982813078 -7.7321080642 4.96443759494 0.361710250035 0.0690010102377 -3.6758013436 -3.1725795204 -5.03821890618 -1.370026818 
16.1396709025 -5.2915735788 -11.0278910094 1.91438851666 -0.764375333768 0.8693331676 -1.91787773875 -2.69795436328 -1.15459491629 -2.6250007486 
3.98242379633 -5.68341516985 -10.8665761873 2.49479955768 -1.93984699315 -2.65906098235 -1.23623980956 -3.57858280134 -1.47392866211 -2.28518917037 
1.81743301147 -5.23712535081 -5.79832496821 1.50252890455 -2.63522315808 -2.57211760249 -0.440125796449 -3.1320575451 -2.13932909915 -1.09442013065 
0.225703110323 -8.34423452324 -6.23678573911 0.482688285802 -3.93075291116 -2.46931374263 -0.707304701334 -2.52994614711 0.351822448909 -1.77333640676 
-1.69664977523 -10.6764695545 -5.44640890192 1.6104196071 -2.69808034065 -0.240867492766 2.17634328227 -2.43486174121 -1.4092333434 -2.83234630954 
-1.49272643205 -9.74503829162 -7.43277359705 -1.05886896319 -2.71839738087 -0.425179975513 1.92590807716 -0.198118357253 1.36306604612 -4.59841287651 
-4.16687045692 -9.46857556676 -6.43188480529 -1.31370607233 -3.06282498501 -0.314982089512 5.10919358814 0.538891054761 1.69812567474 -4.84038845076 
-7.29973223254 -7.15014293211 0.171371077467 -1.0891148039 2.52681286395 -0.927823976898 8.24854949577 0.974815868843 -1.79765331951 -4.57047227682 
-10.5361169596 -1.19756234134 1.87384233248 0.882834865663 0.914150331778 -0.815614146056 7.82546178957 0.550022865519 -0.980578521789 -1.18854847179 
-9.62957699588 3.39355368937 3.4780053191 3.67939198314 -0.106350996371 -1.30426747657 8.99792877303 -5.0925721515 -0.830568879996 -0.552117522046 
-6.88964644542 0.21206035221 0.755454509181 2.99203150948 -2.44829451276 -1.57234063287 5.62040882004 -6.29697197617 2.68205056897 -0.508230178571 
-2.30005183157 4.63682757367 -0.979785563213 6.4199439781 -1.83615606112 4.15614227276 0.859684945316 -4.89536256272 2.15223194569 0.299746596702 
3.99439629858 4.67528207352 -1.03759998279 1.62857069538 -2.31867144205 6.16627715982 -0.312222204039 -7.1330127694 1.95243530119 3.47292241943 
-8.25414808103 3.55444247435 -1.38085403651 2.42201733339 -3.20845383448 5.12526350048 0.787586951464 -7.68523398777 5.51087807574 -0.35183795624 
-15.1301305751 1.57356240059 -5.01948755203 2.1045132267 -0.671299301678 3.33696979348 2.50954430367 -7.44122480689 2.9370342192 -0.28947637974 
-15.9967112188 2.8316629528 -5.70995390435 1.82779166693 0.598892238291 0.530016315041 4.21873874321 -7.00326144653 3.18301288217 0.894048045893 
-16.7142479197 3.87568321656 -4.49218988687 1.76416339267 -2.65577239719 2.2456491814 3.62628986218 -6.94095806899 2.33820735351 0.0641866878813 
-7.98320542818 4.61141851133 -3.65449713062 1.17821286246 -4.17022346448 4.12799308818 3.37597864536 -7.31436900513 1.24177727043 0.881575948494 
-3.17365587042 4.57898475162 -6.22066198526 4.06179768853 -5.04390978024 5.57417225005 2.40546714207 -4.92832333621 3.54614400714 0.526877132895 
5.64555833987 5.21716841969 -5.35404379874 -0.615716456362 -6.33025825673 7.08059606802 4.10588905478 -5.18682056077 3.20450990767 1.48724852269 
3.69729931094 2.6158785702 -7.07931856457 1.91035772338 -8.16291511234 5.37107272852 6.4865782163 -3.12597950928 4.09816111852 0.04659170984 
5.19276061352 1.22022401035 -1.18928346123 3.49468651396 -5.23334963082 5.95113671146 8.82414214304 -3.25661863548 1.33121900475 0.3763169646 
16.9311341364 3.13057226618 -0.477983510144 -0.109299508528 -5.11274828276 6.43058257347 5.87904920116 -2.04449091151 3.27793597757 0.172243625188 
16.5499681354 5.05527615885 0.440467941208 3.62438349957 0.401507423467 5.67873051298 6.05546845942 -5.12130156265 -3.09436574615 1.93084041701 
21.8643889133 1.19945952615 -2.31769415679 1.06584217779 -5.31105707728 4.8311374893 7.61655639439 -1.41972230529 0.262655781523 0.708165824265 
27.750195224 2.67976608827 -2.49500704365 -0.70196709063 -3.55187806278 5.51731516378 3.90550592681 0.107262595788 1.36383875174 2.36405063376 
21.0734304831 2.29629040777 -0.121519894579 2.64406871295 -2.04004307343 3.03182292615 8.42377119604 -0.0468900564677 1.06630709213 1.81281570808 
21.6328974171 3.22114360187 2.7923277649 -1.21810537222 -2.0341234839 2.71252827837 9.91309426001 -1.09607957755 0.633163793746 2.14010345347 
20.6927117072 -2.50099408815 1.38757174755 -2.52991546249 -3.53605950017 2.26853334769 7.21241495424 1.78262961729 -0.680995063405 1.14466833333 
17.3166928948 -4.47638211775 3.1409211093 5.34668872664 -5.19039241969 0.339706116991 2.25419725384 -1.03037445372 0.359008973452 -0.159558016637 
24.0437799697 -4.16987059059 6.0091587157 5.05792911885 1.94731972608 1.23341157632 4.27296697949 -0.0283961566763 -0.193558238554 0.101647032036 
14.8725548433 -1.64059786919 5.1811383191 2.76995181953 -2.99943613996 -0.549918357919 8.31020310696 0.505654816418 1.55530745293 -0.882719971777 
5.68748891909 -1.96136801832 1.00988087799 4.59257223706 -4.66950036132 -1.55545523576 5.4246227759 3.03613221095 0.65024836961 -0.473973230855 
8.11973102397 -0.552449760296 3.61363495285 0.58301401268 -4.96854978942 -1.01941408958 9.58185937178 2.44697887316 0.362234999067 -0.739950213156 
8.99189746605 -0.0153886960089 4.30027975037 -3.13611855063 -8.84359246396 -2.78114696148 9.96311362176 0.0506219839823 1.68270288793 0.443438992043 
9.66653889139 0.318369027369 4.52281145001 -1.59049287036 -7.48677953054 -1.21377156752 11.171620284 -2.34694618108 -0.484389232129 0.545576710239 
9.76348170799 0.112064061325 5.49463422757 -1.18706116807 -3.29687832466 -2.77258609243 9.87716632931 -0.424736080315 0.446798506666 0.569409106918 
5.80559083437 -1.66993725201 3.66070012715 -2.09325917217 -5.57177816251 -4.04635078545 8.35616606808 1.1754995819 2.21913319343 -0.610894784338 
3.70061629997 -2.43367004662 4.34067477298 0.337204561963 -3.39585032133 -3.84322091551 9.84790945591 -0.564160147764 0.624476756883 -1.62176068176 
-2.99020375991 -6.6099956903 -2.85383408185 -3.04527182147 -6.14881185519 -1.23003863522 2.61921476617 0.576274622878 -0.526192804464 0.363845193208 
-2.96247258733 -7.147655128 -0.625808784841 -1.66370349099 -5.36560592235 -0.492326481633 0.968036023673 2.66385382831 -0.800271903205 2.14380314815 
-2.16574826593 -3.40940737603 3.8533378674 3.11728391173 -3.77933154256 -2.41095168272 3.72231822075 0.397133496008 -1.77940857519 -1.84526055568 
-10.1872546604 -1.79601334998 5.72423716445 9.06161582008 -7.10713774261 -7.28448896665 1.25737820198 -4.14587483821 -0.778458799042 -0.530065635 
-8.3415517584 -1.12442526301 5.48430988356 10.3078364449 -5.14770399743 -5.74390505969 0.42909735669 -3.22573195924 2.37707493165 -1.64595906184 
-2.63339472979 -1.24096525448 1.68893664702 8.14703493841 -5.35465365292 -2.02712856346 5.00389640633 -2.44977000167 0.316381298761 -1.23047148229 
6.83879544092 -3.21348198761 4.50235703081 4.79221439949 -2.40360777206 -3.30537540488 6.21036397085 -6.46576614165 -0.197986988718 -0.1753586104 
11.416911274 -5.94185849321 1.43674645574 2.32133945195 -5.28930857265 -1.35034720142 0.202196049242 -5.4042849261 -0.235629930293 1.23800407129 
15.8328236181 -7.24015778772 -1.05040020242 3.77438809722 -3.75950187772 2.69218203579 1.89433360398 -7.22747930118 -1.9791868134 2.38870418973 
19.5987520165 -8.0658458751 -2.27657973301 5.88795950134 -1.10916402085 2.44765613755 1.91044525639 -7.24458217255 -1.56782407459 1.56683927766 
23.6033087746 -6.68642165182 -5.71620953188 6.45922688236 0.480763411796 5.38898103333 2.46508287369 -1.97958355981 0.261092875673 -0.446574194419 
10.8830534691 -4.43686925852 -2.13597825395 4.4340519112 5.09935337475 0.616445605289 6.70157599276 0.00669948722017 2.60393189174 3.82252790958 
7.14257552812 -7.14849586881 0.15337959897 4.56002948171 4.62142871847 -2.37725726746 8.62194892371 3.09644894226 1.96636174491 3.02754864951 
8.13548398612 -9.7707934429 -1.96750474436 5.71861662882 4.69379604167 -1.25870142677 9.11574463016 3.43377349872 1.96277170518 0.962555500564 
12.8748721931 -8.8181038309 -1.01444579136 3.99971052652 4.61222558265 2.64322138525 6.24005506875 5.64347293174 2.53773470465 1.55777370689 
12.4951660113 -6.50104552455 -1.48267443518 4.54107469408 5.12374144579 3.56905933936 5.9629270933 4.32030246718 -0.248482201386 2.1650611496 
1.6824453683 -10.1818078102 -4.59120060217 3.40714837286 1.37090974281 2.16609024904 2.82927890227 5.9660121687 0.846130808396 2.71104576735 
2.62630990263 -10.1701355249 -5.83142701901 1.24701902927 0.122028280882 -0.638218038315 2.49238229487 3.94953765435 2.38632745555 2.44538744694 
0.323070526866 -14.4503582134 -4.35357486962 4.58288122679 2.42297031043 1.46291934705 3.70047780055 5.49370747715 2.84686665377 3.06880274074 
-3.63650110145 -14.5377024082 -4.47582880606 5.04752929221 1.35575515278 -0.701283808799 2.89700753574 5.14978115865 1.96438870017 3.73091511859 
-1.88668634318 -13.7025047772 -6.8398372649 5.20261727056 2.94475496734 1.33866339644 1.00464610031 4.81064881966 3.64363367859 5.20258417926 
-2.47194344493 -11.9164490452 -7.42248214245 5.909002794 2.73715133681 1.87810273049 0.264131294292 6.03814684881 2.86388135357 3.14957208673 
-6.10088771837 -12.5609842128 -6.06573234524 4.48609496468 1.44235252265 3.20497339327 0.836549930654 5.71495279608 3.13197350482 5.42790329987 
-6.94705450335 -8.57902119418 -8.15208240654 3.30417779048 -0.278015916034 2.76143299652 1.65338796656 5.77239225996 3.5479148158 5.24822639238 
-7.04176146625 -8.4427659093 -7.62752540887 4.50529146772 0.717963936697 1.24958960108 0.972788149217 4.160357819 4.26990191329 6.22918446924 
-6.44951214655 -12.061621105 -6.02946317377 7.90428074359 1.24849474683 -0.326553803665 2.02696384246 3.80897202872 7.34845954632 8.33139903252 
-6.83327986251 -9.30342000676 -6.51662131179 7.8174602802 -0.145737642862 1.29378553573 1.85150633714 4.33359657905 8.15301114524 7.68591430523 
-10.592181996 -10.2859217137 -6.9099656363 6.60123445926 0.488053744312 -1.70598604972 0.627634018199 3.69372974051 5.81178014432 9.58501934928 
-11.2527124573 -10.7857418685 -7.86476206906 7.48790417642 0.0847589787495 0.249244657449 0.982057966649 4.17943367506 7.91820903686 13.5504824678 
-14.7729949784 -9.69474496393 -7.45283577023 5.27645853206 -0.374565401769 -1.83886888863 2.18561871194 1.51505792218 7.03074199136 12.7199860984 
-14.4118458527 -8.47634025323 -7.60988607633 6.29222304423 -0.239334122117 -2.19649741485 2.28651964853 1.35560080713 6.70619554344 13.3160508704 
-14.2913364314 -11.2391825343 -7.02269844172 7.15702966331 -0.0193451059429 -1.6993003178 2.16418731902 0.684996904604 6.87217225591 15.0006326232 
-15.7741647424 -12.564545935 -6.11468750555 6.18139375337 0.208233954515 -1.90950529665 2.3567306597 0.299428262835 8.39271777184 14.927563104 
