10.3155707937 4.69194158882 9.46029139111 2.08620560105 1.09546190442 10.5135054876 2.53692613983 -0.703303681245 1.01064226488 2.02271585646 
10.7373501527 4.63759594068 10.4133031081 2.66506893368 0.825048276469 11.3994633658 1.48708988954 -1.55580530147 1.60040209804 2.09976333862 
10.6695942481 3.25625362536 8.80199726061 4.28948327845 1.60774682412 9.70092731554 4.01714386007 -0.679614977161 -0.845005569328 1.52082624722 
15.004801732 5.67075358288 12.1595242046 3.3259968403 2.63962966623 12.0732097564 5.35659962703 -2.00150289901 -0.235079216673 1.5820416955 
17.4813642802 8.93725403947 14.456857252 0.394313712082 1.83066688771 14.5694029871 5.93325453028 -3.17097543625 -1.41834008593 0.98439497413 
17.4686841903 8.2655398067 13.408294793 -0.750329353096 1.93450344185 11.6507041874 5.62850868506 -2.24168515592 -2.05852159933 1.50146792291 
16.3088532474 8.16055475572 11.1945237314 -1.80331120454 2.8441364011 9.73847634305 6.906800686 -2.25105381535 -2.40245818023 3.14990427299 
15.9864050242 7.18039104209 9.94474956427 -1.20988826425 0.983063137839 5.89052058115 6.84247695629 -1.53974622176 -1.93232722563 3.17181117474 
15.8723707178 6.21026516505 9.42155903178 -3.40998792978 0.875542615998 3.27108699472 5.53810729425 0.133207215655 -1.4203254874 3.31057338239 
12.9697582323 3.49474091696 7.06529338932 -3.22038452316 2.69409102792 0.967485866077 6.51875138787 0.811802616217 -2.80345363949 4.25433421629 
11.8507023397 2.14087047883 4.35052097496 -2.60722258328 4.57759122969 -0.0174792444782 8.09296505892 0.344612756991 -4.78430281534 4.58332619248 
12.2574534492 3.22418442731 5.2464733857 -2.40079781881 3.37740640261 -0.256773855946 7.37820657545 -0.315678248623 -4.54422145581 3.69712049483 
16.6109064571 6.84843982491 8.46594585092 -4.8727183666 1.8432149325 0.343822667025 7.66422696996 -0.946947028571 -2.98156886565 3.84446869058 
14.2093659444 6.85766302849 5.72930038923 -5.03016528091 2.444108055 0.0383654837151 7.2858456803 -0.736306750093 -2.07268407685 2.92555644734 
15.7766509746 11.5461007074 10.0903346209 -8.00719080156 2.26973471491 1.65514870197 4.95831409777 -0.934936833427 -1.22538315274 2.28731161359 
11.8548214211 8.10171154225 6.10292896431 -6.56844805572 4.90540128194 -0.755140396625 4.37988514866 -0.58900896292 -1.65188579601 1.6192180881 
12.6648298479 11.0393710236 6.24823441359 -7.85282781703 3.97841378829 0.347492278278 1.90180824704 -1.63794709585 -2.28765355988 1.85649632333 
9.25475663145 9.8687393174 4.27838837326 -6.75820041565 4.79466231913 -1.66105047281 -0.35117029139 -2.46998655486 -3.42273709003 1.57340012164 
8.79324385768 10.0527792248 4.41129317216 -6.64649770007 3.32629625026 -2.54244133246 -1.95969432617 -2.91756529659 -4.65484253168 0.72405998495 
8.62706322041 12.4202667927 7.78454959134 -10.6443715597 1.5569329563 -2.80635159201 -5.01103905422 1.45743215293 -4.45326466264 0.699357398571 
7.72173139941 11.2819737795 5.64772058044 -9.78372995955 1.13161150591 -3.39895571397 -4.78583281643 -0.138625886812 -4.63458170364 0.610484521651 
3.69126139616 9.02745930094 0.883435882518 -8.73357823728 2.6742915756 -3.22846798645 -4.97682918268 -1.19310109857 -5.12580527263 0.238062428403 
2.0448004381 7.02788754018 0.905066147484 -7.54148005331 2.74293549056 -5.16793769141 -5.80585841936 0.0303441542407 -5.0244292633 0.636142867551 
3.12406366708 7.32070266281 3.02131646024 -8.73998159076 1.94131519641 -5.5941803988 -7.03793723327 0.148850984955 -5.5879024782 -0.0366376916291 
1.19334587095 6.88333393285 1.41460456594 -9.04186075723 2.22561252373 -5.57142924691 -7.40251673948 0.547840459019 -5.04884575297 -0.439146453747 
-1.13526072605 5.88383466786 -1.48287550796 -8.2318027913 3.70781378926 -4.97900753141 -6.44500207689 -0.837605864287 -5.16532224752 -0.48029794668 
-1.31022140487 8.35714562646 -1.9234161173 -8.34298010715 4.28872188773 -4.29161832927 -7.91976088017 -2.57460786196 -5.25964446146 0.484331171102 
-1.69620683181 5.93769762565 -2.9036727113 -7.59791420312 4.53531332547 -2.66013678729 -5.62971572402 -2.35066500361 -5.02243735058 0.680709585565 
-1.69749087332 9.97500990357 -1.69474171194 -11.1583975891 4.47384546726 -1.77170242659 -8.26159933432 -1.59974569254 -5.14526162158 0.242556854496 
-4.25579378938 10.4672348541 -1.07720634589 -11.012683623 4.30739735432 -0.723324541272 -8.13044551807 -0.771146737672 -4.73834779407 0.297121724945 
-4.79670158805 10.0392599844 -2.84465870958 -10.5073533827 4.62235303218 0.11619747494 -6.0399066018 -0.510510523133 -4.68915901363 0.628920456403 
-4.48465921853 10.1988170602 -3.84576219498 -9.5019603427 3.39782798817 2.16354028971 -5.86081873419 -0.844785421705 -5.75026895371 0.79312907911 
-2.26322863419 9.57773841503 -4.98065184122 -8.03434483397 4.08139159253 0.893568697265 -6.72599067048 -2.07947232812 -6.24564390179 1.12069656259 
-2.90799121804 10.5238219898 -3.23740152559 -9.56416816909 3.48649362938 -0.237733599037 -5.94125835849 -1.20108407268 -6.31540921062 1.50293425054 
-3.52877909479 9.39560146594 -4.30804072464 -9.21764624559 4.61583180852 0.598751782248 -6.50568698376 -0.817194309023 -7.05879915253 1.49275081756 
-0.147436803428 6.54491741559 -5.49354911609 -6.16571853079 4.52071250859 0.137909052687 -5.91286014615 -2.87276392038 -7.63119809515 1.78622901223 
1.5715836017 7.89418270346 -4.49079865872 -6.37658615771 3.65859599147 0.818692194473 -5.91728774211 -3.30429088187 -6.78981333375 1.56898761982 
1.81500967135 8.87274943348 -4.06179453714 -6.68504687055 2.63111048636 1.5288629058 -4.16168988227 -2.91416859592 -6.39022321937 1.65218444651 
1.34317688182 7.81056077538 -3.21153590259 -7.12346599101 2.66671205071 0.833459757476 -3.58352487183 -2.43069786826 -5.96839542673 0.800153155428 
2.01809115768 6.79484837478 -1.16595627304 -6.75174098161 0.985369841237 -1.29223842388 -3.59846427748 -1.17814198905 -5.20389187826 1.54849573153 
6.68114842695 10.227235368 1.97100052169 -8.67929015701 -0.638528731397 -0.814625478107 -4.221788164 -1.07520372402 -4.73631158723 0.790309869406 
9.12423848242 9.35586010468 1.85466574802 -6.33007686168 1.53966673734 -1.4420010347 -0.239729077827 -2.25364464232 -5.24759916 1.34745259939 
9.51625373512 7.55435105858 0.257509990441 -4.1129013614 1.04765169533 -2.6488739572 1.92367432918 -2.31871730404 -5.90678975606 1.37594630179 
7.43396020893 4.40706272463 -0.375532003415 -2.9905668464 1.73198203817 -4.15885953455 1.26689610149 -1.14835214272 -7.61809057667 2.12032899502 
6.59239654102 3.7057799215 -0.135122212775 -3.09544745293 1.64302957668 -4.75098508875 1.62601839941 0.353633643192 -6.95285450104 3.26999175784 
8.35411176073 5.074856249 0.259342719102 -4.23486793148 2.78684942304 -0.521040316227 5.02996644321 -2.76862564108 -7.35270252219 1.99263535147 
4.42017090093 2.2688641932 -4.07912192253 -2.19122501749 3.88161198641 -0.749521262197 5.15848363536 -3.14372045038 -7.48645651449 1.25885527167 
7.66051317372 2.26170234109 -1.21767174783 -2.20507224669 2.58051216037 -1.99154940192 6.50902289733 -1.99942707043 -9.4726990818 -0.00676095096677 
12.5637929233 2.78476577059 1.58566912043 -2.53301569458 3.06240616343 0.938661812286 8.85239600855 -1.08624899367 -6.87716549168 1.947910011 
15.1174356429 2.35683714735 4.47715747559 -3.55974869551 2.92594989429 2.2025308993 7.56301052581 -0.14946894169 -6.41025012119 1.8122442811 
9.30570571139 -0.737393261142 0.562525041068 0.257243716417 4.18738357642 3.86974982136 6.42455558939 -1.74399936835 -6.26153451217 2.12983285948 
10.6684336179 -0.709047110288 1.43860854455 0.201723583203 2.76457348841 4.94224685732 4.14354281936 -1.59351190453 -4.0154186762 1.02360918676 
10.279039922 -1.91198835116 2.61635710689 -0.0774424382929 4.49173708218 6.36745679133 5.06236152655 -1.59532437204 -4.5170402879 0.255135502201 
5.65749387741 -5.26479846965 -3.9196306292 3.14424614373 5.21574209894 5.41863063932 3.79913395243 -0.852309307541 -5.54404456049 0.824423787668 
8.19166911346 -3.10221087865 -1.25376758651 1.73769174832 4.73650962055 8.23459383068 5.10879687847 -1.33041810157 -4.7218102819 0.0867845703269 
10.0073620875 -2.29853138127 1.65263812251 1.22824799917 2.72046090495 9.74941781329 4.32064036932 -0.806464833463 -3.41032261226 0.776563334695 
10.0493340231 -2.0866104212 0.667527372833 0.582653702219 3.74690864431 10.2831646448 4.09691924068 -0.753699251917 -2.39772746248 0.434460187248 
8.11571726206 -4.40068482393 0.202227152221 0.877416284207 2.93701454846 8.62575065348 2.62835775529 -0.418985399444 -2.46934281531 0.586912559148 
8.66687037152 -4.17414858894 0.554776015578 0.40355984424 2.53856843611 8.83234773234 2.18963146541 0.384957501659 -1.86739635713 0.333097963004 
10.4919350911 -1.82680857974 2.54270961944 -0.252104862924 0.804435305051 11.961941782 2.65356609662 1.04585359234 -0.373072442675 0.605533215269 
10.6017680451 -2.16013221027 1.76672945892 -0.438838183872 0.0785540685877 11.0783452031 2.23007941928 1.98983593942 -0.901163608625 0.0288581194502 
11.3840775793 -1.43302542751 1.29467655531 -0.913454365368 0.242629835287 12.1815716083 3.10122946007 1.61544517832 -0.90317792461 -0.664090329406 
11.40591396 0.0421748160158 -0.275260331204 -0.226840872735 -0.775163519742 9.56610843057 3.40785028554 2.1969026769 -0.669720243788 0.114310739364 
12.4450714134 1.07346473252 -0.828996170689 -0.0330679088473 -2.4972103454 7.28861035521 2.90447645613 3.09344574912 -0.821328605089 -0.143520291424 
12.0794737002 4.66192414478 -0.0530067544352 -0.469833893789 -1.54257063495 8.0547807283 4.03310380515 2.92723607868 0.468681288821 -0.190324047215 
16.2617608891 7.78705796883 3.58010803399 -2.71336837833 -2.14327960782 10.0810569897 4.47733734451 2.76754239593 2.19887260678 0.436223445752 
17.3408957587 8.80282404348 4.55570102475 -4.2335967856 -3.24766188028 8.00462149877 5.0485254224 4.0316946528 1.8584867618 -0.373956373218 
18.1651702518 8.47182446392 4.18915598143 -3.31375483707 -4.62672850745 4.81392467914 6.31372782802 3.05155701747 1.555739341 -0.435082900466 
17.8070146065 6.79675604973 3.99672803927 -1.33504724455 -3.69514779137 2.47961627544 8.05560054222 1.6556885483 -0.56112747569 0.346902758999 
15.7376494386 6.10538091596 2.18871431362 -2.39225548163 -3.90102230758 -1.49137499046 7.06376757741 2.29466768923 -0.467442219271 0.436817855524 
14.5532019791 5.25499402105 -0.847073631125 -2.53438693931 -2.1056487773 -1.91645643577 7.42608856778 1.56606353095 0.616851698359 1.10206252366 
13.3933589955 5.82131433282 -1.98672189007 -1.58965286311 -0.795200665885 -0.30019653526 6.30021254064 -0.876529648765 1.41067856323 1.63505375484 
13.7150783869 6.08620453798 -3.07248703794 -0.555451688597 -0.822559225346 -0.352713673302 5.76207194167 -1.37307380955 0.808464112056 1.14714265839 
11.341551487 6.44763052227 -4.77170253256 -0.728986463305 -0.193392795487 -1.19940901835 4.47593805342 -2.48115436182 -0.702175352994 1.21004085338 
9.63651199191 5.35230355196 -6.75462741279 0.733012446634 -1.2862805196 -2.31458674523 3.99426078875 -3.02238202615 -0.352900066615 0.665768076509 
12.2783438573 7.94065429986 -5.15433384917 -1.44656120816 -4.13847970463 -2.40956944011 2.73993491584 -1.83341617302 0.652164188419 -0.641970909089 
11.1445914999 8.09984340425 -9.00141880495 0.466237731578 -3.56598846237 -1.35169437024 2.88290464797 -3.28715894725 -0.609499319614 -1.0188335556 
11.7522781549 9.83419088437 -8.33617999508 0.885516181292 -3.14352291932 0.423910913865 1.79462785441 -4.28263592402 1.5380085685 -0.996870020107 
10.220371448 8.87641834217 -9.6794747103 0.324764006665 -5.83484675458 -0.34645115469 1.83895805942 -3.68786835628 1.069847058 -1.51522500533 
8.78483600811 9.79474201055 -9.96321916858 -0.219072155421 -5.63338555585 -0.754071311281 -0.794304278638 -3.51839983135 0.926416599652 -2.36833934752 
7.97010706473 10.469016975 -9.84606411449 -0.680115676074 -6.20688595284 -0.0391673073075 -0.44623621046 -3.41176389214 2.13099206052 -2.60222001029 
9.43730403539 12.7735438473 -9.52803664039 -2.5940011153 -7.17130552596 1.64335484265 -1.25399321987 -4.14841559384 2.72450576452 -3.29621698987 
7.39956826549 12.3636773678 -11.5781447442 -2.23689406794 -7.25366499248 1.36595061646 -2.55035911098 -4.48640678929 3.06808254972 -3.01797402933 
5.45037582006 10.3719917919 -14.4289856583 -2.08885645015 -4.70935573605 1.65053525019 -4.70123979809 -3.731210856 3.20197935965 -3.34450664952 
4.91949780651 11.1680595805 -13.7335372762 -1.45160753758 -4.62932310943 2.62616197927 -4.76962804474 -4.28606537217 3.78922263691 -3.61539206093 
4.02759877547 11.1000603685 -14.0462181914 -1.72284484365 -4.9026545951 3.01398328936 -4.62363287641 -3.37637257378 3.70090553335 -3.10882380408 
4.53911953807 11.6536167897 -12.9840416023 -2.09133632031 -4.69505585296 3.40876936009 -5.01266138743 -3.83579499883 3.71384972686 -3.23726904657 
3.18221171421 12.5874320401 -12.0070056912 -3.01747735145 -4.08355449717 4.90648118839 -4.69451166831 -3.52722361445 4.78850874568 -3.11279563941 
2.97337943365 12.1666106216 -12.2236384762 -2.60817447827 -5.33123158874 4.92275772639 -4.07522547997 -3.5251565451 4.79826258413 -3.11097191691 
3.01536335546 11.4203693033 -12.8509958517 -1.93212161247 -5.46604878953 4.02846395867 -3.65340344141 -3.3913182296 3.95710204521 -2.80955196561 
3.30033696787 10.2844073586 -13.2825977725 -0.513869904729 -4.35333624848 3.92904906354 -2.74240201838 -3.46358282737 2.79809813988 -1.87243950932 
3.17447303441 11.4390318597 -13.0661534625 -0.653380519812 -4.23782929748 4.52057158748 -1.9247147002 -3.91986178384 2.48002714852 -2.01206299989 
2.27405682354 9.15721565843 -15.3415571648 0.0974084452959 -3.12973220089 4.22468969683 -1.86715712297 -3.31622379696 2.10765692722 -1.69653005872 
1.76998553191 9.81739435718 -14.0916616306 -0.987156212343 -2.9819714191 4.78245602869 -1.90605689998 -2.77029880236 2.1249620224 -1.26220400564 
0.532236719938 9.311533522 -14.2010906151 -0.193916924724 -3.67373005807 4.35241112333 -1.48892245053 -1.60932783517 3.00716713437 -1.12065753763 
2.57491304851 10.0529356919 -12.9622471691 -0.59773558624 -4.82242286791 3.70490142818 -1.68268464046 -0.812661234754 3.19861236539 -1.10777727476 
2.87642258583 8.95452894404 -14.8904401895 0.660780051679 -5.54295615034 2.19434324443 -0.673898199859 -1.15288020749 1.91711823485 -1.59819015819 
1.52433399827 8.75908697561 -16.3294185847 1.14139348011 -4.34079854988 3.83068320078 -0.29755162696 -0.733487076051 2.36492546185 -1.68791193231 
2.66626908852 7.247530082 -16.8330502825 2.75388440152 -3.89675656438 2.50420964066 -0.0435161632098 -2.09588546124 0.610259749341 -1.22437084561 
2.81751692001 8.23000500316 -15.6830971307 2.17714704282 -4.4687614322 1.98340645945 -0.541035192513 -2.73321494378 0.205282407633 -2.05049140011 
1.88209980272 7.47234011751 -15.9569900399 2.7232206458 -4.17949093367 1.6751963272 -0.859913148709 -2.8682934167 0.607895669862 -1.89538295601 
2.49501858456 7.69560083691 -14.3667112465 3.3025450423 -4.02708278625 -0.359507052857 -0.940018427405 -3.87485058065 0.366020022259 -1.18730491357 
1.73368684797 6.80537278499 -14.6404642213 4.71676339989 -4.94555359934 -2.88001623181 -0.793080140815 -3.47426030241 -0.513770130867 -1.59337943896 
1.7556953938 6.01174991534 -13.1807177844 4.83242116845 -5.63609067439 -5.69472952662 1.1582739822 -3.63103774112 -1.74698602616 -2.1883305285 
2.96026883602 6.54666047293 -12.7712322804 3.86297145299 -7.06786239124 -6.07131076416 1.45757383504 -2.79431503987 -1.7394107824 -1.4589730356 
2.06135542205 5.11205208453 -12.292727287 5.90175433385 -6.58864770918 -7.24581067338 3.50672603394 -3.63684753824 -2.74745011287 -1.54167083719 
2.05794220494 2.78981853779 -13.0645654081 7.20764193465 -5.58114000135 -7.05543573877 4.96138232848 -3.57000244929 -3.694232649 -0.843183583416 
2.61024288157 2.04613801206 -9.95686777629 6.50684505772 -4.92633693296 -8.64035654232 3.84091051383 -1.73561722201 -3.95541468347 -1.66773419445 
5.09798444361 2.28425333677 -4.58882889325 6.11201116499 -7.9165382414 -10.5125516028 4.10404542063 -0.304472460845 -3.5902736086 -2.89417353683 
9.95883243488 3.04651834222 0.1598097461 3.82002858052 -8.35050569172 -10.7153289826 5.54949406971 1.20131222328 -2.3273481041 -2.43307877579 
8.35724244085 1.38457875742 0.336402495371 5.92933046992 -7.12789091887 -10.006547215 4.88557732534 1.1504840742 -1.63089092525 -0.813791449093 
10.2018960253 0.971971838018 3.1769694259 6.73237320368 -7.68615725094 -9.8459561122 2.82133796941 5.37522300865 -0.83299760524 -0.376083199957 
9.68021594478 -0.257495318018 2.21818448455 7.28209731171 -7.38521379494 -9.55575942253 1.82993231482 6.25129503019 -1.98497281908 0.066985066357 
9.35417802595 -1.27627810639 1.8745911395 6.83100607015 -5.34867993034 -5.99039368349 0.553044476128 7.01983915126 -0.567441151384 2.27229776488 
7.9107078909 -1.20813110003 0.954283689269 7.99408654946 -6.19168320402 -5.61191368295 -0.326270456733 6.47034428985 -0.0216562917805 3.13467238824 
5.28696016808 -2.91741311422 -6.1835225423 7.06072695171 -2.97238047179 -1.47695381135 -0.643501224873 4.91120798217 0.214675824361 4.74213516191 
2.62282136179 -4.41745164462 -7.9645791036 7.96770447272 -2.57637016767 -1.86212805258 -3.42016975309 5.96896269111 0.937889878784 5.64832765493 
0.903255566788 -4.59699117503 -10.2928140449 9.27666866348 -2.20950408355 -2.79888095548 -3.37228645797 5.82750054924 0.594979236736 5.87840549982 
0.831446731969 -5.84195088461 -12.1764191038 9.40700506684 -3.81856745873 -3.92447910101 -3.82533145042 6.19889435289 -0.516612129718 6.9748135137 
1.03887648935 -4.1167696855 -9.76087890799 9.93975604609 -4.92500367578 -4.86501860786 -2.44943937297 6.22276641095 -1.00007001129 6.71501543091 
1.08624803542 -4.73993152382 -10.3342696003 10.6077576842 -4.61498956778 -3.89387530543 -2.78854422156 6.23450005946 -0.828081440899 6.79923394247 
1.71135404593 -5.55312359903 -9.46402328701 10.2163651333 -4.8656319458 -2.70787238045 -3.86947467876 7.81861066662 -0.588723968465 7.54181861151 
1.52394618664 -5.50194834934 -9.64131195526 10.3728851216 -4.81155087341 -2.34270956133 -3.92333339122 7.14343983368 -0.535574027649 7.86106558471 
1.1927260793 -5.71481193718 -9.66405420724 11.515677055 -4.516357098 -1.80733063057 -4.24448717189 7.20955701336 -0.954522536214 7.57496773901 
1.45224848128 -6.24360158823 -9.11027552321 11.9158278242 -6.18461695267 -2.20020936188 -5.31942756752 8.22823968475 -1.45215658569 8.19913338121 
1.24932323153 -5.85645977957 -8.62911867643 11.6272657569 -4.99302592298 -2.39204853285 -4.39587752182 7.00131688765 -1.23596552058 8.35412340259 
2.13441343739 -4.7447168895 -8.79706322701 9.23762114402 -3.99209170657 -1.715455753 -2.64304843881 5.50020865634 -0.636341444948 6.94691007012 
3.49558205363 -4.43304807752 -6.85382387393 9.53739625918 -3.10552979638 -2.18473463765 -1.90202853662 4.30114125013 -0.765515029246 6.00916612919 
6.52113667709 -0.992250086469 -2.89341100353 7.64481121778 -4.2491801816 -2.8486124518 -0.0261328751938 3.32917677129 0.0256216656039 4.186446056 
9.89159525947 0.424065348542 3.38726347764 6.38359456572 -6.57557901691 -6.33136717284 1.45693322268 4.72770267347 0.457516501854 2.11241952315 
13.9046403105 2.49962959695 7.58192534649 4.20315976662 -9.04281895363 -7.02965069939 2.79618165957 6.08001023072 0.563943038763 1.19547154543 
17.0332166272 4.4268045355 11.8139013244 3.28712343801 -10.6258700102 -8.55237076054 1.31654353851 6.04980968282 2.47873149341 1.13653967888 
18.3027206008 7.18875394376 10.0850054584 1.53668065051 -12.1135512635 -7.56391775098 2.4836165771 5.45643399513 2.64074986974 0.70998514108 
15.5593513072 7.04221168939 6.53755279303 1.95216096024 -12.0533173367 -8.30174001518 4.71427112864 3.37465546044 1.72645748714 0.254823732858 
11.5371241417 4.29760808156 0.407302611242 4.13802043164 -9.79077577501 -9.2821628285 5.86502264023 2.09231272965 -0.217356033854 -0.0687377330959 
10.1488685026 3.40848480376 -3.43274959503 4.37187376533 -7.87941731627 -7.33657555906 5.87561128075 0.790464208098 0.276152005735 0.614580790214 
11.618173956 5.6205048422 -3.2763324131 3.27879806827 -6.572947932 -4.43755295849 6.57112421777 -1.50824235793 1.7359713582 0.670627066121 
9.66136100625 5.04961371415 -6.25846246236 2.92083794987 -4.75854493062 -4.56943402456 5.88449848948 -1.93441511792 1.73967188543 0.490588915122 
7.78246759933 5.01528891112 -7.33675884811 2.8018897837 -3.96457269389 -6.02925253898 4.93704925709 -2.98344940611 0.824276944266 -0.182442404912 
6.03810303506 4.98376985233 -9.30017437245 4.00409087091 -3.73039176953 -6.14096891913 5.98104104313 -4.22209881173 -0.622113782238 -1.07719748689 
4.05697677268 6.53009321043 -8.67044959742 3.79126773843 -4.77200197201 -6.81129950213 3.98963604979 -4.72631061783 -0.916751757281 -2.67844441669 
2.35780956523 7.14939736357 -12.4064340159 4.17971006982 -3.55564665646 -4.5019294912 5.26241102563 -5.2151726941 -1.77163139062 -2.56548553318 
1.87265584509 8.0717564561 -12.2737263913 3.47010021825 -3.87509175761 -3.45371338886 4.57529642817 -5.31620997771 -1.79178477695 -2.77462646951 
2.42829891305 8.56603159297 -12.9720839255 3.38983527022 -4.21811805382 -1.58450382174 3.55417755288 -5.59111645639 -1.12418243654 -2.70051696786 
2.27449105042 10.4331567984 -13.326677763 2.38229802521 -5.05090825071 -0.14929331338 3.04539161663 -5.02241699404 0.560519559529 -3.34042477601 
3.01929680732 10.6879131762 -13.279812427 1.09156256286 -5.06493075455 0.0650483678942 1.97163241477 -3.74426514347 -0.114008779736 -3.16591907623 
4.0454593176 11.5031773083 -12.7437299687 0.140047518266 -5.6009881928 0.474316026682 0.707249496354 -3.99047158731 0.646399886555 -3.024401532 
2.72386663451 11.3490286684 -12.9322470746 0.717676729974 -5.15780166521 1.06462587241 -0.217414771442 -3.7846631269 1.68866848784 -2.52405422306 
1.81803237849 10.1097713437 -13.4634643316 1.25830276813 -3.96463235778 1.26346422096 -0.382346891334 -2.98097167512 2.56487241224 -1.48758323281 
0.985485678478 10.2384438862 -12.6041651136 0.957137412276 -4.83587793411 1.55817189456 -0.627727341101 -2.43900828664 3.81009823698 -2.20955814606 
0.223126842763 10.6842679005 -13.2588085088 1.1446154976 -4.42645184085 2.24778518488 -1.13319299496 -2.53302774192 3.70680426903 -2.32301208719 
-0.767135411433 9.93088989713 -13.937753509 1.52240264717 -4.17249923716 2.29791817747 -0.908006944348 -1.4792267063 3.08120957358 -1.66376120372 
-0.935281083853 9.40274643715 -13.9614404906 1.19511660277 -4.29174659891 1.75948900923 -0.613196943338 -1.08468659965 3.16651904972 -1.31724850115 
-1.46247104149 9.04870371987 -15.2338585936 1.59777569373 -4.4625738069 2.65362839698 0.287893993387 -0.667561042107 3.05689033583 -1.13736051112 
-2.5952700376 9.05410145931 -16.2485103962 1.82808333129 -4.00074799781 3.51537860959 0.611777590373 -0.529442345268 2.94643499271 -1.00177755142 
-0.565154514735 8.24935523666 -17.0855002011 1.60897973033 -4.34215618674 3.45774430966 1.13316500221 -0.0524395399697 1.85609084716 -0.557725818585 
-2.28552110778 8.60732540715 -17.2722867585 1.30030326624 -4.44447476145 3.13289961427 1.39755488179 0.805657373268 2.48750397396 -1.03640529685 
-2.42758510448 8.92712499946 -16.9303494788 1.3796599409 -4.09600922223 3.83496220136 1.96313897415 0.813296855898 2.79369864387 -0.807841090191 
-3.50132307932 8.77353714149 -16.7560034034 1.91786330602 -4.07226038334 3.29413926445 1.85823175564 0.613716268032 2.84680816071 -0.67335465282 
-3.24894580892 8.91969676243 -16.328524157 1.03057960915 -4.06606875488 4.11026015661 1.32805635343 1.69196550761 3.68578195982 -0.815984199538 
-3.1457764645 8.93362715159 -16.4701274797 1.63883932569 -3.76050228919 4.09255782561 1.65503904882 1.01724188154 3.77920496223 -0.54542598454 
-1.71726819497 8.37324839196 -17.1391870686 2.49097097328 -4.16142857314 3.25042757931 1.41081878368 -0.348345789727 2.88011756378 -1.1409736144 
-2.06842374136 8.2809794725 -17.659993009 2.93224292435 -4.50558396989 2.7869068431 1.94161452125 -1.40774412287 2.06771367699 -1.24191480407 
-0.863802716427 8.43256783987 -16.6430344085 2.25235258711 -4.19574351723 2.50111541828 1.59134892338 -0.437304064489 2.8755783102 -1.48347521331 
0.63270514701 8.26487899929 -16.5373975985 1.85708760193 -4.43165068847 2.18224052918 2.17014931363 -1.79528717307 2.63144827822 -2.14563846483 
1.73972402159 8.02702936164 -15.2152052711 2.61833895861 -4.15167795189 1.28458794296 2.64925918086 -2.83227898603 2.76705417592 -2.79989159899 
1.20616026206 7.62396728823 -15.4473538755 3.02674970455 -4.77775299411 0.853127153418 2.37897273479 -2.36609874701 2.63949997049 -2.8220487561 
1.28959901642 6.72392532755 -14.4471178017 3.58624410203 -4.53234028744 -0.252793681351 2.91369650626 -2.93998606633 2.25049016692 -3.01283990213 
2.4418026554 6.49513838576 -13.5600638669 3.3706309295 -4.99699301159 -2.03100454058 3.44195428039 -2.8697436159 1.59271477032 -3.37799686899 
2.50504130508 6.4251103398 -12.4572037577 2.55192070294 -5.94871191918 -2.97175218966 3.28106201708 -3.110338793 0.422830051875 -3.87611594455 
1.00978681961 2.91126471532 -13.9909826128 5.13706918619 -4.77904452302 -4.53905005739 3.78185926851 -2.51573456242 -1.03125220502 -2.54820351293 
0.368444408555 1.88107734124 -14.5478982614 5.49714700482 -4.07163067529 -4.286201297 4.00800549938 -2.34853429826 -0.826244344748 -1.30628602275 
1.63238411833 0.891963894236 -13.1051342752 6.14973317627 -2.39977625405 -4.01275299467 4.34875447335 -2.3002282952 -0.827252082524 -0.499763535997 
4.10313832112 0.110447286179 -6.57063846172 5.1530155634 -5.39667587592 -8.00079462855 4.0232129059 -0.178479836128 -1.04728357477 -1.71599715678 
12.089575171 0.969498683445 0.246615751222 2.44731932299 -7.53701350951 -8.21627376609 4.26429566043 3.37803407536 2.23520348425 -1.15250811131 
15.3222018471 1.88680598779 5.20252056694 1.20313107001 -9.10819548385 -7.11843652296 2.65636101157 5.17427861649 3.02292722862 0.0290971105193 
14.2489836061 1.22628963245 2.17917253374 2.83578797172 -5.90043950683 -4.31430300103 3.34147301732 4.66144523766 2.30151410608 0.997400279364 
8.84180537429 -1.77618974824 -2.06573383387 5.69751142159 -6.04838759775 -5.98382508982 2.2454559455 4.12246380074 -0.409841125717 1.4701045813 
6.67625010405 -3.35432042476 -3.9254163194 6.00746803063 -6.24436509431 -6.50844794695 -0.0482392281555 5.05494990385 -0.17529069342 1.89624881606 
3.92597858437 -4.81225298549 -7.20499065123 6.25476919757 -5.46107828787 -3.09065705452 -2.88202043993 7.28895832031 1.09899961839 4.34463640554 
4.05806782674 -6.72209375592 -7.70230416172 8.395008973 -5.50361828094 -3.16200030488 -3.8008898682 7.52433231655 -0.177223038681 4.94107771414 
4.862569989 -5.26894361211 -9.10542737647 7.62230513612 -5.23588375625 -3.10291332451 -3.09921352205 8.07821450736 0.27059558493 4.6737228314 
2.40570472564 -6.05441081769 -10.2039625223 9.01129286322 -5.26742417753 -3.60480224574 -3.80172645273 7.23232877854 -0.860211526394 5.83879884265 
2.41383152245 -6.03422052468 -10.2200439625 8.97124609904 -4.68143918523 -3.50305838392 -4.092513772 7.12238935578 -0.955259153537 6.0479924979 
1.8831513953 -6.37041179698 -9.47332624532 8.63436827334 -5.91294521495 -3.9841835502 -4.00318660794 6.79608734466 -1.40923430609 6.13796033465 
1.17470173771 -6.28669758248 -10.6703038467 8.47929782029 -6.16784358922 -3.82887852369 -3.81108867643 6.56172329305 -1.31329234557 6.41459889579 
1.8767099841 -6.59777526103 -9.87744809158 7.64816793101 -6.31390681573 -4.56180076551 -3.36531836532 6.77398358447 -1.31160405914 6.22929699785 
1.9932403779 -6.75994069148 -9.25262253841 7.44263039817 -6.49993665011 -4.47881614117 -3.38888130357 6.88646529018 -1.50497592019 6.54167635066 
3.13619411575 -6.57522393171 -8.49786014472 7.99940653453 -6.93148636357 -5.98338906914 -3.40789578979 7.57594877669 -1.14848990663 6.32249979463 
5.27084206363 -5.87317464749 -7.31224286033 8.10018394671 -6.59603643094 -6.22268620433 -3.48165673333 8.15669734394 -0.176614960739 5.20277196571 
6.40050698133 -5.11538657527 -5.84022386243 7.78554174685 -6.49679566438 -5.61780354778 -3.15582714852 8.48049727163 0.506770457678 5.17783309005 
5.09341268822 -4.14594340508 -7.04604460211 8.21612686996 -5.45762611537 -5.90988067009 -1.88701213229 8.07120022066 0.526822945291 4.22240686139 
4.80075607817 -3.18990324628 -6.1392656469 6.54784955074 -6.14275713582 -5.70502204413 -0.614199190802 7.53296026504 0.973797060398 3.91444669062 
4.1774317905 -2.7710978161 -5.51546102188 5.48559325129 -5.43327899554 -5.6842011058 0.568807136138 6.17573398358 0.140846941288 3.24355085029 
6.41601969363 -2.4831154887 -3.64741798278 5.55502208686 -3.07147113721 -5.1403605018 1.97416385232 4.96293995452 -0.00733422263792 2.10695324292 
9.00031436214 -1.00531077095 0.676755476109 6.32385358998 -4.34920417985 -4.85363066815 2.69570493549 3.56017137367 -1.30161446092 1.30105571348 
11.7814092037 2.80223463842 1.72877476759 5.28159292183 -6.02958337574 -3.6576484957 4.67986604439 1.64781207008 -0.563691916586 -0.0680926972998 
15.2952285954 5.27836968216 2.2073251406 1.81888038983 -6.27167125189 -2.26404416083 5.4257016468 2.55571652162 2.10116305926 -0.00638344889602 
17.3012210221 6.49229140869 5.51109089925 0.918350489459 -8.03078068123 -2.18112120784 5.85632365943 2.4576954332 2.72598068058 0.648337412684 
17.0462407661 7.9484982904 3.15830473899 1.41033440706 -7.40407296523 -2.64344618209 7.38994625673 0.587833782362 0.691879974022 0.718315349086 
13.693689031 7.25204881547 0.877824966616 0.264102325285 -6.39418328799 -4.44407946125 5.95621253205 0.743924143885 0.926707708525 0.694984529724 
11.5689471178 7.26874334439 -1.96406839096 0.32330030089 -2.52835496635 -2.44730519911 7.28287851703 -2.0351410967 1.05715898974 0.744527884406 
11.2655401683 9.59718608992 -0.422419722915 -1.34409083383 -1.93824120667 -1.39767727288 5.53368377402 -2.18327173636 1.15594218397 1.42191812123 
10.9854791259 9.72599539037 -1.58039402742 0.23576297523 0.707846709981 0.447164427709 5.7348916954 -3.2013257587 0.566875885054 2.51995831066 
14.4084208963 11.8277656971 -0.283233020883 -2.00662028392 -0.0336510594828 1.39966505175 4.15930618361 -3.16510750515 2.30863753729 1.23765401313 
12.5246180598 11.5433020324 -0.673947379903 -3.60702271919 -1.23411305169 -1.65078454921 2.44810170937 -3.1475852172 1.0292011142 -0.0659037632189 
12.4506475423 12.2891165929 -2.27512211428 -3.64143175342 -1.13198434491 -0.731656435187 3.60418581382 -3.84767458322 0.378544410135 -1.72198459872 
11.7531404185 13.0317356875 -1.22686416211 -5.21038176456 -2.30882480252 -0.166226073042 0.446730661081 -0.876482578093 0.396421708787 -1.2590199551 
11.5850563726 12.9210962492 0.566372910085 -6.28222660022 -2.26690394937 -1.18480739334 -1.53036751263 1.46984956215 0.549179473411 -1.31423760195 
10.203304289 12.6896037303 -0.0343501829876 -6.0381338461 -1.67111100225 -0.819039790292 -4.66692308565 2.37829421056 1.057655158 -1.10357945962 
9.97879932373 11.8785085739 0.646625297026 -5.34004242972 0.0140578216981 0.14172817076 -6.30624461966 1.93202180858 0.810600414428 -0.0750632973584 
8.88581789993 10.4418354449 -0.748271905173 -4.74190208771 0.765634500276 -0.616348082491 -6.17659539764 2.0532958871 0.502056932514 0.792680816675 
8.24103293295 11.4746093937 -1.44474675172 -5.44945220999 0.166687011708 -0.288196946782 -8.58122175886 1.61453732688 -0.218730565818 0.109168323171 
7.39850391115 11.5793252978 -1.64779856627 -6.22799485949 0.947084362917 0.0842244858603 -10.4042940618 1.34178332999 -0.0476944905375 -0.29248831227 
7.36852867657 13.5168508428 -1.28425398895 -8.09286671824 -0.558711815704 1.1156486406 -13.1584087638 0.559826932987 1.58357630128 -0.932547930144 
5.98343581675 13.296467129 -5.60744499462 -5.71146206724 -1.53108294171 3.32723732401 -9.81001110247 -2.18564262213 1.14471544533 -2.23672764502 
6.59918760939 12.2958019428 -3.32888515412 -7.29057080515 -0.292827470072 3.23797357507 -11.014962046 -0.392063765515 0.730976709349 -1.30935716325 
5.67948177134 13.0402193782 -4.61999056247 -9.2805143077 -0.100401382361 4.32405269457 -11.0928461302 0.229805342173 1.92424043108 -0.947275632828 
5.15261298727 12.2741603339 -5.88888865288 -8.31867659839 0.776365967863 5.18502011998 -11.6323075978 0.151969024604 2.63477365138 -0.496461508522 
4.2385884773 12.5542206712 -2.6982754991 -8.35636115738 0.0359625913064 2.43024166334 -11.8854549042 0.917145911592 2.45732772749 -0.457976291147 
2.99298172208 13.3129541576 -3.16681210536 -8.75570078407 0.204426213653 3.72601114436 -11.3313189349 1.42023697995 2.68335018362 -0.841319209861 
5.49638827279 12.7205321054 -3.18438213404 -9.58095486281 0.0829870905533 4.44561203608 -10.994215696 1.85319776193 3.53022564311 -0.840220016385 
4.7313406398 12.6841392765 -3.00733286418 -8.67071211716 -0.00761040698582 3.73062027449 -10.9259333443 0.748739824485 2.70641026743 -0.445097725847 
3.24485735558 13.5491952269 -2.10020664473 -9.07745058866 0.149900822639 4.16878521005 -11.3892954252 1.47074871044 3.83178670809 -0.25102896412 
3.97086232298 14.9835281761 -1.47969839362 -9.95557067369 -0.77846670842 6.02174711503 -10.7749458576 1.08995162907 3.7834872817 -1.14473461693 
3.44336278843 12.3814130781 -1.92240051678 -8.81282107991 -0.255102092056 4.03657264849 -11.2937180995 1.75525573714 2.8890095227 -0.705680290258 
4.90771504852 14.0799472572 0.818250338605 -10.424726799 -0.647961801882 3.37785850911 -13.2299536443 1.63751525546 2.43335352161 -1.01954134124 
6.05228540922 13.437986396 3.48293249854 -9.78724945665 -1.18321049841 0.644169889712 -13.0587241877 2.04779773824 2.30153296279 -1.4805646997 
3.44263820506 14.0068241603 2.27507847573 -7.54743269288 -1.05531442179 1.79742923645 -12.0237421222 0.542726067279 2.7153707884 -1.06106439059 
3.19486182081 15.7847870461 6.99586908289 -9.95301299772 -2.12186519245 -0.546500746032 -12.8207857596 2.20084844506 3.55701278889 -1.22645441278 
6.24970150456 16.0801872985 7.1886374242 -9.46071055579 -2.23435096071 -0.762673078262 -11.2555619523 1.09525165897 2.2369872611 -1.6264789983 
5.91085236016 14.5559378049 4.30461790685 -8.31274241638 -0.828533927896 0.0754632759447 -8.95494653401 -0.108661031927 0.865579125702 -1.47531721964 
4.8165778673 12.1715618956 1.97513905294 -6.25371481879 0.538998301878 -0.893668576433 -7.27093264682 0.779257152832 -0.519804300208 -0.392674547224 
6.07597859542 12.8147107798 2.607103484 -7.7633475554 1.00792550076 -2.19832229694 -6.75512624195 1.76046906154 -2.23040388049 0.0828657254478 
8.0435784164 11.0399906349 3.76771026654 -7.75307063905 0.144213036085 -5.21125390951 -3.86219458811 2.53071302338 -3.79726961806 -0.279559780294 
7.52847545005 8.43551363159 2.43495337854 -7.95865157848 1.99866434432 -6.05036971564 -2.97417435809 2.56833183653 -4.33592536472 1.35125640052 
9.26257177159 11.7149302991 5.69248725155 -8.78635308487 0.43621364741 -4.31597050316 -1.95227674563 2.07599593328 -2.84728551299 1.17676751731 
9.61048058012 10.9017899347 2.43823308292 -4.40479937549 1.47602380469 -3.78871133126 3.01159236964 -0.868852439351 -3.1925793334 1.7546248244 
9.07308786782 6.38335484424 0.885116877558 -0.844251015423 0.0813247240717 -5.83170928209 5.785263443 1.35908741335 -4.76446932417 1.24213976034 
12.7604404086 5.58751812716 2.71219959216 -3.14850351718 3.85815714128 -2.54356011224 7.68127360941 1.19722382321 -3.26346953741 1.94341123742 
17.7893957911 7.91324066805 7.47485369123 -3.39281564317 4.10878594748 0.499085167013 8.47084988564 1.78577998209 -2.66548708753 2.35638473018 
18.2896904508 9.25049396331 11.7824832934 -2.56021699943 0.558845185982 2.14806762847 7.55878573979 1.08639225999 -1.79456437163 0.81477540684 
16.668243409 8.10398454452 12.2523334863 -2.29248839281 0.520525180841 0.968228776308 3.23362482736 2.04186344632 -0.473882276376 1.38740229236 
18.740174164 11.8179722012 13.1857435383 -3.60162024475 0.390587949696 7.75985829352 4.14888781161 0.919749056409 2.2693954575 1.94217555446 
14.307535942 6.49990390417 6.18006835505 -0.299004688944 2.87200456767 7.78331257077 6.89236325752 -0.0199447374358 0.0692730564846 0.0144988588318 
12.9620142659 4.48705803766 4.0704721421 2.6675980867 3.34926484869 12.603256284 5.48732784047 -3.46066500726 3.43265679142 1.99024288413 
15.2939222035 6.38555805011 11.9785563159 0.582718813372 1.30742521471 12.7487016294 2.35039260958 -1.04609099676 4.20534922325 2.69652309102 
10.8066438568 2.97061599626 9.11265351068 1.22152918893 2.73157659798 9.88324656393 0.652512291945 1.56809191514 3.34239402793 2.988483912 
10.3331196555 1.04195322905 8.24448445564 2.31593763909 3.53213008724 9.50204683049 0.536909812626 1.82026603517 2.65297492378 2.39367546207 
11.1156112515 1.80602520903 8.73358928764 2.2144074236 2.57894119432 8.24635683357 -1.29801772231 2.74030820425 3.65154144753 2.23556882771 
10.1461667486 3.29791693914 8.01693328005 1.06649405411 3.54789917238 9.29472406424 -0.33320881246 3.05780086788 3.74005282791 2.57485149294 
7.76346113962 2.54726395449 7.76206334967 2.6234791046 4.37877152866 8.75903318822 0.769488141167 0.482179921291 3.0811125205 2.71738060756 
7.71940984721 1.19922212233 8.17168755433 0.891594095982 2.82347865286 6.45899174057 -0.824102704615 2.01860753438 4.54752149971 1.9759105698 
7.29001331249 0.761728565008 8.22303297625 1.0750892391 3.01766351725 6.98122916959 0.354827265794 0.453950618561 4.32218283984 2.09355298595 
8.20460227427 0.638005369706 7.29350846838 0.778802704687 4.64356148566 7.72564833384 0.438131162879 -0.0211917870784 4.92091164761 3.18374622946 
6.24633381939 -1.32613479803 6.63161655651 1.82091676368 5.76900033709 8.48039382494 0.239113651544 -0.419582784796 4.61933325703 3.35968735017 
8.06132683839 1.13851698583 7.79286425218 0.97956459885 4.39354287825 8.02865606666 -0.882639280448 0.0246579040369 4.97726956097 3.03397338065 
9.6925797001 3.24112758334 8.06091793209 0.710341072594 4.71053093574 10.553426558 -0.280677324178 -0.550742477255 4.92463604575 2.59903658654 
10.7653057344 4.10508115941 8.31827816164 -0.0669795001888 6.24317857713 12.0053492991 0.165930827703 -2.70551329533 5.06088557978 2.27833606708 
12.283739713 6.79963610197 11.344063257 -0.792005231611 5.65513258458 11.182935747 1.20658990318 -3.44414328794 4.6847190228 2.49569197007 
12.8471684113 8.05844075625 14.8157128679 -1.4007400995 4.16829658072 8.24925880236 2.41527543647 -2.88342524677 3.93990200339 2.58218560775 
11.4280036862 7.39861758406 13.9187755662 -1.25104583682 3.31119567733 6.38514252341 2.88161725292 0.182184005137 0.810420969783 1.78742775477 
11.1742264548 6.85470311833 14.2799637399 -0.629827132873 0.668582083176 5.51162358763 3.01753198473 -1.18896063247 1.40434806603 1.89044267015 
10.6946276433 5.60367136656 11.1460319346 0.959515516301 2.81452225936 1.96179430684 5.97593772185 -2.20325940614 -1.76207810008 2.49600174042 
10.4054251215 3.36398664265 6.61177721575 -1.74343183992 4.61140887788 -3.0671375093 7.07344645284 1.84396575849 -5.79240945124 2.06602122799 
6.4534489738 1.32633339862 3.68533526905 -2.54136164514 6.16606644497 -2.50857621916 6.47099978324 1.92604685754 -6.218948822 3.32358329618 
4.99826223125 -0.506011368259 -0.813492123587 -0.85702965064 8.6322624353 -2.23750732069 6.67420128157 -0.233328692821 -4.82825519 3.38746667587 
4.93834197863 -0.967569532793 0.115880227717 -2.3853614313 8.6695155455 -1.99626258461 7.23998516309 -0.5236575514 -4.62650496954 2.72464267823 
8.40499714411 2.2366869686 1.58774344477 -4.74723078671 8.9910805125 -1.15962679632 7.51510547986 -0.805505146175 -4.7608359052 1.86375019918 
4.59876655455 -1.6806154869 -2.2928718015 -4.61041209966 11.1852313633 -2.18126959701 8.87148933576 -0.6262604095 -4.5566815857 1.89447706308 
5.15991048531 -0.1252739918 -1.14700115762 -6.18202016279 10.7930783438 -2.23415140411 9.80339141936 -0.529200955224 -5.46912990154 1.8395040484 
5.46968699108 -0.55124920621 -1.96113718773 -6.18859879086 10.4079812303 -1.91194464328 6.50380184664 0.697685472311 -3.58412067411 1.81036087253 
4.89307672955 -2.28955923865 -0.580403996192 -7.23527608566 9.68694223051 -2.74062929783 3.6252992551 2.82392154967 -2.40137148847 1.6722310805 
2.33391151774 -0.860864414807 -1.09573570523 -7.2449180392 11.1013390968 -2.83442900447 2.96684982663 2.06373996514 -2.20327354897 1.70044655173 
3.17497714873 -0.840661693986 -1.74804236807 -6.88222208115 11.4072417637 -3.96444433061 2.28703075451 1.68941019151 -2.35688692394 1.92869052371 
0.322933248935 0.202905624076 -0.250466159114 -6.08759747017 11.0527034601 -4.37138886963 0.717707201537 1.59467274327 -3.19988331215 2.166041826 
-0.705309934869 -0.65026191079 -1.57508672019 -5.36901955786 11.3018329163 -4.27395331091 0.234102425446 1.56282627121 -3.28649877987 2.89636756131 
-0.443888337143 -1.58680571784 -1.60734023837 -5.09733230448 11.1198674093 -5.5541876163 -1.23180359894 1.47575369443 -2.91806419821 2.58190480318 
0.140229445229 -0.371936858283 -0.288671590625 -6.75989355524 9.82148981653 -5.84949944994 -2.94910884124 1.3605858939 -3.49532580079 1.88276952296 
-2.16900263651 0.70756862241 -1.75111007181 -6.63818350659 10.0947123061 -5.13652103164 -4.67827104935 0.0754607762235 -3.39787872265 2.5279530684 
-3.48734922233 1.18307665022 -1.32153214141 -7.61496450718 9.92894808325 -5.92863175504 -6.02039162143 1.2767996301 -2.8554501022 2.44852820388 
-3.38943401755 1.90433213571 -0.579234723258 -8.35505110901 10.5227603466 -4.57009949244 -5.89454646691 2.66393997632 -1.94421831702 3.46933313622 
-3.25869246878 3.03813809428 0.541672221909 -7.97371661071 10.3320507085 -5.31271956911 -4.30872892808 2.1606253553 -1.22571605817 3.84276860822 
-2.8807229524 3.73515584895 -0.0109369103804 -7.41179842944 10.6843349815 -3.92740718008 -4.83786862825 1.47319445092 -1.73125312453 4.20414336396 
-2.68593149586 3.75033295968 -0.522525633457 -6.25161738211 10.5142788162 -4.13710981133 -4.7165773741 0.657135802328 -3.00189942128 4.5510077484 
-4.69309231335 3.06761953531 -1.98836016809 -6.59652552675 10.5547069084 -4.47154383839 -4.51173962274 0.564270164319 -3.03676343827 4.63556956994 
-6.38990147568 2.15072904371 -4.25983742868 -5.00290717593 11.0628793894 -4.1544575344 -3.16808460958 0.0255751811404 -3.1865818134 4.25814324326 
-4.69139541274 2.99697525626 -2.32512412308 -5.23742950434 10.6706997172 -4.50188429467 -5.20899065766 -0.335612416455 -3.1577494566 4.4736162043 
-6.54150508918 3.52454933337 -2.19226151796 -5.54601502733 11.4488908016 -3.63258503288 -6.17652513219 0.477747853197 -2.91874046676 4.62114222406 
-6.21985092446 2.3190306393 -2.17350254471 -5.11192552088 11.8385237538 -3.94977235056 -6.38375859425 0.410280412517 -2.97064656731 5.27838644819 
-5.49531482091 1.49283252976 -3.53505441569 -4.29007014704 12.5569283884 -3.90312610556 -6.61515620268 -0.0413911475046 -3.15144707565 4.85186455884 
-4.92546324546 0.874179327119 -2.81104931705 -4.39376127083 12.0304432823 -4.60643778968 -6.78864647106 0.0378598783835 -2.46197456852 5.16599933349 
-4.58503416066 0.251445882178 -4.06588545375 -3.69781366716 12.1946355508 -4.51440659148 -6.32166197659 -0.878168222596 -2.3188882286 4.68403021348 
-4.4931876308 -0.987054120118 -4.16668198012 -3.29738517377 12.8652188732 -4.43030940181 -6.50324286179 -0.531235363822 -2.49116192183 4.90515271302 
-5.00918520501 -1.83364329886 -5.17715790813 -1.75367283703 13.7691944339 -4.59846724849 -5.09573362579 -0.792261270698 -2.30413799149 4.55403683894 
-5.01074541478 -1.86811390619 -5.54692730331 -2.20480974549 14.4886773 -4.73803167776 -4.03001503853 -0.874893326877 -2.32126667202 4.98917895384 
-5.00320942205 -2.0621198162 -4.75910128084 -3.11845130626 14.5844796838 -5.34634297647 -3.48407074662 -0.931292840209 -2.95393672738 4.67539722376 
-3.94196549151 -2.9733941874 -2.82830506657 -3.87925614268 14.6049367918 -5.78382061093 -3.08089736248 -0.396853897912 -2.96204366229 4.64949847778 
-2.20002764528 -2.19797726819 -1.79605688122 -5.33133767423 14.0938025655 -7.35141730735 -3.1890491035 -0.0922429450179 -3.5163737585 3.92521024895 
0.0493992925054 -0.979891740211 -0.21329875529 -5.90186105414 10.7224838735 -6.7045899804 -4.86711803278 2.60161853013 -2.96340922298 2.45450197228 
0.512455891553 0.770092918252 0.762129054055 -7.10369674137 10.4582068113 -7.59877111917 -3.11282288657 2.91144225822 -2.69194463598 1.81534004 
3.43753483915 -0.326093715408 1.90534040265 -6.81365343014 10.8565500829 -7.94698596857 -0.872470671596 2.41517085858 -3.83165647689 2.28578470142 
5.04944447479 -1.34751826679 0.858652011531 -7.28896126915 9.58198823803 -6.71166057516 -1.88801742076 1.286842151 -4.5464958277 1.40690772988 
6.07106643788 -1.10573697343 3.69753346242 -9.14394636373 8.34448799217 -5.42713012617 -3.25596934255 0.793739184815 -4.78003529165 1.77808674604 
7.84504663643 -1.26304885008 -0.165112833988 -8.09157799902 9.58911860868 -2.7844259743 1.31282360426 1.5882691873 -4.86473244086 1.87453277241 
10.4989141045 -1.13509396582 3.1611976015 -8.4963853927 7.07385150393 -0.589958443992 1.8089518791 1.46312766803 -3.46175908002 1.68970475133 
12.5671449863 -1.15010913451 3.0245233188 -7.70656756547 5.97980313913 0.6780922116 3.04431373259 2.47099086615 -4.57231203272 0.611790564237 
11.1130944459 -2.94053402354 0.403275190586 -5.26703154941 4.67397580785 2.22817307963 3.25875855803 1.57389258466 -2.6885436392 -0.838925382416 
10.0176700321 -2.47514829849 -0.0827291336179 -2.16121293636 3.14819920819 4.15067628952 3.48495868283 0.109439270316 -1.44419245719 -0.954331951602 
6.6034194386 -6.31200073588 -4.26575433444 1.09519113479 5.63145296422 2.33687517129 3.52676831106 1.46432857955 -0.142099275026 -1.39949260161 
3.56588782522 -10.9785096319 -7.91200544245 3.71064728356 8.82176945352 2.76463416357 2.76487124748 1.94648496177 -0.0166987169614 -0.474527829731 
6.88545814033 -10.4968989405 -4.14157659464 2.91027127708 5.57896766949 2.70769129573 2.58045688851 3.98866331973 -0.522248547985 -1.08179118822 
7.00390358125 -9.90448654849 -4.96726123589 1.48967156067 3.98194844841 5.02341017239 2.59172514248 5.13649384734 0.887771255072 -1.04870535385 
5.09272598001 -9.53010700706 -5.30367420344 2.38517427478 2.50088566351 4.8610496753 1.54619915034 5.5172369849 0.772925557441 -0.783513199029 
2.74486590519 -8.6337409371 -5.1647705271 1.07030189422 0.74737160952 4.64996698657 0.370516322646 6.9623028583 1.70951435204 -0.624484151886 
3.19433806298 -8.73587715465 -4.1105290883 1.08324193512 1.26056033666 5.66805964764 0.154526271264 6.42276131023 0.31815722801 -0.887094556852 
4.99184062429 -9.21917622665 -3.62638391482 0.828626378039 0.326995641275 4.44561083004 -1.23910716751 7.65342132408 0.464453631025 -1.14520998719 
4.4118110109 -8.73751991373 -4.13623531479 0.958603886353 0.692692110206 4.22946277997 -1.44656990844 8.09957716573 1.53274308418 -1.62131918501 
4.23171703813 -7.98804418402 -2.87047731259 -0.828740541159 -0.286498916345 3.8909752785 -1.44405078332 9.14786366972 3.51419079265 -1.73799483872 
4.85988638818 -7.79814609031 -0.805386933368 -0.215956747199 0.993445736169 2.88763311011 -1.06478453508 6.55399576858 4.17287156939 -1.62727715874 
5.05114531308 -7.9160134428 -0.201506650159 -0.734659100819 -0.856599890125 3.47549856923 -1.6891940879 8.0721599499 4.57800343767 -2.11076156942 
3.75267060179 -7.82292713572 -1.28026478283 1.59864170819 -0.370526218931 3.75415126235 -1.34357356356 6.50236646865 4.06529707668 -1.79276007829 
3.55737623199 -7.72506053045 -3.14828371693 0.585817352003 0.079064435876 4.29286538876 -0.630846012758 7.02803298342 4.47722731729 -2.31741667295 
6.52629942871 -9.71460442515 -3.53657656596 0.822911511335 2.12226004273 5.00281479901 -0.0231201771889 4.67515566443 3.45147296694 -3.27499450169 
7.64612628943 -7.60003305451 -2.5571322595 -0.681842994546 2.35922373021 5.357541616 0.348220039527 5.00086684333 3.88729729225 -3.25548948748 
7.26961021052 -6.4577462159 -1.42425937339 -1.20486077413 3.37130455823 5.90800252356 1.05472584587 4.21331785461 5.32598627434 -2.26577999141 
7.48415239456 -4.65474685912 2.04427727836 -3.26643733641 2.04393222389 4.92954940475 0.325695776028 4.90412819934 5.8952618164 -2.99192156891 
7.21666104927 -6.88359032966 -1.02124045247 -1.74647043709 2.76551251738 5.61086115275 1.19372391187 4.87124141008 4.83358109189 -2.09269985176 
8.4818426789 -6.56286066925 -1.74326403064 -0.554220135021 1.61571663164 4.96051491832 0.76463989462 4.16882424504 3.7298928012 -2.04252263449 
7.51714246647 -4.50653101677 -3.05235589521 -0.192360785678 0.514336386881 5.67913228173 3.99298625956 2.22839747741 2.67734836072 -2.14557965909 
10.6723856139 -1.42455676277 1.60161704654 -2.61295519141 -0.467454971315 5.59429144678 3.96536417926 3.84705437943 3.37163462969 -1.70353429186 
11.0815916665 -1.26927866693 5.85712225458 -3.85721899851 -2.5081578401 3.15790788564 0.673194736679 4.70598800284 3.86511570651 -2.68329977853 
14.3413621488 -0.251290293703 9.2749606525 -7.65803879271 -2.28294298233 1.25084946353 -1.05131169807 6.52180941216 5.69515565347 -3.22631689107 
14.5567561925 -0.480765837115 12.0945018383 -8.80084575593 -2.53528309706 -1.06651240062 -2.34982709833 7.51846571764 5.76862277722 -4.08725578693 
16.2261296785 1.75908065903 14.909939482 -10.8731246836 -3.85895222489 -2.66647780769 -2.19355528114 7.31378866025 7.05529594481 -4.42404184285 
13.00365105 0.436810891932 11.0211310448 -7.63345408786 -2.82485857899 -4.2035796011 -0.149475424232 3.92453701653 4.90171317848 -4.55071257967 
10.5887452134 1.02817564154 8.83064121634 -10.5914990805 -3.05708134567 -4.60798296067 0.529867350308 5.84438002096 6.22570914477 -5.33921510945 
6.59835285979 -0.706116639908 6.78242484579 -11.1737300211 -0.90838963063 -6.59538907451 1.83404533826 4.94136662138 5.70131422477 -6.22091830457 
3.13275418058 -4.80439963916 6.09822434257 -11.7169044571 3.5696199291 -7.95885358945 3.52530848765 5.8450536114 6.02248039805 -6.06185176367 
3.03477347237 -9.92372360136 0.565785000002 -8.43271804375 8.97150029155 -6.57912221239 5.35364177656 2.88942948354 4.94445156666 -5.41464714154 
3.23696736892 -11.2537481827 -0.15817611688 -8.41490617499 11.6537661626 -8.46396943296 5.88152807815 3.60434828727 5.86014149079 -5.71965663612 
1.07893174659 -14.208161424 -5.22372156698 -6.46780843555 13.9369741096 -7.90332826745 6.24367042731 1.38641267397 5.78700693241 -5.37967780762 
0.937986407362 -15.4717770995 -6.6537566322 -6.44162341017 14.9278328805 -7.86506407723 6.18205583083 0.10784897904 6.00175146317 -5.35436534829 
0.466534300718 -15.076160708 -5.41066839686 -6.29361094866 15.2831177061 -6.52681162857 5.35624303676 0.479718507338 7.10738589802 -4.58509786572 
-1.42924348501 -13.8689414592 -4.04973916159 -7.49870277554 14.5297491032 -5.87477109416 4.21167586153 0.119251700821 7.69272016124 -5.57077374154 
-1.63477721198 -14.3204294084 -6.52442174208 -5.06123614979 14.7396536562 -5.68056546948 2.95524706766 -1.5920338051 7.41382773419 -4.28614596837 
-1.20971467117 -13.5418472046 -6.51512762815 -4.88902390494 15.2080214555 -5.28656515804 3.07957384057 -0.679601298119 7.43608853636 -3.63314347765 
-1.87016018458 -14.0614996796 -6.10182773048 -4.4410763141 14.9389209003 -5.58749755631 3.76331285741 -1.04783141485 6.98533308668 -3.53712454867 
-1.71520577036 -13.4843380262 -6.4843062313 -4.99274837003 15.0408256279 -4.47188353747 2.4175726816 -0.347818459729 6.95689972503 -3.85763871892 
-3.41718519665 -11.5132471565 -7.08627752405 -4.56611442068 13.1203736889 -2.86376730604 2.04212191507 0.136572813477 8.10065709941 -3.11792315969 
-2.08265373612 -12.7287431753 -7.93188609291 -4.08670612724 14.5832960699 -2.74840488405 2.16982269658 -1.19062763403 7.49726106324 -2.85786198145 
-2.76704862751 -13.499786059 -7.66200050042 -4.69414233787 15.4033335837 -3.05097232648 2.49673395635 -1.03787463936 8.56991601701 -2.67668898932 
-1.04391199263 -13.7395036677 -7.56716207842 -5.76475164471 15.34735273 -2.51659623766 1.90824273923 -0.155534694891 8.47548971511 -3.2460898411 
-1.4803912144 -13.5157467864 -8.75778620707 -4.66740201756 14.995352445 -2.35563235503 2.01641158889 0.0478042971234 7.9180758905 -2.30861251824 
-2.09426572504 -13.764796322 -8.58839391158 -4.23690799832 14.9705883873 -2.88664310742 1.79396248927 -0.272843567013 7.45060107074 -2.36991683308 
-2.46828810399 -14.8335877962 -7.69669993889 -4.58396829748 14.3790551565 -2.64867975787 1.77444970051 -0.528443624943 7.61145512752 -2.52367399991 
-2.41441024856 -14.6776150908 -7.77511264492 -3.97446006159 13.8616445822 -1.86013543391 1.80128870341 -0.195259462094 7.50149127707 -2.16239764732 
-3.60901141727 -14.8594393469 -8.05397681283 -4.8114048541 13.2485486704 -1.61012214115 1.86284750631 -0.607268799004 7.49600019449 -1.19365058494 
-3.25332537113 -15.6458860661 -8.43629217397 -4.5757946657 13.5108233136 -1.98609187704 2.48097045121 -0.954870991719 6.97779149928 -0.960899458476 
-0.642770681354 -16.4164362489 -9.76427014297 -4.87991431651 13.8102466576 -1.25949571288 2.18454035512 -1.20590214464 5.7495817864 -2.20022158364 
-1.6764763617 -17.3160615189 -9.76912786958 -5.01710836066 13.6559619594 -0.943091777204 2.87923808577 -1.95171625029 6.02857847608 -1.94144873408 
-2.94871968586 -16.0208811155 -9.25753246492 -4.73705404038 12.5443314565 -0.430337948798 2.72960126794 -1.25315135601 5.29749936352 -1.55789838651 
-3.36490042058 -16.4337530705 -9.64588099362 -3.8977223014 12.7322604008 -0.75410365502 3.8345396256 -1.23069186262 5.46263040305 -1.78659946295 
-3.18077627387 -15.8325835388 -8.75617543122 -3.75437224825 11.6654400843 -1.51775904695 3.89769572283 -1.56537609421 4.11054549364 -1.56351938357 
-4.40428696886 -15.6906006967 -7.54057718482 -4.52772993331 11.308992423 -1.1989748278 3.83266655609 -0.368694487984 4.317161355 -1.6562238341 
-5.21998253974 -15.5660946294 -8.54975828795 -5.05328418642 9.15282554659 -0.907318840598 3.6991653683 -0.516734606262 3.91683452863 -1.60539909505 
-5.16532884804 -16.048091076 -8.07943268918 -5.81363705583 8.15742587255 -0.615974467025 4.01203869444 -0.798719727785 3.36523644673 -2.017404315 
-6.40190614873 -14.1019837784 -6.75686029531 -6.96555072657 7.88655973688 -1.64203293092 4.0468098693 0.401162419533 3.53539576565 -2.91960816873 
-6.70461752188 -12.7878015994 -4.67931695808 -7.70534480418 5.11224203646 -1.01507522843 3.19857425802 1.21804891702 3.31581997768 -3.20293158623 
-6.95947567024 -12.9140432571 -2.78852307832 -7.83304290723 3.51833708248 -1.50887641563 1.83347986487 1.4079062669 2.18559678947 -2.94468872969 
-3.64862932087 -10.9760182807 -0.118387408681 -6.4246653476 0.684597884498 -2.63185424591 0.655378978516 0.521165921063 0.0118523018674 -3.3644325443 
-1.34731553892 -7.19928687667 1.68657102335 -5.0689207271 -0.484263960526 -2.33460800742 0.249928979655 0.0888605793665 1.05561381797 -3.40808918374 
-1.22411850057 -6.13648316191 2.28137932056 -4.15664787521 -1.53136844123 0.144746084457 1.65938963415 0.370290545809 1.34274801382 -3.69776275733 
-0.153342649767 -4.87515652413 5.75379398971 -5.9884397757 -1.60388847112 -2.4458248779 -1.0083371692 2.73109315839 2.76278137906 -6.16183931721 
7.07086075734 -8.28351313871 7.53186303072 -4.35620696118 0.709724794782 -2.84126680094 1.51040857701 0.488694256287 1.13126945159 -6.6962980886 
9.6146721045 -11.3610590173 7.88978346626 -2.29667604468 2.17947269808 -0.338602961872 2.02217822305 -0.762646099959 0.690014544163 -6.21367384828 
7.96468761552 -13.9745791668 2.53556926192 -1.90643136057 2.61742979885 2.12077617565 3.29209481409 0.842621831367 1.20306450094 -5.55162132832 
5.4622671881 -14.0382254613 -0.404412660514 -0.231330387525 2.18192206033 4.95058006819 2.56095871435 -0.426324149087 -0.372634511204 -5.18852364464 
5.03061538942 -15.2460038364 -1.60520396594 -0.238482198495 0.0531509875338 3.71322647296 0.356251788004 2.99854535748 -1.45827543206 -5.80658566015 
4.8819711016 -17.31207719 -4.22562908339 0.577032418093 0.177553365181 4.56950266446 1.64184010705 2.64560003242 -2.996182666 -4.93708452926 
6.77792374217 -16.9130110723 -1.87529523462 1.45667463916 -2.6584242165 3.94417395684 -1.32814324214 3.05773857688 -4.44144784153 -4.46129149538 
4.73678766618 -17.3339501091 -3.27686565428 -0.300632819844 -0.438969014206 6.52842894079 -1.18761784111 3.27274927215 -4.0298084431 -5.64673766503 
2.50668144962 -18.7573968315 -4.18413520547 1.20758626115 1.23239841763 7.50795804546 -1.70502505153 3.32926735624 -4.7906704847 -5.5721372047 
2.08174135207 -18.3772851946 -2.83384525672 2.54929502965 2.08149098271 6.40893180664 -1.97346391512 2.20578275635 -4.14358048973 -5.57720477855 
1.98750753523 -16.3714465906 -3.25659239066 3.30954821428 -0.0924695193953 6.09817924363 -2.5598418426 2.36669647059 -4.3216737477 -4.93483234628 
1.81986107976 -16.5488649024 -2.24459583701 3.14048168962 -1.1533306136 6.18633269486 -2.21655387858 1.49782854698 -4.77685932316 -4.34130661112 
1.28975341371 -17.9832574533 -2.76856119597 3.01651616234 -1.79673592754 6.82189307047 -2.3804221086 2.22393216316 -6.11012487814 -4.5611652347 
1.01643316522 -17.2819297149 -1.89783732414 3.93264392036 -2.06269419134 6.67702440929 -1.16958031459 2.45708818045 -7.16137869634 -3.51831291026 
0.908817000342 -18.1022507148 -2.11377772429 4.65862678071 -2.40615911124 7.55018421041 -3.27907915888 3.46771209992 -6.80929471939 -3.77230027962 
0.506348964213 -18.8318571661 -1.35171585368 4.95545646882 -3.9434832472 7.94080454295 -3.97569129527 2.81244413842 -7.65699291901 -3.24271684285 
0.405052856819 -19.750868389 -1.91289435225 4.75231279478 -2.89808171479 8.01050383091 -4.6310923018 2.66540227035 -7.02967030723 -2.52877349434 
-0.290008630209 -19.7013849055 -1.97560005292 3.09578000923 -2.64006832936 8.13381811775 -5.52461319824 1.18864265391 -6.22909524481 -2.71174781792 
0.849981514296 -19.197693566 -0.463562500134 1.92997007671 -2.87814813045 7.50810957262 -4.18579764563 1.11820848155 -5.4347379894 -2.14329266372 
1.63981381025 -19.8115762492 1.7752861311 1.01924909538 -3.3360974783 7.06926230403 -4.46421755741 0.113791410745 -5.16312429711 -1.68831099648 
0.51893414847 -19.2898938323 2.21457508863 1.54945652681 -3.28189698586 7.04950418092 -5.06054035045 0.600714188935 -4.25658141725 -2.06628153972 
2.50652263467 -17.2499648607 5.54485216205 2.58611220401 -3.13931570598 5.6691488174 -5.37545820831 1.19348610367 -3.49603439269 -1.18184101494 
2.04246847037 -18.4476541048 6.34179197736 0.89347095271 -4.10040509513 5.13029858691 -6.19176386043 2.98980924248 -3.42668479155 -1.63813921226 
2.27560518808 -19.3010408694 5.68818506171 1.36703481614 -2.54645199957 5.89632081067 -6.29376699854 3.75645637451 -3.39243042508 -0.72235610391 
1.197520128 -18.9070880834 7.72562895073 1.68042243407 -5.27784860014 7.23621976403 -6.71395874111 5.2746043841 -5.17809200795 0.0580575319171 
1.21137803231 -18.0300102703 6.82976701081 1.77660324763 -3.18682809446 7.55278933807 -6.75859317263 6.23807397237 -4.93510442773 1.40719358473 
1.26949266959 -16.9414938552 9.21162140088 0.0576417526598 -3.64126245491 7.84339794768 -6.51135891264 5.38841057004 -4.83080833874 1.33300986951 
2.57558242762 -16.6984062229 8.90263969672 -1.74219017813 -3.78348402015 5.50225579498 -6.74821790637 5.28307936132 -4.26165201908 0.914058276311 
4.56853964953 -13.8225845423 11.1393742919 -3.97529175353 -4.99690743088 0.805647847103 -6.7099351846 4.71431845492 -0.510581313322 -0.367882135917 
4.14930363671 -13.7717864302 8.43129524457 -4.17305868535 -5.78927343249 -0.324633636899 -5.13066886386 3.41659130608 -0.182759704608 0.342297148308 
3.71258332461 -13.5037217653 9.2521709491 -6.11946808213 -8.98309747173 0.554903229758 -4.23060499393 3.17007092176 -1.23059499594 -1.4509212704 
5.85852116872 -12.5014890223 11.5715289479 -8.6207322799 -9.49840637777 -0.24317050928 -3.98375509799 2.87727202351 0.767742862215 -1.76745647669 
5.19221690041 -10.6711959368 7.99530044763 -9.92749927829 -10.5115384104 -1.14499440482 -3.52005104669 0.165755252536 0.807569050186 -2.93486425298 
2.32251475981 -12.2659173531 5.79609760513 -8.0411659975 -8.24671846555 -1.15750862586 -2.20341163402 -4.22032076388 -0.643291834399 -3.86416172574 
4.18850113211 -11.091834754 6.36393596434 -8.6982539674 -10.8087299818 -4.14194412235 -3.16885471992 -2.84784991311 0.669957186243 -4.873143131 
-0.249365419652 -11.129674076 6.54322503779 -11.0114973855 -10.2726025053 -4.48003843824 -4.06827158551 -2.16533497301 0.987458220629 -3.66689722969 
-0.18457014861 -12.2298528978 7.31423609737 -11.7735595052 -10.9919265719 -6.92876451325 -3.81968284364 -2.42772324105 0.403460048296 -4.55530999457 
-3.48341275527 -12.5150027988 5.23951682777 -12.5557651006 -10.6956034615 -6.64211732587 -1.9163744287 -3.76188774405 0.578302125516 -4.51193862318 
-4.58029965331 -13.2714790511 3.60800291596 -13.2819045904 -8.58185622625 -8.46164376456 -1.51926562523 -4.88270122293 -0.842262787167 -3.37102373227 
-7.32215667096 -14.1474060491 -0.99583993772 -11.3066564606 -5.58488206384 -7.23409966449 1.36924871865 -7.35357059598 -1.07690899309 -1.55917440408 
-8.42579219694 -12.6972237436 -0.233332996074 -11.6545308397 -6.88865218545 -7.37570664935 1.60126756197 -5.75852673621 -0.934883523757 -0.353007978593 
-10.4221538611 -13.5906583382 -1.65644799918 -11.141405077 -6.56125709907 -4.56126975135 2.6253812029 -5.72764569414 -1.57300373364 2.01872150134 
-10.2070997317 -14.9089814636 -1.57986911405 -9.80210485653 -6.00464319041 -3.42574703251 2.36715435994 -5.27107624718 -2.72982399234 4.59356747559 
-11.9738806346 -13.7284938561 -2.03316918573 -9.37155181992 -4.54019910783 -0.77608081887 3.53087313211 -4.32578898629 -1.50160741599 5.24986064937 
-13.2261473575 -14.2578704962 -0.261687946393 -10.2953754359 -5.30499396456 -0.137919084214 3.72721967543 -3.67588937618 -0.465110629973 5.78885782783 
-15.8141733219 -12.6711898515 -2.48090654892 -11.0560059459 -6.38213542929 3.90218286249 4.53763410232 -3.94852025434 1.39812880404 6.60678060896 
-16.369659054 -12.5510267004 -0.206045020014 -12.6786224983 -9.77842998061 4.10251409194 4.26107247812 -3.4025097276 1.27684206489 7.27862635744 
-17.5851602694 -13.0161220369 -1.27683180107 -13.0735116177 -9.59210163576 4.5934997302 4.33440355349 -3.94232720305 1.9040819252 9.46819528105 
-16.3868513811 -14.2182332071 -0.497461325148 -13.6122896604 -10.2043091476 4.58205940458 3.26169862916 -4.89941742321 2.47465964346 8.73159589788 
-19.0003585238 -10.8449203554 0.0273532640268 -14.035440281 -9.40414933448 4.90964789273 2.99741739394 -4.89067693494 3.51265443878 8.6901267929 
-17.5801575818 -11.457763095 -1.74576031772 -13.9026277615 -10.0832063432 5.3916990476 2.34982834267 -6.09130135416 2.56266816016 8.50244290268 
-15.8500548632 -13.3063739917 -0.495356980458 -15.4124765915 -11.4239087077 4.61784778612 1.41973064857 -7.15765122114 1.99370571736 8.2689399095 
-15.1972497828 -13.624479755 0.856443138838 -13.7795932973 -8.51358166303 1.7596303056 0.845761103931 -7.70073804731 2.72792337442 9.79052867973 
-14.7366567007 -13.6644011505 1.98613399657 -15.1595327786 -9.16992638004 1.34698735635 0.355003040792 -7.63858455425 3.25295956617 9.26344559096 
-13.6113710408 -15.8661994212 1.55187058849 -15.022975545 -8.74056821752 0.0544174907911 -0.368806644939 -8.47971202108 4.09719942082 9.33965198412 
-13.2273208586 -15.8984229626 2.51852984022 -16.3288941537 -11.501723865 0.621245768428 -0.962702805512 -8.28205018366 3.99509573233 8.31266040154 
-13.1405797144 -15.2893087963 2.71296718455 -14.9670777509 -10.8547952341 0.232354781731 -0.731075779305 -8.29691749094 4.19889239527 8.29369154811 
-11.7234892392 -14.4793614046 2.81110872941 -14.3216024959 -10.9704646283 -0.834645445029 -1.93905461657 -8.72755968346 3.17332978482 8.53892291132 
-13.2718056431 -13.9185355262 1.36875389615 -14.5326916278 -9.36685392304 1.00365226148 -0.57169886897 -8.0430379004 4.2043131342 8.16904795976 
-14.5507946549 -13.7359965196 1.63261065625 -15.4512666318 -9.23876246263 2.49429425252 -0.477100396467 -7.71068023045 4.43485915413 8.42516007478 
-16.0843548803 -11.2971310784 0.730131133532 -15.5316093645 -9.84503552131 4.12342934327 0.639744199315 -5.91439664631 5.06037186555 8.06711722615 
-16.4171642548 -11.4962121071 1.42474599096 -14.5885540073 -11.4776854942 3.85846148066 1.02386628948 -5.72510573198 4.83800664464 7.2050029129 
-19.1325167737 -10.8871108077 -0.25365724951 -15.0931909367 -11.9209916512 6.16878988897 2.85640451776 -4.766909125 4.38374646528 7.77691048482 
-19.7098166313 -8.33426906818 1.83241819458 -15.2890941473 -14.3090577715 7.25837773624 4.49445744988 -2.95417708732 4.11167530528 5.44349225692 
-19.1378988657 -7.51984128318 4.29877568217 -15.6250769252 -16.614937025 5.74478582679 4.62376711946 -2.21579334123 1.14873849399 4.42138898061 
-15.5560501899 -8.63046076156 5.34118125748 -14.9632581116 -15.778093281 1.84988827147 2.47623075688 -4.23652492641 0.627686227491 3.95054056503 
-13.1328084381 -10.2520587173 5.41439640137 -13.4172534065 -17.4822719984 -0.650641053371 2.31371827238 -4.65196008878 -2.06918563837 1.79493416612 
-7.89233135719 -9.6864766612 5.59469664562 -10.2676749677 -13.0910501975 -4.80798811373 0.867477988648 -5.71375812114 -2.41552669359 -1.33694849506 
-5.25418485951 -11.152935619 5.19839034568 -6.05486405283 -11.0558474236 -5.17662858005 0.944723832233 -8.26900588388 -3.04341542654 -2.41194287463 
-5.0353178595 -9.00958122666 9.9570520136 -6.58106073632 -14.0925809274 -6.38401455611 1.70268664695 -6.63529618167 -0.90075648824 -5.86211473464 
-2.68114874919 -11.2275490216 8.67486287368 -5.58226153065 -12.9320091384 -5.08101729396 -0.418029785822 -3.62478303291 0.699438780366 -6.14696087361 
2.97670906044 -11.4866934183 10.7672382786 -4.45768264096 -11.3701559885 -6.51073036353 -1.35642330977 -4.53618694211 1.94575951521 -7.14907729569 
4.64519200152 -13.1508600899 9.69212039662 -3.62332532037 -8.10096085332 -5.27050443651 -1.70109492896 -3.88195886333 0.609853121629 -5.98310408711 
4.25348069155 -13.8918795386 8.22174411834 -0.523635048312 -7.56504046843 -1.8868013481 -1.62921152072 -4.96144622117 -1.3980874654 -6.7810223982 
3.43434736831 -16.1756234727 9.59624658717 1.11858591182 -9.9416230205 -1.29942151704 -3.97781346796 -2.8333488238 -2.94444218026 -5.78751909026 
3.41684904286 -15.8211383006 5.31862874436 3.60911921868 -8.25475482851 3.06580787982 -2.17012331556 -2.14475878321 -5.88461508202 -5.76253676544 
1.01263873105 -18.7759414154 1.03658698291 3.42882056415 -4.23639779686 5.29189961633 -2.39240265643 -3.80309701319 -7.53517201854 -6.39112371646 
0.109776646273 -19.1363454002 -3.46265952214 4.71286404113 -2.2262528609 6.26431349135 -2.92036687464 -3.69985889183 -9.18496771279 -5.74795897796 
0.0751820126595 -18.135039784 -3.27875479984 3.24470634111 -3.75188844719 4.07778599896 -3.78065710347 -3.09414162855 -8.08101964318 -5.22616934028 
-0.45953614469 -17.1527295832 -1.98395020571 3.19771639373 -3.18279950321 3.24636048207 -3.645928005 -2.0569062222 -7.50704654402 -4.933126952 
-0.489875037186 -17.0857736321 -4.93794304192 3.49948869327 -2.35284622088 5.29045166278 -2.89442605842 -2.85023188215 -7.50170593704 -4.70232732858 
-0.561141356903 -16.4422162909 -5.481438884 4.55631349795 -2.04848302542 4.31298341547 -3.3282343968 -3.38266933024 -8.62818567311 -4.44028743588 
0.00330310896843 -16.9253808544 -3.89399927481 5.83963097354 -1.38614747675 5.10583406429 -3.76263054358 -3.10609163876 -7.13843347316 -3.73162926282 
-0.553867807717 -15.8211084273 -2.43225593487 6.65757711836 -1.56946335486 5.3548189505 -3.49364354104 -3.35157568301 -6.34332634929 -4.17458121464 
-1.52658028769 -15.6890871178 -2.8184885005 7.92466197154 -0.955179894753 5.53324656801 -3.31721908127 -3.05003873334 -6.46722569405 -4.28479077191 
-2.3659683926 -14.4875979358 -3.81575809149 8.45781653854 -0.489776820799 4.13371547955 -2.88690670629 -3.17002754746 -6.14609921446 -3.52331295477 
-1.63016352589 -14.5275858011 -2.42053089151 8.36859234629 -1.59075024364 4.6408446041 -3.5885211162 -2.87444981582 -6.38840505461 -4.19091354984 
-1.45563605189 -15.2870676202 -2.21481247741 9.2631959238 -1.4958526571 4.43510675894 -3.59084934043 -2.30810629801 -6.5844818937 -3.89723897517 
-0.82117606701 -16.1705650274 -0.652661432089 8.49071097478 -1.45602082027 5.29140876638 -2.96596849164 -3.54141794111 -7.12235801297 -4.84215677214 
-0.653775480206 -15.5674422011 -0.414680838919 8.59742652263 -0.939736119365 4.73789314474 -1.62345226629 -3.24850756798 -7.03665784274 -5.16122897944 
-0.536384761845 -16.7886157929 -3.49690717356 8.59373924916 -1.86776071157 4.77399302644 -2.32449043109 -2.96189426849 -7.10613619407 -3.82147417277 
-1.28564052716 -15.7017726369 -2.59228792395 8.00511544342 -1.25905450666 3.78435989638 -1.48109842976 -1.94500560137 -6.74637754341 -3.94538110468 
-0.270042483932 -14.1872956293 -1.76242934608 7.09617784393 -0.198619206704 3.03222907175 -0.219884514316 -2.72484297645 -5.69590739754 -3.09190442505 
0.831748320762 -14.0124394634 2.27092684228 7.04478038836 -1.5599313568 1.49486933039 -1.14776108358 -1.59419009138 -4.33968656814 -3.31131869255 
0.594597228647 -14.2072203379 -0.0451381126365 8.17932647789 0.220153668758 1.23546260221 -0.78020054164 -0.288297603296 -3.33148811316 -2.08043277908 
1.59831351061 -12.7574897034 2.03425279977 8.96447620395 -0.557890271767 0.0951493958422 0.125039254835 0.77778450483 -3.04106770953 -1.81581534558 
0.403704316493 -11.1898583083 2.42118761685 8.74192005118 -0.260461404795 -1.23887571702 -0.913661588845 0.741677322923 -1.50372158343 -1.7517793378 
0.375221172974 -9.52683124464 5.13391389774 6.19789010886 0.0974948799228 -2.4774091705 -1.88362577622 1.39653015362 0.569645625412 -1.56709127898 
-0.202735495901 -7.41970280948 1.44274993254 6.48239362466 2.12491564412 -0.988494328753 -0.876959018547 -1.07536429924 1.12866188931 -1.36855072759 
0.493654889473 -5.85007534156 3.62372300603 5.81934245262 0.829359775203 -2.21712755192 -0.522507481002 -0.103199904136 1.00298931693 -0.991464382494 
1.44458535912 -5.81922050392 9.70003206652 5.0796979194 -1.94262310626 -4.66594272863 -0.779210889309 -0.488517793686 2.02638026406 -1.80750752678 
1.02132300853 -4.98280325565 12.4548239681 2.2460102068 -2.74420214121 -5.57284175086 -3.16338477205 0.604076185202 4.70041567718 -3.03900644312 
-0.258819587453 -3.45317814992 20.0599076113 -1.46485512632 -7.77810454288 -8.70371172027 -3.43227130045 3.95204004823 5.46847195107 -3.78144046762 
-1.75400944547 -4.19442678573 17.5249356343 -0.477876608419 -6.51174117729 -8.2668036885 -2.71137447827 3.48600127456 3.9921029157 -3.16173103079 
-5.37339875745 -3.58512457174 19.5168899776 -2.63856281455 -6.72666238532 -8.98775320145 -2.83808812227 4.53523056831 5.28307892272 -3.53993956567 
-3.12650930856 -3.56873081902 19.7430056618 -1.5496331973 -8.49074713028 -14.1579307682 -4.25197661176 2.98853967325 3.94069433487 -4.62928959828 
-3.66543559035 -2.78051880408 16.1403817322 -0.345191544583 -7.17144389979 -12.4308041907 -3.28192569027 2.60198010431 3.86519396159 -3.42761430845 
-5.81425188796 -2.67818714966 11.6221865589 -0.0367788640347 -6.14748170527 -9.79631125188 -1.84523564737 1.76225895293 3.5898246768 -1.64169482248 
-7.69815402398 -2.17355927359 11.4170652273 -0.508957429312 -7.52552456913 -10.4592688694 -1.47646724374 2.78142169585 3.63994006112 -2.51583584094 
-9.70703610066 -2.09277110051 10.5440230932 -1.62192745129 -7.33415967877 -10.8634490458 0.243545336618 2.82342599719 1.63889991633 -0.722093610284 
-14.6956924218 -1.8835440359 5.34139985423 -1.95672412333 -3.8438413756 -6.3629261027 3.03742867485 2.02849246626 0.309600399067 0.324107983 
-14.9620402172 -0.679489266676 4.29055250973 -0.834305913485 -2.30358601213 -4.32600560391 5.19108569854 2.90362957345 0.231110275977 -0.0390290472634 
-18.2575504677 -0.446145579167 1.4681292114 0.216670719563 -0.592436937806 -2.15238454866 7.65899562531 2.83031578703 0.372956801319 0.961975673805 
-21.0159808247 2.64897195119 3.39562198601 -2.51471275669 -2.08187693388 -0.954367928266 7.77579090823 4.44210259756 1.12075568377 -0.053246816604 
-24.1143731074 4.77966642773 3.86059902062 -3.12848154617 -2.95212676648 1.55701054527 7.21010110127 6.01009585194 2.59967626203 0.317582835484 
-24.6265079032 4.84914823606 0.563808121366 -1.00351315699 -2.33904554899 1.76458839553 7.43461869629 6.02913665359 1.75620914084 0.887017463705 
-24.8800112821 3.79607611864 -0.755610934831 0.401150006489 -1.7122493861 2.11717163036 7.28355908743 5.11184130328 1.00005583295 1.59079113218 
-21.6816659865 2.79393442936 -1.23209542616 2.99420570346 -0.779375127605 0.933994034192 5.52207099371 3.59222028708 -0.455305101939 1.6868765924 
-23.9512393877 4.64912139988 -1.15292334419 3.34294108214 -1.37806776605 1.63923047534 6.34136838049 4.4970981359 -0.560353910182 1.68617147427 
-23.2353898177 3.39603361707 -1.2586002728 4.06431048271 -0.0529011803008 1.45155731396 6.43830372105 4.08599203807 -1.39194990531 1.76654879742 
-24.6501383182 3.57833987078 -2.32839746536 4.14284017805 1.45918858887 2.41390725733 7.56433803077 3.14716526061 -1.34617902628 2.23488698523 
-26.2304815267 4.33723371049 -1.30115162713 3.64212228276 1.78536628047 3.24624428615 7.49098320676 4.0375767371 -1.02047462698 2.15608504223 
-28.5960141996 7.27885092471 0.231727619914 2.02374754545 0.686160043558 3.43569291752 7.02620302706 5.82393711702 -0.425630053042 0.799636142096 
-27.5413075628 6.72184511283 0.642224122437 1.39091928597 0.82605564459 2.63574817353 7.03476306304 5.29117247268 -1.13448555301 0.645012656825 
-29.9389488804 8.98456729188 0.860545275376 0.74603229615 0.285574068999 4.19378729409 6.60487886888 6.8553221772 -0.615960641846 0.983769122094 
-29.8953675101 8.64879423258 1.43012720181 1.22766639733 -0.0603628239297 3.76606666148 5.68271663352 7.30208576854 -1.00699965801 0.960549494601 
-28.856104545 8.66718866711 1.52738391313 1.05140523468 0.202456777255 3.12892503383 4.67023589096 6.73087696362 -1.09714113814 0.857922048204 
-29.5626448219 9.00346741638 0.839682346385 0.886357001802 0.0269095273644 3.33926095227 5.06740930483 5.94530720974 -1.33476814482 1.29283452949 
-29.8662926004 7.98780096948 0.0552079869726 1.16454243126 -0.0684802925154 3.88640915958 6.23088611576 6.16553935224 -1.55271849993 1.96486694812 
-28.2246650319 7.6177351022 -0.560073448875 1.45273927342 -1.78149009618 3.927077704 7.16676573895 5.86144125084 -2.51742631878 1.33439970036 
-28.4011018985 7.23995364942 0.438008483205 0.612079346577 -1.42445850335 3.81356275532 6.78358612016 6.58687686444 -1.75054000805 1.07310197186 
-28.9899756621 7.68866800502 1.75188466695 -0.737163511221 -1.95878725418 3.70681299444 7.188789838 7.11525646368 -1.66445793466 0.83334538566 
-29.7035481979 8.3802349131 2.92341250123 -1.46129090511 -2.42038595243 3.40076572505 7.01614226716 7.82100345911 -1.07744564939 0.175367139649 
-28.2822786919 7.71759410561 3.74397004779 -1.56779224851 -2.36661534897 1.49953499381 5.90381208313 7.38603584988 -0.954538020141 0.395935610233 
-26.143377543 7.21778638226 2.33228466314 -0.904787231434 -2.14416740706 0.568684374986 5.19118337035 6.41632341555 -0.956964041331 -0.0165285855161 
-24.2069002318 6.06165282766 2.14609806417 1.0207068953 -2.62285477419 -1.13260434746 5.359281935 5.45186662855 -1.44713681456 -0.294000391758 
-22.6287518698 6.56986165619 2.03404532999 0.998526087192 -4.48462666316 -1.56001262143 6.1501006069 4.97339489536 -1.01475646268 -0.971537410643 
-22.4083337212 8.30560538971 2.64123224817 0.566437290701 -5.59298666244 -0.675889376686 5.93454031237 4.68679928693 -0.15380542956 -0.95802507748 
-17.4857064198 6.46313578564 3.80394968109 1.07793169226 -4.82125389423 -3.13887880859 4.25260755343 3.03169839275 -0.5597531027 -1.74812840064 
-16.849886044 7.44134057957 3.85438328503 1.07505919652 -3.30805361613 -2.58893571186 3.25479714345 2.49452155397 -0.0885199460458 -2.1174064572 
-14.8276783736 7.76691921927 3.52493418017 1.68361877587 -2.62203939218 -4.36673171466 2.55782764201 0.473876026679 -0.599408955314 -3.03121021133 
-10.9155952042 6.71441999818 3.80310711316 4.30475827016 -2.51184124676 -5.4668930012 0.653400578602 -0.605790322833 0.167526148073 -2.76563516764 
-1.18072140929 7.49915043809 13.4912091862 3.39231286043 -5.29109083347 -6.96808988767 -0.841390742581 -3.48405540311 1.57712052196 -3.23192732757 
7.42993519265 8.50785948316 15.786715794 4.78833010614 -3.63867938379 -2.46184210535 -1.5115526487 -7.33542788675 2.24796120017 -2.77240568732 
5.59961980499 6.03641966696 17.031461891 5.97213481919 -2.07958725528 -1.53136202393 -1.60455667654 -4.78772068705 4.84459012311 -1.7757744282 
6.11277480839 5.75321724395 17.111420696 9.78145164036 -1.26253752392 1.81894217436 -1.12753906617 -4.31869213337 6.11765502588 -0.225176744113 
4.55448265241 3.96761927312 17.0896936234 10.1435076307 -0.778902069765 1.09780827673 -3.92191926476 -3.21106137031 6.88662442274 0.451773458169 
1.53848557597 2.03736065803 15.8318752611 11.5106944674 -1.44147341109 -0.143124763831 -2.09852557955 -3.29474894212 5.52740902749 -0.460885228007 
-2.93473929748 0.740396255224 16.8532949104 12.201273057 -0.32227531998 -0.975093628662 -5.12591303335 0.21674123669 6.16516747208 0.639912519031 
-8.1929207947 0.344685540041 9.96801561638 13.8629083332 -0.308611390792 -0.25800327133 -5.09825025198 1.3066156965 4.76309582282 0.795442758705 
-7.42619905477 -0.524018396458 6.76039938395 13.5527605663 0.295863172823 -0.91756587622 -4.17470333495 -0.306022012138 4.39834568463 1.31436063354 
-7.84221585227 -0.809491200345 4.67967970816 14.0101125069 1.73452764363 0.381588294517 -3.46770584847 -0.647576039163 5.08393543492 2.09566441605 
-6.80162829657 -1.80490854743 3.31548569802 15.0176525266 3.20151394034 -0.116203334043 -3.74856381458 -2.14748827412 4.70294558692 2.25957132342 
-7.77023322312 -0.995610542847 5.29252020076 14.5571634099 3.60079051114 0.374471640519 -4.33774771288 -1.34289693106 5.00019855432 2.73851090193 
-7.31206578317 -1.38287029824 3.9768070894 14.6187694524 3.9599874571 0.295454212268 -4.50350619425 -1.22776206478 5.43347099641 2.74654934563 
-8.57743968591 -0.86073412055 3.54319217422 14.2396912931 4.37011881742 0.67381164722 -4.91935693714 -1.30083365026 5.10499265448 2.75833092247 
-8.19024996106 -0.440763889474 5.76249974009 13.3491254188 3.71460358274 0.394770525203 -5.59651117504 -1.31194356725 6.08681415684 1.7783434079 
-6.52597205825 -1.41183526895 4.11018291077 14.4935535974 4.15992285898 0.702703017969 -6.57775019986 -2.1703045894 6.02147559123 2.20216056559 
-5.4491802252 -1.95667015125 1.59116219837 14.8622908317 4.79454636005 0.631471848009 -6.59189118131 -3.63726086974 6.01487613204 2.73273119537 
-6.35225077523 -2.22691526468 4.20109154133 15.4977458403 4.27726556262 -0.161778160183 -7.55368965149 -3.74855141221 5.24555993783 2.36261114631 
-6.73515107075 -1.25457311618 4.43684218731 13.5876470491 3.75517052884 -1.52382503461 -7.2289612728 -2.98260919399 5.33835019826 1.64542241126 
-2.06724563019 1.02433397846 8.37965246396 11.1816595755 2.87945673589 -1.38179326046 -7.10588132891 -1.23139494329 6.34397792776 1.16886372346 
-2.90779052603 -1.10582116854 7.55650774435 12.5625623252 3.22654134482 -0.947142335206 -6.0738436211 -2.95321875247 5.09023005427 2.24687138821 
-1.5506144191 -0.51753321622 4.40287684841 11.8860800051 4.11321393318 -1.51279324351 -3.23154944574 -3.3062594894 5.41819175122 1.86908213396 
-0.144694109918 -0.71622983274 4.05648988321 11.3040991198 3.60281927913 -3.17348269515 -2.73939552611 -3.11429397253 4.25770166455 1.25277580771 
3.04146659911 0.518355010847 9.79994525046 10.5493782979 2.07734112133 -4.64278243829 -3.25972395786 -3.17477033111 3.92401988205 0.20404147649 
1.47030806181 -0.655812501801 9.16013413387 11.2782215703 3.26424881496 -3.70013625492 -1.4722701013 -3.36440371305 3.57571533104 0.615352985034 
2.7710626142 -1.17436423961 9.11079993061 12.6407904615 3.54011591193 -2.40232722584 -2.3009275708 -2.87039020853 4.03092388634 2.41706579299 
-0.58153060211 -0.295820211944 10.2865800892 11.7940583923 2.54555278286 -2.80668772752 -2.70419749164 -2.38574280035 3.70554407709 2.94146358271 
0.460053396672 0.315379857236 13.6039776176 10.646891094 1.10367272853 -4.4499670419 -3.10301886533 -1.08362127895 4.05002846993 1.4736419215 
-0.343074819233 0.0464370299269 13.5663291882 13.2780381853 0.727897669991 -3.72541622306 -0.0663329398326 -4.00920029084 1.59820545987 0.35825563114 
-3.09358625782 0.648319494132 9.76905774406 13.821815733 2.34497018016 -2.48611956129 1.73911868178 -4.52161033126 0.726499003525 0.494798289886 
-3.47579046125 0.337303038175 7.00311629255 13.4896522654 3.22925963839 -2.85161950004 3.43959309237 -4.94744799689 -1.17956242261 0.125980411987 
-5.4252412469 1.83201364337 6.1500978246 9.38385500206 2.71761110045 -3.91664348846 3.55520109664 -2.63145367589 -0.67030135302 0.719970505651 
-4.91059623135 1.77349215698 5.94119215086 10.8385431787 3.31447744182 -3.65338226831 5.28716669586 -4.03085731301 -2.13996837591 0.691053367627 
-4.40939481345 2.0194179299 5.40193471477 12.0843430159 2.16380549594 -4.994200428 5.74794527071 -6.42111502261 -3.54812769964 -0.683095150082 
-2.59151538822 2.18467170393 5.8352073091 12.140218958 3.25555213048 -6.08983478648 4.08988440038 -7.42152678395 -3.86986987467 -0.916069071725 
-2.7320052342 1.63234136309 9.33709534931 11.7012843374 2.4506379415 -7.6653044051 3.96324060282 -7.98706052246 -3.62488375048 -1.46366709605 
-2.99053473858 2.02194906777 6.47034403167 11.5338243124 2.07975725007 -7.53699208732 3.83700078987 -8.86350432612 -4.2464797758 -0.944514375528 
-5.04270834 2.719449669 3.69251993046 10.6670955088 2.74549908415 -6.68053874423 2.08986204193 -7.76818272522 -3.8030134221 -1.91709005996 
-6.69612329552 3.64139984728 6.66457786487 8.31161769601 1.15034313325 -8.45145151455 0.657683806118 -6.31277880942 -3.44982916094 -2.63874958165 
-9.93496411477 5.21027858645 7.40496569035 6.95548885652 1.44329663667 -8.10954546142 0.330751457306 -5.04877777908 -4.30661554714 -2.96796520144 
-11.8888859653 6.37988067801 8.11059416443 6.33774734376 1.04800706584 -7.8846625043 0.929122488775 -4.10867804254 -3.75119778807 -3.66854949895 
-15.9119897577 8.54022105927 10.2030175532 5.654817201 0.808239937687 -7.00420102046 -1.57169644539 -1.33802876643 -1.29112916853 -4.29093379746 
-16.9476117586 10.3234867538 11.6000097888 3.38123228362 0.395178126716 -6.87350524426 -1.38002284102 -0.495242861043 -2.07655515662 -4.88476522822 
-17.414013965 9.9506406277 6.22762971492 4.04271297266 2.97073100635 -3.43841887868 -0.325211640619 -2.33981921841 -2.74096363782 -4.25931026042 
-23.1292629603 10.1934081623 5.87593524697 3.80230450991 2.87288144938 -2.22604267842 -0.863497553232 0.028578167872 -1.56989899177 -4.68604728663 
-22.3004873108 10.1910725101 6.3709275081 3.30669823945 3.81909459529 -1.98299065145 -2.53520396614 0.449725329899 -2.5698372256 -5.29516293796 
-24.6083932469 11.5260978801 6.59721927295 2.73261687232 2.71063513086 0.505303646584 -0.309096127193 1.66361724836 -1.99598667158 -5.24997197209 
-25.2675593731 11.6870250405 4.79919973848 2.77707491969 2.59758762987 1.53275732014 1.28105932623 2.28888122938 -1.83838199675 -3.80378112065 
-24.8589561805 11.2069559022 2.80845794586 3.95640352469 2.74573119309 2.4782325075 1.41104627811 1.54301079967 -2.20827867788 -3.10133642531 
-27.5968003639 13.0636830831 4.86107899384 1.44000043249 1.66805164036 3.50400970888 1.48214382621 2.98917926349 -0.845560162986 -3.55667151243 
-30.6869488669 13.650734815 4.79893644043 0.420164016499 2.39265626869 4.52017183316 1.56414304249 3.90962642831 -1.09676029845 -3.07613437971 
-33.0603394649 15.4383701391 4.83100318253 0.279584365111 1.51397749421 6.84157749426 1.80908710155 5.28848837332 -0.360300992155 -3.43529286721 
-30.7855328859 16.7885273097 5.65701299767 0.253045068925 1.31231056499 6.57849203762 -0.27063254051 4.00206399049 -0.208486002875 -4.31440610687 
-29.7114151176 16.7664630914 5.48961085596 -0.567944596536 1.57580661321 5.67046498717 -1.3245511016 3.78743926299 -0.247198745128 -4.4126094356 
-28.6117307005 15.8797641819 4.46302687883 0.7129416667 2.1693534727 5.31222506477 -1.35558385465 3.14754704087 -0.584225996523 -4.65425584608 
-29.4710106574 16.3780564157 4.97023266461 -0.0965742517896 2.23356130941 5.65688014231 -1.59203483097 3.4454071131 -0.645670930387 -4.24496481534 
-30.6219320412 16.2691924903 4.2033052378 -0.273435089053 1.62144705042 7.04438191478 0.465785914977 3.96207287793 0.0399615367797 -4.07590964561 
-29.1486727225 15.7159095856 3.68313158428 0.431836299223 2.10591089905 6.77962708301 0.418543850934 2.86309539218 -0.0506078961051 -3.43958384021 
-28.9630966192 15.7581497615 4.21525010908 -0.0962241282467 2.03180449002 6.5570931154 0.087496213324 2.89641086383 0.000135366000069 -3.87422945015 
-24.9424278397 13.841580665 1.77343366505 2.30388580331 2.86168201628 4.91181233942 -0.564543649337 0.513891507225 -0.522218912028 -2.8137861103 
-27.2468075121 15.01199948 3.25501695764 1.40024519056 1.699740054 5.78742383963 1.38585224413 2.31350140338 -0.603667829685 -3.62779063344 
-26.2547218126 15.5233186493 4.02271223407 0.10550737087 2.11549776312 4.50766626344 0.0773515587341 2.63566630853 -1.08793244575 -4.2319516659 
-23.6491297245 13.2871209009 2.70807596954 2.70261302406 3.06428171187 2.42578665398 -1.22314196356 0.826148060007 -2.59447054062 -3.56964020992 
-20.2463089985 11.909225769 2.18458843282 3.38897223045 2.69240841332 1.34929124088 -1.08773112804 -0.0918114422941 -2.53143872345 -3.39704030503 
-18.9505940825 12.8564650691 2.20757224561 2.46400561029 2.42775072487 0.938125293934 -0.201274228365 -0.1976782117 -2.93444115189 -3.65393684982 
-19.6742534072 12.8668651758 5.28423174309 1.79656018577 2.9426533328 0.212098208173 -1.24914271232 0.557595148645 -3.78292874234 -4.21997231963 
-17.2004999117 13.3580548454 6.88484594834 0.633058101474 2.72768514188 0.437422554451 -1.98085693336 -0.723266411384 -3.04169994285 -4.37462912549 
-15.8702816374 11.0852605978 4.06376330507 1.91061570106 2.78917026461 -1.24994871216 -2.15887168741 -1.20224286313 -2.39910932189 -3.5175515639 
-17.1701699413 9.68169231272 3.81893900471 0.900116632535 2.08839393382 -0.759017520901 -0.41460313595 -1.28090755709 -2.35683392099 -4.27987994783 
-13.8498863335 9.8472546965 5.41446789339 1.17804224587 0.858424835551 -2.64691730043 -1.17176611392 -2.03124308317 -2.28125162669 -4.03739048551 
-8.53567449748 12.5006156902 9.44853738621 -0.740096734964 0.367335220904 -2.49510587818 -1.8186181079 -3.33076805864 -2.22804778916 -4.1018390369 
-3.10692033391 11.8634635193 9.27964541979 1.28856472282 0.566667097546 -3.19970469775 -1.4672444521 -4.75333612257 -2.5812972382 -3.36114017588 
0.898234196019 10.5658405287 6.45653006197 4.43934435797 0.135768327657 -2.58067677967 1.31577063509 -7.02531802195 -4.75318682998 -1.91130640274 
4.23983047239 5.61672041376 2.13028144434 9.47395408007 2.32210542931 -2.15327597354 4.89813861399 -8.87000299669 -2.33247447975 -0.820887310711 
1.60038922115 3.47173025141 2.19789884885 10.1624504201 1.77811121218 -1.77434112469 3.05471770632 -6.59197028093 0.309189802498 0.152617649546 
1.96521176388 2.71951756456 3.27265734751 13.1625232059 2.76011588055 -0.537511591336 4.11216699156 -8.58631586605 -0.500451092905 0.965313175722 
1.8117858696 1.52268922866 3.8531077758 15.0429273115 4.81805319509 2.390272527 2.47200034264 -8.48981719397 0.239651865152 1.79258745103 
-1.11725762032 -0.0801476980241 8.89952283582 16.6260556025 4.01138108543 2.92056266179 -0.478132125128 -7.2800590171 1.84808572987 2.11549787469 
-0.539219464672 -0.18392487894 10.3456317212 16.0925445493 3.66618404503 0.412369539806 -1.98686882554 -6.46097406686 2.85085659967 1.77207863461 
-3.67357106765 -1.58386188192 5.70925807865 14.0793249577 5.95574394743 1.30910398599 -1.07303150794 -6.11097718025 2.29174456616 2.76327529871 
-1.36010450756 -1.98595093473 4.1971374948 15.7147667071 6.17832872859 1.64403638961 -2.49041292173 -6.81233780506 2.86614964791 4.07407230238 
0.672833306682 -1.393166796 2.91162930001 16.1387748819 5.65084157977 4.85999934837 -1.45057582238 -9.54330664876 2.36172308558 3.31129727722 
-3.32247524568 -2.11494033154 2.73499558125 15.5430730657 5.13674119831 3.23057326231 -2.31510682436 -7.65908385465 2.22227902071 3.6072181931 
-6.07988669309 -2.45687764988 2.99069043209 16.4020998109 5.15100486279 2.1255825612 -4.02701067287 -5.56940917722 2.09678882817 4.01606098465 
-5.42052152918 -3.2117075605 1.82735464717 15.9038091024 5.56716724178 1.69273097289 -4.16819177695 -5.75029865222 1.63907866648 4.23459555963 
-5.75941778888 -2.67687951381 1.89532747455 15.7651995366 5.45896784003 1.04212645739 -3.83373381697 -5.55793564903 1.70312143866 4.29611605536 
-2.7431332159 -2.39648029076 2.56567579527 14.9485047129 4.71180642161 1.49110241789 -4.29821166482 -6.92543923021 1.77189255494 4.18655368918 
-2.76930847798 -2.80141992465 1.33328216792 14.4858933627 5.09508713438 0.705811602208 -4.09620519332 -6.91470773218 1.54499945421 4.2625636688 
-3.60916758851 -2.75594827359 1.19403092256 14.5488533085 5.42209350365 -0.747005272232 -4.27862575838 -6.22778500382 2.35974492428 3.82081827398 
-2.39423139239 -2.12363794944 3.74887801043 13.4237264007 4.95367135156 -0.464434736743 -4.54509487545 -5.9436789571 3.27212204934 3.73749476218 
-2.42896685827 -1.54532449513 4.16634383886 13.584049359 4.67521851925 0.00269184463808 -4.37947974003 -5.35675754623 2.72988341513 3.72644253801 
-1.72308927622 -1.40982559084 3.43441892781 13.3508137187 4.35776406498 -0.451139166944 -3.9526503283 -6.67709572417 2.35708718586 3.49128137103 
-3.39338784814 -0.955889786322 3.48979530859 13.7034466602 3.89889574862 -1.02983756603 -3.66568178313 -4.70740103044 3.37394852427 3.52741511526 
-3.9780648537 -1.13150686579 4.80312706843 10.4533822862 2.45102070324 -2.96073418437 -3.43029631378 -2.67758159851 3.19743728824 2.67456211964 
-3.35591169094 0.515516890009 5.93262417312 10.0293221421 1.53408395264 -3.47201267129 -2.04789611958 -2.32283058653 3.61401976665 1.23411106408 
