15.2374043258 -11.2445366543 5.5592693177 4.94002399856 -4.02458493861 -1.21845449763 1.97856713167 -1.26621908343 6.57616681674 -4.32779683313 
13.4147560517 -13.0670568349 5.25633715591 2.99698675107 -1.21538895576 -1.18507718817 1.63498365245 -0.0379322024602 5.87168802743 -4.82601683722 
6.67371393534 -13.5363022039 5.68796020578 1.37650556746 -0.929799098781 -4.05105940296 6.0150586902 0.536251079625 3.0804797445 -6.30253942863 
9.69066049268 -14.6140118643 4.55153736403 0.338118669011 -0.219147140815 -4.43290361661 4.63495933803 0.395230774298 3.39324783172 -5.86249512505 
10.0815947255 -13.4552632074 3.62542772548 0.338716208462 1.99320075681 -3.44151708782 2.74327243309 -0.210904225429 7.26338888631 -2.72216595212 
14.244780149 -11.4147787352 -2.20318742502 -4.04695655762 1.23251669436 -1.6091069451 0.949354942346 1.73234979471 5.52898327799 -2.97711657283 
14.2321567736 -14.3925916704 -1.96663464781 -1.78293877992 -2.93002681826 1.88856980662 -1.22896877703 3.03078523398 3.73522518668 -3.30962307229 
8.83681888904 -11.4637987696 -5.85970281847 -1.49172252979 -2.52590790911 3.76956425996 -3.76860351783 1.99788776355 0.827447200467 -1.6503180487 
-26.0727760539 -3.01333881097 -1.89251635451 9.35673605937 4.12285441831 -2.14654088386 -0.241024443433 -2.01392043377 -3.43798649696 -7.04424520085 
-18.6998735792 -1.69345891809 -8.70228545742 -2.14992448239 -2.3923124955 -0.177952132001 -3.51953305777 -3.67171373466 -2.27936040428 -2.03085298283 
-19.3900911136 0.0501308310481 -6.46128579075 -3.14901565521 -1.81186401607 -0.621553412661 -4.19125399233 -4.22555466667 -0.22902770087 -0.766292515601 
-29.2474824419 0.612467540275 1.67836691298 2.90852991164 -5.90666589365 -1.01854834707 0.661524332676 1.03502584449 3.56757518986 -0.030127991368 
-28.6342225471 4.4045064739 -1.77230310062 12.8246530217 0.285621055702 -5.93866156874 1.75277304625 5.21915038245 0.63274234772 -2.28748670525 
2.7363529536 -2.5159317144 -7.18463393035 1.54972938865 -3.81838572807 -2.44671669135 -3.87140403701 0.567698554636 1.28877055773 -2.4433307432 
11.4476236811 -2.08942783582 -7.36294440587 -4.11883009113 -4.67618812478 -1.84452768383 -1.84484184807 0.0907431238016 -0.553703980203 -0.278198545116 
9.77230659247 -7.01780480333 -6.82536502512 -4.39452691091 -5.55218455575 -3.22851744361 -0.983226886766 0.755488681186 -0.766295855517 0.835238437716 
8.03708756571 -9.18053217531 -4.1209191999 -1.41367224904 -6.15794160317 -4.363166045 4.35148925162 0.0375460824777 -1.83823545183 -0.563864171872 
5.86136038635 -11.2632344054 0.198417305886 0.353312423327 -0.279316236765 -3.9150507613 5.10219538481 -0.983502847481 -1.14092322412 -2.3114105751 
10.3118764703 -12.0540713423 -0.202514198529 -2.36400773092 1.32062875409 -4.08257731395 1.70292677782 1.29958336104 0.933656304487 -1.62400094068 
11.6060340238 -13.1753613083 -1.02498130112 -2.40012233517 -1.18441546769 -0.778664807845 -0.582801176395 1.2577752946 0.766757825441 -2.53812168061 
11.9039295249 -9.20931317198 -6.70353854248 -1.58694002302 -6.08263133888 2.20561648725 -3.74349782212 1.36272488088 -2.43934968439 0.353193554074 
-21.4172761169 -0.706484256532 -3.4636464836 12.3080227471 6.42188413066 1.0987858879 -2.07143643621 3.71935091154 -5.14832337138 -0.47717573405 
-26.8557322936 -0.793444493152 3.0552029427 -0.201162386475 0.883704709641 2.16692631855 -0.793579640274 3.64479331713 -1.57224529289 3.47264400336 
-24.9446068073 -0.295968356946 -0.501472058446 -3.53636452084 -5.07827841812 0.630771814465 -0.933419440497 1.92253633778 2.90062838091 1.2060323297 
-31.2619227719 0.477528864356 -1.63877183538 -1.82581428318 -6.3253584287 -0.351856781207 1.0143632845 -0.810354006947 0.547652837855 1.32206704309 
-22.3230809418 0.48714265395 -9.85362003613 8.62483869761 0.207887679275 -3.63969342799 -2.38498003351 -0.946285749332 3.34578185555 -2.61098017704 
-1.31988844856 -2.05875196173 -6.02771011936 3.5067399055 -2.99267300516 0.0312180492886 -2.11132879231 0.788525773266 2.92255196708 -0.715035265632 
8.78368326831 -3.13008748435 -7.43949099822 -1.69169270238 -6.29944856863 -0.990172764201 -0.128227031659 0.834563850351 0.175802811023 -1.22765155279 
7.63438444764 -3.7430906508 -0.374400173469 2.79589863271 -4.45938742222 -1.16861158951 2.06211148006 -0.523383237661 0.253472583167 -0.278408695139 
5.57464640602 -1.13096050928 4.3136477033 8.83144163027 -5.29825790444 -0.815767021598 8.76787400111 -2.17775178898 -2.37166388955 -0.243246952954 
9.5185257862 -3.99178068515 3.59235729673 7.39752655833 -3.29204713308 -1.78315347652 7.64731810556 -0.463009882521 -0.566507916313 -0.617036064595 
10.2218584734 -7.19668662369 5.80095040411 7.98128983456 -2.37826945137 0.431566451689 5.81778438311 -0.927717892972 -1.31020362894 -1.33486442061 
12.2813669326 -8.32789499812 4.07213526712 4.59304625996 -0.62761840272 3.79737203883 2.08028101503 -0.325184924418 0.660686878642 0.55644976096 
13.5702929912 -7.41010973242 4.35493459263 4.62438184837 -0.0932749952996 5.79108464634 -1.04185237463 0.988758502606 -0.312073101466 -0.195036286554 
12.6740584773 -2.82393475742 2.61081025312 7.18648909041 -3.36527510964 9.29091531834 -1.68656171031 -1.53234244011 -2.12183691992 1.63991399998 
-29.7859632122 0.512042698617 5.5893137376 6.20228234996 0.76688522911 1.99357945344 1.97941281896 8.41205262762 -7.65702778069 0.660365086108 
-18.0558484259 -4.16373843682 -0.00637987275293 -0.294860589364 -4.15716862805 3.32787059797 -3.24713758135 -0.435213197481 1.93097644986 -1.08586134241 
-29.4767193691 -1.97782169316 5.64008839653 -4.76531262206 -10.5799571042 2.03767653586 2.81975217099 3.38048011221 2.01041928057 2.06331490889 
-24.7950045036 4.7495150351 -11.1347101318 9.78435593287 2.11042056505 -6.86356833292 1.08777626269 -2.02921129209 2.61559793577 -4.16362242681 
8.453986081 4.25203664353 -10.8335314624 -6.42898889031 -5.2174687654 -3.33455463417 2.19054725992 2.18783789552 -2.62957131278 -1.15958211981 
10.1042342203 8.18069891508 -6.42867051407 -4.65135096874 -5.1433543289 -4.06097851909 4.44671504378 1.45865379187 -0.00105479757949 -0.626642282091 
12.1266735941 10.9018533554 -3.83213589425 -3.43771549634 -1.81091980589 -0.466169169347 3.89092024561 4.93253609139 -2.28790650006 -2.99806707147 
12.9323062043 8.42460428164 -0.467745130681 -2.42688395377 -0.526513006875 -0.296765790443 2.83464384287 6.93655325882 -4.07800105929 -2.55355618458 
12.0414901728 6.38254191663 -2.185812951 -3.72496096332 4.31415291791 -0.574207831521 -0.510882357358 8.20119077141 -3.19211593686 -2.19921723537 
-1.46617844602 8.22888401211 -6.58867413085 -1.77956854968 9.74564779379 -1.66546523149 -3.77155570342 5.24621759496 -4.49918890331 -1.10820406609 
-14.9260021488 2.88832855095 -0.162852081442 -6.00464506368 9.20963615312 0.294106076022 -3.31527337778 1.00250852477 1.42826291803 0.918656156005 
-25.854141909 -0.813552325545 6.89768407948 -6.25940434251 -3.75566000389 2.70801439224 1.16464270597 0.0377130057691 -0.454745157373 -0.225947365194 
-21.5458487222 2.95182550337 -2.23582776112 5.22180416567 -0.835356386819 -3.16894051908 -0.716763446388 5.43234945331 -3.21666865712 -0.45226469129 
10.9255693018 -3.0170148608 -7.87733805056 -0.459844649008 -8.60812158387 2.16046922377 -2.49713445683 2.1006237403 -3.52141589985 -0.713358196342 
10.5469228209 -9.0063062773 -3.1100531127 -0.43702457698 -6.67454304754 -1.9599464168 0.533348390598 4.26681275778 -1.07342687887 -1.41843168651 
3.12002721939 -10.7315454016 0.167039633466 0.258630701784 3.7550743201 -3.39030661296 4.88818652666 0.643366331778 -1.89547625092 1.12963625997 
7.66042543895 -10.3671958855 0.599648087602 -1.12518884186 3.86110750842 -1.2723666853 1.40318891111 1.41875624539 0.822781862071 1.62196976053 
10.6305894626 -10.6700843721 -2.92485983227 -1.54627842127 -0.724748530514 4.06602162354 -1.79247014861 2.61109436702 -2.17426791035 -2.42721991935 
11.9528652887 -12.6500749376 -1.01367378856 1.12095862451 -1.23008375989 7.6471528722 -5.73581672065 2.82614491378 -0.530853020153 -3.82078316677 
-21.7837651356 -3.38714712246 0.0494808520231 -1.77756401731 -1.81011816346 4.97275304371 -2.81614339181 -1.12667571884 0.20289164261 0.769444539695 
-24.7505248438 -2.18757420782 3.34954767356 -8.95277541387 -9.55820942942 3.78947437774 0.890692643001 -0.122296328456 -1.55717897139 0.805779918183 
-19.7490702543 6.75591052617 3.77209477848 11.25273016 5.49933320066 -3.87635067652 0.610821927343 11.190632217 -0.73256770178 -1.88064219595 
7.27295367335 8.34357148662 1.51430792836 1.99699448228 -2.79198214972 -2.05608196261 -1.82045982398 0.673945237695 -0.18825337685 -1.01349124616 
15.8195830746 10.7079874838 5.94141108494 2.71265412063 -7.98833636257 0.665900855743 0.72711496508 1.96769476615 -1.79106235308 -0.708169553218 
12.6030344857 6.87666505167 6.13862169493 -0.592435084471 -2.16274534582 -2.61393178426 0.0387237614997 1.6270707079 -3.2092781566 -0.195405201061 
15.4947004003 11.9854501736 4.75432577649 -0.471790457744 0.750106955363 2.33108524499 0.242966808163 1.79808042353 -0.677220599752 0.0476394198859 
17.8914426046 12.6167787164 9.25239675472 4.60586473101 0.399059240453 7.024371203 -1.45221380467 2.04514558803 0.306445980996 0.682598278838 
-15.379849755 7.59513571185 1.27589218053 1.28356989193 10.2030932405 0.664691945437 -1.81544624389 7.19856701057 -5.69000514594 -0.340626287087 
-2.23819896449 8.18677106379 -1.96117500571 -5.43532101028 7.04901601368 4.8312740166 -3.0539043491 -0.63689344319 1.68147324184 -1.09793904938 
-23.6275821365 4.84339083174 -0.120545216853 -3.23191969007 0.034245261628 2.54279580703 -0.606573016289 -5.21029661207 -0.62821519976 -0.478100758887 
-20.5830800585 3.49739774931 -11.8693498455 8.78115367534 1.5791531538 -3.53540671361 -3.62848930158 -0.00666927383972 2.71543519086 -2.50372621074 
11.4690677278 -2.48469883906 -7.70568245612 -0.498099881232 -6.22912185585 2.70819851332 -2.24277738531 0.965717058955 -1.99038301418 0.533882318806 
14.1678543164 -2.59447634587 -0.0592077252979 5.89473158321 -7.50408151487 1.35947933772 1.74200195973 0.104840686728 1.97707942231 3.73668019683 
10.3738143161 -9.41829208126 1.45358053014 2.45571452477 1.04955916441 -0.893277201713 4.34008633882 -0.68905845244 1.33356896206 1.07812983251 
10.6940561888 -11.7668258272 0.527434402994 2.82924114054 1.87645185485 3.83891104112 1.75657336794 -0.238436323173 1.30969357969 -0.990397673383 
13.8899346175 -6.14066663323 -1.97124278104 2.73415360285 -2.30671041987 6.37301665575 -1.76617361112 -0.234195010402 -1.01132613783 0.748318925739 
-1.04405834649 -6.51161020745 -8.07224595796 5.79575563751 0.998757277441 6.45471562227 -4.8355406337 -0.751093063876 -2.60053943773 -0.898263790478 
-17.9474408602 -2.19857873035 -5.03324408035 -0.622891214364 -1.13347071592 3.60998516518 -4.71136445703 -4.20411210095 1.1532506894 -1.57271870663 
-21.6550371577 -4.52599460009 1.17975297022 -5.25308954929 -11.8622562931 3.0180577777 0.490596682171 -2.25993469766 0.949019812809 -2.25255477399 
-20.3125077674 4.82396942337 -4.82752060712 12.7654911587 3.46859726905 -4.20417098834 -1.52402574802 3.82061124625 3.22856047218 -3.54497208886 
11.4303225123 7.8582178572 -3.12188048372 -3.37956430267 -0.482723443729 1.30401673878 0.606867634297 0.116050118466 1.87783109889 -2.57423612662 
11.9930708907 8.27508138997 -1.03415245751 -0.473334538777 -4.50570000747 -1.23584003953 3.77780474044 4.02215148475 -1.85728168468 -3.15079148249 
13.4701520641 5.53670282012 5.48076183118 1.50803755955 -4.06940639366 -0.94613801716 1.16394752889 1.11484663233 -2.3560846373 -3.04726621561 
14.8844620931 6.92904576891 5.4796321541 0.923517924608 -0.207966480955 3.40381651743 -1.29759702809 2.17955537803 0.019831529204 -1.18423754549 
15.4486220275 8.80258138124 0.0338377789046 -3.45544606093 4.37571824724 6.05246374731 -0.199950091796 2.43714347877 3.96500114543 -1.98939150441 
-20.9522260914 1.09297189763 2.42791221029 1.94827625909 3.28522336225 -1.38770542748 -4.97429999329 -0.300679626322 8.0802406276 -1.10456429134 
-19.2478184663 0.869080787576 1.85076787482 -6.3566645298 0.975390141791 0.818906833542 -1.80317798943 0.768083552268 2.00773140588 1.34543463093 
-26.762323029 5.24559591216 -2.28360629599 4.95700433241 -5.76359146028 -1.62824547191 -0.565401527061 4.19694777788 6.48706366767 -0.251780086323 
-1.58639733431 -0.976002977052 -3.28166125849 6.49267474579 -3.84781496365 -2.18262321804 -0.830176139108 1.66514146117 1.35605929701 0.0635981406422 
10.9841296682 -6.2142187575 0.115421600552 1.25479508628 -4.04840629846 -3.94858349237 4.4463585219 2.56038665171 0.580265452776 0.766291996598 
7.34208595404 -11.6558387489 2.81169744299 0.329142912622 3.68877208678 -3.05793601096 5.38706466294 1.07386634601 0.437562963883 0.0229392537124 
11.693682123 -12.9548254493 1.67518270425 1.64998057333 0.315147642305 1.63932514343 1.53995936525 3.19668305433 0.186088231652 -0.300766764624 
14.2337269074 -4.0155892478 -0.859699203094 3.10016691506 -2.8930206352 6.2983696061 0.690992324933 -0.121125494105 -1.37855334088 3.36612678497 
5.34377471667 -5.75495445979 1.57981990244 4.9760657222 1.35106814404 5.16419422241 -2.85626910667 0.560198522222 -0.133440692978 1.65319631021 
-18.3049003749 -3.29145289034 3.1645627885 1.43272933012 -7.40317659721 4.53946883699 -0.435174676362 0.370103704674 4.01971690955 1.3940859156 
-24.4595757642 -1.79807820846 -6.05740374406 -0.549994279455 -8.91269641963 0.263776017216 0.563554790644 -6.23283707968 -2.30849736819 -1.88837597343 
-13.1175238973 4.16544290593 -2.64599894175 9.88229610993 -3.71265414006 -1.940776609 -1.50478977134 1.74073803167 4.07788285923 -2.09898989355 
9.94011876917 0.191206700438 -3.39088822383 -4.26415839363 -2.84961686353 -3.21586742333 0.52260958174 3.35584720752 1.48313702571 -2.49217908188 
12.2016030233 6.70833151153 -3.75041037089 -4.78429031527 0.885163770616 -4.48197423125 3.43971355569 2.92609954739 4.88079870514 -0.800842669936 
14.6250940679 9.46146649627 0.624708847625 -4.53776064449 5.57671282344 0.667914216317 3.32585286607 3.73516296245 4.43644679888 -3.99978129673 
16.6244153699 7.45293045086 -1.20365647893 -6.71870912276 4.12592567791 0.0691650289496 1.37473780522 6.00698840928 2.92247162279 -4.36250096989 
17.6401094365 3.19407372812 1.24507775143 -1.76446111396 0.925431915542 3.5738841195 -1.20415682268 5.63137271516 1.57935315742 -2.80065547605 
-18.8670783554 -0.495041964208 4.70363529824 -2.59283685768 -1.38091335162 0.372699126467 -2.13563600491 0.573629008061 3.28088108 -1.80503577769 
-17.8759117459 -4.14396906973 6.2279373555 -10.2099978559 -5.37773280374 4.26078643428 0.162461587439 0.539222095408 0.585883252804 -1.48672363908 
-18.9928222871 -1.37256041219 3.69410303069 -1.18631447528 -6.4923306897 3.69901892188 -0.497683835818 -1.40618700903 1.56983375953 -1.27001828366 
-0.633616980394 1.85937160867 -0.17923962826 11.3894209673 -4.82439831555 1.19115908066 -1.42572215106 0.96486980142 0.160901514244 -0.161000834258 
15.1830967585 -3.7988959898 0.282829614496 2.56329409196 -7.45708265911 -0.325641619568 0.0415925360532 0.960376748653 2.60979258001 0.633325468737 
3.90122059876 -8.23206950425 0.0521851568427 0.276774888164 1.74923914943 -4.53067587122 4.79664686552 1.21925978057 2.26356531543 3.4513764397 
10.6359284623 -13.3138643297 2.84304768308 0.853300466098 3.05741465901 -0.684821927698 2.23397160126 0.0353403369691 2.83444792914 -2.01983828816 
11.0211148879 -12.0048762895 0.905203359627 2.60352383062 -0.812811645247 1.58777217013 0.663931963411 -0.600875008466 1.8385190541 -1.99839915856 
15.2145965258 -7.78893642346 0.603563175396 7.41287839452 -1.64320470766 10.9336981551 -4.75521654793 -0.906897831439 2.289341614 0.867302910674 
-27.2845137561 0.977469553209 3.18019400695 10.3023350418 1.71158949641 0.211953976009 -0.694507076925 2.51862437257 -1.42227980065 -5.01530682024 
-9.93021756 -4.67202119736 -0.203655761155 -9.6659430559 -10.0025085255 0.119629184467 -3.16841763941 -3.13037546165 2.26329168123 -1.67109356401 
-18.0683552354 5.32338089643 -11.6678532311 -2.08062056888 -6.35171504327 -3.70313673455 -2.47678025217 -3.02289657439 3.77884374003 0.826027746138 
-0.586579734316 10.351962116 -6.57334465592 2.54433710908 -0.0483251136168 -3.27291279379 -0.839849999262 -1.50863327528 2.33439049711 0.191959739935 
11.766327871 11.0742518119 -9.10743685805 -6.20010415982 -1.71459033794 -1.7848122338 4.24963423713 1.29698074328 0.924277444855 -1.84462858819 
10.9848794189 7.83313032178 -0.0158674797607 -1.99728961211 3.41891156778 0.412704758597 4.1011074315 3.02975193291 2.41385452131 -2.9997715165 
15.0955711581 9.85677915901 2.69651278527 -1.66204675867 0.961045118242 2.55977009479 0.566137978124 2.50313327176 -0.527209715744 -2.22379299933 
14.9282268304 9.87735465056 -1.59089620425 -5.71745892563 5.08068664169 5.10198313184 -1.87063317454 2.87743337656 1.83950574069 -2.20759673541 
-10.401233824 12.5716952431 2.48434987446 -2.70472457267 7.85217122191 4.13138087505 -0.690599604021 4.97023631697 -0.644534991106 1.45608050614 
-8.30547733102 4.83574565614 2.02890619417 -9.79490005727 2.05895985703 4.32003608112 -1.68023728115 -3.862128477 -1.69626164007 -3.10281207093 
-11.0205866458 -1.68348188462 -0.675266554774 -7.13563351319 -1.52983641062 2.10420543233 -1.76135330816 -5.50445032484 -0.417125129548 -4.18128470395 
-15.9526839443 -1.94331053972 -1.07768013024 8.16632795539 -2.07066810481 -2.4710843207 -1.10994255888 -0.0153089815283 -0.240780706001 -4.85273779957 
16.5037618313 -4.99082322112 -2.6765181943 0.832166175148 -9.6733631017 0.885087338398 -0.32329015011 0.746390134956 1.43082720791 -0.250712737224 
12.7114695098 -8.80661463217 2.95827523595 2.58989929126 -4.72424142513 -2.16609368379 2.57553900345 0.464170205819 3.14461201485 1.58938051738 
11.5035911644 -13.0485558961 3.69822033908 1.40796017878 -0.242436856907 -2.54939208383 3.86439964077 0.308715838275 0.598927614178 -3.32230316974 
15.2835147745 -11.1449439814 1.51393593664 0.268334104221 -2.60594604216 0.736226732972 1.19601987469 -0.0766262743394 1.08355777413 -3.46342831033 
14.8846607358 -8.03331915425 0.0141542379856 4.27985844325 -3.70583348174 7.44808208504 -2.16435237825 0.730277304938 0.670537376708 0.165779372968 
4.03042959179 -5.39023603824 3.50610330956 9.90804994297 0.162715458026 6.99128347536 -2.99823855886 -0.772227828137 0.318531821761 -1.5658013772 
-17.3684773265 -5.83590295569 5.20320283884 -2.35128087977 -3.2453965434 3.2305092868 -3.48255665404 -2.01771117624 2.58307878919 -4.614134137 
-21.4237887929 -5.5639820932 9.28123019201 -5.80518645216 -9.01042344494 1.0522649533 -0.778863052202 0.527251084282 4.15881484774 -2.82094139253 
-18.1018226345 8.80836554309 -18.6344276637 5.5818013552 -0.727869065594 -3.88734425157 -0.918647377442 -2.88439424383 1.00228835753 -2.12015853647 
16.6478132188 10.5419116264 -1.65908558486 -0.868146262069 -4.73487146319 2.49769927299 2.41572363341 3.08447651033 -2.34968115919 -3.69966069195 
15.6067440995 14.8858434356 -1.18605523974 -1.38455733587 -0.752721241441 2.38529062672 5.05440951505 -0.277435917427 2.50786232931 -2.8192354069 
16.2834460066 13.0927371687 -0.0582309762023 -5.27391400493 5.11800025293 3.60003617276 3.91430752644 0.660805578655 4.27558511601 -3.38408582621 
17.0943675232 12.0738495855 -1.58793804888 -6.72330390035 4.92082856937 2.61036128571 2.07158359481 1.19213362203 2.65304662133 -3.31864584695 
16.477416928 3.73883094801 -0.489419528002 -4.03061903779 5.21529493022 5.64906235693 -0.957894868774 2.58518949122 3.45889387972 -4.38388311788 
-24.7226814107 3.21797693675 -2.70163258557 -2.34410937611 2.15375550546 -1.8933947971 -3.17230210051 -0.854776214909 0.979945622326 -1.20422651798 
-11.7159163294 2.90922056582 -8.70493882607 -8.5515264091 4.57655112637 0.130145275322 -2.71640470683 -5.17396126699 -2.06598015325 1.12515151 
-21.5633498376 1.68713607287 -2.60978194685 -1.13973382219 -0.778202313711 -1.75504251352 -2.27221171054 -4.8510820415 0.646049029247 -1.20742045466 
-11.0853798168 0.149715597818 -2.28813116888 10.640992717 -0.488075521183 -1.37386371528 -2.56759379105 0.20963423573 1.47107728731 -1.37802979057 
12.8319859414 -5.32241035012 -4.53755069799 0.0520470442918 -5.03835327888 -1.07363257964 -1.1848097607 3.2740977507 0.797440041161 1.91442068479 
9.97218367759 -9.97700854944 0.0761428422266 0.550525445372 0.891046154578 -3.06683589498 0.961198679572 0.72340487742 3.13701006243 2.40316627043 
9.94107244746 -10.8583771133 0.0246698673431 -0.0113970952798 3.09663480806 -0.254259796407 2.84240104606 -0.163633413939 1.01684123644 0.115592850288 
11.0053187509 -9.07557796579 -1.70693899158 0.668240311345 -1.70032677873 1.74534410941 0.629173089017 1.71806282077 -1.70188351743 0.724631751037 
13.4782278279 -8.13219911846 -2.22085790289 3.50848053653 0.374520317276 8.95280632672 -5.18657513469 1.18891802978 0.600803685539 0.658959604601 
-21.7044961257 2.16757074155 1.07973054486 3.74448194783 5.62323442282 1.66758416449 -4.48400113894 3.80220276743 -3.87135015156 1.62533871451 
-8.22915526854 -5.5837264958 -4.97698328672 -4.91596649968 -7.4289018504 -0.549205823368 -5.76760870336 -4.52070198998 0.748214762292 -4.26467260027 
-20.2987332107 5.27571150214 -9.78215195212 -3.19005290028 -5.44544489902 -4.0267223081 -1.10736709139 -2.00287502456 0.384165317553 -0.552099427917 
-0.215263868987 4.42636824045 0.877772817139 8.41767910441 -2.08897860184 -3.6678749737 -3.49288051288 1.45630842092 5.69996943648 -2.31957804414 
11.0784797515 3.54515547946 3.00680714986 -0.948675141533 -1.3560383599 -5.63263448233 -0.613807715152 2.92195998955 1.58793968628 -2.12840063921 
9.30505507713 4.82597444093 0.400976360675 -3.87489834665 3.16576788407 -7.11528845401 1.18578338144 1.07129146826 1.53091615542 0.524378622853 
11.7341562646 3.45162237242 1.92210760555 -5.61549268421 3.54475391251 -6.81171742244 -2.64920795319 2.30332512527 -0.588469559283 -0.813102238167 
15.1408803926 4.78129685877 5.81958216602 -1.69897521536 2.62628063688 -2.80891688959 -3.586461337 2.26607523962 1.6377139282 0.03150063648 
15.9419820453 6.96247067313 0.617894463193 -4.08639134138 5.9172135094 3.14033500598 -2.96128112388 5.79261574373 1.92086917202 -0.757424602814 
-12.6835205458 1.62767108275 -1.31800926 -3.673058126 4.79554015221 0.237427691991 -5.13129157297 -1.69195809781 2.04203099625 -0.811135098847 
-17.2235294277 -2.88310473703 3.28257984822 -4.86646158408 1.52775121803 1.45865290194 -2.70919784829 0.868514162929 1.01598313705 0.51575898933 
-21.1579200177 0.997679349764 -1.59933213805 2.46351574138 0.0222059463736 -2.77513320218 0.285167144442 5.03847798947 -3.09270462651 0.0791647039384 
11.2009392962 -8.00049948811 -4.70326250284 -0.929027654629 -6.30790759972 -0.756921785105 -2.53918256315 1.85706197404 -1.48762281106 0.28758954187 
9.43534831999 -9.90632255364 -2.4590905128 -1.63667610356 -0.250226711049 -3.5620266826 0.19839013356 1.22087665081 1.97551218126 3.34384484205 
8.46290962401 -12.5408308528 2.00965879119 -0.0563816062654 2.27020369393 -1.61780305013 3.75482145445 -1.23569574265 -3.5037320055 -2.13359106578 
8.55826903844 -11.0100002208 -3.1152607548 -1.13053013407 0.340679376224 2.71024874689 -0.955082455477 0.198397778563 -2.56870114704 1.93519950246 
12.3918553979 -10.8482466561 -2.65935521351 -1.53275006525 0.652035818345 5.38714460627 -4.43251180882 1.30568592698 -0.816466057563 -0.964685425428 
-13.5165010294 -2.39331231454 -3.78083197329 3.66732546223 4.40671869021 -0.113821072386 -4.44103342673 2.713039335 -4.41335564453 0.6534108871 
-4.59346079051 -5.87072996993 -6.51379810191 -4.1147024281 -2.68051501554 0.0839266434984 -4.15562436583 -1.95694252787 -4.48687438083 -3.16063369245 
-25.5569584298 -0.759786825054 -2.68736532546 -0.851467006852 -6.62439564437 -2.1913445024 0.422441650612 0.988588739812 -0.351270280588 -0.971422422928 
-2.53785943815 2.92673893343 -7.57487240657 2.26510807654 -3.50053807486 -3.2706558233 -1.69224016544 7.04060056513 -2.21832327668 0.443266905701 
13.5431879991 1.692536783 -3.97185458563 -1.04437253772 -6.4325833096 -3.81002913851 0.246059484052 6.96663207793 -3.84284236371 0.883717113358 
11.2160552921 4.82161393606 0.78898758887 -2.5684125668 1.29774409236 -7.161756176 -0.258018778103 -1.2029350555 0.811882194741 3.85539073217 
10.7462325774 3.33357728656 -2.47566734926 -6.39600833459 4.79918395533 -6.83710474713 -2.45994889125 -0.161125654145 2.88873756694 1.14243552025 
14.6602462602 1.68730052238 2.43390308347 -3.27156439747 1.4071747488 -4.30942077823 -6.26193764283 1.33860247771 -1.11838403184 -1.32482247105 
-10.5266820487 4.73869069457 2.57777040665 -0.379554195597 8.37528416131 -0.582000814249 -2.8961535172 5.61468738698 -1.29394175959 1.85666821659 
-1.40496270219 -2.39829313389 -1.61195666325 -4.70254736379 7.92578314769 0.421136142613 -5.12472448353 -3.36056187513 -1.26964205995 -4.68651630814 
-12.4827345596 -2.82010453254 -4.63226418254 -3.04630620005 4.7878132085 -1.73382246989 -4.80764426844 -3.39499345453 0.430520976072 -2.26305449163 
-10.8611734979 -4.19991326681 -5.94327243913 4.78747309299 3.6891257979 -2.69098958117 -3.53405103661 1.61245344225 -0.548173739637 -2.42823503137 
12.9053046803 -5.66502437289 -4.91505506594 -4.81590560012 -1.95235851334 -1.67002956947 -3.25949220941 0.382279836226 0.177760646982 0.0731302546326 
11.7526437457 -10.8306887719 0.275905932169 -2.72455213405 -0.0250322256039 -3.73146827808 0.201067565186 0.855139253906 0.249430426118 -1.63571703355 
9.62418318565 -14.2033029521 4.20930051335 -1.44248546024 4.61577909591 -3.1758036774 2.30147385194 -0.245212960296 -2.08038404854 -1.51097341585 
11.6336661847 -10.8426755425 0.249311540369 -2.16754894903 2.16839356218 1.0521707808 -0.675589909101 1.05220596433 -2.26990056052 0.180024975019 
12.0351020685 -13.8788756474 0.317210343049 0.692599868802 6.15174487891 7.01919680971 -4.40881073726 2.11332795772 2.30465071641 2.09437995176 
-10.120981218 -2.7810589695 -4.43252876566 -0.570378703531 7.1707500921 2.04212168822 -4.15832002312 1.18037821342 -4.59980764586 2.51283005359 
4.34750598152 -9.16426517335 -4.54719293889 -4.07884257487 -0.954718800327 2.5320056187 -5.76840963046 -1.72551864445 -2.67256322406 -3.08913987525 
-19.5564608194 0.735365025014 -9.21868059905 -3.78083076026 -1.54289530645 -1.42529398091 -0.394821029508 -3.0904616809 -4.33938899781 -1.20006330763 
-5.95598425091 4.46376410802 -4.50107613929 2.7549531433 -1.11662923886 -2.72215115924 0.0456880272119 5.92272105434 -4.2113286336 1.50814613548 
14.8239407281 7.45291576739 0.318922091223 0.563697566212 -5.56918838962 -2.98378585933 -1.02440612801 4.69238323053 -4.42079100168 2.95126515828 
13.9889280345 9.35773057915 2.73020215619 -2.39280169281 -0.531921152769 -6.3765581134 -2.32063453759 -0.887137493651 -1.80323057431 2.40769883905 
17.8375095582 9.7394836855 11.8746032792 2.1575919497 -1.18127913632 -7.63202922714 -8.40639419582 -1.70843034677 -1.57126723183 3.4970824327 
19.7942769273 8.59177190105 10.4322635199 1.76647077462 -0.392399232904 -2.16353147736 -7.11715700102 0.548673040325 0.274577175007 0.932127641477 
15.1020379338 11.3475010012 5.30567974941 0.61066609926 1.22812003221 2.09695721021 -4.41890419552 1.77047966139 -0.667936584829 1.83917098907 
-7.36107429646 8.68842122507 -5.65772395238 -6.26878378936 8.30471365812 -1.39889277963 -3.92692180922 -5.20022353161 0.385284835301 0.80561868929 
-12.4606128927 1.24858483423 -6.22603115855 -4.86456649421 5.11171327641 -2.50190286864 -4.18652004246 -5.85289393596 -1.17508587477 -1.44384284819 
-17.372606914 -2.38469806295 -3.32562506319 3.96280947116 2.10908503314 -3.32591044577 -2.87661598233 -0.199878729007 -0.0610036975162 -1.74035159766 
12.4256650641 -5.39136247985 -4.82860459837 -1.78700218246 -3.40223967784 -0.56349067995 -3.73566764423 0.967426643634 -0.902901107083 0.82490149274 
13.0016197556 -8.55262985015 -4.13946650564 -2.12041680869 -4.34375764141 -2.00391500781 -1.04842825542 0.00936378164675 0.866139869179 1.63382985191 
10.2594311492 -16.2404819801 3.21641775866 -0.182349048478 1.44441253885 -0.804378445926 2.36014551382 -0.486744320543 0.850128210035 -1.45042621149 
9.7750030071 -15.5369991271 1.22675617948 0.625650184756 0.660698477234 1.78345651035 0.826792116103 -0.540319781125 -0.0262213071328 0.858095473836 
13.1173448484 -12.4061462387 -2.95030089242 -0.756095846177 -2.41961371352 4.931738647 -2.89338406479 0.101996860695 0.0387898761461 0.928843943167 
8.39501213518 -13.8334945918 -3.04587830873 0.632431235025 1.54194771312 8.22097255641 -6.55408660083 0.862231359665 2.24434424764 2.54584156186 
-9.6075716602 -5.68643173108 -1.22957279214 2.71074929344 1.5689872166 3.60148801485 -5.43831074734 -1.94505765529 -1.71015292489 -2.01488972368 
-15.5650501388 -4.75202299381 -0.355449236532 -4.04578710148 -6.79611518667 -0.881665835378 -0.80967075009 -1.80838145457 0.160272347775 -1.4490477912 
-14.6495726804 -0.621966085069 -10.2472169849 2.9263567587 -3.39959757798 -5.40734952631 -1.63895854281 -0.732547607363 3.27042177091 -1.29694842535 
8.32904880293 7.37435653411 -11.6428334534 -4.01914008308 -4.74220789576 -2.8325676005 1.84266217342 0.551033325384 -3.31972957314 2.37292084582 
12.331825738 9.30631224187 -5.80444088123 -3.77271498536 -4.29009645621 -2.88765102852 3.19554214153 1.02188740917 -1.75280328697 1.52365884719 
15.5704071936 7.35701728095 0.331065104567 -4.08270356842 -0.766226798356 -2.68858789431 1.41079438895 1.02804155053 -1.17190858973 0.586944308885 
15.5009012655 6.18283829416 -2.51310617662 -8.16020423076 4.03370618214 -1.15875564501 0.607600215585 2.5056105129 -0.142153365144 -1.8826514076 
13.5450363541 6.42419700478 -7.00406957359 -7.44850658565 -0.517965629968 0.721113935582 -1.62546031281 1.1206305376 -2.39669799312 -4.44499985575 
-17.532212365 1.42674558072 -1.82629359397 -5.69579420004 3.17066900765 -3.9023554196 -3.52218063606 -3.58457360604 2.40176510635 -0.538168632004 
-3.59707095811 0.42610196534 -5.29781625587 -7.28042942175 6.32940091365 -0.0757913330175 -4.722593317 -2.74356740706 1.037829201 -0.346433696952 
-13.9812626232 0.631641186282 -5.99543359526 -0.99142243344 -0.369555128733 -1.40684775712 -1.45682917251 -1.56496244473 2.03850460125 -0.0666819882995 
-6.1213800818 -5.27424223937 -5.26209329381 4.1853218771 -1.60563137607 -3.11503569797 -2.00403510529 -0.193741134518 -1.14070756346 1.04985789781 
10.3346005926 -6.98143034213 -2.5480801393 -1.53728114382 -2.24514634714 -4.0035568931 0.467211636463 -0.218490644228 0.258956097032 0.503904269807 
7.74900984949 -13.5570211126 4.12560559396 -0.280134044007 4.69765762385 -5.1799282325 3.72279134864 -0.541867294721 -1.335612496 -1.07021523374 
9.13753428979 -13.3460787889 1.02659704159 1.0183620866 2.24059852135 -0.416878580926 1.99580084027 0.0448162958917 -1.18911378614 1.26920127888 
10.2130209682 -9.3450592851 -2.1440411136 1.35548936826 4.86075935531 4.85103314182 -2.1458958467 0.643136623872 0.390088015317 2.8692963667 
12.5908782788 -13.2326649947 -0.591718755252 2.43640547753 4.89792815038 10.9144466812 -6.25663009416 1.0841391728 2.1077472141 0.842185642205 
-16.2407641691 -4.30361829872 0.394626998137 2.95669579188 2.91731766136 4.26806040854 -3.99785293348 -1.12365967112 0.47450116545 -0.60091460272 
-16.498523587 -5.81385381431 -0.116316551002 -3.1226960775 -3.95213317069 -0.161450636655 -0.706336419488 1.28953633152 -0.266439259442 0.110367609975 
-21.1825293403 3.2372164375 -7.49873001679 4.80013528712 -1.98304117721 -5.10562757407 -0.887648460291 -0.793633309027 5.33144766031 0.831863584257 
7.28922970973 7.020752294 -10.6686697492 -1.35453418722 -3.97672525977 -1.21628970077 0.467458425097 -0.660264794201 0.761169766169 1.4899227396 
10.8429965175 12.112072559 -14.4325114608 -5.78514848974 -6.56769746138 0.0515164195311 6.145512794 -2.30738849229 -2.51743604125 2.0109402075 
12.3820631944 9.01231581921 -9.09009159434 -6.42574467739 -1.32793055933 -1.41132873989 3.24438791668 1.31438168618 -1.25156049705 0.192779452119 
16.0829245795 11.2716416949 -4.85373784265 -5.10689841973 2.17952560387 2.39251937578 1.1627400081 4.27044170961 -0.750426089014 0.408409006461 
16.9018596517 11.0380272909 -4.92486471623 -5.54595018584 0.136425259189 3.22431487867 -0.935786352127 1.69411377791 1.00619138333 -0.600623560069 
-21.661251386 4.15774543725 -0.685869818646 -7.42523664851 3.53574375317 -1.18962281393 -0.963264699323 -0.192457033979 1.7319482793 5.36363056214 
-18.6271249545 1.61279465812 0.623787879484 -6.56257933613 3.53668278638 -1.61793231809 0.0327471907275 -0.597081425784 -0.0440246684252 2.14585350752 
-21.7945348259 4.61101501248 -2.13373111666 2.18967866053 1.43063116991 -2.0840735919 1.25541106879 5.5370922967 -0.987100328181 1.59463528531 
6.98121460058 0.929030609124 -2.14709787094 1.32148618343 -1.37962754654 -0.437164275263 -3.10021192274 0.476150640433 2.45180464343 2.80608078575 
8.30808893984 -4.42280764533 -8.92485077153 -3.47174349737 -1.37221138145 -5.0159307971 0.205187318939 1.92743614186 -0.198351915998 4.81234862698 
10.4197845186 -8.91333528799 -0.422287653119 -2.17134486045 3.96231563558 -3.68930192894 2.57638092182 1.28450898775 2.32466863842 2.23996669968 
11.5914230801 -8.66342875204 1.16144220676 -1.47904902943 6.52787596457 -0.177910753998 -0.784007793123 0.251513288215 2.36155437325 2.26939414716 
12.4537290173 -9.58468723148 -2.80119967414 -0.95342591588 0.30947157341 3.4426535346 -2.77205090634 1.81848948016 -0.861930548784 0.433185664273 
8.93815682592 -7.56173306162 -6.16692697981 -2.12935483501 2.90214306719 4.58483384012 -5.53976962532 1.91054518599 -0.610083611816 1.3243444925 
-12.9555185695 -5.92776359622 0.136607375081 -1.80664796013 4.90858031698 5.25103091428 -4.38796175329 -1.26324039997 -2.81054157524 -0.931586855633 
-19.2023034575 -6.67750673983 7.31032102718 -5.19970533081 -10.0278623546 2.80763471311 2.14272222859 3.10610189567 0.957722819976 -0.970594400091 
-14.2319089444 4.27910535576 -9.13437780411 7.9692581694 -1.91316428406 -4.12365518569 -0.794396846917 0.447751104295 0.890954847067 -0.526430177669 
15.263216652 9.06642786804 -7.62701383426 -3.80843207318 -4.29731208056 2.02613748298 2.67120651023 0.949118008154 -0.975333084308 -0.923807447744 
17.0369772355 7.86451770876 -3.30459197371 -1.21556512456 -8.6760087852 -2.58659500571 1.60021201554 2.53953722228 -2.95840209521 1.78571214008 
16.0193623197 10.0804359088 1.01591217267 3.02856620161 -2.98705466271 1.24855043596 3.00949628693 1.74095883473 -2.05263718072 2.09358251153 
18.3286643635 11.0024621652 1.58363122305 0.685676470111 -0.802585728614 1.72308166231 1.54444715451 2.52526772424 -0.873192402126 1.53543887509 
15.7428836855 2.02194226822 -1.72511434438 -3.14252077839 0.29994293992 -0.0247916641248 -1.56899615654 5.30367737364 -1.25739828203 -0.632425290428 
-7.82412955269 12.3629058223 -9.19895972349 -0.657180913564 11.1429333469 0.909513703574 -1.59387726563 2.73586998345 1.60863483786 2.70123662951 
-8.10393967085 4.00725450158 -7.1327853695 -8.00695333098 5.78216554755 -0.528494849352 -1.02832874532 -1.98080082179 -1.10092653969 2.41271102249 
-17.627002629 -0.132094872688 -4.51419456921 -5.58307726146 -2.01628533282 -0.864370098593 0.0994905688525 -3.93670840965 3.78794764314 2.94625194116 
-8.50292304572 -1.10818594095 -7.64589561594 5.27739009338 0.561903536913 -1.97653539458 -3.80835111871 -2.34981738391 3.4225653664 -0.912043685234 
10.5789816245 -2.94196329594 -12.0169297299 -5.15940558459 -5.10392566763 -1.9462337715 -1.07735446228 -0.0618634779191 -2.01126319469 3.99398536484 
10.0218340039 -7.36850790986 -5.63997848744 -3.60357108916 1.38639255325 -4.63870933803 1.63251438581 0.341497587199 1.40314881764 4.29678308599 
8.33865017145 -12.989225005 1.207098065 -2.01595391001 6.83786769238 -3.84829558882 3.76154627426 -1.08897970327 0.98169540926 1.07296748956 
9.57803998216 -12.1438068268 -1.06849778402 -1.49902616487 7.59278559748 1.53119337278 1.20972378196 -0.270664939793 1.4578314716 3.79636625987 
11.3683366059 -11.5604856037 -4.08548706696 -1.28016056821 1.37790506777 2.82544274301 -2.96164340491 2.05081486284 0.266992529942 1.6940718263 
9.47945571707 -5.81567488554 -1.65256147468 1.60726039733 4.03812510964 6.59565288313 -4.61107105608 -0.622743651813 0.182975547965 3.04534526228 
-9.81429205027 -3.73925984046 -1.92034330881 -1.64207775295 0.947030565013 2.85911387012 -3.87375271617 -3.82524018872 -1.30282613601 -1.72592609338 
-25.3571549506 -4.70694060987 12.9804514105 -8.3903166506 -13.2874563447 2.91733847893 7.01539940193 6.04324813741 -0.484911473719 0.128146381043 
-11.4302179262 9.12983629909 -8.25400277281 9.7368754829 -0.00919378929618 -1.84867433503 -0.182832236702 -1.32393286924 5.90327990388 -1.23964684967 
18.8756227891 12.484116418 4.31404888144 3.99725815635 -4.83604180775 3.09577201215 1.6325111514 1.60854304346 0.198870586598 1.17699132872 
17.0864529762 11.9897547055 2.81722472038 -0.443568758952 -2.69871864165 -3.33477299724 1.70331634851 -0.250567186228 4.40352871538 4.56051982502 
13.4356428431 12.6737744901 1.43029973496 -3.08127587092 3.15896232633 -5.56373254173 2.03878287467 -1.55946342907 3.73838367829 3.75851072889 
18.8620116521 12.2930740748 4.06487264162 -4.48220831159 3.63275978389 -2.7175590903 0.337178161541 1.23244877868 3.95842808093 2.03933739399 
18.3164526976 11.1977797498 3.39711903957 -3.37034261237 4.81038997241 -0.574717297089 -0.947945315936 1.83665609292 4.72397675883 1.61938254655 
13.3623596024 10.9390185179 -5.03092413122 -6.9466715595 4.65918986691 0.909116791355 -1.14865273853 0.999674070831 0.154192721934 2.37013899695 
-15.4516908824 2.98380510384 -3.75725581928 -9.38270890396 3.67992824628 -0.448962133433 0.865603481976 -3.21784324811 2.5906475488 3.51957755541 
-23.4802038501 -3.05128093912 1.87914275702 -7.12194186789 -4.9404902282 0.352579793691 2.47883836335 -2.12251961021 1.81884145555 2.4954435748 
-14.2254277471 1.04517104857 -10.2363001861 5.97289163753 4.59899654195 -5.98007371482 -1.75342112716 -3.90265222726 4.77430841837 1.31485326803 
6.94158047836 -3.85782584649 -11.8030754844 -1.81926108105 -3.18942576704 -3.764221326 -0.68346403804 -0.745166379946 0.731738689274 4.85256725617 
3.17985370847 -7.2298073281 -4.20546330555 -0.876870490403 2.87834092376 -7.0871401259 4.88596259311 -1.30546853033 -1.23379368258 4.11446671755 
3.87731405793 -10.0144272575 0.96185856265 -0.132417524411 7.26089493653 -3.81752472594 8.3228884344 -2.01681204855 -5.96585002478 -1.86223007563 
7.8922530495 -6.93319142434 -3.68547867877 -0.466054237157 4.40559084517 0.841550888133 2.97077212502 -0.739052404657 -3.26153246617 3.07686016669 
12.4956655287 -7.55839392263 -3.4942713909 -0.368213456268 0.298246637228 4.23318509626 -2.56354832367 0.73341304579 -1.47492296737 1.68908317892 
-20.4412508678 -2.23685173739 0.805842557876 7.31776420491 8.87053421964 2.81177542256 -0.486761244485 3.75626057947 -2.27151589311 0.933976131448 
-13.2362091682 -2.8767364149 5.60486828267 -0.0300163634436 0.840193447961 7.35485643441 0.683599994162 5.78331642833 -3.56249447098 0.978655172996 
-23.516735097 0.604838763204 6.07383245583 -1.9166378577 -4.80490841684 2.24681134624 2.99831179774 3.54738173681 -0.0805457844592 1.29375176255 
-11.8355814923 6.77119577818 -5.87775202859 3.57178497479 2.55600886881 -1.11833527025 -0.102450583267 4.95852947767 -1.79719627189 1.58317109254 
14.2666391884 15.8466665007 4.08761942196 5.90311138998 -4.12017124784 0.145531528904 0.768606381651 -0.780972116506 1.09501184952 6.15715774644 
10.9765151042 8.20003952231 6.95237438909 1.63080624235 -4.2728229478 -8.83628237335 -4.65421461118 -3.89455478358 -3.13303321891 4.03921865576 
15.3916220486 7.75017718947 12.9162637247 3.09598717464 -3.13563427051 -8.11044842179 -7.996693893 -3.22579493312 -1.91654591324 3.65195602523 
14.9685476397 6.61830031615 13.2770825785 3.48175354642 -2.58585719161 -7.4038273255 -10.4323858727 -2.17087267347 -1.42117528008 3.82597403266 
16.4841591483 4.84134956122 16.0112767517 4.38284164722 -0.899743351115 -6.43868275901 -13.0911463052 -2.07998524908 -1.87265147352 4.09211863703 
-12.5370294966 -3.45425903022 11.5434479951 -3.62759729761 5.47600406307 -4.42269318119 -1.75562742713 -0.696501383076 4.82043624755 -2.23981193174 
0.37796502217 10.1653560205 8.63530296252 -4.83374637678 9.08140622307 1.43175024525 -1.27536047387 -2.67833456722 3.32969468856 1.54219040769 
-22.9381098928 -0.759123888182 3.5471566472 -7.38595260769 -3.43826582582 1.07022909728 1.300326615 -1.30305427951 -0.472418646582 0.155528816833 
-12.8826430396 2.07945046585 -3.02879245399 8.29109694494 2.12591138712 -2.19869413844 -0.441183498638 -0.323473596912 -1.3888707492 -2.79455970227 
10.4666861264 -5.6959666814 -3.63293725399 -0.736520490945 -5.9554660008 -1.72122845949 -0.0817634616835 1.10314466538 0.311946907222 1.75330969018 
8.29544626432 -6.90164010458 -0.698411573663 0.536925174135 -0.193868702521 -3.54314674305 3.73214493951 0.0562778510593 2.62912624591 4.65259036674 
8.38959990897 -11.4514429953 4.12185123956 0.333515615492 5.4156394619 -4.21516140541 3.28414501106 -1.58514462456 1.62048259806 1.33686405193 
9.42887098406 -9.94686045655 -0.712935354855 0.687214937971 0.981612547738 0.0697737511628 3.41889146855 -0.818408288738 -1.43098467434 3.54663727258 
11.4631589919 -9.13052145602 -0.2173213929 2.09062244718 1.66664237957 5.31677371547 -2.8168409104 0.892086049715 0.0682629909187 2.00147401322 
6.13089933333 -7.21113924229 -3.07839823037 3.24534231499 3.67670851677 6.66889365903 -4.25323188097 0.764540736163 -1.69069148289 2.20599360222 
-19.5700784502 -3.67970238648 7.04135533372 0.443944210197 3.57396762713 5.66538020935 -0.898382963739 1.88971592413 1.35999504057 3.05433182439 
-20.4078083344 -2.9414536341 2.58009489979 -2.46424543116 -5.36607309787 0.541917648757 -1.7092984171 0.0717840119713 0.913571669204 0.0466425823218 
-15.9969706122 13.4942973282 -19.6467092503 6.49768108006 -0.154293667239 -2.95484391095 -1.52593622452 -2.3029033902 0.396063370745 2.01584472675 
10.0829503936 9.77232021688 -9.95160643105 -4.86066259662 -4.3365365652 -1.49172152695 1.20991351397 2.615730218 -3.83692271931 2.10829973693 
14.2783869793 21.4966818223 0.0574286026412 1.15385109617 -1.25109851995 0.94497178529 3.7260287638 -2.10208479339 1.70981172613 3.29793054224 
10.7969688742 10.7297986435 -5.38187574638 -8.0787120757 5.07501683828 -3.42148361898 1.85087096503 1.08855990206 1.11829285825 1.23294835097 
11.5140161459 11.124956447 -0.353554645303 -6.89738299464 9.99631468184 -0.242036322397 1.42747327737 1.72554825336 4.37573248932 0.820095588997 
14.7924608326 12.3881864134 1.64890033491 -5.76508582534 7.83764585553 3.27028187498 0.803741809277 1.35618063719 5.17413971532 -1.13275267181 
0.442053881159 5.97857221766 -6.26369766766 0.412768070205 7.8577620343 2.10867100989 -0.829673834056 -0.31545261842 -4.40634182641 -4.36832921747 
-20.2199110988 4.83125862135 6.36052893118 -9.42235908633 5.58934698435 2.77318934062 1.83290271913 1.1614651836 -1.14226921676 4.90674472179 
-25.5260982162 -0.653334609825 10.6265476065 -4.86307510719 -1.21646793799 3.04558489735 0.51747964869 2.29903867173 3.28625465945 3.91718096871 
-20.8596167053 8.78939166608 0.341607987304 13.3876947521 0.528361962837 -0.777511847611 1.77147421723 1.34574080802 1.90146559318 2.29658814157 
6.21126801328 -0.374137501634 -2.57447097686 8.13600260247 -6.73131684254 1.1674543174 0.635864008911 0.183972782307 -0.92834122286 2.19103089534 
9.89494536077 -2.43306822251 1.0467653515 6.96894467063 -4.52760695043 -1.08125846093 4.8624420069 -1.55631729735 1.64189930802 5.64101126389 
6.591820705 -10.8444823938 1.60037152303 1.71110344768 4.18537894792 -3.34458906997 8.47647682556 -1.3004206918 -0.536940806493 0.324257413384 
6.32539214493 -9.77149277036 1.10478641895 4.37996065933 -0.669332148375 -0.0101475716082 7.94739377231 -2.49935999392 -2.69848640317 -0.934353388917 
13.9351543081 -2.7156318503 1.07570396041 10.3872179689 -2.98518556613 10.0707714566 1.09428849977 -2.24762714498 1.35190336396 5.31897482607 
12.1051321286 -1.32362757691 0.560645373935 8.17915956865 -0.508554296286 10.719938407 -1.46753960767 -1.80675837697 1.29815395808 3.78010661954 
-23.0962871052 -4.40579446222 11.6554881404 -4.56391833687 0.216790639008 3.45340903152 1.25166169902 0.875683508209 -1.62050733941 -1.66158991851 
-25.5234635856 -0.777110325751 9.22602052415 -8.9554702018 -3.14824855153 1.24656640649 3.56533347774 0.736034762701 -2.5586289028 1.35894124929 
-16.0079284647 12.8596001193 5.2761141929 11.1537209213 6.20695063768 0.750176901266 4.24146599234 1.36896763001 3.27068050694 -2.04707922672 
12.4003107543 13.6078414797 8.37565530157 5.17661915659 0.389360016467 1.7588994279 2.25611365814 -2.86468673707 3.14364363475 -1.4718938679 
14.8361424958 10.5174166907 8.75536710719 4.89333733946 -5.81916684034 -1.86532198589 1.70984289033 -1.30645848933 -1.58284159394 -0.704766331945 
13.757617966 5.98182110898 13.5991805966 2.69704861058 -2.60645738588 -5.51890705677 -4.16717676592 -3.59127032871 -1.08156123524 -1.58064112034 
13.8544835787 3.12534328675 13.8852271165 2.18747934603 -1.98297881758 -4.23007237573 -5.24981258294 -3.08414245442 -1.78865789376 -1.8873469179 
16.5278331656 0.115038179501 9.11076510121 2.5795834383 -2.92742691408 1.07431709923 -2.84558932415 -0.153746373113 -1.35753750288 -4.78221194476 
-0.533546704696 0.00455641033535 2.73723399224 1.93532185159 5.02073768557 -1.96483872831 -3.03530350654 -2.45015632828 -1.32521181359 -6.66876111805 
-22.1799540281 -2.82119117116 12.8706192033 -8.92854665458 -1.87173052866 2.54049069464 3.00209495675 3.78210980463 -0.833023017167 -2.54441991659 
-31.5996020209 -1.25337843278 9.53078762205 -8.87523047473 -5.53649006623 1.47990837032 4.46636412636 0.305970762673 -0.583040285638 2.15462231963 
-15.6988130532 5.57294752868 1.67252874991 13.9373591672 3.94225230147 -2.82121367479 2.81070126817 -0.603525162606 -0.695285916204 1.05236939618 
9.98537323146 -5.13567382741 0.115441271744 0.324441985142 -0.795415642996 -2.6461505782 1.96603214598 0.630120398149 0.643314517534 1.38624022836 
7.67169394125 -9.3964703757 3.44662436349 -0.555032838756 3.40518621821 -6.71191502539 5.36158293609 0.114619418792 0.659568784048 -0.855787048933 
-0.875833609726 -10.7801144491 6.19829176978 0.352707842092 11.4176606085 -8.23760555142 10.4136159295 -4.22481740942 -5.7260999014 -4.55586224646 
0.274394770047 -9.57298804351 3.1871120228 -0.836143363483 7.42106561109 -5.56656419919 10.5314613648 -4.31980234504 -6.72809225405 -4.55240550995 
9.62578390668 -5.06418328259 -3.69784693454 -1.30237930472 2.00138681869 0.258155532547 1.15603720718 -0.83393996523 -2.66489528181 0.199513758408 
5.14458503224 -2.46873163813 -3.13064876247 1.39378172472 6.19168810983 3.18207171909 -0.889208205715 -1.0937496278 -0.489880587443 1.79886053886 
-25.9290904162 0.930332946016 0.923881859997 4.3106750729 6.30720227045 -0.698139537174 -0.302819498464 -2.57376169793 4.63486855869 2.64871887498 
-23.3204729407 1.18563156518 3.31512978382 -3.68591816538 -0.235091921463 0.114109902581 2.17724881002 -2.86811795629 -3.60381049976 -0.539400445077 
-15.915748551 15.4113361847 7.16213908325 13.1047479532 1.11299417382 2.92222450714 4.98005386761 2.04870511368 5.84727428711 -1.79374390598 
12.6591567064 7.13539731368 9.95619904507 5.96846894771 -3.96314113573 -2.43483018057 -3.88825127672 -0.0932796352367 -2.08992786982 2.03636606588 
9.77918276137 2.82615523509 11.6128039843 2.44205110022 -3.66528188319 -8.60946527904 -7.20419382546 -1.86293592399 -3.07133073664 -0.0815107181276 
11.7433260599 4.82083805068 13.8814826499 0.756020562982 -0.783782946375 -10.6628206173 -9.35453562488 -2.6606419879 -2.91116898432 0.8341313187 
11.6114280622 6.03543647039 18.3168808029 2.7226415827 -1.3906958844 -12.2720802698 -12.5798457462 -5.33023717565 -4.60744703486 1.02623768084 
16.1003567303 4.81513340182 17.3485372847 1.68735782645 -3.22652970459 -10.6328020131 -14.4250922302 -3.34107753882 -4.10772066364 0.291124967341 
14.9151838608 1.1517359557 9.70224667836 -1.84576480572 -0.441828800914 -5.84756274898 -9.19628778798 -0.250768746129 -3.17483187957 -3.9294089942 
-12.8542410142 -1.15531123153 14.7505371503 -5.96692108955 3.9151052708 -0.530141199472 -2.39476604377 -1.13890334955 3.1600046971 -0.885169895144 
-18.3080589895 0.149075716216 8.3911817636 -11.1137461214 -1.87191639684 0.816330311285 1.64586952802 -2.41176808037 -0.799947692929 -0.620080664341 
-24.0009675215 5.10116603992 8.88487251499 -0.210744496145 -0.278558423984 1.70641841485 3.94674475714 2.99147035031 -1.04178124604 1.62442687529 
-2.84893655739 1.67579355081 -1.78893290865 11.3742695117 -3.26946210558 0.430554349898 1.6750885137 -2.61132492028 -0.919426403169 0.703538203352 
2.20889842253 -3.7840868234 -3.07531449105 2.14117026352 0.744291262782 -2.99239743779 2.62108630574 -2.48022989521 0.191365793102 6.19888106657 
4.62949384113 -10.1259641333 1.63031381296 0.460281908939 6.58753131152 -4.80452426565 3.48785327101 -2.50010337817 2.33021525011 4.02210251105 
0.600715227527 -9.70696165976 -1.44879953935 0.836395409255 6.79835384634 -3.00709298545 5.80544941783 -5.09925675499 -3.92609911675 2.7317588414 
3.22159146313 -8.36031386726 -5.13222232052 1.37285310996 5.60660889839 1.00515011679 1.39633669008 -3.77035909117 -1.21372848247 4.56115849126 
10.6268872767 -9.49836004141 -2.46622980219 0.772643388249 2.04084075376 5.67699874393 -1.78023669654 -2.11919284779 -1.42918823303 -0.0895348575601 
-30.3462929012 6.77532385268 9.20672745811 8.48762475215 6.9592274334 2.39415636795 3.86259698541 7.01378075969 -6.3077036456 4.11802603987 
-20.9738691801 -0.620406254172 -0.918977072622 -0.762422739339 1.46562345694 2.99920604287 0.270452445432 -4.28247172586 -4.97116137689 -0.252003168878 
-30.4249101042 0.58394514577 8.24607486025 -2.92481628549 -4.40669035428 1.63918933256 3.26869003347 1.78511546011 -1.19541713139 2.11846791993 
-22.6400806803 11.453799056 -5.63477994462 5.81689301375 -0.11277719302 -1.08268091352 5.55580454068 3.58304899064 -4.23013781561 -0.170186557105 
9.40999893323 18.1917491481 -3.02801599496 1.30882250189 -2.42597774881 5.37580795614 5.2308265714 -5.92695172648 -2.03058558858 0.191835712901 
10.7660450881 18.6279845173 2.08366413023 1.29171118163 -1.0290962472 1.86606254157 4.26686354042 -6.29829319761 1.85610978825 1.14139830068 
11.089765693 15.1930072216 2.0007055735 -2.03567758403 0.892894983702 2.21890685543 1.33390237605 -6.83193183077 -1.1437104634 -2.18772827644 
13.6449177783 19.9935132538 5.82148075288 1.30324886228 2.71173209492 6.87561925861 1.50955717895 -5.54475474204 1.38644555391 -1.25264685366 
11.4139861523 9.8257612832 -2.27761562497 -3.5213112848 2.88078632037 5.24033290089 0.173219370889 -4.96731965465 0.182861183955 -3.19726559671 
-16.5588811301 6.22833944608 3.58528901565 0.296422784691 6.73934925291 0.861050828179 1.32504994866 4.33772506997 -1.07663663892 -1.06639188672 
-21.2429205368 0.348093637219 10.4034949043 -7.40194475271 2.46696038965 3.8514984549 0.605891372254 1.22587665124 2.12184109607 2.1710573922 
-26.7372828423 -2.36914644948 13.43249405 -4.58142432099 0.415327387579 1.74472509622 1.95392683737 2.09798625078 2.12794965922 1.79324343703 
-17.3493401957 -1.45659721903 0.835068825098 5.55153716914 -0.247518332396 -2.26931891952 0.821166054693 0.99722395634 0.555926446374 1.36263505767 
4.29904176318 -5.91950622339 -0.814993384912 4.92201633788 -3.72633858173 -1.36563978865 0.550588989903 -1.32849094834 0.658012737635 1.69531390642 
6.3639763948 -10.9941695685 3.30900251176 1.38034715882 6.32230336122 -3.68630402693 4.91845455009 -1.86417409507 0.670159642101 -0.803324806758 
3.06429629708 -12.20585285 3.25670115619 1.03694098074 7.66606816904 -2.52897468215 7.90269129216 -3.99274869518 -1.76063301316 -1.50225450535 
-0.019555829361 -9.58311438318 0.535854859321 4.38223395192 6.07968136397 -0.866693018432 7.01144089712 -4.73034242967 -3.1434089399 -1.05834830768 
8.11744740545 -10.1895412644 -3.09697963184 3.3423296883 1.27362100192 7.05056207832 -0.365468624928 -3.57159140245 -3.65756914126 -1.54631248787 
4.91973661657 -3.20546969113 -3.92936669221 3.06466922548 1.28245751011 2.59217778384 -1.60835465747 -4.40991597151 -2.3903050859 0.706366064253 
-23.1235602153 -1.98117027548 2.01810971275 -1.71618822649 0.761138916033 0.913925707598 0.217330180985 -2.31619691496 -3.12294023814 -0.8154680797 
-25.4413447155 -1.77904845895 9.0358598457 -7.54879058995 -6.86721028625 -0.0662515047046 4.31872801554 1.65770269313 -0.64782753454 0.605612940608 
-17.7432999842 18.1123165816 -0.358097922468 6.2927281401 0.939209268031 0.846158948929 5.38008305846 1.89784818905 -0.477967394864 0.556995441333 
16.2596794716 25.9539861326 7.1697452013 6.96849839703 -2.55650969275 10.3669355434 5.70155738246 -6.913068212 1.43505764429 -0.753268052581 
10.1276607155 7.48306566883 1.79975792555 -2.83424121939 -2.86306347456 -3.04265370411 1.53856475687 -3.76001919421 -3.43828337691 -3.21342927588 
11.006471149 3.79288136618 8.04918310747 -1.67033721151 -0.632260928291 -4.33749390968 0.94789247129 -3.18086996455 -2.81856818538 -5.90739310875 
10.4680725306 2.14670676385 5.29529876691 -3.3778152221 2.05299582892 -2.92625170049 -1.13412633691 -3.0511418262 -2.09213896208 -5.31113494288 
14.9571301292 12.4575394257 7.09143667202 3.59471255729 0.538856853588 5.96447336204 0.857877462614 -5.02257105508 -1.04417413098 -2.88041512564 
-7.01761596981 10.4319698188 -4.99376185853 -0.460766789394 7.58602106749 2.46912368337 0.0210486270523 -0.897551420296 -3.93563202949 -1.72528420362 
-24.2239911031 -1.06450210281 8.23498066621 -8.57716263522 -0.226727258762 2.78477070027 0.943672576348 -0.351123998373 0.990812962852 1.5745083746 
-26.2328578294 -2.17834585502 7.76292685305 -5.35638780917 0.0541694210406 1.65713973596 1.5405317091 -0.25424258586 1.00682194878 2.80228339603 
-19.3852627055 -0.110571828557 -2.03380040512 5.16912811438 -1.57437586031 -1.69492599754 3.63447848213 -3.50216617452 -1.41117358041 2.6481262245 
1.82386110479 -5.32298452422 0.419988169483 7.52919253698 -3.16375938724 -0.492175458918 0.196631712619 -2.61993206987 2.02862463443 3.4385302931 
6.59542116149 -9.84635185947 1.33931828083 -0.0320623720963 5.17848266878 -3.9609197225 3.25912229187 -1.17905701029 4.78814253846 4.8171668793 
3.18973021644 -8.81589179805 0.227855747176 0.964556211794 4.58864901459 -2.35002143317 6.61705074486 -3.02620506034 -0.201736830279 5.15282820598 
0.157076507708 -8.51241512892 -1.04470161953 4.25100877275 7.5411510253 1.22699487659 4.67607118715 -6.15612472184 -0.0987662042403 4.59514124242 
5.08396275101 -9.34698526772 0.399595693915 3.28716960133 -1.5883001992 4.65786101011 1.51922360821 -2.92567512686 -3.79577462903 -0.186339549221 
5.70468872421 -1.88221452987 1.82215078459 7.67840058718 1.34551322572 9.32539856753 -1.56245084598 -4.41173751499 -2.1553939914 2.04435111001 
-20.455729615 -0.477121816256 -2.59225116279 -3.08575974632 3.6053248696 2.76857438365 -0.391311759015 -5.86848025141 -6.70934837523 1.05407508832 
-29.2750056256 1.05875963138 4.46891942909 -8.2935744369 -1.4897962947 1.22199707086 4.35802741529 -2.52112877041 -5.2655894764 3.12348566213 
-12.9962681491 15.2760075122 -6.11351924769 5.48243358008 -0.131263477372 3.48861930075 4.82215479672 -5.18596144114 0.497458631813 -0.494935983041 
7.31418175809 14.0484909145 0.806005949089 6.33730789347 -2.37643565256 5.95663530274 3.4501514023 -6.52058087503 0.784240878083 -1.56516213904 
13.3543442386 16.8451162251 1.15274227349 2.78175262411 -4.87113826958 5.64816011797 4.35895168622 -6.07692617434 -1.27157895359 -0.709648617413 
8.11355584358 11.8270461163 -0.444353460121 -1.66569291422 -0.988327228118 3.21417111027 6.03565368941 -6.97074127367 -1.8713661548 -1.17836239286 
12.1835252014 16.6638398575 4.66895124704 2.58156757798 0.870700811948 7.55643408519 6.48219517444 -6.7423744348 0.351956902578 -0.0835243544818 
14.9553698591 13.5057768718 -1.66764499387 0.346060630126 -3.62502790833 6.46973483434 3.94228525447 -3.00739330708 -1.82667317014 -1.52662460097 
11.8912617598 16.117236827 -8.62716278259 -4.64716344828 -1.47484002011 6.07409290443 3.42810926092 -3.4797998028 -1.18899674431 0.982496323768 
-19.8212393766 -0.849046016932 5.2935145279 -1.83423922279 2.22852107697 0.23773769308 -1.66661961097 -1.3008103164 6.24339879564 3.40434816356 
