-8.78288783718 -4.32594065652 -0.316506161287 -9.11455400289 -0.584573864847 -1.22257771867 2.87772051647 -7.58717963507 6.78030976426 -2.85720591404 
-0.163680109421 3.26083121803 6.30927000439 -7.67478490914 -3.27741727439 -3.80973427666 -1.1715263695 -7.6803256009 3.06739850751 -1.64568143062 
-3.49767568785 4.05707870988 9.41422422788 -7.20718316975 -1.89135207371 -3.67366692367 -0.242544799538 -8.26081855754 2.74406607237 -2.59418390338 
-9.93623528477 3.7993043014 7.18213682792 -7.86056976296 -2.27765320683 -2.50883175894 1.58975933846 -6.36623619766 3.12268586376 -4.59419560113 
-8.86996244878 4.67290710528 8.89083819544 -7.89686432564 -1.66956731435 -1.74444320587 2.47725028767 -6.39143405825 2.35120031268 -4.3799813418 
-14.1870757616 3.91516736046 6.99491607097 -11.7445673513 -1.56129100939 2.89252809824 4.58030868232 -3.76470314492 6.31828467957 -4.66622251993 
-13.4835483411 10.5952592923 9.7321702038 -6.45633414242 -3.05108958679 -2.89466758201 3.40046632215 -5.38067088435 3.84746424491 -3.70289437146 
-8.92368357781 8.97418394829 8.09360526832 -4.72019278868 -6.5031634167 -3.95881036966 4.19917527778 -8.90663479583 3.47532210146 -3.25911516485 
-2.57280751159 10.8517671678 10.0849515976 -4.14590457942 -6.45061727409 -6.78427663791 2.79883819949 -7.72415978058 2.2071927286 -1.03993957799 
-7.78998791205 11.2967949616 10.9440359143 -6.15698287759 -2.83408923566 -5.68216171045 2.23047366573 -6.37607110273 2.23434194069 -0.684548123641 
-12.9666345072 7.05878814303 9.29676719664 -7.16811510895 -0.51165845925 -3.96507277248 3.07279350166 -7.28794773137 2.24929732005 -0.885237753935 
-15.1032891758 9.72544452262 8.90933177907 -6.25846502247 -1.14697789435 -7.87412799739 2.02551512642 -7.95979002054 0.966881804101 0.506404799591 
-13.5999745383 -0.368272730167 5.3441695908 -7.26412371323 1.58126850304 -5.65328709604 1.13866844581 -12.1552415719 0.257070312962 -0.817216481903 
-7.42203575432 0.178667714501 6.84103106274 -7.33804478738 2.6621488578 -4.52317091587 1.48614080573 -10.637017152 1.65496822164 -1.6936864712 
-6.95993305704 -0.422457686015 9.88858411122 -8.58847890869 6.75977779401 -3.19936148788 -0.0266120678957 -9.67910165328 2.06201295588 -0.32229500908 
-2.81931941497 -0.468051559584 6.69988573848 -6.50005448514 3.55833789029 -3.92392875525 1.02106528573 -8.85333357146 0.994772379915 -1.54592403904 
7.76997713334 3.3909698686 7.64078587881 -5.62905217788 2.64014286841 -0.980625425397 1.98160295743 -6.87912294404 4.68538676939 -2.06652413731 
1.8304010672 3.30820479883 10.7098470436 -6.65610481894 7.9213610383 1.60825056188 1.33125759436 -7.51840630381 6.10537250828 -2.00221092562 
4.86379406596 3.4627310776 9.30884902655 -6.46463149037 8.49405323852 -0.100112434589 0.290297424213 -5.63438574145 5.75432341355 0.492614780441 
9.74078289915 7.08083395051 8.15452777362 -5.23243761828 1.28802276058 -2.1619918651 -0.0200470159065 -6.24903349679 6.09148378557 -0.310793969342 
11.9352542494 13.5016122174 8.408850487 -3.19993817358 -1.95948576424 -5.31520767697 -0.231135162113 -5.04144897724 5.77191270243 -2.2361354593 
17.3410087008 13.8827333617 9.00505319798 -3.10668194589 -5.93624016761 -7.04476407118 0.322743664924 -4.46196325721 3.59496475922 -0.625043911054 
28.6820703833 13.5417660088 4.28589609806 -0.960825136155 -15.1360043196 -5.66953768314 4.85548285814 -3.35347695186 3.27877137086 -4.01846181019 
15.5532439718 12.8771660465 7.02856825926 -0.681992852842 -7.66093389644 -7.7058272642 1.74081922271 -2.66892126857 3.49715907897 -3.72631958333 
12.8817777185 11.1109723407 7.03532877997 -1.66417699964 -8.19581468625 -7.3368436439 2.54907029578 -3.65619474613 2.84923212234 -5.70741593497 
-1.68662383737 11.1387119281 11.6488583076 -6.43872528696 -6.08079829035 -5.29658067372 1.87400685331 -6.55414355909 2.41209989459 -1.9781317867 
-1.12157752292 8.87200445616 12.7912052572 -6.24897648307 -5.18394585952 -4.19155804341 2.70504028937 -5.93723549078 1.48858207355 -1.69617100709 
-2.97146619744 10.7195138147 14.9547627316 -5.23175854003 -4.78339706731 -4.4919515227 2.33639133481 -5.68403256909 0.945092240269 -2.55859241597 
-4.39655388423 11.6316489916 16.1553422201 -6.20104732514 -2.04929408494 -2.9760933712 2.07752958875 -4.37530551946 1.86091797879 -2.19861395204 
-6.32306484197 11.4849289727 18.5927614368 -5.45561414763 -0.882655016144 -2.31637488857 0.579187611037 -3.0778176425 1.56075649289 -2.42737311969 
-5.93105695893 12.6156617818 17.0304314897 -4.24995798183 -2.29224285245 -4.36596360256 0.0538137540012 -3.36181984501 0.406520962248 -2.50452852624 
-5.10046199568 15.1780301299 16.4630737828 -2.01181817588 -3.32555470793 -8.27213036212 0.319242704449 -3.64166719107 -0.726948638757 -3.33215031965 
-8.25814339807 16.0004318301 16.4819561764 -1.76177098358 -3.08105640528 -6.98577451546 0.826170256812 -3.01316787096 -0.865906139573 -2.51276190595 
-3.74521305836 14.6540513628 16.3104211971 -3.04964617788 -1.70020517578 -6.87176394456 0.0195185815712 -3.39178397714 -0.659998629922 -1.8048626409 
-2.74682126371 12.3689942181 13.3093153884 -4.17282208432 -4.84994542844 -7.02486520354 0.866892779431 -3.88028819675 -0.881288111779 -1.52796890369 
5.14054879445 8.33008774518 10.0691921306 -4.94713781027 -5.31280361259 -8.10009516894 0.387130129491 -2.74606054558 -2.25218723937 -0.858782711066 
6.52045393071 8.25661576379 10.7280541778 -6.28873809801 -2.96568274769 -4.40027821901 -0.191053135082 -0.279931026095 -0.198419100522 0.167312863636 
3.35247016138 0.500655514983 6.97303710323 -10.2041370888 -1.90004531987 -0.165205204581 1.11459730948 -0.863729028177 0.436253364707 -0.861895007773 
7.11893338081 2.90812102005 8.689118071 -10.1892095226 -1.30011338819 1.41895509707 2.31484701772 0.399745955139 1.30446818362 -0.788898362456 
10.7039650059 4.6432310226 8.4303295872 -11.4634930235 0.38785947498 2.99581705826 1.76476161564 1.767822188 2.88465119953 0.761977231157 
10.098586737 9.78004862787 11.668022967 -11.3269918657 -0.73320777073 2.37590741876 2.1576016327 2.4180388849 3.89498076982 1.86941300995 
11.6153287011 12.197364351 12.5165727456 -6.90807046746 -0.936612515177 -4.20974032687 0.000216602688064 1.44601882723 1.51896836002 2.69873268691 
7.04443838271 11.9113609402 13.3715274836 -5.08340717295 1.07297238926 -4.45014921465 -1.02753068534 1.09344467892 3.60134851123 3.01323886164 
14.9895119332 10.8707907266 9.68669495621 -4.00403267573 0.109598161366 -3.59990425397 -0.356000458136 0.853310549077 4.2217913405 0.533608420625 
16.8564837386 11.833032891 9.22314254026 -0.359461136949 -0.299900132409 -3.7266181821 -1.24129727994 -0.0370218715286 5.50203350384 -0.975585502561 
13.2994251038 11.8790909617 10.0041262643 -0.456282184121 -2.95653296367 -5.78573014381 -0.853330286311 0.265586378047 3.7582174053 -0.50705572685 
9.24944529057 8.27866697337 10.5942376341 -1.57828306656 -0.402250822215 -3.42711083574 -1.04255263818 -0.825630938266 5.30533100944 -1.76750332079 
29.8338157936 6.12550733018 1.94449632737 -0.361801633526 -6.51286859507 -0.635152948289 2.74663098474 0.855871670361 3.57758459886 -4.44776936132 
24.0607474745 6.44309601056 2.89899258143 -1.45667124365 -5.7121382358 -0.370928533558 4.18496196572 0.715687816137 3.18298872442 -4.59995610592 
13.5736304623 3.21825737195 6.07873043108 -3.14626075171 -1.86795540322 -0.327866571417 0.879157538759 -1.5424818607 1.53705818622 -1.59353315772 
11.0567570849 -2.01116361962 1.99662635606 -5.14178625739 -2.59939799775 -1.69752538769 0.921215261965 -3.70689955797 -0.265225349744 -1.50920288422 
13.5624247253 0.632876044899 -3.33449093584 -6.37903031258 -7.08739264695 -1.44260716198 2.02650626391 -1.62993416791 1.86373845994 -1.19884694368 
25.5349281528 -3.14069275686 -5.55211157684 -8.15033888678 -7.3289658014 -2.88223218161 1.26304492926 -0.73764861641 -0.591416200859 -0.0219896462332 
16.5089436449 -3.52730624075 -1.20465745506 -7.86179765157 -2.05534274609 -5.68348927385 -1.44083814846 -2.14845536286 -2.4724606054 -1.75511068117 
8.56755191635 -1.63169029227 1.54266674786 -8.98951247651 -2.46424533673 -4.95848935244 -0.928387535389 -1.24969538906 -3.15002089025 -2.42465585989 
15.3343788584 -3.66748361962 1.74524779259 -10.0082570094 -5.26948053294 -5.60828482766 -1.96069157083 -0.811532807583 -4.74753735427 -0.104512928832 
5.4528088395 -6.21459646847 -0.870476089792 -10.4942096825 -5.14819332065 -5.35445679869 -0.274292210641 -1.86288149241 -5.03872021451 -1.62031740643 
5.65107040247 -2.9533661887 1.0135727075 -7.44903259623 -4.75446842739 -4.66180013589 0.943502407874 -0.553924115585 -3.37897304558 -1.15796213482 
18.4321843684 -1.3479529914 -3.86309869502 -8.19869505949 -8.18739075704 -3.69379628776 0.221925329199 0.521041927561 -1.38670036731 1.79555368471 
6.96844432926 -4.13967572305 -5.44239193881 -9.19667478566 -7.40526390126 -5.17579581367 1.4362705543 -1.58908473829 -2.69129913605 0.144791485018 
12.905389859 1.32201813022 -0.0453505643058 -9.35024486371 -4.66913806998 -7.91808970003 -0.411576757591 -3.02105945378 -4.23092423237 4.14560181535 
5.78923332747 -3.19459924227 -2.17902487574 -10.1979285214 -0.168059111162 -4.84997711189 0.275412986063 -1.23749652059 -2.94121401164 3.23756641313 
7.46740294752 -3.36691167296 -5.57889793548 -9.73709135515 -2.34905325695 -2.86084380177 1.36657006477 -0.761803943091 -2.53390063292 1.43914424071 
-5.62845840602 -4.26849152679 -1.8179316734 -6.1498512836 6.36122152696 -3.04228899943 -1.0562555103 -3.70829896806 -0.425566412016 -0.943001375415 
4.8342203394 -2.17434736855 3.4960767919 -8.92547863314 4.17571764657 -2.97913139183 -2.66535833882 -4.34312632901 -3.09525790946 2.37057532515 
1.00490422482 -7.09590400185 -1.7274264217 -7.41295442945 6.92369194179 -2.77841683396 -1.34575966299 -5.44731736189 0.32501596675 0.530602179734 
2.76376827248 -5.82299014751 5.01489858887 -7.14400569227 11.5502116126 0.346502821798 -4.71872957822 -4.2308700081 -0.65555727931 3.8370212332 
5.4333131303 -2.22232966634 4.91824843529 -7.05341104461 11.1161603115 1.26965431843 -4.62069174346 -4.06614268513 0.831521987638 3.81515171799 
13.0816591777 1.07400917 7.27713699431 -5.07480861862 11.895245981 2.87803707175 -3.00357681986 -2.47372607478 3.06595581174 3.25143127319 
17.9196530766 3.99022026911 6.51804316889 -2.29638395549 9.83566791782 1.00076511247 -2.55471001085 -1.04591004987 2.14742754028 3.95104035539 
19.7235691662 9.50520060174 8.21243610352 -2.57470200818 6.41057184087 -1.22317390049 -2.52538278788 0.438703390579 3.5882038682 3.09718314685 
24.167701288 9.11207200513 4.63396810575 -0.928231028804 3.07084938097 -3.53376444417 -2.17692226377 2.90659421111 2.34870451901 2.5205833337 
47.5783789724 7.79866207127 -3.46435982702 -1.08588209196 -9.56922501549 -4.84708386084 1.38534357081 6.75325836098 -0.827691823856 3.60104498653 
38.599770945 6.5094305495 -3.67785543626 -4.18581283473 -8.39730828787 -2.64396001894 -0.231205745117 5.36474763007 1.21956750169 0.188767290807 
22.1684473521 4.26358891251 -3.9811036384 -3.62085217577 -4.04168733441 -3.91075388617 -1.69844211945 1.68295744399 1.79822984002 0.235290000388 
21.6881481821 6.72831646237 1.83108171602 -6.44311408918 -5.34341228634 0.183352968271 -1.72775130499 2.64993923298 0.599558330194 2.70032069325 
11.8739440886 10.4057634325 4.39531589202 -8.20735844363 -5.50318239522 -0.813545153452 -0.602782623808 1.41713431005 -0.437944280591 0.841053899506 
1.56084179696 10.5779079455 8.73587215923 -10.4503572458 -2.16175064791 1.52979338282 -0.0627502713413 1.43744228385 0.143156178678 1.13368379567 
-3.77666438106 7.22529853762 8.52560646738 -12.9173167558 2.34203622289 6.47479578256 2.2111589321 0.28808905645 0.217468354427 -0.827530715208 
-2.73387395177 9.63571562659 9.49071652319 -12.6062011497 2.70222797141 5.34796482609 2.20216681852 1.96307773706 0.402884319063 -0.397958715109 
-1.65095632946 6.83311582655 7.5160476222 -12.2036907078 2.60264200608 6.44790587175 2.9829022112 2.93820279947 0.0213812656245 -0.154716548435 
-4.28821983701 4.79679926697 5.98910421463 -11.59456739 2.19315133562 6.32934230534 3.0478161088 2.16723573777 -0.265435407585 -1.29488721111 
-5.95044582536 8.38275817546 5.89742237581 -6.80924697939 -2.51206459526 2.84095831886 2.79401445106 0.199205620205 -0.0731777631608 0.212044655235 
10.200744424 4.05413220628 -6.17893218812 -6.33421507913 -9.2665725804 -0.78783737906 2.11982361252 1.20102737791 -0.203413433752 -1.02994990752 
19.3547537648 4.84380431956 -4.39909317854 -4.70118847167 -5.12620511673 -7.05201181689 2.13897287792 1.69519572171 -3.48709679645 1.68571887701 
16.2597497404 2.45788161238 -1.42588405905 -8.68730749317 -1.90512375738 -1.36266554112 -0.869142385825 1.41977586099 -1.81460149832 2.54698769652 
17.0294129525 3.60249469779 -2.05349168568 -9.92419447099 -2.12805279321 0.467540213752 1.45525196667 1.14052339717 -2.05753516265 1.55091352081 
4.43649000797 1.15951539706 -1.18376343054 -10.5768685601 0.773188689305 -0.132480178893 -0.443992724925 0.266309712235 -3.68711598323 2.98351081956 
7.70754996251 5.44071922303 -0.416864302478 -11.1474966922 -0.0157796089391 -1.66774635246 -0.242790221854 1.57609424988 -1.85743874238 2.46162638595 
9.42812476207 2.54736103489 -0.832894278068 -10.1808585605 0.991135299465 -0.964994198393 -0.147814046769 1.94784109776 -2.67308735081 3.59690068448 
10.5847737362 -1.35382621054 -3.33422662507 -9.93715625392 1.61209770997 4.46462785958 -0.254405151333 1.09318611351 -2.69515859363 5.0352313529 
16.996494395 2.01750260405 -6.4533146943 -6.39216634864 0.273265139153 2.05174554275 0.215485155265 2.36303399748 -1.70641613714 6.01555251511 
18.9963499186 5.13756186053 -4.71682635852 -4.96734104108 1.32444763947 1.84037363639 -0.325596675007 3.73573512965 1.73562882402 6.4063225798 
20.596252088 11.3264743223 0.323271802161 -2.35379168207 0.633253591766 -2.00941470096 -1.05934045676 3.86864790814 1.52400145339 5.60368530095 
26.9293045678 10.2088802771 -0.936325470976 -2.43546059903 -0.905978047182 1.61888814919 0.840094646516 3.15968682471 1.08707837169 4.03525171609 
22.0712224705 9.49372035876 2.02066119153 -1.14481493413 2.50746827831 0.567090071415 -0.0373544450351 1.7091814385 1.2136619109 2.98667729133 
21.3435448639 13.3970835888 3.86102939655 1.17623283454 0.203574890426 -0.188119415866 -1.06489991448 1.40693797987 1.68440646648 1.62039566478 
11.7397957566 13.2722344993 5.13228130867 1.91822397708 -1.58614604743 0.642576093039 -0.00754873098722 -1.54107451758 1.69052972701 -1.92343663335 
23.2677348664 12.417612652 1.19442403263 0.65764269881 -2.7668269654 -0.137052984948 -0.51315747448 0.168529943745 1.33337561632 -0.884001412245 
24.6375076755 7.88436004417 -2.70499282464 -3.02166476596 -2.42522291686 0.809307970337 -0.925972614675 -1.46164573472 0.49116071808 -0.285567099069 
12.1677701248 4.04977919942 -1.49741364249 -4.66091448451 3.58539956489 -1.12277730891 -3.32666719797 -1.18224568401 -0.107516585618 1.71659190242 
7.86084654798 2.66699742124 -6.92011906002 -6.20128507708 2.01281092327 -2.63455867324 -3.9410510122 0.504490953523 1.53034348373 3.17232293684 
9.41037701532 -7.28881528773 -13.2785580419 -10.2195112239 2.20595763059 -3.34111816959 -5.4284465419 -1.01851564951 0.00270367174257 1.7720965583 
5.02397346999 -7.83066344176 -12.9227416955 -11.0825171265 5.33440008877 -2.92271047948 -5.11890298947 -2.40203004183 0.85383578308 1.45102298479 
7.12462608416 -9.19312786338 -13.7679556249 -10.7439032253 5.86891645978 -3.2404158629 -5.14417696934 -1.8770770123 -1.10349651108 0.519301951021 
10.1675223517 -11.3903429174 -18.8013444674 -10.6982284146 -0.0493362255684 -4.00129861904 -3.36604087249 -1.44412178472 -1.14340070466 -1.11175353683 
13.7579364779 -10.0253855051 -19.5768527959 -10.1809362897 -3.50793378621 -3.03755192131 -2.00120031816 -0.0753704579049 -0.980770082568 -1.20795239803 
14.6157842315 -5.29692510375 -22.0607642088 -9.46486747366 -5.94187350255 -2.37728783798 -1.30863130687 3.75714991597 2.09517627771 -2.2698648898 
9.83136932349 -5.51646388134 -19.403431051 -9.16938313763 -4.63206250633 -0.489797245095 0.0601081348973 2.8969674536 -0.424048213073 -4.86047657804 
7.451874907 -2.76265425089 -18.1269352079 -8.05919273412 -8.82700972587 -0.877250475218 -1.95606365549 1.49132968387 -0.667534928549 -1.59263683106 
11.1087977013 -5.9306199052 -12.2144397239 -6.43453380021 -4.20171158876 -0.77507142535 -2.24077447631 -2.18220117942 -6.12700915972 -3.17507672973 
15.9778567909 6.05520820398 -8.92467563906 -6.80473508515 -5.33141067163 -1.77200622457 -1.21676566872 2.94973384686 -3.63085178246 -0.19013212105 
6.70668980043 -2.07718808403 -13.6394464107 -10.1055305336 -0.914847925343 1.66318213563 2.48649603133 2.15598054308 -1.93033922762 -2.98516181968 
3.80074724908 0.945292192849 -11.2644248604 -4.16013995645 5.49419677959 0.209310366112 -2.6404017745 0.612851555619 1.35326322228 -0.861743598007 
1.77377629185 2.73934261329 -5.40789518269 0.593553445548 11.4386315908 -2.16421383798 -4.40901881228 -1.881175516 1.59344720392 0.524549295297 
3.90319272106 -0.202913062836 -2.60417281604 0.410455548346 16.4599848706 0.349810309571 -2.37895170576 -1.51358839968 0.180272795769 -0.222338694195 
2.54123281448 4.66690432565 2.54750910381 1.88278903835 16.3214981141 -0.521830386988 -0.478006953068 0.149191630651 -0.0827161932678 -0.199257386459 
7.99113991202 6.82715638136 5.8993903614 3.27570734942 16.1396454757 -0.357868374459 -1.98964690802 -0.48519482307 0.188475984626 -0.905707663219 
6.25473773283 8.54197119462 5.63978122848 0.889044067048 13.6549827966 0.040958649761 -3.19477974183 -1.88118231685 3.89490089903 -1.4674843942 
18.2607831309 3.93028729681 0.90442135062 0.477911845432 11.0105139488 -0.233392327565 -3.93268066478 -0.439308041759 0.576597818293 -0.37204418836 
18.9807366044 3.92947102553 1.06578254246 -0.0750232433672 11.4929018415 1.33946326917 -4.33752642433 -0.327015782431 0.670859631626 0.0762424535586 
7.10255230317 8.35515422003 4.08498198929 -0.597552051504 14.0964833588 1.20476177513 -4.56487138009 -0.200392088801 4.09415434162 0.609321115144 
13.3970234101 12.2546157578 3.56252191137 1.68857358579 6.78275161374 -1.79642004629 -6.11171036969 3.88415215439 -0.299118127653 3.8769303565 
39.3376586475 7.00870653777 -4.35383167348 -2.25054574304 -1.33520684904 4.60582651793 -0.705837643771 5.25787523435 -0.330546469017 0.695256802732 
21.0403418663 5.50925240024 -1.31904074598 0.136202064094 6.39075941899 4.44896718366 -2.76484992124 2.08910975281 -1.63953521767 -0.184998772421 
4.52953640803 13.5364212931 4.54575854833 -0.996162317219 4.99886620574 -0.0865240874502 -5.80371921103 1.29681242802 0.00397469597024 1.34718589735 
-0.790178561947 13.7889677419 8.57682289582 -7.89197398095 0.0751050720018 5.07543393869 -4.0143143115 1.9440254222 -2.46130951678 2.32176000764 
2.81702228138 14.9056704645 9.29956926088 -9.58172423297 0.582530784031 8.2552521475 -2.6446888742 3.01861251033 -1.18622780577 2.46921393671 
1.42749505807 14.0806645419 7.45386528829 -10.7700142681 0.672543105582 8.92734843499 -2.4945265577 3.23516996646 -0.177231516243 1.54196415364 
4.04361645317 13.7009631985 6.95352758148 -11.5726518797 1.53284765139 10.2281075067 -0.416580347915 3.55204963781 -0.0726073325335 2.6789464303 
0.817560943999 11.2704537626 7.46500826256 -12.057467518 4.10485222937 9.35492279669 -0.361400569063 2.38626355094 -0.252895267955 2.09328999656 
-2.41866219844 11.4763892581 9.42162686732 -14.0403176507 3.74006785027 11.4245798373 0.172413645341 2.63114867302 0.39162497039 2.54185032431 
-2.67709563586 11.2450001962 6.26460159752 -10.8805767826 1.2003910254 8.81693792382 -1.00618318885 1.46945105257 -2.50795535142 1.01027441772 
-5.38706142736 5.11518545228 4.32318300446 -10.3046252663 4.17874110846 8.67414321073 -1.74339020114 0.920699233688 -3.91472846417 -0.0403328641431 
-6.48735075369 2.28832302609 3.82211733827 -10.6594242297 1.84513092689 6.54807743812 -2.39612117564 0.23579008947 -5.45471179961 1.20739319268 
-2.03923821963 0.161542650429 -1.84014742849 -10.4847400431 -0.0443952876274 7.93454543588 -1.59229343148 0.507869522506 -3.55947190651 -0.249491604579 
0.0685912042854 2.26864221567 -3.2012054871 -11.5596463752 -1.27848975655 6.99250724773 0.64497441119 2.12149637166 -2.54208718058 1.13120443934 
-2.53531796596 -3.87034008902 -7.39303418162 -10.5682775425 2.03545655344 8.13875004369 -0.313969364411 0.826146512706 -3.93361655452 -0.108679246571 
-2.34389640269 2.49252901617 -4.35573979629 -10.8503223782 2.14337779072 8.22099732245 -0.191638950519 1.00452210443 -3.02094353996 2.53768515069 
-4.28804700808 -3.39330128686 -8.0354877106 -12.0324648595 2.91344686674 9.4965324517 0.920306575595 -0.614182427817 -2.4233076882 3.21420138213 
-9.60098453112 3.24731544306 -2.60868788021 -11.9158734601 7.25114001824 9.55125114312 0.194033365982 1.96697752158 1.1185017541 8.67328402938 
-6.71324598118 -0.592961753881 -8.30444061027 -10.5857654267 6.43727016149 11.5460599604 2.02775790203 3.60573321424 5.75951873521 6.41105574404 
-6.24374940652 -2.46876301255 -15.9031767862 -9.66074713374 4.55491386855 6.04402296207 0.805963622988 3.1481221583 6.9997472346 6.05462303047 
-3.08331997101 -2.31873971579 -16.4893251015 -7.10093265418 2.85810553775 5.28605653375 -0.0673686371006 1.64107703684 4.50313394574 4.2463244857 
-1.22216642791 2.83875926262 -10.1345885912 -2.66569202941 6.24955848212 2.92263348942 0.0577723699388 2.57929202806 4.94326282984 3.78906051949 
3.48519553802 3.6241913625 -7.69031385065 -1.37809010461 4.49162600494 2.49468372661 -0.382524364345 -0.24875274003 2.00977225438 4.63264130775 
10.1945994909 6.7358222826 -1.44213889825 -0.103922371821 5.88847523419 2.92415854186 -2.3179243461 -0.515636920539 -0.723463515755 2.80995403758 
10.9440968025 6.27963477897 -4.53574545601 0.163438023997 4.14882221059 1.56900834217 -2.25732803569 -0.22892272277 -1.00322226181 4.16693557643 
15.6591277724 3.5691491056 -3.45520250183 2.51214602603 3.8413931476 -0.450477929512 0.377774924053 0.831678817247 -2.41085242094 2.0246624713 
8.87721374979 5.50895378099 -1.43004924848 3.30301044185 8.6711318963 3.72497243236 0.246999245639 -2.68800278827 -1.22254651739 -0.345068859588 
29.1374334823 1.8665494033 -8.81749400119 2.00185440639 0.955228094976 11.3863566858 4.7210618489 -1.60887772028 -0.24857626183 -6.33882930327 
11.7274295276 0.646501829217 -5.09207601413 0.311714509311 6.33455860184 13.9738227124 4.70244070534 -6.11727866872 0.545723802567 -6.61623948009 
-9.86448123063 -6.40783534342 -10.7400347042 -2.89692944308 6.57136325943 5.67141054009 4.11460195029 -4.45088597388 2.16292800761 -0.369912190519 
-5.34100693346 -13.3677515889 -19.1077956573 -6.02416182227 2.85716878916 2.12531207697 1.20730431327 -3.52951748141 1.03293198966 2.24798307637 
-11.0043156081 -17.1582265389 -20.709663919 -6.34070622611 7.75564100641 -0.948516758128 0.070485514751 -5.94866944524 -0.635949399563 0.557256127804 
-1.17162270155 -24.9982819397 -24.841213773 -8.66078994905 2.02334999946 3.50169061963 -0.152555171162 -7.02821380964 -5.21699258135 -1.21356573827 
3.16642664813 -36.7281909186 -36.6165866077 -9.54405997954 3.21968944772 1.63256648228 -0.556837535788 -8.57397099454 -5.62884343685 -4.88853652724 
-1.12974728676 -23.5803483013 -30.805495946 -12.0151538374 -0.296636084507 -0.035989368629 -0.443221776069 0.923121780695 -0.465068265657 -7.00654401102 
-12.3155540012 -11.4305627609 -23.5886885724 -10.644950863 -1.24807624143 -0.644171911118 -0.926182334839 6.63453511466 4.09014498194 -7.04503314228 
-15.5708141476 -6.46466316236 -19.0273948397 -9.92679890198 0.77603015924 0.183226149756 0.702772133489 6.15418065332 2.96625287632 -7.05218245754 
-15.3586822049 -0.914781260335 -20.0424655787 -5.86527939786 -4.49570178252 -2.29720545391 -1.60635237644 6.04061584954 3.88221373547 -6.75747279704 
-14.0499983372 -8.80899366611 -23.8470479494 -6.65671605556 0.162347172227 -4.33337657196 -2.39424148552 5.03056359954 2.77964388882 -5.85938361332 
-6.9810147787 -2.27201296749 -17.0943833223 -3.95910167432 0.171630749299 -4.53328003693 -3.43389808903 2.35577858942 -3.00726431206 -4.06368360106 
-6.23055066162 -0.474429196204 -13.4658615611 -4.78986379276 0.847254163111 -3.34960496163 -1.85834215878 1.3629975364 -5.1164029015 -3.88285283739 
-8.63345311946 -4.25661008576 -19.2668558969 -4.87313932183 -0.610097523339 -2.87060666678 -1.88162306576 0.727160586299 -3.54985151904 -1.97808088989 
-10.6105259572 -1.38812639901 -16.154861875 -3.4557171565 3.62589722508 -5.38433796589 -0.5449954209 3.48214950773 -0.53584464273 -4.42633947688 
-10.7609953298 -1.04949107548 -10.7248438669 0.940617358401 13.8560313948 -4.39836964176 0.171052573794 1.78908561926 0.225801333039 -2.89194527618 
-9.75392814122 -3.72822342069 -11.7859692812 1.09554073069 14.2578108043 -4.9407113769 0.864664968381 0.837154839623 0.314145416597 -4.5716697439 
0.906558404694 -3.6234256533 -8.56618878059 2.03440294266 18.9563805902 -1.16415635298 3.4340380038 -0.491556437409 0.617537621096 -5.05671590059 
5.28526215911 3.57318248678 -3.38363975654 5.86078229895 13.370657736 0.979231408646 1.03974301807 -0.701135483362 -1.31102261654 -3.95699668043 
-2.88619350505 10.444281061 -0.0252123317887 7.85609662385 17.6938135356 -3.93072912254 -0.467091157786 0.906172847723 1.15353177081 -1.55741349581 
6.71956402482 11.3201713136 -2.13975821612 7.64423009244 12.9137319915 -0.927564997862 0.574993941412 1.97928922068 0.826873951003 -3.58432287949 
-3.20652387784 15.7200416732 3.78982620106 6.89738388958 11.7532240141 -0.705862120323 -3.73733501523 2.82396689058 0.487117913505 -0.395024992773 
24.0757216948 10.254737582 -5.66566218292 6.2848091419 9.03395208612 5.89346508111 2.64953654618 4.38798127592 1.01943564939 -6.36024183131 
34.1592284172 11.4383119263 -6.83436745414 6.69244604334 -0.514129345699 5.75362785149 5.71865287006 6.50505291909 -0.545223411149 -6.3261966271 
12.6880678727 15.2533032007 2.43882560245 7.54996339634 9.04623348397 3.83058893974 1.64747406241 4.03439216136 -1.79771773641 -3.62571973568 
23.5857360211 12.2879991851 -2.82821816645 9.29146495103 7.43658384403 3.55435899652 1.5755220001 2.37125337734 -2.38284406728 -4.51752261105 
-0.026749756531 12.3105234339 2.48591017327 7.67240027607 7.78786468709 -0.0619481182772 0.273968411805 1.70624166076 -4.41976390225 -2.45918751032 
-14.8635874865 16.3567640831 6.73057935072 4.79345624889 1.64435701104 -3.65999343959 -0.177943145084 3.19448390288 -6.0387268711 -0.490041946523 
-15.4043054343 21.4211035587 10.727683355 1.49403777333 -0.660150311044 -1.37557422141 0.846826163837 3.68616205343 -8.18041379439 0.612843136311 
-14.7964798241 19.7150562348 9.32907068307 0.505629256956 -1.52154333981 -0.602244440478 0.932751669884 3.71336327682 -8.75521809535 0.477747512819 
-15.3184007965 19.1904879671 10.6674003898 -2.32743054556 -0.2009159013 1.62668377083 0.394947654813 3.70047254385 -8.16584470848 1.42718878451 
-16.1360446529 15.70859698 11.064444745 -3.16062648443 1.17860751896 3.95834953897 1.7499158263 4.34036970281 -7.7691132285 0.541240651472 
-17.26088315 16.5555699444 10.9855820559 -3.09148171446 3.1316483289 2.59192319829 1.89433023651 4.64153565504 -7.05059146702 0.314144792956 
-18.5102311436 15.5896737619 9.06858198622 -1.29526309499 1.05003784515 0.694160025414 0.529462457831 4.3773901578 -7.94288691284 -0.602319401292 
-20.8364092052 16.9537761387 5.78925383485 0.417980569229 -1.94779219093 -3.12189266609 0.36275393918 3.89155804392 -8.0255138683 0.437323474181 
-20.1105207729 17.9064915817 5.92058374416 1.10472388168 -0.893317151896 -2.31578971434 0.596238269183 5.23521558498 -7.21779174416 -0.269878949823 
-17.4728129559 8.39977282832 -2.79979269847 -0.895766538274 -0.394584721831 -3.91537533009 -1.08161770112 6.0902803077 -5.17295137781 -2.40759657356 
-16.4191542724 8.62926194637 -1.86458661723 0.302165249031 -0.46935357232 -3.2208757789 0.136396658944 5.68036907769 -6.7356721233 -3.65611066854 
-13.3985238974 6.16588843195 -7.55095009416 1.14345824884 -3.79456888031 -1.84820247072 2.40982837544 1.61549282832 -8.09145732366 -4.78981081897 
-20.345562049 7.09601067757 -7.85823418657 -2.33177569543 -1.78493590946 -2.32668100612 2.23168846517 3.32438516666 -4.46632273961 -1.64634425029 
-17.4033257369 0.986623336699 -13.9160733151 -4.51833745815 -1.77486119307 1.55024555125 3.92471144484 2.62431136586 -3.84987740586 -1.28732876622 
-11.9281572929 11.5771076699 -4.24201314477 -1.27644660278 -3.82133337887 1.82528080941 3.81295906261 2.93343368979 -5.01594419987 3.58697853583 
-12.6967273037 9.25021546546 -8.77150103225 -2.32153237439 -2.44949426441 1.74798520733 5.44287526992 3.18136750536 -0.581000096319 5.18253723844 
-6.41859687726 11.4285638903 -8.78738483663 -0.329059174368 -4.29471394525 1.04379998315 4.28746093801 4.20478383101 -1.67339232076 6.84518977385 
-1.12313165524 1.78162109366 -14.6899188149 -1.54493573644 1.72427592172 0.414572942413 5.59520810551 1.40538024365 -2.08955688689 3.11423157824 
2.21016051508 1.92210288378 -20.6749373576 -1.40205197327 1.26499511192 -0.879828380681 5.08580962476 2.75561237612 2.7763761176 3.728450446 
20.1243944269 1.33848493802 -23.6272875823 2.24123466707 -0.704132264358 0.0429746577348 4.01829370358 1.95249860817 2.25642211096 3.36568339184 
1.94792670646 1.41553468693 -15.1528136964 4.72802439324 6.92895421912 1.65155661138 2.71918874433 -1.44873300509 0.930292055049 4.1722452517 
14.8804626691 0.6451067074 -16.9045659423 4.25138064958 -1.33783610576 4.14010923404 3.54635929541 -1.68932077816 -2.89689861672 -1.49437130313 
3.38735444927 7.41594081857 -7.26980848465 5.18263444353 1.81894790589 3.29823384954 1.92392015062 -1.12879087662 -2.26594589753 -0.255116345404 
15.1792523688 11.055197606 -9.61019617874 5.23533161448 -5.34186868685 5.51097607237 5.9542095916 1.88774231481 0.139899130733 -3.59753621121 
9.17312457798 11.7828562807 -5.87927124296 7.38176238941 -4.16840492309 5.93006759516 6.30802514774 0.878984755492 -2.71531784262 -3.53301630823 
19.2520482629 9.23741456975 -12.7934668731 8.16049925421 -4.1050516493 6.1455576882 8.74690904519 3.24482613214 -0.241214583738 -9.13747421637 
-2.56565105672 -1.24736137611 -10.6184055 5.75987722858 1.52712861443 2.53463285654 6.24560864094 -3.55316287163 -4.88689783766 -2.05487783576 
-19.1363001322 2.9370735902 -7.8440564606 3.81488659567 -2.86549121266 0.986579059434 6.40940192938 -2.96621311611 -4.19895315243 -1.34617786142 
-13.198887347 2.30786516365 -14.9445112556 4.20153212573 -6.74626862188 0.605976649083 4.3436905957 -2.98514428388 -5.30062281758 -3.31894880314 
-12.5870039303 8.26100619225 -18.6044201272 4.41169245962 -6.53523024787 -1.38996519922 4.24510588953 2.34095799871 0.445573073057 -0.790768004292 
-20.9946164675 9.65090946857 -20.644728741 1.26283213008 -5.21453100866 -2.75565012578 3.33723711963 7.20554271595 6.7643140513 -1.73307880019 
-22.5952445149 12.4178241558 -10.7752835251 1.24312680118 -2.20353298411 -4.931431517 1.01102956436 5.21923025072 1.40069395575 1.23088457228 
-22.0176303047 14.3867446049 -8.51101702113 -0.324133345613 -2.5774248894 -4.67790496211 0.0308011756739 8.23589389159 3.37812751311 0.880006742023 
-21.4636314772 11.9763694174 -8.26496042308 0.968284847973 0.199137700868 -4.94460279938 0.0118092087871 7.79645705063 4.28298027791 1.39543275724 
-21.9460777822 3.94535244177 -19.0385424013 0.0465934840905 -0.765558933502 -7.58110305831 -0.136832334348 11.4718261758 9.45145208343 -4.62321296965 
-21.1095919986 1.77027170737 -21.1633505661 0.022888806561 -1.02526659652 -7.66942626757 -0.111643578779 10.5961230608 10.8803142458 -3.32116482223 
-4.9918919885 7.96130595785 -9.92275030467 2.02878925465 1.14579579686 -8.31633281114 -1.53293166801 7.00310681347 0.220154546612 -0.920392061615 
3.88911779149 9.33949235043 -4.20777806747 4.02814366757 2.96985715667 -7.26424614886 -0.808035613251 4.42550509388 -5.21124079897 0.416812807538 
-5.07810974938 11.6098470692 -0.660922466115 4.04366411192 4.10875929858 -8.16946767402 -3.45211071171 3.78563602317 -5.71589641021 0.251576945001 
-8.69596063525 10.2986701059 -2.46804447856 6.52541644493 6.15346089807 -7.75412332914 -5.32440626741 4.42804650334 -4.0804629817 0.43813410966 
-3.12664805027 7.28199834963 -8.3953157579 6.73842118705 9.36133965553 -7.84776236056 -4.59521792185 4.11763857449 -0.24660730143 -1.49846929306 
-2.33747236259 3.8021578367 -10.6528513912 4.39939084233 10.380700752 -7.12554196519 -4.12845944668 4.21628856825 0.31758232651 -1.42566410423 
-5.5584486658 7.70025306723 -10.329966644 5.09007241218 11.128199542 -5.28615327574 -3.80199159205 4.79519309148 1.51263655695 -2.96047838369 
3.35915226659 14.1176005688 -3.72052486182 7.43735712451 11.9567684799 -5.24277583839 -4.42256154995 3.90927452784 0.0157803735829 0.251235897578 
17.2477621383 15.7108133399 -5.83994153224 8.36481266569 8.82870401457 -3.39737997888 -3.0378877479 4.73675164603 -0.0436808285367 1.66617984604 
9.85602303065 13.1290047752 -8.62757325861 9.18771222974 10.4209699665 -2.84335040402 -1.50947324095 3.58704503257 2.38505942984 1.04814209891 
0.0115760225189 12.842044536 -4.25099124673 6.84059047018 6.12265117701 0.273591846133 -2.07306139373 -1.14473694195 -1.00372468267 1.20647333015 
11.4818330706 13.2550745636 -6.27704987365 9.77436203786 0.122306646802 2.4660956749 1.64812278003 -0.9643146989 -3.3574089892 -2.51264410203 
4.94578612722 17.6732678754 -3.26578415363 12.6861493442 -1.55894921983 1.9330438598 2.86868561278 -1.78757485242 -2.91400785524 -0.169460557816 
7.04314202202 17.0390092357 -2.01503918244 12.7993265549 3.57551549494 4.30285515092 1.59226168973 -5.37837691695 -0.388182623675 -1.70592020472 
5.08845959979 16.4136344855 -0.729095306293 14.8623965876 9.70452180115 6.25459514021 1.77301331153 -5.78153401927 2.14590858725 -0.681670722452 
2.27795560612 8.84470989227 -5.42187025772 16.3920829948 5.49735028735 6.46454325335 4.1458244164 -10.0743305091 -0.824893460431 -2.13863875737 
-9.95156335103 12.9822195999 0.715691009539 11.4263288971 1.58541790508 3.7023754682 3.05363920027 -8.44630240173 -1.38909308682 2.56570927316 
-13.6901471308 19.2274080876 2.56991893773 5.66979979804 -5.48496243135 6.47515580246 2.98606554866 -4.2084199092 -1.06884491511 3.50890947927 
-15.8060765471 23.8233885709 4.30957553245 5.58050720763 -7.5334075422 1.32441557468 2.82171208484 -2.99084535722 -4.57934872422 4.17042646104 
-17.1299143697 20.0577567549 7.86183506396 -0.363213182962 -0.57000941496 2.82967948403 1.59831974516 0.947935322421 -5.58221066972 1.71032303088 
-16.8167117616 16.8570987426 7.42223016506 -2.76559456415 2.87853028614 0.11846980871 -0.395302229943 3.25109264397 -4.74648525243 0.553464286851 
-19.1089781525 16.9910693716 5.03134895431 0.98655499525 -0.532296204018 -1.55459275403 -1.05393179896 1.08329183707 -6.55816948921 0.344512115375 
-22.2494363087 6.61143765684 -4.84612319619 0.621404828812 0.8444422766 -2.32545040317 -0.353983979182 2.46107643238 -4.4199413697 -2.21857547043 
-22.055923912 6.61517735089 -9.31482910072 -1.55839082106 -1.89768371062 2.38967844709 1.21989456412 5.49012780159 0.684112867057 -4.32966898503 
-21.0570705487 5.40343845606 -7.87510809401 1.49180250137 -2.52454066029 0.67110383717 2.97887813543 1.61049780136 -2.57131316949 -1.51605322626 
-21.6902340515 10.3786639761 -2.47636129375 3.72347765061 -2.05372833655 -1.5126754083 2.91814414832 2.05002656821 -3.44545364903 1.12502693769 
-19.855837112 10.268397348 -2.58623780686 2.23819202838 -2.7315924163 1.38440590349 2.02508094959 1.95509395288 -4.3649601896 1.23469384606 
-19.0884666483 5.61139460796 -8.81769145853 2.40775641745 -4.35559848297 0.29578394291 2.03562305477 -1.04660344343 -5.34208346222 0.269775385367 
-5.5299518764 11.7737874564 -10.1495324497 4.69543529977 -7.18841654734 1.45836034908 4.06079875793 1.59449666249 -4.72966632605 -0.0223527113904 
-9.05253216577 13.6507649194 -11.7155132026 5.57860338722 -8.71066877164 1.97905669651 5.30802343514 1.54951374838 -3.44678197184 -2.02363129444 
-15.4162599907 8.65248849084 -9.73288156247 2.76871970304 -4.89487913238 0.88197259629 3.66728027248 0.740139309558 -4.58917878742 -0.525914196394 
-16.3716002466 5.78916779869 -12.3284543185 4.27241740245 -5.58055700908 -0.0151545808881 4.55319533546 -2.32316869869 -3.5125973492 2.45254011415 
-11.4712998677 10.4669265729 -10.7190324681 6.2457641183 -7.86364040861 -0.123178937902 3.77361623057 -1.57335349125 -3.23329959146 2.36749515464 
-4.44195049957 11.3477567755 -10.3236149839 10.1010989507 -7.59589060648 4.34572561269 6.21381997623 -3.60670329699 -1.03541959484 1.66993668462 
2.67007114985 7.30551839866 -16.8438629865 7.27357147701 -8.72124245462 5.2663310484 6.13614190902 -2.0042805285 0.244195864553 0.959179621882 
15.1858244844 1.74830656161 -17.8359712853 4.40212699109 -7.02666399892 4.59990188107 5.28766940035 -3.10947674064 -1.76370124163 0.957121654582 
12.9341585303 5.51460281386 -16.720183118 8.63269678805 -6.74603687339 4.81887455709 4.98405084226 -5.01075180057 -1.72044145132 2.30731822264 
6.47494077102 6.93649507875 -12.9776996237 9.54554573374 -4.09087206633 2.46883713073 3.59102931348 -6.66951178446 -1.8907966846 7.98673528718 
0.0803458456387 14.0812265515 -5.18367482955 10.7748920397 -2.21781983344 3.48551358826 2.1527831767 -8.09018926891 -1.29617604463 4.46374103972 
10.1376289361 11.1300507994 -9.95334859091 13.6530088129 -2.02849512824 3.55923523965 3.30651665417 -8.45061829002 -0.440448074062 1.93799253079 
-1.15813628825 8.01768172457 -9.65728674565 12.6699201658 -2.49420551099 3.42200356761 3.15961271028 -10.8592963009 0.421353773692 4.02995732086 
9.75136599375 8.95544182842 -9.07283445213 13.3874023393 -2.70366154716 6.2978615605 4.97797396743 -10.6078453208 -0.831124921664 0.125575856931 
1.62360650812 4.94623766034 -11.7501672585 11.4029897547 -1.83196541907 6.95653719588 3.69891615375 -12.1824300461 1.09340363821 0.10469662173 
-11.6052110155 10.5367696817 -12.6113451046 7.91047250379 -4.61478408436 1.37075011838 3.81496537544 -5.91701594654 5.0348319452 7.32134204678 
-11.3071840609 3.95709888952 -18.4712717692 8.07639085154 -3.18867941758 1.43243994727 3.33238528393 -8.61142393701 5.96674015102 9.20567116901 
-15.4745476481 7.1360158537 -18.5406423233 7.31279813443 -3.72388292639 -1.30393999413 4.60181946578 -4.92034092574 6.21104529922 9.67954229087 
-22.0113775719 0.31733223627 -23.1505279492 4.1431513809 0.137322654511 -3.32950460936 1.92709092655 -3.11434012747 8.70938784861 6.36137196091 
-16.2187535192 10.1557078599 -11.1488149786 4.79894835386 -3.52964213398 -0.920672808282 1.01721788505 -3.69132457023 -0.298824535106 7.09620759001 
-19.8794775364 0.436751182706 -28.748817392 0.964026916232 -3.5305289767 -1.53463734994 1.2706532525 -0.410792922854 8.81580357998 0.22450777964 
-28.6815648264 -1.44540097329 -29.1330182879 2.18938699198 -2.05828059816 -3.70416270701 4.59076331989 0.587126772401 13.203990531 2.97117829196 
-27.9748683306 -2.71322496237 -27.2696603803 2.6427595044 -0.796442754432 -3.79825469438 4.80434722444 -0.675138446251 11.7858863411 4.92351918105 
-23.8262323641 -0.314205757014 -16.7622742425 3.26738898532 0.371313887597 -4.22813541443 1.07616373047 -2.48972903855 4.66367132 3.6011603341 
-20.5374698824 -0.285450382458 -10.6153939802 5.63571770007 4.86496498657 -4.13601431241 -0.194300459384 -7.24933669434 -0.908434836284 3.01505047884 
-17.9187977319 1.35529135673 -8.80790852856 3.60914895839 0.412006758466 -3.07481036953 -1.90813956578 -6.88052433718 -4.72130856578 2.1487535956 
-6.72799261671 -2.38984615671 -11.6966148999 3.4374575519 -0.467554971999 -1.93110808823 0.582193777401 -5.35052962146 -6.15742707521 -0.823634982218 
-10.6224745818 -3.17812398435 -13.7064469112 1.62757598774 5.82711357762 -3.36468968868 -1.81067877809 -3.55705527462 0.703600639274 2.96152882453 
-8.56977178066 -0.741750264454 -11.5402544704 3.97511083044 7.11716127449 -1.95242005147 -1.10853453857 -2.42506205935 0.86676993544 0.418470806894 
-8.68915742884 0.674057840166 -6.38912061269 4.6650229776 11.8925313209 -4.18554950149 -4.13563335414 -1.13018275579 2.75764789889 -1.50653274446 
-4.43681574 11.723854766 -1.75992606227 7.13183707205 13.2103492488 -3.47075191941 -7.02236472618 1.82855267407 6.27902904871 -1.21246862186 
-4.91995997427 13.8032321683 -0.865040965574 7.41731095328 8.64702204326 -3.28565097108 -4.90006915676 3.42079189422 3.10919221327 -2.07711597642 
12.8764969949 3.5729108787 -8.05722634744 6.62977236091 7.72520210678 -1.18602467084 -6.07654417348 -0.168976441136 0.138009438709 -2.85411691374 
4.60742605445 7.99579315996 -2.5207881693 6.43975704091 9.05894494513 -2.04575524891 -6.35972136892 1.09688510256 0.184931592182 -3.39644254688 
2.40135684319 8.55386663587 -3.43676178738 9.11037061057 6.50453270564 0.252901374763 -4.97647637222 -1.62994954524 -0.107429715607 -6.63596709744 
3.47502004202 11.64580276 1.14322570876 10.7616918607 5.36659230318 3.11083190366 -5.51446325203 -2.63402197963 2.76511841898 -3.04986654767 
5.59073602794 11.3815810959 2.96883581945 9.92376495492 5.45377877931 4.71116824449 -4.69310470715 -3.58251406563 0.280622539207 -3.26533581656 
11.904630055 7.56964157668 -1.1862816591 12.7627120439 -0.986551270132 7.15738417877 -2.0192182442 -2.66573480581 0.286613252325 -6.95875882621 
-3.7575173585 6.19100165679 2.456892821 13.0737030412 1.10315200164 6.32844742017 -5.20409888783 -5.66592566183 -0.0328993456217 -4.80545261194 
-9.92510623173 8.28845065397 5.58600872059 10.6063802683 0.41154459955 4.28675245164 -7.20521436431 -3.47953836408 -0.259873694638 -1.96807653631 
-12.5329945535 9.82366236715 7.22492759817 9.10912872214 -5.18796984415 1.69004363891 -7.08262618221 -2.31350300176 -2.11523965368 -2.32270571247 
-16.3577140812 13.6103577108 8.86939234752 6.26709256333 -7.47856526299 1.37686485551 -6.63312016622 -0.945534650562 -2.12722739843 -1.0233136847 
-16.7968532513 14.6402728803 10.5862427679 1.92973910715 -6.85837229898 5.71989087894 -6.62013081931 1.74035873912 0.742869362057 -0.340149239773 
-16.8150945528 15.9627808444 13.5834136574 1.99422348736 -8.14282149386 6.64677803545 -8.65722226949 1.09765334459 0.953274093529 0.260013364382 
-17.9273623576 14.7463813321 13.9776082383 1.10997412058 -7.42975937282 6.15161225355 -7.8987336948 0.541193056015 0.717420391505 -0.238064106265 
-18.879177652 6.38414911994 7.21241377962 -0.135584218485 -5.92603578278 6.35741306679 -7.5378467564 1.02659264282 0.188088519942 -1.90930420354 
-18.9045155521 1.11414663537 3.45538953755 1.59847683999 -5.09566463608 6.74913170843 -7.21910672139 -0.13249741969 -0.087557128213 -2.85488751335 
-20.7806033969 7.71149153627 5.14135239491 3.1710677433 -9.36238996452 3.36892934192 -8.76729915377 -0.1920634118 -0.260633323477 -0.164798335794 
-20.7311509599 7.01214812632 4.31215476593 3.96305281214 -9.16104887383 2.71224140672 -8.20994096631 -2.67988667066 -1.43240761696 0.521913550544 
-20.8443721763 6.04881800763 2.3401609051 3.30988099009 -8.13276498491 0.829771484061 -8.20704845219 -0.602275547001 -1.42922170628 0.670116625505 
-17.0067963481 -1.01605645291 1.03627865179 2.09352694622 -5.57208364593 1.68579840042 -8.47838043027 -2.12078961855 -3.57491430273 1.04052237036 
-19.4139767071 -10.6675493166 -4.38184021145 -1.1128174967 -4.68261077273 4.71816073649 -9.92184097218 -1.41001643872 -0.452854437694 -1.9175720436 
-16.8042315147 -12.9032307847 -8.04004729249 -1.80080768638 -3.73916792556 7.36696916522 -9.50247657736 -0.874674610717 3.26779887545 -1.63784067057 
-21.1015427639 -8.2998556473 -3.4361762315 -1.05003134403 -5.0744612312 5.31961825882 -9.28934092275 0.993985486268 2.87354785657 -0.655831009799 
-19.8063942223 -15.6373614669 -2.88005361727 -1.81746134355 -2.09671319944 5.73718059178 -9.71599135184 -2.15372893128 -1.16024295585 -2.54100704363 
-13.2064595362 -3.43758785563 -4.96962266187 -0.548612425523 -8.85633815244 4.42881606682 -8.71535833238 3.67868784428 2.35470638347 0.695396894413 
-12.7805212349 -2.27705371814 -2.24180810629 0.164464327907 -11.5130364655 3.44372441132 -10.3689605659 3.53407367899 3.21402897934 1.24353570882 
-3.37750720734 -5.62830597833 -3.93094044594 1.96211999906 -13.385731279 5.04915158035 -10.624782192 2.65448186703 2.15817770632 0.685131586667 
7.61630397353 -14.6452879907 -4.71879451118 1.13877375024 -7.89070427865 6.55968869736 -11.1648137914 -0.476886641429 1.02572062732 -0.456346420267 
14.8093771919 -11.7768490299 -5.01270572234 6.00186582517 -8.089394381 2.5147719483 -9.92836994584 -1.55765693594 0.716186045122 -0.769817903639 
38.7379585861 -5.68333764009 -8.44119081097 8.5140576406 -12.4122286459 1.71474744886 -4.30438205653 1.93387338326 1.13454291608 -1.42561933677 
30.721937425 -2.08789609704 -3.33204839796 10.1202338441 -5.38913745839 0.697036713531 -7.43079074959 0.139023835093 1.05800886649 -0.985634021687 
33.2303433584 -0.486421138448 -3.4701042009 11.0685465022 -7.65570808627 1.06192209686 -5.40987866812 1.57037436836 1.64531919357 -3.65970130733 
31.2620423961 0.021753752447 -1.62265578933 11.974274081 -9.42962344476 1.07988249559 -5.37999350552 1.59792076439 1.64130693622 -1.46226098848 
22.9735991008 1.27447713179 1.44211966741 14.1141841949 -5.98765311796 1.37769516798 -6.46791503504 1.46386776919 2.8117553344 -2.47891720433 
23.3271020734 -5.61689970661 -0.865265993137 11.1934584301 -7.80827476674 2.72346399741 -7.44622970292 -1.80984827098 0.422587792017 -2.27578666542 
6.93078644753 -7.25188867662 6.47845437357 9.20957246094 -4.52632237389 3.9102336396 -10.684633536 -3.92448941773 -0.413788408585 -1.3353794348 
2.05319692496 -5.22239548177 3.88744426692 5.38360120154 -8.92332843837 2.98093634051 -9.00446914607 -0.886931964247 1.82689532795 0.114320232414 
-3.75714704708 -7.87061073982 3.78134769491 4.69631844853 -7.59953644579 -0.156521033387 -10.9314994627 -1.42365880815 2.25220541546 2.67630258458 
0.727353730968 -11.3768884908 2.2370326162 4.56022722163 -8.97064283006 -0.0730394891337 -12.7365465308 -2.86282070435 1.62970056647 1.85089596065 
-1.42860271354 -21.8499086574 -0.371377373217 0.0906713882619 -5.1485991002 1.28255778702 -12.2645056382 -3.02333139891 0.813729896506 1.64878656107 
-9.82094095185 -24.1559585917 1.62629659452 -1.97902285224 -3.09962087748 2.63077743656 -11.6988441589 -2.31308070073 1.79769181 -1.01967028944 
-8.27730985543 -13.3835990469 6.05488133764 2.91298940332 -7.53835586428 1.22581984487 -11.3978454474 -1.24855529599 2.11400176711 1.66594804233 
-7.54310574226 -18.6459702888 -1.75353095504 2.03366765861 -9.40059456699 -0.176610791342 -10.2022028013 -1.19356785626 1.12788986455 0.180508366249 
-15.5113811969 -10.4622720773 5.3174730398 3.53708270833 -9.42936113089 -0.542698815629 -8.71015383905 1.25124209354 2.0972827569 0.218631061802 
-10.995123865 -15.2852553155 2.34223269397 2.60480394832 -8.49211829468 0.414050405698 -8.68914002222 1.81700709865 3.16740866374 1.56593611957 
-6.6293489933 -15.3283438565 3.99356860049 3.05729522236 -8.72562621813 -2.77850536797 -7.95021177956 0.400135976039 -0.253839823967 2.7470516292 
-3.30879560627 -26.430905248 -1.65871560968 1.51490041276 -2.57645844927 -2.04343149797 -6.13066613322 -1.56978398251 -2.52065870584 2.72847913605 
1.29785513852 -22.3199677956 0.877689733962 3.45700145508 -2.43242880532 -2.28910739296 -7.79816157283 -1.45544666118 -3.99886976339 2.9189554615 
-10.7694939036 -31.1687277972 1.60688690912 -0.414882350573 1.07652931734 -1.0217898968 -8.35649546481 -4.88857138211 -8.36436929863 -1.64141271917 
-13.97448038 -23.6419997146 5.63935728863 -0.358056988844 4.7495178469 -3.17582754886 -6.01563232691 -2.12757952719 -7.52398921554 -1.9611178135 
-1.86966053009 -10.5741274384 9.96016448155 3.84886891918 7.46608061691 -4.32168061131 -6.00662765308 0.797679593879 -1.35380619321 2.37176381068 
-3.9038630548 -6.26618602614 12.036131023 4.47349954512 7.48925553293 -5.10479982304 -5.54062008627 3.45186484745 -0.937885442973 1.49434291301 
-0.452593185124 -8.54083053446 10.9379850145 5.22236553311 7.27092101723 -3.72031365901 -5.72057612337 1.25100795365 -0.966715190101 2.45276085592 
4.18477666944 -11.9862460179 10.4498178957 4.75175805879 5.58049958841 -0.762937827055 -5.48150089548 2.2395926215 -1.50439811981 1.30273733088 
15.2968467508 -17.5140963919 5.54271617812 3.29073046744 0.118719258154 -1.91567683998 -2.83372312815 1.97046659107 -3.02732322841 2.13521858371 
3.85676164168 -12.6241582193 8.78373960907 3.29345601679 0.792918891831 -4.01994331967 -4.24895480767 2.4149681257 -1.11668584145 0.575097849197 
11.4308750446 -13.3174370167 7.67549395047 5.54246886445 -0.917543388609 -2.66792784608 -2.63245714596 3.2291310058 -0.0555437468709 1.53621483119 
13.9251653948 -10.9381237184 5.93854521275 6.99492081091 -4.75457272554 -1.58330843578 -1.05851674715 4.81001444382 3.12520106581 1.78562399597 
20.1379815224 -11.4976197397 4.50349224167 7.02249017433 -8.03324470307 1.03792379954 -0.799818774414 4.31484132129 1.92878866265 1.34443477354 
14.4244332599 -13.2305039694 4.37441194414 6.86104533068 -6.51085106901 0.725738967845 -1.15329549611 2.68645921834 1.53067705141 1.32866942877 
5.52462805673 -15.5774839712 6.96458907045 8.86989932321 -1.34350693198 0.88582361313 -0.260034630525 -0.368104845304 1.49629468655 0.491696056171 
4.18150262764 -16.5433760813 7.69651615439 9.61469936012 1.20105767707 1.44552163913 -0.528605439228 -1.13498185421 1.52351430507 -0.890078913683 
-0.565544888302 -20.6895922066 9.91342287749 6.44192719499 3.59704448725 2.51759113498 -0.730028836765 -0.879478311619 -0.415373484421 -0.797024857042 
-4.78951579973 -20.4858291449 9.69735405643 2.27543273051 -0.498688581936 4.25288079823 2.10130686316 2.25507684551 2.23291197892 -1.92280425661 
-3.44615295386 -19.5315814855 11.1465005099 1.60491151498 -0.401102949096 7.91130750949 1.93018266715 2.78247156985 3.44514740448 -1.66706563693 
-6.30324711711 -19.3794133963 11.8230786478 -0.742454444438 -1.09021155824 8.92213502864 2.83145043534 2.77221181974 4.35696045188 -2.26383931148 
-7.62004320788 -18.0987368276 13.5472392974 -2.05309487096 -0.895723524712 10.1786831104 1.61586617575 2.45057322207 4.45296873118 -2.307029919 
-8.57012024158 -15.5005123036 13.9515558277 -0.909670529682 -1.87742044094 7.65319121665 1.26089821644 2.56840296238 3.4061761338 -2.01668134938 
-5.07032033358 -20.4447017884 12.4196729131 0.00338591923608 -1.51419843398 7.41886208773 2.00504363477 1.27224947578 2.57271176785 -0.510727192637 
0.893721508902 -19.1778368391 7.22198886865 3.96590530142 -4.1816540851 -1.35474563394 2.38469608555 1.92982262115 0.580424929294 0.629465778374 
-4.50103763322 -17.6175171632 6.87436332349 3.49402945911 -1.9607543769 -1.04081300298 2.73749150758 2.44706326284 1.84835423938 -0.686836991511 
-3.09823121459 -18.8779911183 9.71040616442 0.160452492724 -3.17037783903 4.45069432293 3.35050944353 2.00414761257 2.18980121781 -0.484208305109 
4.67926445166 -22.0364677498 5.19216978944 2.09563860872 -2.76554039307 0.875582491063 3.66105139747 0.872958222317 -0.377193974641 0.652198413008 
4.44164037928 -27.2695010922 3.63892246313 1.85119519011 -1.76864072877 3.09659248538 4.21680601794 -0.101691697601 -2.02933454559 -0.610335986282 
2.35127568015 -31.5346015688 2.04988443228 0.535485791021 2.76140746737 3.97813856903 2.65775076045 -2.68862513746 -4.25867168277 -1.46819440253 
5.88268366933 -22.9515141776 4.4667364132 4.45022073389 1.15593419713 1.42613088163 2.56587021091 -1.12355083458 -2.70767299973 -0.806767493996 
5.18278026959 -13.0646402761 6.80165939619 8.21561356598 3.52102432005 -2.65094543807 1.51294606779 1.00859869122 -1.73018128647 1.81208922332 
-2.06968903021 -17.639386797 6.63440323271 6.29100342773 2.58520646559 -4.92504586176 1.09917886757 -1.43569430435 -3.47136603184 2.88242094128 
-2.92720764177 -19.7716829218 5.42067935125 3.32048633327 1.16629815386 -3.12342439415 2.71003446626 -2.52259055202 -3.06122411421 1.81102796079 
-1.66267211801 -26.7443826619 3.43362996977 2.69656045797 2.89527409104 -1.54745104493 3.51220329885 -3.75764703312 -4.22437460785 0.853656135028 
-3.68421047557 -20.1591210982 7.27928498122 3.56480439765 4.24240690925 -3.26924284025 1.01537116682 -1.52661086355 -3.18418992903 3.43503964289 
6.1380137411 -17.8898070064 6.97998175463 5.7583620943 2.8057892893 -3.92056374585 -0.709894682405 -1.13035205909 -3.88021300656 4.6342333156 
12.5652224154 -11.9649860657 6.32695467492 8.52436060526 1.87147757436 -5.93072730181 1.57066439382 2.03039103689 -2.66814631562 4.73375923187 
15.3138167534 -14.0862931206 4.25354136199 9.09776833829 0.178222650901 -5.03459778311 3.04780333361 1.33120989974 -2.51583235844 3.63503036645 
15.4628731145 -12.4713286117 3.43288551547 8.05560290951 -1.77851290889 -5.62503732563 4.56697649955 2.36810254653 -2.49460620219 2.51075416474 
27.2162242968 -13.7223829443 1.22835027037 9.70793219959 -2.84150246439 -5.27347638886 5.03912956339 1.76984240655 -2.87903507144 2.11830310524 
17.8987145483 -16.4854952362 2.36229907124 6.86577890707 -0.821058119995 -4.80534447053 3.3155756121 1.89865511567 -3.47047494912 2.39043748548 
21.1383367149 -19.6984080634 1.50091968827 6.04167689256 -1.38631700916 -4.1505771502 3.52572346825 2.38152146595 -3.38258787878 4.31539651418 
19.5196998318 -20.4199992717 -0.476355775259 3.96993475063 -2.41613382812 -4.18437022118 3.11560625332 2.31589914949 -2.01461533583 3.2317386388 
4.2013341658 -19.7952306253 0.643620445671 1.9612547471 1.09850731707 -3.03132705691 5.09791510994 1.22603699432 0.0650595662615 1.58648159019 
10.1745923667 -18.820074404 2.2325841242 3.36629944612 1.7077919028 -2.97904144264 4.71554230122 2.49061597316 -0.271424318173 1.50035087236 
12.5966784469 -21.8390948655 1.85753674449 4.31936629206 0.00149451304356 -2.93550380583 4.18236951366 -0.198743688715 -2.40199762127 1.73282056949 
7.1960582515 -17.9469657628 5.04787683442 2.28478724753 -0.395423734308 -3.33061604452 4.81622538943 1.36176340613 -2.13648606697 0.982638009344 
5.46759684276 -16.2187881739 4.86106949086 1.79498418927 -0.827372325202 -3.66088983672 5.02144266896 0.732998324514 -2.19149226779 0.689715886528 
3.2090411466 -19.3051591031 0.929885374433 1.57700570481 -1.67668631254 -3.06485901536 6.71684986199 0.0444778312169 -1.61253960948 -0.393534902983 
2.13183084605 -13.1094869894 5.37391202207 2.24742936489 -3.34503907793 -3.6471031705 6.23459806147 1.89830428644 -0.741765980109 0.837865449481 
-3.37090927259 -10.9680382362 6.77095899674 1.4128708449 -3.45140011313 -4.20683130314 6.28823266082 2.65241032579 0.21388057399 0.46031233862 
-5.49583282087 -11.4329257288 7.60474343727 2.1162435826 -1.8600086733 -4.96004508209 5.95791393749 1.53575264668 -0.131514638471 1.02885913678 
-6.1363382341 -20.3984554107 5.15848360367 1.86751218078 0.124623707951 -3.59472865716 5.27175841247 0.639944609494 -2.20184075868 -0.0938291041733 
-6.50993234804 -18.0580819211 4.2055512147 1.30170697937 0.11025329611 -4.13738562771 6.11456347287 1.75697432621 -0.430425058488 0.193349207574 
-10.5769825207 -21.3375024272 5.03567790033 -0.534944522027 3.8697813568 -2.10151406348 5.61563817796 0.447230522014 -0.309179299628 -0.817214126229 
-8.91574872594 -22.7624539253 3.60911562363 -1.0115985364 2.44598574446 -0.802865767873 4.41661698972 0.318511007431 0.0691794359273 -0.957723718976 
-9.88983903975 -22.6028083245 3.82229268656 -0.0843937314931 5.87809777786 -3.39591863638 3.64401463853 -1.00590992809 -3.02121235794 -0.53784648428 
-9.03218655467 -25.1437279272 5.70752237494 -0.544753992507 6.82031762231 -0.37717667706 3.40236247214 -2.11656072635 -3.88965816342 -1.21334005625 
-6.03399054191 -20.3294970661 8.26355283751 0.237939790481 6.56582004868 -1.18165214763 2.78794620269 -1.38090266738 -2.85469808144 1.05218199589 
-9.84214780958 -24.071543833 6.90802139319 -1.43548182742 9.21668079728 2.01128932382 2.53770358952 -1.81829339218 -0.981503733256 -0.856025762125 
-6.43901292996 -20.7252022811 9.05270342241 -1.08746380943 7.76375626683 2.27487858773 2.4454414181 0.244784060131 0.348789598534 -0.599216422018 
-2.54916749493 -17.5285500735 10.6698007834 -0.841919744892 6.81872794894 3.22834283554 3.50540714194 1.56685602449 1.70537508114 -0.00147384490138 
-5.24758993454 -15.9442338351 9.55281976551 0.733889290918 5.80196943387 1.50515693755 3.34458348999 1.11021484036 0.871124552066 -0.577897635709 
-2.56812771701 -14.8924174158 9.60544194789 0.68526282188 2.87645922526 2.34682884748 3.3808765254 1.97464141559 0.533863274892 -0.572047969476 
-1.60858819527 -15.850651329 10.95620051 -0.871586332286 2.34422442658 4.80503899949 5.35402178643 1.90114780562 0.38489396134 -1.58817179347 
-3.54130876767 -10.140887817 13.3861431809 1.4429920505 0.950624756182 2.2509049086 5.11239961726 4.30398423922 1.42396081921 -1.25264743017 
0.98780921182 -7.25276475364 11.7321563387 2.29474153 -3.34193239284 1.69910840814 5.36064046265 3.68253932773 1.75812464335 -0.047320592515 
2.25940832681 -9.96968325631 8.40204717367 1.59299610423 -2.39954366434 4.51111849472 7.31452101695 3.05182993969 2.19818565552 -2.23937296054 
0.842241797195 -9.39372641955 6.30227904634 2.84640406598 -4.14621506235 2.40937338522 6.38215060147 2.75739486762 2.01764085834 -2.12431039007 
5.00698695079 -13.6355454272 7.20674633347 2.61517025817 -2.90389699553 4.24616341009 6.25343174316 1.83608681821 0.278753211271 -1.64784441561 
4.64060119395 -16.6982847538 8.46966454427 3.17800069031 -0.458087223789 3.73386771662 5.37301162041 0.980070833007 -0.961882730795 -1.41729473568 
1.51868541391 -17.034336175 11.6622740262 1.58246668589 -0.171083224279 4.25429153284 4.40849683195 1.31917522389 -0.926612372761 -0.462105297408 
5.56779059399 -12.8386050488 10.6045229874 2.07691585889 -2.50157319136 2.51337259492 6.09851570823 2.46132100895 -0.72785126711 -0.0767721701668 
1.99473140596 -11.7081665155 10.7788438702 0.318037048831 -0.127267641293 1.5533578034 4.9731659339 2.88573602212 -0.0656731466844 -0.387398605288 
-4.04170652595 -10.9904117367 12.1452047402 -0.926246226288 1.88109036183 2.99928436228 4.77626895977 2.94383120619 0.818376799415 -0.851103755269 
-9.32609167451 -10.3886433964 13.5789460168 0.274506301425 3.15909263256 4.49382824032 4.98540140714 3.26533112666 2.17182637186 -1.14343213468 
-8.27479174328 -10.1829696351 14.7953365019 -1.40972536381 2.5575385366 8.88233464146 5.22179516911 3.4296095063 3.72418919867 -1.81192406977 
-10.2415101726 -7.51118061997 14.6059957449 0.225217618472 0.0928412577316 5.75289459676 5.06541755738 3.1452039523 3.76034765308 -0.0440638293873 
-12.3973395347 -5.11673006974 15.3797402674 1.84766425274 -0.576309513387 4.37532867675 5.52047400242 4.59362629504 5.27322204777 1.50671071058 
-13.9267399392 0.302004286709 15.9053675082 5.09508786799 -2.65251045785 -1.24829053466 3.18656463033 4.41062792167 4.62216872533 1.91377499548 
-15.0884886224 -0.0740853998749 15.966957892 5.88375101444 -2.51340170421 -1.01510945234 3.08486712865 4.4706182265 5.37924272598 2.27344402966 
-13.8148951641 0.804041884192 16.2791155549 6.0941921846 -3.53150947843 -2.48972128384 3.18759040477 4.27964953935 5.38809829734 2.96451986805 
-13.7208306348 -2.45506580378 13.599258646 6.28712848325 -1.44111282381 -2.14259117398 4.25188045891 4.88141087123 4.91893030957 2.07109186759 
-12.8766196582 -3.35179129883 12.3634529128 7.69276250295 -2.28865429944 -2.94569983062 4.3038999233 4.1314585073 3.64267339295 1.72352316764 
-10.6713037778 -6.43824984458 10.4336709326 7.01946330071 -3.33238093481 -2.83868115188 4.0276617475 3.66030043808 2.49036975416 0.212691864817 
-11.747513169 -6.37600553184 11.0024176217 6.30920396203 -3.31562496344 -2.17299797028 3.61059416882 3.17814157496 2.32837034834 0.374477999771 
-13.6937420945 -9.1495997058 10.2804437624 6.03680824512 -0.586357652666 -0.765052429079 3.55853045686 1.68334883907 1.95301744664 0.215058105447 
-15.5998324439 -8.17837290628 9.38329481266 5.87359955243 -0.331069222389 -1.23010728911 3.99657859036 3.00129341519 3.11320321314 -0.134791286661 
-15.2543306493 -6.68497001954 13.072549331 6.00414793961 -0.548306508037 -2.56181766492 2.1420501884 3.21737992043 1.64239684039 -0.314055978296 
-14.8853382172 -6.4256166102 14.156501369 5.98224311662 0.124016544015 -4.12105346285 1.34721910784 2.85498592818 0.935410616077 -0.0821862466374 
-15.1031272747 -9.32685771071 14.5612170765 4.41886336027 0.77352726417 -1.25809473236 1.63034502939 2.38207312905 0.81885486309 -0.545580156639 
-12.8460988879 -9.37396049936 11.8910802186 4.45691198823 -0.116956403934 -1.24566757162 2.33871322776 2.49293892632 2.39047416717 -0.294884057503 
-10.5885676982 -7.12098103021 10.7665499594 6.95540910289 -0.109022959682 -2.91979263071 1.61237905583 2.61151133115 1.70732421168 0.0361066179802 
-9.90931728984 -4.63633595922 13.48644041 6.63454048989 -0.274329787217 -4.11206367334 0.795284536873 3.68233973073 2.16909036644 0.801886752508 
