3.58600337809 -5.4024301606 -0.969599384895 -0.949746724947 -5.10681440464 -1.71650762394 2.49842059385 -2.79951445905 -1.38789539023 -1.39603476917 
13.9001764319 -7.4170023057 -4.68091292798 -0.557986052903 -1.98634930541 -1.26686077448 3.71617418755 -1.06166442285 -0.789522041144 -0.984491065772 
13.3943721242 -0.628993311149 -3.13431559304 4.21066165484 -1.45898064989 -1.47752200602 3.38582141686 -1.13732310934 0.00673477554252 1.0153274492 
14.3090660742 1.50725385704 -0.765533732064 5.13369423598 0.976097553609 -1.0135272523 1.70213699728 -0.741649748752 -0.893888046522 -0.237217387239 
13.9384894133 3.29022923011 0.611130999524 5.04267323183 0.753041408569 0.110157653786 2.13006866968 -1.50183352964 -1.37628933074 0.427772971399 
11.7434836504 6.33621293793 2.11997186755 5.10060543963 -0.54746417147 0.755556363482 0.424485365271 -1.04043692016 -0.186777304836 -0.69122413933 
14.3517259791 6.38504606146 -1.7673820228 3.30291679541 -2.46137385465 -1.53087000192 1.96711977057 -0.398103458423 1.02940483517 -0.0615400397601 
12.6860700787 7.20326594483 -1.65699362123 2.87076176558 -3.39469454486 -2.58526382992 0.628619203815 1.15497053171 0.461789068002 -0.326903249263 
11.9866700906 7.80659793836 -1.9517382053 -2.98769633155 -5.31729907359 -3.58331987808 1.19351322493 2.36709893092 -2.18238947987 -1.53068475007 
12.4805803431 8.0234617607 -3.03658917038 -5.01426516861 -5.27983914491 -3.81890475508 2.5419259529 1.93291278566 -2.78815369687 -1.42228005039 
13.6213585817 6.85464477252 -3.12369335001 -4.18915772964 -3.87283575851 -3.90184196551 1.40405172232 1.7384220065 -1.93449103694 -1.99866513126 
12.7989674893 6.08161714972 -2.87246385155 -4.10105297864 -4.18388979185 -1.75466961226 2.2197634581 0.773051340936 -0.729612127576 -2.09584833949 
13.1291634617 4.61043589315 -2.4262131647 3.76702505653 -3.49933005129 0.114864415276 3.36622998823 -1.03923783975 2.58925398526 0.145637832571 
10.9189739263 5.94503566069 -1.00782730525 7.05639452333 -2.37021377102 0.398133053243 2.48821213684 -2.0606364758 1.29494733582 0.872469358745 
15.1940771861 1.54893776122 -1.07951113276 8.40916943152 0.0959890394844 -1.5593891578 1.49277683153 1.76163625083 -0.322322951134 0.335763799411 
16.8455535367 -9.82778095121 -5.09534945354 1.1949223938 -0.0946124897212 -0.935577427843 1.27326389053 0.498346968446 1.22624982377 -1.1103365138 
9.58186367899 -7.81541866296 -5.7162367743 -0.606585175153 -2.99455166175 -4.50216889825 0.714569264325 -0.186390471119 -1.22148241429 -1.42801711244 
5.45735661082 -4.64354977402 -3.57730322903 3.79640772295 -3.21498113937 -4.93514646033 -1.61405971397 0.388787572836 -2.89979067499 -1.45456506105 
-5.57675943744 -4.27552990311 2.75051098236 2.68753415612 -0.402587782196 -2.58963850962 1.91295270291 -2.69589318762 -0.696497872892 -1.82624324443 
-8.78899066036 -5.71238819964 4.25117255937 0.876745602859 -2.10652733442 -0.146473445221 1.64000998442 -1.83636869741 0.249844339078 -1.77404036268 
-8.66258891722 -4.90830781525 2.82356401867 0.357982866422 0.287316637994 -2.07331480422 4.28593405957 -0.153463113992 0.382644603143 -3.05714470511 
-12.48106418 0.807520631996 2.79157326666 1.83480896453 -2.58270380062 1.5354146646 3.28837919287 -0.121233326127 -0.406158270213 -2.58050015756 
-16.7666027254 3.7511639819 1.40057536061 4.19924471771 -2.7255744012 0.928184769588 1.86912601706 -0.169215418856 -1.27748868921 -2.15603446002 
-16.9044865502 4.20234698445 0.681698843729 3.66649647085 -1.23250066369 1.24891511578 0.686280481727 -1.6963891608 -0.869580182961 -2.54710175092 
-17.3363794227 3.99261486612 -1.83712748908 3.47827034604 -0.407546077674 0.47283614017 1.09710207751 -2.39710805834 -0.842457278304 -2.49696947027 
-17.4697043474 4.06777091639 -3.09342369079 2.05397457184 -0.487608852372 1.01762814985 2.24058182784 -3.28290917107 -1.91415300949 -2.16227815943 
-17.0306042526 2.28825138439 -4.81125028392 1.34313806468 0.0777667827901 0.657106492701 1.62153132736 -2.55081302866 -0.94427102989 -2.60805143977 
-16.301029878 3.48742329579 -4.19276633663 1.29161143668 -0.132079193667 0.210344809039 1.76115921324 -2.8444549872 -1.69991631716 -2.71032759833 
-15.6260295353 1.62168697299 -2.98236147484 2.49416528526 -1.67449322598 -0.31973623711 0.949161186144 -1.04417539456 -0.174418058967 -2.8071060196 
-14.1281600321 1.72753732117 -1.19383836883 4.14485022479 -1.60858240764 -1.153955017 1.74760574437 0.687521039598 -0.545006549542 -3.3599383525 
-12.4906269495 2.50778746177 0.691219165364 5.90804452564 -3.24358162661 -2.37145678823 2.83724816493 0.836249679875 -1.2978316406 -1.63021009853 
-6.68476277781 -3.44614990939 2.54883932108 4.33624555906 -1.392350423 -3.324844902 4.71670826283 1.59409790243 0.474692947115 -2.01290364901 
-4.70342707159 -4.01228403858 4.10522281641 3.6134498044 -0.286368620212 -2.74765596753 3.14628217851 -0.342560026563 0.189293585185 -0.967251270268 
-4.01941030924 -4.55682571869 3.65886703319 1.39519733665 -1.24927762635 -2.32677716873 1.17984505125 -1.59888867418 -0.37537035868 -1.19415717656 
2.2162225099 -3.86943091078 0.586977223147 3.69974403961 -3.17790583941 -1.51915223367 -0.703085307558 -0.903693702236 -0.419018369756 -0.310269197385 
6.7267674199 -6.78780562095 -1.46345416624 1.20924881416 -2.2441773224 -2.00019362841 -0.918076059649 -2.32860833282 -0.860542972574 -0.374489802761 
10.825919854 -7.07546876933 -0.731595321809 1.18080248012 -2.17477204391 1.27825937305 0.530993992379 -1.58077467691 -2.15577972314 -0.00786458722113 
14.5444802146 -2.58494944482 -1.66075595914 5.63444492571 0.541376123806 -0.390119326805 0.796890682813 -2.3988037281 0.00618741064902 1.90092804624 
14.3450031733 1.30838225911 1.08019751538 6.99026402961 1.59618491655 -0.748066509011 -0.558025094905 -1.39430147933 -0.258267776266 1.05617172344 
13.2789173361 0.196341499493 -1.56195757583 2.84829235466 -0.992017312009 1.1513478963 1.86216405031 -2.11489847046 1.04179018839 1.31198624912 
14.5382577655 3.78913428355 0.46462707149 3.8425173371 0.290724125636 1.24041848206 0.0246532390012 -2.08781397366 1.71484808129 0.329928105941 
14.4190857783 4.79324182904 -1.97122426428 0.320306335345 -2.51333919755 0.0947155713339 2.68841827017 -1.55971121277 1.67880226916 -0.957061688695 
10.2769421398 6.93373990065 0.705253086425 -1.82868428243 -2.01089890243 0.00349419139595 0.701828295917 -1.25749743885 0.0353223934074 0.0340219791871 
7.50666208331 8.14356961916 2.76380781693 -2.02641378728 -2.66617322067 -0.144840214497 -0.732530768408 -0.525953666105 -1.18306774721 -0.842491538318 
8.56146773563 8.21206991343 1.82844189218 -1.3637341262 -2.70913718867 -1.2385080166 -0.723443350428 0.246977816585 -1.69597888034 -0.596684304447 
11.514916038 4.61275837274 -2.03979939014 -2.65977413131 -2.86728204514 -1.83391268088 0.981872194811 0.0624119807359 0.69711368669 0.567288963052 
15.6667775654 3.65537332548 -3.76134451285 1.14517063079 -0.940748765631 -1.705827451 1.89350453042 0.198558658242 1.81603304556 -0.137362782507 
16.3468348265 2.05726688097 -2.21193629107 5.59367985749 0.76697241407 -0.513872959063 1.67699525709 -0.819548818256 3.28575638964 1.04637692709 
15.9205099412 -4.90604560943 -1.8191543304 2.72712489166 2.08760008953 0.787928431774 1.51002489968 -1.68825459055 3.03779546821 0.677485951379 
10.3637741411 -6.51410588522 -0.914784165525 -1.1178368622 -0.533933516447 2.74205305463 2.58671232027 -1.5845680017 2.42012402545 -0.518300667784 
6.69426227333 -8.83212918675 -1.52255001215 -1.8328636403 -3.431179804 1.63628248898 1.04965494419 -1.25327795514 1.63879944229 -0.250072956072 
-1.45735742124 -9.5116295045 1.29340449551 -0.341720197575 -5.4669455104 2.87421611767 -1.99652947315 0.10971063328 1.76819941825 -1.94413670129 
-6.22332608332 -8.40245439161 2.70198598107 -0.226848867391 -4.3413599988 2.02052494085 -0.999945318528 -0.711095097355 3.09479877869 -2.11426000383 
-6.44302291202 -7.47547020649 5.95661903937 -2.85306685743 0.483435238445 -0.369159961849 1.99569129682 -1.35172712666 1.69505215259 -0.951036984271 
-10.5720789259 -3.56293981872 5.9002383297 -2.05762197416 -1.79069130746 2.53070147301 2.78035308701 -0.0472163789428 2.02013951999 1.02399261854 
-14.9598132009 1.55467235203 4.63061044153 0.914377983663 -3.15692673719 5.32678186894 2.34652751965 1.28610280117 0.699976738902 -0.0604317535087 
-16.2973538425 1.6493129469 0.824758074796 3.35792769176 -1.91436947769 3.81158958279 1.55509404965 2.51679058942 0.872113856816 -1.2709324484 
-18.6300068402 5.15135098971 -1.86856301957 3.19122799443 -3.51061119885 5.4858882544 -0.359934290937 1.74414124784 -0.822096226452 -0.716448905889 
-17.1663993249 5.00982123119 -1.4811692492 0.571122171789 -1.86427232451 4.50551119916 -0.0819515429668 0.444236051657 -1.758492272 -0.732415957842 
-17.4688709365 4.79908844074 -2.69495060772 0.112440581052 -1.14528594699 3.52405248473 -0.160962340934 -0.606339732337 -1.32893947372 -0.99196759652 
-14.3080113388 2.01757222428 -5.8313108265 -3.94565498621 0.711372034443 3.15789593131 0.418373932564 -1.59829007883 -1.42264737759 -0.0593039167202 
-13.97104285 1.85312887315 -5.80323246782 -4.20830316737 1.32331317035 3.37733727401 0.107924151302 -2.02626378338 -1.15660203242 -0.515279400443 
-15.3371517073 1.82234475587 -4.18967238592 -2.75996455995 1.05151102462 3.56272651545 -0.191064273427 -0.22234636008 -0.656072291128 -1.02285632302 
-16.484193037 2.0522552822 -4.09420561403 -1.2101619239 0.0764364281821 3.07780474356 -0.397720945023 -0.309051127072 -0.698785995622 -1.10800856919 
-15.8572784532 3.05945651093 -2.11348321741 0.501742111229 -1.63229119725 4.11236226499 0.0690818904352 1.52810610743 -0.443382215569 -1.08895306187 
-12.4557511779 -1.25068685024 1.6245472872 -1.4477122913 -1.1097629277 2.81633966031 1.73125218735 1.12489813135 0.244443845256 0.173502941125 
-9.46863481112 -4.09819925538 4.19844066827 -3.91803425745 -0.434487340339 1.88643637123 2.80962192151 -0.742054814233 0.184870114586 0.248229793037 
-10.6317995803 -4.85100321634 6.2441457264 -4.04168901949 -0.407895044924 1.98570505167 2.94346097176 -1.63916855639 0.785162253387 1.68564430273 
-3.26708798544 -5.90073523498 2.99279797643 -3.29037307569 -0.174489819103 -0.353993530605 -0.245340848473 -2.45078958654 0.393036822706 0.174879905818 
-0.745659546532 -6.53330076712 1.87980998162 -2.16830538878 -2.28540151416 0.545618822201 -1.63037692764 -2.12037034146 -0.753540831705 -0.941983148651 
2.09662550768 -9.73901777673 1.52999321015 -4.33367614122 -3.67997928692 4.67607720117 -0.857378587758 -1.95165478034 -0.70328290842 -1.47269242891 
6.12358078892 -5.65123061135 1.94561916166 0.162014850233 -0.584188450832 4.20562892041 -0.466839136594 -2.00105062478 -1.03469906217 0.813352270338 
7.46583205913 -3.43285918693 2.74943616004 -1.35533218288 0.293388310646 4.04519792764 1.73260877716 -3.03590248592 0.19502119552 0.774594253441 
18.3972288643 -6.92193105147 -2.86869954177 -2.17869332579 3.56193382739 2.69884917764 3.3093063001 -0.651378566193 1.22792955288 0.24448878859 
16.5804121755 -2.87631874822 -1.74768267767 -0.466697747537 1.43630786389 3.67429586576 2.03315565468 -0.737347085393 1.98949448705 0.0791551661364 
17.7649001039 -0.396298545259 0.0578179845149 -1.09104205556 1.69120033775 1.7232586378 -0.162696578564 -0.279600164514 1.77657544353 -1.4147245706 
12.9952592392 3.50353770705 0.956938815488 -0.144189059261 0.400283029789 0.26865125963 -0.72387652061 -1.21580791105 2.1332189136 -1.25077789052 
12.3311203913 4.191192499 -0.729024285696 0.044811711319 -1.21362403848 -0.0126441628217 0.566212640257 -0.422962631054 2.34543777415 0.46351461471 
8.9527244759 8.66706438616 1.92836912833 -1.25777573273 -0.900729299019 0.0275220127197 -1.06598188417 -0.760195792875 1.09389785683 -0.579262581633 
8.78520489835 8.59048031466 2.00889271364 -1.62798225817 -0.825268224712 -0.257269004086 -0.928190249802 -0.672701424306 0.683620077201 -0.560627746942 
7.96102119194 9.50221966235 2.59434549707 -0.137163541597 -0.886452028402 -0.532759287865 -0.491923015152 -1.11748168166 1.60516081105 0.239703044027 
10.7152990684 5.50545662383 -0.0814334158714 0.756515539967 -1.29998636713 0.111172737113 0.79364313943 -1.87747169082 3.65701617949 0.462013488538 
11.5861807261 4.26096806197 -0.0631881866603 3.63526154725 -1.10109843235 -0.173037607225 0.657587016613 -0.975918580531 2.99331466667 -0.0132944715704 
9.70633780086 1.79289193196 0.813803756953 3.34547119218 -1.20089957262 2.02177991341 1.17897698427 -0.795436485431 1.31893348234 1.19474894326 
8.76760379121 0.0687544646187 1.09634577933 0.339298280003 0.924011006514 1.59686600104 1.15526597843 -1.58823732907 0.329607378144 0.751506829763 
8.6348124169 -3.40907526828 -0.602866734665 1.55161872981 0.738835843343 0.100735821557 -0.67337439313 -0.362123877826 0.976799174664 1.15612410757 
0.298500846637 -7.50639160566 0.413398564261 -1.96844690596 -2.66870665773 1.74779938924 -3.69648568663 -1.64890415475 0.528487922026 -0.575653809986 
-6.20233676753 -1.4383677355 3.8410753775 4.45718596185 -2.93276335261 -0.831155133619 -2.74269036848 -2.30978748835 -0.565463117401 1.84406124672 
-9.34063593691 -3.21924344083 5.44561575254 -0.3374678524 0.137399134816 -0.588257416655 -0.378811162965 -2.47977632443 0.598966840803 0.685921235264 
-10.0385152308 -2.88949661621 6.7856175647 -2.09424015456 2.48518478528 -0.12200835069 2.44768912996 -2.11126026627 1.15678713448 0.257108225242 
-13.3781660698 -0.217049954292 4.39415236801 -0.77175968121 -0.388175176988 0.905437519109 1.25632568437 0.0819824080256 -0.314493900263 1.11493496654 
-15.6199379107 1.31478885093 2.56586669875 0.692198237817 -0.140547036079 2.21366804206 1.58791196315 0.691560893483 -0.538852203701 0.787710029856 
-17.5813382164 2.97764222313 -0.166172567769 1.94400666379 -0.629157738714 3.94184939196 -0.533445308774 1.14801274634 0.847933889727 0.35224216218 
-17.8352339499 5.59946927479 0.429909470968 2.59854986751 -1.82919725848 4.54473552647 -0.737672803398 0.180126245847 -0.254372043381 0.886847317846 
-17.1096549349 3.49038212673 -1.0537694759 0.973443514071 -0.490470290912 3.35112260325 -0.998033920313 -0.381123869688 0.192091116086 0.337705521702 
-17.0680746407 2.23660939021 -3.50714645436 -0.52405724152 0.661843109599 2.85029514844 -1.63359914507 -0.595545171485 1.06376354366 0.529337321984 
-17.4756807132 2.30640138964 -3.92934043219 -0.318860984697 0.682778680547 2.55117324535 -1.56803729564 -0.612375555674 1.05303805453 0.00424446548407 
-17.448255239 3.37741129005 -3.76106685388 -0.937475896698 -0.0414559714295 1.85890681282 -1.06525782077 -1.27237623456 0.193032746302 0.930207131567 
-16.964421068 4.20604162113 -3.76568478664 -0.645017512044 -0.851406669383 2.28075771546 -2.0099280728 -0.331136653585 -0.147059612663 0.799723254149 
-17.443384612 3.62980012828 -2.52420615029 1.21686939491 -1.00815990261 2.95643957769 -1.98900514059 1.17821024045 0.236849734671 0.66508125703 
-15.2047098457 2.46441671426 -0.0129261838529 0.461203324812 -1.1360599458 2.5279364141 -0.39029291799 2.11768104058 -0.669133885733 1.52122085335 
-12.7842015697 0.0485434101351 3.11673955139 -1.04111561376 -1.90253127885 1.72481368997 -0.0592806685731 2.58451514341 -0.520835411398 2.20908373375 
-7.86945780816 -4.65152677432 3.19335844426 -3.30677448278 0.0632828728534 0.397127055232 0.940576544413 1.41817581489 0.647118577064 1.13468468276 
-9.37743621927 -4.28474658147 5.11325680565 -1.14856617393 -0.742152747258 -1.83471992433 -0.958481958616 -0.650514870752 0.0352303831501 2.21768637873 
-7.77099438197 -3.18388427043 3.94040951157 -0.745351879241 -1.14504192788 -0.719447380482 -1.84662553696 -0.644877181746 -0.666903340461 2.70087366583 
-2.27900402845 -5.87070396042 0.149324609369 -3.16196768624 -2.98453270923 -0.293909300418 -4.24665063462 -0.465030254184 -0.576840289968 2.19287902109 
3.08873371227 -7.21786417001 -0.34058643685 -3.72844620484 -2.21112915187 2.19224845888 -1.87339499214 0.449568203853 0.597282222876 2.23026888708 
8.34243064977 -5.87916449477 0.565739098197 -4.94311568012 0.589002211195 1.69379327543 0.334498427408 0.554322690686 -0.284423710238 1.45651550044 
8.00071870504 0.187319769825 3.0438758465 -1.03092875807 1.33115252406 2.10295886957 0.386606689013 0.258295451751 -1.0065503698 3.00226463887 
14.2428197313 -0.249308477824 -0.732550806405 -1.45353277935 1.89970549579 0.907568517304 1.48566036731 0.873578356046 0.209790670024 2.96218004991 
12.2350707157 4.21292299928 1.93428642806 -0.299068435073 0.0977421423123 2.6333919847 0.48051581861 0.654955179566 0.315827358532 3.74819537746 
13.6706407205 4.64883072996 -0.956760065631 0.781331632832 -1.9605101996 0.66947509915 1.30261700321 1.32428196847 2.63101061162 3.16348416284 
13.6363604518 4.09304841777 -4.72949747539 -3.31299281219 -4.25523928765 -0.175803210218 3.43768984232 2.33704054868 3.26567634141 3.70173810532 
9.19595034328 5.83550047912 -2.80024822323 -5.30198780091 -4.64069910608 -0.383912343946 2.29055750854 2.05158042781 0.685542717158 3.72316708214 
9.50539815569 6.3582654501 0.998373086908 -5.68354291722 -3.32768026282 0.262134420917 0.932050586904 1.82488166281 -0.475041509059 1.39046814813 
8.42481747946 7.63571188569 0.32525912514 -5.54077752085 -3.7189612598 -0.787657682165 1.23089922392 1.79699756371 -1.06970978663 2.00438118446 
9.99246269922 6.26220217616 -3.21829168193 -4.47498048014 -3.25095231792 -1.21440260881 2.09978552041 2.26157473867 1.16257032678 3.35188603697 
16.0852888934 3.8668185989 -3.9977435319 -2.47254078337 -2.52014132164 -1.22493988406 2.41342226611 2.59696752553 1.45414122996 1.93953353612 
14.083088675 3.20549268265 -0.722116072445 1.48047454384 -1.33895116443 1.13399037794 0.879560621339 1.89463398119 -0.0159568323644 1.9968635305 
14.2538155713 -0.91844334953 -3.14029402989 3.56850903133 -0.894974645212 -0.829899505473 1.46565657248 3.07658691649 -0.138767526795 2.59487885262 
9.35566536827 -8.41744222509 -4.47914814799 -4.4836105035 -1.47553582865 -0.495436546044 1.29364659055 1.00909046595 0.246669102839 -0.107447861521 
8.47008344766 -10.3892601776 -5.33125589184 -3.5462288377 -1.13671283122 -1.33319089026 -0.79358264454 1.50241451258 1.97912326177 -0.781506469443 
-4.28985279843 -5.76209257971 -0.885344425656 0.231276284973 -5.51045436251 -1.33616136935 -3.69442281653 0.278957805566 1.4454182181 1.45302411839 
-3.6562788129 -7.00903700605 0.728560315592 -2.66795704539 -0.554536147678 -2.19508087863 -0.883953750749 0.0511380906314 1.59742740936 0.468330685479 
-8.31382313121 -4.7978610251 3.59557035179 -0.510797896498 -0.443198725532 -2.63417492743 -0.44399679779 0.214177911013 2.89328877318 -0.31438971567 
-7.72570083948 -6.57128071669 1.46183586708 -4.43989842269 2.76593796451 -3.10878012971 0.883168356658 0.743182471765 2.85679407122 -1.99950578918 
-11.2971222925 -4.5140078516 1.92726060937 -2.10333661292 1.80364197961 -0.332524399681 1.46433592294 2.59181243271 2.20803681691 -1.78514802625 
-14.2613506205 -0.184895720493 0.245559752215 0.408968528273 -0.132182449985 0.0441043567614 0.397023242395 2.29335203852 1.12237798013 -0.146155759754 
-15.7808692725 -0.315552767605 -1.23357692002 -0.703822792238 1.49629618466 -0.0206753694944 -0.678355609294 1.21604460851 2.42284445874 -0.829349794047 
-16.189124321 -0.250313644106 -2.03705361178 -0.652368322807 1.56476677373 -0.613846839834 -1.34127494752 0.927840561996 2.53876034552 -0.924395307074 
-17.525453417 1.97772237165 -2.30974321178 -0.68265906386 1.14396233954 -0.984153999757 -0.492452000717 -0.280755599465 1.97051064702 -0.305315075719 
-17.8740274978 2.62316405972 -2.52843363141 -0.403439541456 1.30988703525 -1.10436743892 -0.626509787719 -0.7819881522 2.02631918787 0.0712968902281 
-17.1853629933 2.1751334685 -3.11744332792 -0.58865467113 1.75953212385 -1.23610013592 -0.752517023056 -1.11650211673 1.77331223001 0.0550798132992 
-14.7695283151 0.719038027357 -4.61345821129 -1.74328673371 2.1793027705 -1.7029694601 -1.06514125073 -0.682819961313 2.74292807424 0.288844091912 
-17.0316016288 0.853718851554 -2.187215877 1.96016033238 1.70016084176 -1.15504688735 -1.37126896484 0.179487087943 2.57655704588 -0.29768743241 
-17.5877213661 0.933072393772 -1.15406997339 2.25751753954 -0.247771944807 -0.288008561893 -0.973224102181 1.70901097976 1.75811306724 -0.01750956346 
-13.2934730289 0.255069789538 1.74872963773 0.983547279169 -0.43221442423 -0.372221343482 0.964869147672 2.85087460021 -0.261210580121 0.621239571338 
-10.4943462476 -4.0740716587 2.86378990474 -0.703461128937 0.84750309931 0.016673747002 2.26899220306 1.94504961613 1.09169600297 0.23752174152 
-9.57731431049 -4.52983099731 3.39086283104 2.23966942595 -1.13064383807 -0.602813470479 -0.861047529594 0.970745385169 1.62755151714 0.59384565963 
-5.15519680194 -4.39351434043 1.96737460083 1.63763160389 0.382866440765 -2.09034895746 -1.70952983649 0.107952142119 0.188496961063 -0.0946122294981 
-0.553338105405 -4.51370936356 0.557119202343 2.14838618583 -1.38398677685 -0.694626720184 -2.40547013158 1.16918581541 0.790605851644 0.924822538737 
1.20887707849 -6.89454549544 -1.90455262458 0.923333401993 -3.04321666448 2.10391910629 -1.92147893822 0.535921271953 0.0862758650646 0.772366769994 
9.30420577286 -10.2592069398 -3.46036333283 -4.06184097837 -0.480764736386 4.0826655107 0.683098331594 -0.671716436111 -0.205657165337 0.480976086624 
13.6490648736 -4.07477528287 -1.86321825032 1.4215430784 2.45311864198 0.38703346516 0.790111612019 1.36775437725 -1.38928124288 0.662585957235 
14.2117345436 -2.87305762159 0.474817434478 1.84203862308 3.11000479845 2.44643962086 0.100922103843 1.61353396926 -1.13586493493 0.477496100136 
13.1779575645 -0.416363295004 0.826966388667 0.942138570842 2.36356310808 2.76910167682 0.428496861514 0.401847239139 -0.108466662722 0.03239816535 
13.2461561895 2.22869322184 -0.089863178807 2.19316442555 1.11974088545 1.62599088342 -0.652701324657 0.344577061452 0.887487985441 0.0492941733006 
14.5781809016 2.29015723708 -3.79070723224 -0.596430420399 -0.688822008491 -0.679727291156 0.17787826996 0.850600755898 2.67163947377 0.054039391067 
10.4479081289 5.5929931703 -0.276406833844 -0.39391794926 -0.348637375931 -1.41155883228 -1.46421822091 0.606460833685 1.52087804461 -0.106862928032 
6.71650090498 8.67443327334 2.72572598716 -0.136553970567 -1.11060640299 -0.804724329787 -1.78614970351 0.139963271942 0.886994096034 0.561304102899 
5.27504674464 13.0909214257 4.74265504331 -2.3255852213 -1.15818085631 -2.28464985854 -1.65294202833 -0.826850798522 -0.486380123203 -1.81976066305 
8.39361423229 9.25315179446 1.42379701377 -3.87016463041 -0.418108362504 -1.89923072141 -1.00691030348 -0.735897930808 0.470642467328 -1.33288761227 
11.1721878784 6.66375293219 -0.829319196152 0.0964641984961 -1.66814580536 -0.858055369003 0.580035030907 -0.0952439052534 1.52783558503 0.200855100555 
12.0835822821 4.34697086662 0.0185732519869 2.74241703588 0.121706485567 0.768384651514 0.737867938067 -1.55881868804 1.65693487473 0.433753406293 
14.7068218108 0.404480660195 -0.799495412315 4.44353201551 2.37904834815 0.902180610866 -0.343663004985 1.70011864069 -1.89409628334 0.180648941923 
11.3453904187 -2.70313403352 -0.7244793811 4.5406658307 1.4836583535 0.30391455082 -1.52092734923 1.01603281038 -1.87922433812 0.266016047819 
9.19246885806 -8.94222914986 -2.17276293123 0.873981425827 0.584823088587 1.11300327535 -2.00478039671 0.00540799597008 0.58387444477 -1.24778707703 
4.14753330672 -5.79592806328 -2.48930859529 1.30588211596 -1.97210554269 -0.387550110077 -4.27480158944 0.303851877714 0.330915945254 -0.384572577867 
0.0157068367081 -7.14675391645 1.12644351867 0.108414829035 -0.0551640270837 -0.923702555935 -1.0284760185 0.0936221742891 0.993231005159 -1.04339672239 
-5.12463942364 -7.00477079788 3.70160616858 -0.59439293118 1.85488187078 -2.3858728553 1.60636022695 -0.172952856775 1.30481250055 -1.20742377754 
-8.10329576964 -2.75716903627 5.27748190639 -0.858117755815 1.28794501413 0.957618632936 3.70332487771 0.0494165283881 -0.00916051360476 -0.797882221884 
-12.1935271307 -0.886004416275 3.36038321978 -1.02946296157 0.882880402858 1.72637157662 2.05040825892 0.895644936184 0.744358194296 -0.799470650508 
-15.2968045013 1.19473843348 1.91170660186 2.53773746481 -0.983241073666 2.3998795266 -0.0206224386243 2.08674196314 0.667108580428 -1.03852058184 
-18.2466489471 2.18857013736 0.872238461917 2.99715329854 -1.46361238426 3.457161756 -0.985800926775 2.51109754987 0.914311357518 -0.952681223452 
-16.4010222572 2.00547259435 -1.6021300753 0.713269914491 0.346399196244 1.88271158942 -1.46416004633 1.34791411899 1.14314666311 -0.684585685508 
-15.9855597089 2.73183085113 -2.90246651691 -0.612482485472 1.30456172206 0.298947439518 -0.160910364145 -0.186668678656 -0.20555347793 0.541383149421 
-16.0216848218 2.96642654381 -4.26737368541 -0.625579668623 1.74522539142 -0.340290976051 -0.0429417764689 -0.178855245301 -0.327375433096 0.267896212229 
-14.2214274042 1.1810347241 -4.43085338239 -1.94396106131 2.65180101283 -0.212191114439 -0.19482302799 -0.283194439381 0.574345250365 0.0978187369868 
-14.1439762873 -0.274611010053 -3.79220552219 -1.32167497591 2.0456905854 0.644951247333 -1.45620813084 1.14926496604 1.66670184769 -0.386869064144 
-14.5797777284 0.735912518799 -0.640209889259 1.35565417016 0.93357424955 0.0885979667346 -0.86247401556 2.07746031541 1.01169296255 -0.535989966573 
-13.5509987537 1.6938448607 1.59883554538 1.40013295069 -1.62700747866 1.83060238698 -0.407457206456 3.10014070027 0.129931670091 1.08153117578 
-9.55222617965 -0.845860886394 4.41670023621 1.19103363144 -1.71774022372 2.04023722289 2.11992471964 2.53562260461 -0.651440886722 0.591953894263 
-7.40533970113 -5.30713226845 5.2878704485 -2.10373834334 1.41746016316 -0.116577921702 3.08665307992 -0.898774221654 -0.569569877093 0.0165622255302 
-5.16756384196 -4.95084089971 3.52355322357 -0.973791200857 -0.229369026046 -0.900304027653 0.581562516658 -1.03507558613 -1.23179337974 0.0954307525941 
-2.73310260521 -5.24928820911 3.01621001764 0.11038198272 -2.78401874823 1.47331036723 -1.39690056625 -0.765114500825 -0.738981816714 0.507505173039 
4.52655183912 -6.92328276815 0.982803623031 -1.14310798592 -2.17889361574 2.88178875316 -1.61271518258 -1.24270877077 -2.23183698872 0.71310415171 
8.31541260209 -6.26644724183 -2.17039461651 -0.877993762228 -3.27968252569 3.11374483799 1.24960306727 -1.0926143908 -1.70071405753 1.57316388842 
13.9133857222 -7.73198719735 -2.11201202496 1.56627292029 0.0904876243974 3.49004297529 1.59561643928 0.248712521551 -0.70914318115 0.951002231317 
11.8081417431 -5.25905397251 1.72721101961 2.64083668658 2.23153936622 3.92548378788 0.138544875957 -0.308553480362 -0.486465055179 0.885972904523 
15.4915878693 -5.33640476572 0.218403718855 -1.92281683891 2.42566734543 3.95442619032 1.82741966674 0.76654722159 -1.87865733996 -0.685534243409 
13.8125944284 0.228868576665 2.40782078597 -0.357279636376 1.34020916329 4.3562947362 0.234910585942 -0.052647715972 -0.634146279142 -0.709455550659 
12.4918501534 4.08471775001 0.686075526087 1.11953987833 0.405717598502 1.69483617448 -0.568332103391 -0.516759683356 0.557890869849 -0.00327694399543 
12.6039648867 4.67211009122 -0.37600402944 0.147193379849 0.121561402198 -0.0515374394362 -0.572602656529 0.0863144551521 1.1906109118 -0.473745096694 
9.38242791002 7.08973364671 2.09527524836 -1.1524235013 0.315544729201 -0.827610806493 -2.25912225956 1.0258447956 -0.773027991807 -0.31976796753 
7.25548464585 8.69231956002 3.99234694127 -1.20552060912 0.0913920394741 -0.554764841032 -2.38496064186 0.217348827746 -0.422354282172 0.184456179838 
7.56838661425 9.47000797869 3.68588440905 -0.964836237067 0.512437411173 -1.15960165022 -2.59479299876 0.342371210754 -0.661223472621 -0.495747076628 
9.11362144378 7.41385696059 1.18409032845 -0.340774594107 -0.289080666978 -0.907125859568 -0.979936634994 -0.384240063059 1.48121684001 0.246729238154 
10.8993541003 5.72422876684 1.05893095031 2.05465490517 1.14405737733 0.0151329127307 -1.40020857293 -1.07021248242 1.74264373558 0.572849359206 
14.5545590349 0.685172530447 0.227132485726 2.80566014406 3.17528156617 1.74111346073 -0.225097046342 -0.697620278858 1.45321334694 0.445341535584 
13.9167116687 -2.21012678479 -2.50170308582 5.39676818362 1.82850997602 0.643543816926 -0.900178792031 1.82461903678 -1.12333050305 0.280006595299 
11.5521936756 -6.63557351656 -2.98725142207 1.6526002951 0.650003378911 1.96978999314 0.384628695856 0.187038853018 -0.720472185762 -0.189976323481 
6.51195488796 -8.33779906498 -2.01643887373 -0.633674004223 -2.58710103221 1.57948036533 -1.12583834859 -0.916001593633 -0.602064874176 -0.808765800257 
2.69545788117 -5.5393742538 -1.99966604969 2.63998517946 -2.63762715389 -2.01247815607 -1.75487925691 0.0863025749489 -0.729559034268 -0.85610260969 
-2.8151122267 -6.12198022407 1.79529917459 1.36174883899 1.10759976286 -1.98399061066 -0.8635441287 -0.764251598869 -0.802675684482 -0.750297073094 
-8.43085530816 -5.41809493903 4.55939251395 -0.586454175593 1.80423200805 -1.52830934557 0.846125279384 -1.05942369437 0.512028682734 0.132572231558 
-9.25706978603 -0.328934476206 3.50304986925 -0.177640700928 1.13687233962 -1.0312092952 2.31134720691 0.56895096011 -1.09809384164 0.740605256304 
-12.1416233266 1.13494595376 2.45138571147 0.617242801465 0.982276095145 -0.544858687104 1.55727678373 1.82855243883 -1.2704263587 0.27683284998 
-15.0527907698 2.38145233558 1.28981625066 1.57843856216 0.741967225355 0.0772868873854 -0.1653100988 1.19844395965 -0.689792839773 -0.493544749692 
-14.4371870395 2.62250788458 -1.29130143928 0.419014816512 2.07057827515 -0.425032890811 -0.378053617176 0.076714116494 -0.458370494842 0.159872339056 
-14.7581142119 2.99159893054 -2.78245586608 -0.660097988503 3.14544997359 -0.201385189686 0.691720674883 -1.17066151658 -0.599952591157 -0.243477308334 
-16.0305721587 4.21161872879 -3.99996486894 -0.916155806571 2.4170484027 -0.558110348202 0.697731113896 -1.81975478717 -0.873115881161 0.690259217394 
-16.4153823427 4.50996099688 -3.99277213449 -0.836799933455 2.59190302995 -1.19502477615 1.39695025735 -2.20681828091 -1.31404036193 0.725879923683 
-16.7250441215 4.28924872604 -4.52137197441 -0.835079227587 2.57594679967 -0.614428139402 0.857524359957 -1.79156544181 -0.88658546227 0.466942830161 
-15.79017834 4.28486329976 -4.29499085181 -1.16726463962 3.31155254468 -0.330103403456 1.17061966078 -1.680632502 -0.828493180597 0.132458421256 
-14.201442277 3.69343681766 -2.0428562826 1.8329841681 2.14196945589 -1.37123138397 -0.0698439092192 0.573768322019 -0.887576226444 -0.00383149606387 
-15.6643407193 5.03523654874 0.195528867429 3.07491593104 -0.495778321495 -0.794664532181 1.41704412524 1.13441215869 -2.41733401786 0.987301308949 
-12.7722446289 2.86266935525 3.03164399797 2.09040352246 -0.167817123494 0.423635945321 2.34133392188 2.79340900843 -1.9786310001 0.801210692499 
-10.0414716752 -1.96151957728 2.83341799332 -0.195774715755 0.868547495599 -0.503808833908 1.76711133466 1.37227954835 -1.35245197261 0.663493481187 
-8.79175238937 -2.61144952626 3.35920988425 1.22169750423 -0.6666544635 -1.00715154408 -0.461223366529 -0.10749648607 -1.26961939069 0.479847733238 
-6.07869169358 -0.602095184071 3.628220184 0.571554577424 0.0726858037011 -1.20554921692 -1.19991321149 -1.96009633788 -2.68578200808 0.786984051737 
-0.0476273727932 -0.911014609066 0.658567949554 2.76855265659 -1.15183421507 -2.30529661089 -2.78041491291 -0.119862008076 -2.47854690853 0.57835658664 
4.45965968121 -5.34586408464 -1.70095989688 1.01160656146 -2.06636457487 -1.46949656657 -2.221703104 -0.567065050317 -2.47677061035 -0.00690977390083 
13.0971043181 -10.9496677628 -3.69770276216 -1.1691422724 -0.472971747382 0.943058735738 0.204775308946 0.555771023119 -2.02042673408 -1.99175243814 
15.8624710101 -5.26181167155 -0.842783830274 3.05087739073 4.04456575744 -0.674942791692 0.0711609740906 0.613741349968 -2.77489047561 -0.412228825115 
16.0972459973 -0.521361737882 -0.718666584493 1.7937603921 1.20484567346 -0.626091065895 2.78054767042 1.33551419326 -3.85107761026 0.1182348696 
14.4851413963 0.0931285072593 0.704014952896 -0.9704458129 1.24202223464 2.14642585206 2.59603974587 0.153096204202 -3.21626394595 -0.361764770545 
12.6325669971 3.19335659699 1.4260217424 0.377231183791 0.579101584932 2.21211406927 1.29256910743 -0.580995229416 -1.36198787352 -0.594254578546 
12.2716199901 2.92155608839 1.04193996801 -0.978320016816 -1.3744974819 3.45689968693 1.24433604628 -0.70515494217 0.162466349938 -1.10427419155 
11.9221217907 6.09319537845 -0.525667002816 -1.15742489887 -2.60474842246 0.601024629054 0.380800442018 0.0372259734029 0.669411301856 -1.13577903406 
10.8923535789 5.77740793142 -0.026851491362 -6.87540590356 -1.35205807639 -0.172146723413 0.752162261798 -0.286518893204 -0.307195814128 -1.85880568368 
6.10418791577 11.1379391569 4.7878563169 -3.6066076221 -1.23506371322 -0.3183540274 -0.666961879708 -0.796977921918 -1.29146878072 -2.10802754148 
7.01165151205 10.9144016074 3.43964655277 -3.30194582032 -1.50603757559 -0.97076167058 -0.508578018875 -0.361767789822 -1.62189027109 -2.46301342083 
9.21080115413 9.60170102423 0.968290173681 -2.99585223086 -1.9698410521 -1.70303332647 -0.238246637435 -0.467268052035 -0.564918985095 -1.88989070352 
12.3806387392 5.07278986345 -2.27130049037 -1.75840872252 -1.48735714725 -0.819680616488 1.11687446365 -0.661871382685 1.76287151714 -0.306460983468 
15.0798173254 2.52221585798 -0.282933589879 4.65861009832 0.620470865402 -0.326167595314 0.174807157724 0.71855879308 0.48179793796 -1.33930110417 
11.0399286697 2.17313697136 1.29497330507 5.10866419347 1.71360992332 -0.182618650081 -0.254729017474 1.36194036721 -1.62685215993 -0.45084908355 
8.47041453666 -4.88937089642 -0.530572036224 4.32823922699 1.19373363821 0.476580200639 -1.0123780082 0.611925600462 -0.755097016169 -1.55537279809 
7.13685984175 -9.09337620123 -2.15834282285 -0.175351150152 -0.28565600123 0.321668749447 -1.76982741037 0.0979030133328 0.786711719885 -1.74415625451 
2.04749610983 -9.27029214086 -2.95729375578 1.41290618979 -1.82230721327 -1.91922673488 -4.37447832467 1.10458822885 3.06238683017 -1.39648080096 
-0.796207208392 -8.70929567483 0.0686490065472 -0.255850031461 0.687996619946 -2.71300834686 -1.2582478465 0.374868110843 1.46247822055 -1.0280263287 
-2.26332238921 -7.62426445393 1.37616819911 0.720130919223 2.65198986244 -5.65614270148 -0.657128928925 0.760642855051 2.81410636183 -1.22706319565 
-6.27676085868 -4.33739530398 1.86989043832 -0.918430899736 1.32289589344 -2.15189268306 0.5359812421 0.973910909256 1.55344905212 -0.838582989803 
-12.3375147805 -0.213486942438 1.41594940224 0.185951686869 1.15839567629 -0.704302758119 0.329028352856 1.57894009435 0.483280080529 -0.578711111086 
-15.4513165127 -0.429872261001 -0.305114614341 2.44100086774 0.324094420373 0.369554011709 -0.627062376168 1.5383280787 1.75077326243 -1.44662518459 
-15.9132490422 0.945212733684 -2.16202979866 2.31349397252 0.499208713993 0.73352713078 -0.695871378568 1.18031056628 1.6138513142 -0.693050105816 
-15.7486460495 1.57529745806 -2.41328301087 -0.273563041098 0.931951543972 1.19289371783 -0.994354994411 0.138425810009 0.519769023738 -0.163926550019 
-16.1321167593 3.44683131866 -3.10700010421 -0.906974509443 0.665236922983 0.614564275546 -1.12039246118 -0.592415804109 -0.466110773927 1.12276448781 
-16.1003144511 4.09193564181 -3.78644490135 -0.677998070207 0.660072551516 0.214341860445 -0.688620123618 -0.723228335424 -0.78042709907 1.87286926188 
-15.8385965891 3.65133779333 -4.59336027748 -1.21846162929 1.24664266642 -0.909041798656 -0.391177074591 -0.664770343456 -0.423329873634 2.25485026856 
-14.9735244132 1.48447396087 -3.84530595373 -1.76010427078 1.39496695819 -1.31511698202 -0.27042011597 -0.33454940598 -0.0659766288935 1.18997583699 
-13.1306363294 -1.20020966173 -3.93471585594 -1.56692390839 2.95660152322 -1.00192945523 0.269432540316 0.880436043949 1.09617567387 -0.81790239474 
-13.3086142847 -1.27413874573 -0.28190206138 -2.13086912048 2.44591126529 -0.80423572355 0.491826971799 1.64475094794 0.690464659272 0.176920219838 
-12.4883540121 -1.00104777884 1.62578033152 -1.29325771662 1.16177355726 -0.592509275186 0.468374612727 2.67252547491 0.429510111183 1.51088950371 
-7.34290211953 -3.77618627016 3.17810094199 -2.0302966367 2.37011829627 -2.3477142265 2.15890280359 2.36710402814 -0.479214274939 0.476597629198 
-6.42145756443 -5.31590561261 3.66031646115 -2.04651311932 0.852654325731 -1.33884681334 0.445035074666 0.990219165803 0.152508446534 0.936385018105 
-2.86020938176 -3.00510664602 1.8600311179 0.41574818777 -0.756547976981 -1.67567280127 -1.55582068184 0.649934640369 -1.611857642 0.861806212682 
0.0100904261509 -3.26119975443 1.43320564329 2.17063868089 -3.41196922216 -0.23856265455 -3.91101389478 1.45513989054 -1.29518648493 0.864790430685 
6.07472939378 -5.98393555667 0.662721939856 -1.75791244911 -0.795504412605 1.87072975447 -2.46666391257 0.268009554394 -1.6640466246 1.15173372262 
8.78981742332 -5.27765723424 0.484134093219 -1.58169445179 0.220762070187 2.43457080888 -0.284806721206 -0.783912937877 -2.26171674418 0.313128165113 
15.6756472593 -4.83431749564 -1.91024472892 -0.709446102454 4.42693766883 0.994885107229 0.190186886633 -0.680260411435 -0.825154434182 1.39073151497 
15.2100964232 -1.25784952322 -0.381413160148 2.81401893603 3.47507416753 0.972989055192 -0.0876099280667 0.852752274627 -2.05170908053 1.33028027431 
11.5283323168 4.13295053593 2.91864458915 1.64002424279 3.82633207882 1.22311189516 -2.07826682319 0.265989425453 -1.45256772967 0.791718191355 
13.3488023495 4.35068616655 2.44018949175 2.49530013006 5.21837517609 0.181464228511 -2.73408775804 -0.278628554905 0.447451538325 0.93392348778 
13.7549041513 6.31228105281 1.47137407463 1.98619810073 2.64346336496 -0.685067003732 -2.29498979949 0.25994948287 0.0890313783687 0.677637072786 
10.025274517 6.63753545607 2.61331920345 -3.93955389947 0.730752961342 0.0993013991701 -1.7403657584 0.100710947238 -1.31832733026 0.0288183473141 
6.1739854211 11.9132401108 5.37120166693 -0.707264741367 0.274671708806 -0.346540247676 -2.65552802383 -1.12955874095 -1.33632638176 -0.218052473709 
6.69955553928 11.1199793427 4.4925263681 -1.68635724329 0.271263073088 -0.151201022064 -2.13254451623 -1.41256082461 -1.17831500751 -0.210497831078 
10.7781466916 7.10856989508 2.03945284874 -4.45579347863 0.464805344174 -0.220883933248 -0.337156139658 -0.859812446162 0.73174765783 -0.251285751291 
13.9881259696 4.73580919707 -0.176556855961 3.79920387302 1.63067705864 -0.203421665724 -0.773057513733 -0.462608410261 2.72753356399 1.84583184157 
13.7559999159 1.13141793633 0.851050364973 4.30170120252 2.52055575649 -0.521706500242 -0.969210535814 0.730607665238 1.28184288577 0.704417385328 
11.2186397251 -1.42865554535 0.387507257017 3.34436513016 2.39511065098 1.16481077268 0.259690413837 -0.218771303029 -0.441527572421 1.06108887138 
9.67675261024 -2.02697428187 -1.27640119046 0.059805758176 1.12573399987 -1.53334361949 0.70302565025 -0.859459174354 1.34679802869 1.38739938288 
8.43221460633 -8.5101114166 -2.61740355963 -2.08467635368 0.527998848276 -0.327317707672 -1.17117866813 -0.607010567618 1.52352488392 -0.426297857038 
0.282597082208 -5.61779401582 -1.3446441875 2.40248780314 -3.86156898642 -2.21423368882 -4.81121368525 -0.586933542461 1.34105696131 0.0376604143646 
-1.84471703977 -5.21931120457 2.64325495761 2.27318664492 1.03578024645 -2.79326569772 -1.73245266644 -0.851146311583 1.16632202539 -0.173259737401 
-4.37050132009 -6.42709379111 4.87645336525 -1.31603868686 2.99577875675 -2.95113358163 0.633836741665 -0.0849238745589 1.68945538433 -0.793541513936 
-9.67277755848 -3.2975429117 4.67444945949 -0.542211916739 2.71590965269 -2.06345291987 1.45248051066 -0.0621195314434 1.55975800727 -1.01191507679 
-12.0071095599 -2.00429931653 1.67786540648 -0.016687027463 1.83273973671 -0.672278177023 0.31135889338 2.39609578402 0.749590655534 -1.68789162307 
-14.4541975575 -0.872374168853 0.899277345954 1.75016402329 2.25765114717 -0.795748813785 0.774458189255 2.91518122821 0.497467190015 -2.06115686705 
-18.3070690487 3.1014193227 0.82164288835 2.13536099197 -0.297078025105 1.86810431384 -0.431388276447 2.23476639996 -0.370586291296 -0.43413925084 
-16.5940355047 1.22312401328 -4.91963721698 -0.781734230791 2.28053812076 -1.66120189849 -1.57794313725 0.681961085441 -0.134821220854 -1.22053716381 
-16.5448669719 1.89819709918 -4.36019620624 -1.4588401232 2.07925725665 -0.0434618026864 -1.86089734927 0.619798707963 0.225159391313 -0.951033820245 
-16.5973557505 2.18384345815 -4.2016749409 -1.87539868266 1.81693232129 0.172832627217 -1.5703660973 0.149628491231 -0.19295850912 -0.538747515542 
-16.6676292137 2.63830429565 -4.94475594164 -1.87839576319 2.16024932588 -1.12451178657 -1.81440938183 -0.098517399995 -0.425577421687 0.418739290745 
-15.7490484497 2.21599553367 -4.9480440856 -1.05670380455 2.03693486619 -1.02926744912 -1.76487337087 0.67107925573 -0.607959620637 0.192573069623 
-14.4622679065 -0.347953219274 -3.29746760742 0.869652279537 2.06339764406 -1.9065975212 -0.60789818456 3.59947499622 -0.525833018648 0.0910854665045 
-12.42964201 -0.370083297637 -0.681240115935 -0.636728185674 0.122051603404 -1.1346202732 1.28018381987 3.46363329194 -1.44137578065 0.879568499387 
-10.598090427 -3.91113900387 1.40091259083 -1.84649338793 1.20892261613 -1.82921653071 0.687153222778 3.51967972953 0.423141729058 0.656985581968 
-8.29820214001 -6.06110498467 5.2578012121 -4.14329006011 0.335632566556 -0.950050992065 0.257391406104 -0.227260327846 0.418954049594 2.5082727556 
-4.48128542772 -5.30482708313 3.33661784707 -1.90246656268 0.056562448522 -2.77557983127 -0.959918316491 0.275251242075 -0.69080793521 0.940219138711 
0.180598364494 -6.50717238062 0.944095337402 -1.95492902548 -1.64692109368 -1.03531987144 -2.93903992832 0.153590223198 -2.06206045219 1.72193650718 
3.94908813649 -8.56260917084 -0.647241094421 -0.799569830677 -2.23557362468 0.106596198552 -4.48564785253 0.395928514867 -1.02055404077 -0.999216626672 
12.1539810855 -11.7794295503 -2.59250847145 -3.5974511837 -0.546864579284 2.87511323798 -2.01647468109 0.661415437683 -1.7883330542 -1.31715874886 
19.0151352055 -9.99299480552 -5.439837263 -2.77279247648 1.6631811497 1.14732761319 0.299001573068 0.339617452927 -0.676921977288 -0.350746426443 
18.7259872536 -3.73185104985 -2.39143732128 -1.16467480612 4.53963973562 -0.767140718436 -0.227293761893 2.08340958573 -1.77592251526 0.205316791888 
20.2544130509 -2.25458883501 -2.26094860545 -1.22724448241 4.0291527346 0.346387482252 0.425582422519 2.65769215567 -2.20735145214 -0.580256740987 
16.4028558978 0.826624434768 1.41363373412 -0.349992883087 5.19012367683 2.00794373534 -1.48033980759 0.975675628944 -0.674897293928 -0.801371860828 
9.83004074543 5.82550951552 4.94238282759 0.997302993173 3.24655510381 3.01604951344 -3.16907602937 -1.21806956213 0.329721663559 -0.457280411829 
12.8550251007 5.81538882584 1.66231822265 1.12609401835 1.56664243638 0.664751495168 -2.35414988445 0.377239263764 0.202066824188 -1.02751733431 
12.4227956199 6.79126252876 0.512906516005 -2.24455105403 0.992235518898 -1.1160780245 -1.90607777307 0.826709034194 0.493698573371 -0.229408968528 
9.08499519999 9.22378339904 3.11427068795 -1.54739466585 1.13897090184 -1.13143323803 -3.52233936335 -0.000476327974659 0.0789546437817 -1.21594214981 
10.62037016 8.49035752594 1.07970255324 -3.60378230574 0.241585616217 -0.479741233579 -2.17209757593 -0.234793364564 0.695812277026 -0.663800660632 
13.5829318902 5.79101978555 -0.724445615888 -2.10111217062 -0.168558763211 -0.516744628316 -1.08182298044 1.3325448878 1.06752449853 -0.301056016685 
10.6777301424 5.83594792702 3.44144325959 1.84051530914 2.79556323178 1.72476854238 -2.88260445919 -1.02536782898 1.55686330489 -0.362624781462 
9.63879684283 3.75096578758 2.67051969929 1.04355206506 2.297404782 2.73298582836 -2.35610192952 -0.570709866242 -0.9169108886 -1.10749239397 
12.8283340282 -3.66314470892 0.680888810593 -0.916587469559 2.890874669 3.41981029385 -0.459111509601 0.716076943474 -1.92375293827 -1.47636202635 
9.3709798822 -7.46861679494 -1.25053989699 -1.80198098315 0.840039361816 2.08810981294 -0.70216686921 -1.06589741156 0.887995120422 -0.768748120433 
4.11331888311 -7.49026608727 0.258719348064 -2.00147920003 -1.61657424149 1.23419169554 -2.8349971959 -1.15619810247 -0.212060024676 -1.16441551786 
-1.40250761941 -3.09409011046 1.52939091626 2.62435986587 -1.73310412775 -2.43425570265 -2.05543146968 -0.518662250919 -1.45091462711 1.18483927642 
-7.24355547336 -3.58011759353 3.45300031691 1.8624623972 0.380900120885 -3.62034099287 -0.339952126747 -1.80900563106 -0.861092675106 1.0180519024 
-11.224790784 -2.90243179228 5.64244757473 -0.932559586949 0.930662374809 -3.43826615378 1.23687419179 -2.52133137862 -0.121411387647 2.05113485273 
-10.2619088873 -2.35276309923 3.76021242792 0.513000102331 0.360741573435 -2.57029427498 1.03462801375 -0.250897156759 -1.02131763562 1.55350141756 
-11.9107220271 -0.773499192393 1.95312665295 0.668290210129 0.204745827929 -1.18993088561 0.553233875799 0.15624829024 -0.658608769078 0.938651621079 
-15.6349700063 3.47099448659 1.32378192353 2.87413014932 -0.476955045499 -1.20124347203 -0.0394892621432 -0.299813469096 -1.29116054755 1.04174471547 
-15.5696636436 2.93493491777 -1.59442577926 -0.201749452473 0.951066669697 -0.879962956715 0.29184196803 -1.82953248901 -0.951825780484 1.31019547764 
-15.909446209 4.69737251711 -3.33094578172 -0.535094046818 0.290673307337 -1.26070106244 0.299534095458 -2.7245570021 -0.666446501411 1.6021131045 
-15.5706581028 4.46525896489 -3.8191911948 -0.999859065258 1.10395770202 -2.37644807822 1.24855783384 -3.67963458239 -1.06739311323 2.84591774376 
-14.6137817187 3.87910146444 -4.32302770495 -2.14701609353 1.68778467646 -2.98641373383 1.20228379731 -3.78897542558 -1.00743858805 2.52845977958 
-13.0310152526 2.438301114 -5.21981148959 -2.24368537871 2.09680235594 -3.65147467483 1.0599355458 -3.66437794433 -0.234310717287 2.20990400491 
-14.4192784057 3.45547652302 -4.05602098484 0.414272627501 1.31583565018 -2.8170101209 0.0486352929847 -3.44314062282 -0.478753602267 2.4840082564 
-14.3237423993 1.30603114048 -1.14003616625 1.03596161941 0.159422763151 -2.01973884039 -0.516654476291 -0.652324597379 -0.711702714395 1.22833291636 
-12.4516960814 1.84442661865 1.66783290158 0.448387388068 -0.675978111472 -0.536363475866 1.19276055167 0.341935165732 -1.64060955659 1.37872800466 
-8.5274591453 -0.375108206942 2.55747064218 -0.197798050765 -1.28452391688 -2.18497932596 1.2090581499 0.371767867161 -2.45945141169 2.57960673837 
-3.93469187635 -6.20378709161 2.45214758251 -3.20243505854 1.44137542517 -3.41712785972 1.48354977288 -0.807295704045 -0.788205540318 1.74895583151 
-1.88844046183 -6.65830890744 1.68258717385 -0.165989715452 -0.565888202369 -4.18684281912 -1.63356216467 -0.242361438397 -0.338270406962 0.427072624782 
0.571513617589 -4.35959325258 1.2821944907 0.955667244381 -1.52401786223 -3.04292416094 -2.04791255194 -0.494362897563 -1.72711415646 1.41959008023 
2.61624876785 -3.5436875646 0.249080666953 4.93652900875 -3.26776719004 -3.15295682744 -3.04002967702 1.20079528 -1.40114929546 1.37349256496 
9.35424154169 -9.23476189551 -3.05861373466 -0.164506908418 -1.89098711106 -1.79673721679 -1.12161757286 -0.147994238664 -1.28324262026 -0.380421336122 
16.3878850244 -9.04145924838 -5.72239820446 -0.315089577729 0.0869618549167 -1.86975994645 -0.0337050606021 0.229810796744 -0.412095601921 -0.531925957701 
17.5776395573 -4.77361807375 -1.916714751 -0.713668194601 3.75131736094 -1.38774923035 0.846289934909 0.954708042238 -2.10373602041 -0.173710834658 
20.203178757 -1.21671041159 -2.58575979162 -1.27273483901 4.43128132438 -2.69097174497 2.2386313868 2.10532544159 -1.53982660578 -0.778876200609 
17.9582147739 -0.034034977034 -0.166077636831 -4.76519900298 4.8331508761 -1.4137450479 1.35846494671 0.775519270007 -1.33133675127 -2.78340948451 
15.5689976374 1.34347498095 1.74217020032 -5.87333210274 5.48942450272 0.735513450749 1.07100183174 -0.224542813539 -0.676930462758 -1.69149563749 
13.6098382768 4.12191546018 2.47186477595 -2.89995633108 3.95531935331 0.187947550167 -0.506202811503 -0.412209532484 0.358943914471 -1.785709087 
14.7243839852 6.76818286204 0.914854651702 0.09860672731 2.72456347978 -1.72024945519 -0.595377405077 0.149803070917 0.480723368496 -1.08140076328 
13.6583033383 5.96667214555 0.207912603164 -0.443109610206 1.55728884343 -1.20770559667 -1.24085758135 0.933907203329 0.369162624633 -1.11903845793 
10.8614217835 6.82667364286 1.80018851345 -4.70823476526 0.638641733976 -0.444945794667 -1.11126763439 0.467402546954 0.29866786252 -1.41114562468 
7.74234113104 8.60065468344 2.53870219806 -3.86475742287 -0.358902288633 0.368974465662 -1.70748152054 0.190893259218 -0.438983502152 -1.64162169634 
7.75765414454 9.39676825238 2.76876186772 -3.51392730789 -0.501941247624 0.429207380804 -1.85062300519 -0.441477335401 0.507624909662 -1.10783456458 
