4.41887982658 3.66025618654 2.01551020265 4.44779793123 1.56512952202 1.74111638243 1.90729468488 0.340563688757 2.24194940174 0.885680375573 
4.82643647783 2.64841069668 1.76994828679 4.23778570182 2.11151096915 2.03296058753 1.35605115156 -0.0947774750772 2.90331453628 1.33937368682 
3.01558504693 2.04100685871 3.38518151147 4.70845490166 1.42269636502 2.96063452084 -0.337738171558 0.182373294473 3.28353252793 1.66754690713 
0.189526569607 2.91738146665 3.81538874064 6.02520890994 1.6024390992 2.89748995092 -1.66416465232 1.24949517103 3.11412429368 2.20120593483 
-5.03762692909 3.46845923902 5.33240075057 7.95648880816 1.60454525064 2.20717250622 -3.15884469805 1.64209334995 2.61502821243 1.7928588488 
-1.92425601091 1.49067898092 4.83407418599 7.19169889266 3.35838437485 0.774504117424 -2.43567660178 2.2676455581 2.94212711469 2.43976716465 
9.28928630899 -3.03238629804 4.2610053794 2.50717368707 4.64482235537 -1.00707906398 -0.955633612027 0.829339801069 2.17475499259 0.474245216025 
4.84227729646 -4.04800321977 4.45150594566 1.91234434076 5.21711937869 -0.461500958621 -1.25243216749 0.645320612699 1.97373862204 -0.173092714151 
5.86852897789 -8.80435233304 1.85110622577 -2.03564747545 4.84795608845 -0.12448738704 -2.08783995219 -0.492759733394 1.50158885584 -0.831480692061 
0.335606481406 -11.1115609561 0.450887992916 -3.74707223384 3.51194283162 -0.392486886064 -0.635865862078 -1.68013430955 1.1051310253 2.09309040246 
-5.23708594078 -9.11833656024 1.72770940905 -4.41186192465 1.96932088332 1.40648142012 -2.29272706071 -1.10327850752 1.38658222936 1.42358542757 
-14.8210831055 -6.39842133413 1.01195785533 -3.84985106273 0.821736553727 0.985980856054 -2.25662792166 -1.44295945507 1.88306837141 1.56658170258 
-17.198868383 -6.33798772802 -0.839124674742 -6.56942313376 -0.150468803223 -2.18108302972 -2.02125321434 -4.17203591013 1.42293043146 0.464556414883 
-20.4095018407 -5.17356961897 3.18715477622 -5.88726244487 -1.06696694314 -0.775601615649 0.745353471582 -2.0710099668 1.35462012233 -2.2049934407 
-24.7537830171 -2.52821743946 3.85791595837 -6.29921585099 -2.17894162923 -0.00207597874021 2.19263412054 -1.63206939984 1.23608199842 -0.6044053219 
-30.2228269654 1.56118713856 2.55267188051 -2.41449220342 -3.26585546005 -2.31715547953 2.33842432117 -0.959410380689 1.36546604903 -0.225611925401 
-31.8910747662 4.40146471114 -0.914201347297 -1.08478567358 -3.13260551459 -3.19512327646 0.166176153262 0.671040166555 2.19343113962 -1.10835268828 
-28.0597349736 4.75728901276 -2.80978940432 1.36012079233 -3.02384694585 -4.57794549912 2.13653347074 -1.96258033159 2.07298703305 -0.764188712424 
-29.961327855 4.75725796401 -2.83230343479 0.208563583999 -3.23493099162 -3.63225633614 1.97145524969 -1.90400359719 2.17191629006 -0.295944285445 
-34.3854395302 5.86633504933 -1.52634231731 -1.50513892301 -3.93145377611 -3.75792887545 0.766330602992 -1.09994741478 2.21731217091 -0.706056862174 
-30.3184307908 2.33017469354 -0.479286231783 -1.96487611968 -3.57766686332 -2.42354910376 0.0863551501924 0.235221048603 1.99178249374 -0.5210971576 
-29.6970647586 -1.36873062183 2.59879079343 -4.01281694448 -3.77433330024 -1.42263391806 -0.584473861977 -1.02792699808 1.10095955668 -0.583136772787 
-25.9777542287 -4.02499401336 2.36742182213 -2.82726197497 -3.3026442938 -2.6426216808 -1.69960790147 -3.1568539442 -0.203418887124 -0.460232190134 
-24.9730478726 -4.47160923363 3.6965496428 -1.04449745946 -3.08949495596 -0.791043524172 -0.458438555174 -2.63004630603 0.629094859435 -0.515519939737 
-20.7683549102 -6.83408747454 4.16798796433 -1.98791273106 -1.89648838887 -0.774611941541 0.65449762478 -2.46779117042 -0.210534836862 0.478953246028 
-16.5572798554 -8.43621955529 4.67560484337 -3.0209083931 -0.354635037431 0.874597572432 0.339481730875 -0.310619633879 0.0408550624554 1.92580226965 
-7.94050427075 -10.8708957869 5.13384925938 -4.72409511015 1.36254639063 2.22989210882 1.7904077711 -1.06331375668 0.548273831735 -0.334434036796 
0.356729062793 -12.8240483827 5.39282619876 -3.44245751782 1.50448472475 0.967666505479 3.80523512337 -0.886405973838 -0.66389463752 -2.68510747387 
-1.71534117483 -10.403477285 6.23795176596 -0.892772281303 2.24115770267 1.39436478986 2.771096896 -0.581982040131 -0.221259276221 -2.86665230043 
5.57329496669 -10.2270404905 4.54760220509 -1.02147054579 1.76796459657 -0.00968664990617 3.3764059309 -0.113849944667 -0.933924064391 -3.30053497361 
2.78607887604 -6.88033201958 5.70658216789 3.18739676876 1.4003595908 -0.756818626996 3.28448805485 -0.0598052141285 -0.522388588662 -2.36677310036 
-3.07736052157 -4.38386855324 6.75353331456 7.22235597091 0.20341440787 -0.159366590294 0.85642448167 0.971103964062 -0.889421366203 -2.34205220852 
-4.97725306916 -2.26576750234 5.82978642341 8.30479822143 0.423344092982 0.476185220445 -1.40898981527 3.24192955078 0.567587826304 -1.30683025122 
-3.85717075257 -0.942162995919 5.73117561566 8.8183166497 0.142808724242 0.199007877534 -2.27653144569 4.49046517254 0.0641393851616 -0.827824075658 
-2.15081098835 -2.1547011084 6.3158843477 8.44600621018 0.0269101453645 0.656128648098 -0.70913805211 3.77633761984 -0.226206981633 -1.86001888871 
2.64394020947 -3.4339577824 5.16882107493 8.15583224932 -1.26635055964 -0.0548024494284 1.10968172103 1.68523953048 -1.33346729417 -2.06614870909 
1.84323221846 -1.49449299249 5.67043474323 9.05514648762 -1.04071509761 -0.0631432796858 0.422919889548 2.37304475614 -1.8435618061 -1.23021012854 
1.54615713079 -1.17675940904 5.94655785263 9.2359907733 -1.33289721504 -0.376360331268 0.104725965761 1.19537759496 -2.51248646258 -1.43493417554 
0.485534906435 0.500283945418 5.14809264824 8.59459498157 -1.51894643294 -0.292435758075 1.16656370684 1.47194048777 -2.68257347128 -0.519185632749 
0.651435672421 -0.713817452575 3.69478097115 8.40218166931 -1.7254440484 -0.4991703622 1.7971723183 1.48494968541 -3.03463930312 0.0733160254762 
0.775394486936 -2.1680056574 3.46100767188 9.36380882542 -1.9875873898 -1.18311062927 2.8265788188 -0.133775302864 -2.89935424042 0.60833132608 
0.194569133311 -1.65576100525 3.29565966214 8.94506804755 -2.4844283971 -1.41704175872 2.18302668933 0.267992525986 -2.74010397458 1.78450263152 
-0.38694505384 -2.76633706593 2.94387563736 8.88100557535 -2.98474882988 -1.22902864705 1.02207836232 1.36398858481 -4.01578980101 2.33086582502 
1.62884555166 -5.12029037107 1.77582648913 6.38303552775 -2.56471851616 -1.75686685292 0.388161602133 1.65576938187 -3.64750336868 2.53160677804 
-3.4734566325 -5.71656547615 2.9431246255 8.26523355272 -2.64773843802 0.274121901441 0.31678191322 1.36608848495 -3.1865464121 1.65100025308 
-5.21473782182 -7.30666232723 2.8444695509 6.89060711692 -2.17999479565 0.393548897182 -2.18968314654 1.09600418728 -2.22776802002 1.86157789303 
-2.76193217499 -9.14917627788 -0.41093590824 5.56249041547 -1.53078433925 -0.306163969713 -1.30197038524 0.600825208388 -2.35841771041 1.92865042614 
-0.4413895476 -11.0777739025 0.0417810585267 3.82933594668 -2.34471115465 -0.304770802342 0.0280882993145 0.568957396172 -4.19657678294 1.57474715127 
4.1348524099 -12.3514688464 -1.94465415219 -0.310614563698 -2.77576029007 0.0986909586066 2.88926679269 0.646787614508 -4.54021527928 0.0173675125094 
2.49771680413 -10.6730024684 -5.22330688161 -1.20606109953 -2.35906883942 0.829738863471 1.65966887512 0.438723569521 -3.13682583874 -0.347823686824 
6.32990313325 -10.8022020417 -7.74408896821 -1.97935175699 -2.07198921047 0.640159853734 1.6594016691 1.57119853155 -3.02259268883 -0.28394329291 
0.976120128741 -5.69008528947 -7.71543592349 0.47812439732 -1.10112506652 -0.191222476823 0.104305440853 3.74108776628 -1.06335516763 0.574973147186 
2.49461411753 -3.26011777296 -7.1118993565 0.633325142107 -0.466916690612 -0.0804058095977 -0.986163071695 5.12983596103 0.207727852503 0.488136837197 
-0.287109149264 -1.54982406094 -6.71345182919 1.91875339918 -0.488640333694 -0.321529597764 -1.0958016776 5.10014265684 -0.396887723211 0.789274582486 
-2.1531253976 -0.0401944218901 -6.17856168477 2.06584745324 -0.228515728698 0.0462649081543 -2.18456909768 4.93552295727 0.360788579895 1.2487981281 
2.41158472453 -4.8953725988 -7.7201659056 -0.512038372557 -0.0175301776898 0.327431837317 -1.29261284833 4.14838835097 -1.04594532765 -0.792703893881 
1.58408201726 -6.42018629829 -6.5944191175 1.72056548898 -0.738161521354 -0.0736110599312 0.293630470847 3.55352310161 -2.81833599216 -0.977682295704 
3.66813316873 -8.78446818466 -7.48113479871 0.16788951348 -0.636641604774 -1.05097445272 2.17869729558 0.753611716953 -2.43765906621 0.123973963695 
-1.99048844789 -6.05544387471 -3.39299994624 3.3237657629 -1.27589966708 -0.854130185887 0.364061977222 3.00938956458 -2.11288433582 -0.158130061807 
-1.75438932303 -4.99194803804 -0.677820880527 3.07857010439 -0.86378943099 -1.90458148886 -0.0173393528473 3.58218485616 -1.84217680586 -0.399419029683 
-4.55907052352 -3.9442295656 2.00068655906 4.04570723541 -1.2702535476 -0.988947887451 -1.77393386135 3.23341788127 -2.77085427815 0.511473547628 
-0.835407490531 -3.83979462216 1.11091793571 5.82958915183 -1.5505079587 -1.64862143798 -0.910173422979 1.88647015982 -3.39397544325 -0.0917662304257 
2.51169553266 -2.64926305442 0.67753994899 7.28526127203 -1.06672113827 -4.52018307098 -0.693495870055 0.277203889758 -3.05195839918 0.34384302157 
1.84833771773 -0.679510795857 0.749618851979 7.06816548038 -0.607499517731 -5.19455825316 -1.75269783703 3.22265763466 -3.00727166802 0.656054846793 
7.04554570819 -0.117527963255 0.334577470266 3.59773997611 -0.611403622736 -6.37769525483 -2.24175052705 2.47636490304 -2.56120939134 1.01153385545 
8.50238182498 -0.678709185203 0.58959056401 3.83139075329 -0.0949974978417 -6.81506624797 -1.45030553395 1.35488565471 -2.96247787173 -0.0823935642742 
9.42047300444 0.42376954526 0.758587518024 4.44311184731 0.481043646117 -7.55011426355 -1.14082184776 1.50199168449 -2.87794925248 1.01208274585 
10.3792611394 2.39855364139 1.46227183157 4.54813054531 0.497860945426 -6.91104613551 -1.6572719827 1.44403046442 -2.50272276141 0.500088423576 
4.31909521653 3.24255770359 2.12422205823 7.49817165326 -0.596402344592 -5.47315286589 -1.83723254397 0.1333010328 -1.89250625639 -0.0630468860286 
2.49525729221 4.40040489867 3.16648258202 7.64799238089 -1.0958137361 -3.42674526374 -1.75211859187 -0.0797137915038 -1.34765000408 -1.9484737627 
5.03919220798 3.9468326902 3.83219301976 5.89805050754 -0.147293686619 -2.54001754084 -0.46540550626 -0.65331025757 -1.18681051637 -3.61703341257 
6.62782404137 3.05266296866 4.49325717587 5.13716439 0.178144624902 -1.93834263155 -0.791551257682 -0.886436125429 -1.72934898714 -4.42606375842 
9.06788848582 3.10421944894 5.29736314373 5.14922227322 0.091685735402 -1.39651270786 -1.04917151039 -1.34243248463 -1.96425637774 -4.83693666857 
5.91606469782 4.20092113768 3.17550726655 4.65570486701 0.674191414516 -1.06785389654 -1.394028583 -0.398534536165 -1.26645038665 -3.52889076474 
9.95396983236 4.29651026757 3.05023303561 1.83576548555 0.860770545656 -1.3616688152 -1.94010618266 -0.76392445561 -0.988928442166 -3.33460887478 
7.02860917526 5.58130425945 3.36923802191 2.49132422547 1.19328607967 -1.05432339029 -2.53011361124 -0.715205036305 -1.33249192166 -2.95563191796 
7.06005839918 5.3578477697 3.94799723002 3.03299398636 1.12132946452 -0.425787887124 -2.82507827088 -0.72534517941 -1.36646050156 -3.01112952082 
6.15786146023 3.89494512077 4.29729430135 2.81318878495 1.77452039079 0.815847175276 -1.72099228999 -1.53389796165 -0.605778807853 -2.95539142055 
8.75201707602 2.85274723556 5.19286238698 2.47262817404 1.82430463227 1.22766752807 0.0599634214984 -1.93370630292 -0.499696420996 -3.36404994959 
10.7631111687 1.41291517053 4.81386877967 1.65403688363 3.10765132015 -0.205883055504 -1.03600324885 -2.03908695634 -0.604396087186 -3.97654715367 
10.7830222535 -2.18391813454 4.1708296945 0.33452869419 4.77596661591 -0.317736337513 -1.35517945475 -2.58251389102 -0.60356345066 -3.67050955091 
9.60302326168 -6.01480571432 2.91413192184 -3.28952865728 6.00366997398 -0.931798033012 -2.64849645112 -1.79914190859 -1.92976764087 -3.25739849395 
2.72886223027 -6.20179533743 2.15979463268 -4.86982420706 6.7382717037 -1.58184025792 -6.07807706215 1.27111099789 -1.84522670952 -0.535532864923 
1.80882575366 -10.5749686975 2.27335543156 -6.51487925985 4.92291058119 -0.73814758352 -6.01505475165 0.574696375861 -3.05394854566 -0.316709429185 
-13.4920324849 -3.68042067495 1.10153195424 -4.1330214177 3.60489762819 0.0423701818417 -5.09099774765 1.08227009861 -1.29451320761 0.672903180491 
-19.3958431283 -2.10779364968 2.51413272651 -4.42176536072 2.6666154301 -0.422817739892 -3.79775888532 1.53092644225 -1.13032381762 3.19377932149 
-24.0008788279 -2.74701767048 4.21178833129 -5.82359148869 1.20613125354 -1.1907996914 -2.62932859383 -0.0434377589858 -1.20952197979 3.61864517309 
-26.2011600214 -2.25732983692 4.45817863574 -4.32775989131 -1.37394472971 -0.859190087858 -2.43559342324 -1.66469641193 -3.39666820029 0.754622579331 
-25.1213822295 -2.80922404675 3.70402378727 -3.48278917958 -2.37223689186 -2.39092622414 -2.35461376262 -2.75455441395 -4.00834146119 -0.724648356754 
-25.0299269649 -0.36631163103 0.0370261764406 -2.87295120249 -2.95213231395 -3.44766281241 -2.43818419535 -1.59842652462 -2.8137653005 -0.206686704707 
-23.3152459888 1.88209280295 -1.90417535587 -1.39858504785 -2.36426972255 -2.32199088565 -2.3519946875 -1.18271814263 -1.54675641803 -0.28378696396 
-25.8117536259 0.972163441617 -1.73655324284 -1.44525196086 -2.66580912134 -4.29607692836 -1.57892499557 -1.57659180751 -1.79043635806 -0.966571617714 
-25.1571905807 -1.71660558527 -0.00502250164541 -4.00309550249 -2.54540802072 -3.32881322477 -3.1208272831 -3.71902756427 -1.76652482243 -0.380248101449 
-25.0667740724 -1.17582700402 2.39890191177 -2.39420917626 -1.12324361878 -1.2022572337 -3.12376385446 -2.49526566903 -1.46151729281 0.438352826355 
-22.4265440033 -1.43296068696 2.84230500052 -1.58434499791 -0.247510710272 -0.918578581786 -4.09771109404 -1.38787396552 -1.74571806489 -1.01595565212 
-11.2899756509 -6.05841601153 2.39015011515 -2.5727400199 1.29601623734 -0.229748006064 -2.72026032981 -1.8578006707 -2.64843725031 -1.13940292154 
-8.89436392991 -9.69947457558 3.26461879585 -1.0199665416 0.728444240934 -0.236473312701 -1.56254767571 -2.43463423408 -3.52078215496 -0.647871114067 
-6.64302614509 -9.33616758685 5.39767355274 -0.147035287429 2.07145142497 1.44756315467 -1.57885037238 -1.44635189547 -3.17035878433 -0.133659832458 
-3.1564113174 -8.07712382606 2.98516337748 0.676258880549 3.5078436889 -0.821649834022 -2.41277832668 -0.910086403042 -2.43922490526 -2.20042896956 
-4.6713794757 -5.35118703361 4.09602947757 -0.237085770134 4.96337573546 -0.815542496237 -3.56094764089 1.93324381853 -0.294225021751 -0.661437465277 
1.8466872038 -3.38365796181 3.05189185231 -1.00048183158 5.86277478307 -1.05906660329 -1.53132771465 2.00169755616 -0.59290658192 -0.882046785392 
11.8314185044 -4.95296789884 1.54539981359 -2.36158339786 6.30914079876 -3.98165136326 -1.70699355469 0.961467262046 -1.5301376034 -0.473629826646 
5.6980651765 -2.93612164073 3.08055292305 3.60843625264 4.16127933119 -3.05658282686 -2.08973522698 -0.823252769063 -1.65412372653 0.166125897552 
6.12410727527 1.25549748251 3.90194502768 3.52750377556 4.01836081903 -3.07631054308 -3.06035963839 0.873569975167 -0.811499527766 -0.659883855115 
1.29556656637 1.04613506212 4.66814817808 6.40320388379 3.12769647581 -3.08502875924 -4.66221100128 1.14016194201 -1.28679285863 -2.09699166267 
1.03620982414 2.91852519583 4.11703082013 6.87731350901 2.84538158158 -3.33883138124 -3.78233052311 0.0893997723022 -1.75394558329 -1.36067061435 
6.22339827082 3.99111117753 2.36225804907 3.9648490894 2.4787999681 -5.14076415522 -1.34634514881 -1.84305517748 -1.97070563813 -1.22018832414 
12.7226293766 2.94906372468 -0.0598641518157 -1.28208516516 1.86244371634 -6.67873477721 -0.981332513653 -2.21215865777 -2.62220325641 -1.65296376923 
9.76338116899 2.80920861077 -1.11390201325 -0.256623931315 0.604206703357 -5.55591589038 -1.05557135172 -3.3379403931 -2.04650980515 0.478319300138 
10.8987457569 1.8406873591 -1.90981474078 -1.53974284895 1.34405844935 -3.5779402575 -0.667396779225 -3.60305729924 -2.14715868577 0.48359497589 
11.7606757657 0.931784925178 -3.51258658061 -3.96846882712 1.82699775277 -3.88200764315 -0.539606112866 -2.34384368201 -2.4792358082 -0.0205867955562 
11.3218131785 0.207738352649 -3.59522506275 -3.67309771591 1.60445605851 -1.82950664797 -1.64343423492 -2.20037569259 -2.23336586168 0.528171818015 
10.53120289 1.640753867 -3.00931421152 -3.19451424241 1.14207057215 -0.844043364705 -2.17094073647 -1.37258046278 -2.67885893709 0.892830010562 
7.24716005166 1.47667114965 -3.91158818281 -3.22435263321 1.3715942559 -6.11437796678e-05 -4.59464675 -0.714183969582 -2.35189171919 -0.170501303158 
4.41378172744 1.86051161434 -3.69133671329 -2.42820554943 1.51699197485 -0.340796724371 -5.31827751482 0.571738783025 -2.72764103368 -0.761823686071 
4.76551361989 2.11709659551 -2.72767145953 -1.65668197707 1.27475824762 -0.334786662887 -6.08086663499 0.779263439965 -2.48179969171 -0.648679930508 
5.72124603912 1.9898120848 -2.64821617266 -2.16754091145 0.955941176664 0.459199287466 -5.64961408324 0.559699521366 -2.45988333485 0.429863614218 
3.12833117265 2.52352105266 -2.70117913977 -1.3991515875 1.30655536492 0.809054030202 -5.89566039078 1.26551602908 -2.39927940379 -0.3684541951 
0.635474222053 3.77920844894 -0.976904451235 0.810210018559 -0.199463339902 3.71296445422 -6.30083519487 2.79080872315 -3.85495389844 -1.3465909589 
1.24052324789 4.03011811148 -0.640608110887 0.626589041882 -0.754766079017 3.64909503684 -6.55778290995 2.08926136764 -4.49696849024 -0.856792478353 
1.69759079223 3.37618679022 -1.43936327748 -0.0439066989199 -0.799531599064 3.30779304476 -4.11113290782 0.366762187398 -3.50925929312 -0.75183872484 
3.99145866718 1.44295032602 -1.68205146678 -0.704972022417 -0.866502788269 2.84665621826 -3.12316782276 -0.744959501093 -2.92290078796 -0.356632361918 
10.5859611186 -1.73579409681 -2.73006570513 -2.42693857351 0.255760747724 1.0912193772 -1.67753558764 -1.89290427443 -3.06623177308 0.704741465207 
11.5044196308 -1.6601355625 -2.20922599754 -4.32200528653 1.30896162181 0.177235865481 -0.456496483489 -2.90971937981 -2.38839194363 1.71016754734 
13.1501118303 -3.21372683885 0.101531670386 -1.74702846668 0.00666267422591 -0.605288258701 0.554507985844 -4.35752760779 -5.84055572647 0.288585707829 
12.8132717988 -3.10351989252 -0.548656386228 0.359350512816 0.402129708222 -2.45568517677 2.21395826337 -4.03359330357 -4.72372958501 1.91826035424 
3.62413971686 -3.56404815727 0.37542232876 3.84931810681 0.44765416659 -0.94813606074 0.942948618641 -2.8565117169 -4.71548860005 1.55652425265 
-4.06447310523 -3.49156051351 0.249438031677 3.06988482805 0.676331774173 2.35420175209 -1.79619045894 -1.8211403544 -4.90017894418 0.502746596929 
-7.14924843064 -4.50208188829 -2.31449516797 3.57005577382 0.228226523046 0.652050728133 -1.22505556242 -2.9220297343 -3.86282329322 1.09212444416 
-8.37904682931 -6.23539838458 -2.38121152262 4.01997682415 -0.73052545606 1.04944169313 -1.2878925271 -2.61091702589 -3.70539320656 0.28812537911 
-13.6387504496 -2.53240083526 -3.45281572609 3.65427881775 0.240195250971 1.62730011312 -3.47924924372 -0.993711552608 -3.6799437346 -0.827975773188 
-14.4197015623 -2.87700466023 -4.29694552794 1.36886885326 -0.162157044382 0.996772078144 -3.11170478459 -1.12175626705 -3.37202687747 -0.706953052328 
-10.620387056 0.72104948873 -6.15921049264 2.15917428465 0.92558552353 0.419518644074 -1.5297635539 2.29856863772 -1.78631745572 -0.568565304382 
-10.5241312445 3.19598776268 -9.72937286906 0.69315691269 2.62050743853 -1.06404970098 -0.0842724022234 0.493922639689 1.04281843541 -0.223588717141 
-6.65843452923 4.06566883556 -12.301663049 -2.40610714663 4.49927823062 -3.15090645976 2.3361452855 1.61779950589 1.70137855382 -0.655526083429 
-14.4481762941 5.72780510091 -10.0405974934 1.91513508467 3.45936261204 -2.81279015715 -0.513609972733 1.732911997 3.02862803768 0.0279499162994 
-13.8373140846 6.07435274941 -8.83371506505 2.53913201283 3.5343510575 -2.79580009792 -1.16272111933 2.09984295469 2.88273012279 -0.129583453741 
-13.879155325 5.88324792633 -10.2515541362 1.56411648581 3.41807068659 -1.38294953166 -0.735758345241 1.7921292987 3.50668440523 0.555984734635 
-9.50447009013 1.78509513584 -9.963884777 -0.912566194686 1.21206064325 -0.103975949059 1.21042372449 1.44329035554 0.932048964764 -1.45124693754 
-11.0559126228 1.2684567932 -9.27768017149 -0.335442855053 0.665303381827 -0.211649260035 2.7566812689 -1.04895455108 0.299084374302 -0.449408643128 
-8.8965321435 -3.65089662606 -9.39231714161 -0.808006745902 1.41126935082 -2.28168556228 1.02096684195 -0.841731649603 1.15281291633 0.814979993198 
-6.56919757478 -4.95581287269 -8.17098757714 -1.82157710128 1.79881090103 -2.68776254828 1.89868544057 -2.4641628955 1.71221265288 1.51966480616 
4.8594630089 -6.02946642451 -6.58799619093 -2.04092875506 2.65590506919 -2.64923722278 2.53642709542 -2.09379230802 -0.255911111083 0.654736404406 
16.1454134374 -7.08097800217 -5.17070501895 -2.47856334712 1.94264497375 -2.57666764901 3.83566133453 -1.14338083506 -0.813565757613 1.14685099677 
16.5453699369 -3.72395707535 -3.9095977764 -1.73497377121 0.0887650860858 -2.7573148381 3.23224464595 -0.00744679552308 -1.80580895303 1.94769146555 
14.4963986257 -1.20830670052 -3.73800855756 -1.15128058659 0.24749819488 -3.18471727447 3.02978465986 -0.129237918127 -2.00296894036 0.721171339074 
14.5431298136 -0.310685492103 -3.03647206356 -0.751722738864 0.859235125766 -3.18508407311 3.41863656234 -0.299291020895 -1.23387664095 -0.369639623346 
15.0592447873 1.45997826583 -2.17389803669 -1.3193886063 0.876801377496 -3.441734556 2.73476673655 -0.540137167729 -2.21887782347 -0.169105837736 
12.1837768911 2.20551867645 -2.86764400212 -0.864014788897 1.10253784674 -3.46074414251 2.71100087402 -1.17103954562 -1.74090977453 0.512560682293 
17.1213354292 2.52623485089 -3.70151641064 -2.91407633633 1.09300490834 -4.34838053799 2.98272088813 -2.02276183955 -2.2547018729 1.33073640794 
17.515381818 2.33103099959 -3.84678954748 -3.14144784687 1.22141729941 -2.76011361777 1.3752036411 -1.048723623 -3.26564403384 1.44355760596 
20.4428208128 2.85863314818 -4.03479513167 -5.50457327476 1.62883031193 -1.70443156643 0.176040496903 -1.56090237735 -4.03275226524 1.13650043598 
19.8102189072 3.24815762352 -2.97572490545 -4.36320161641 0.868663869888 -0.681058315861 0.396614660288 -3.10517167481 -4.43636715932 1.62013939511 
16.4279653253 4.93395047097 -3.3278743034 -5.14652607842 1.47221943917 -0.447443175455 -2.23300972126 -0.434526903313 -4.03002571517 0.703381103129 
13.6488573577 5.30068502809 -3.34997040199 -4.1413429841 2.2538893632 0.758394955946 -1.88293396373 -0.663815571766 -3.50848691977 0.668699732074 
11.0237893622 6.59216456627 -2.65954919243 -2.65688768792 1.19991727296 1.96960685456 -2.37095491124 -0.50388601943 -3.64438570112 0.873681934812 
8.72089360267 6.52966800367 -2.45034597599 -1.39518961458 1.00343251497 2.71210025082 -2.6143353648 -0.424143480239 -3.63315197652 0.613738911659 
8.17714772473 6.39984054816 -1.9371126178 -1.70164112293 1.06540158082 2.25936893352 -3.8886216588 0.755827840535 -3.57146048604 0.107660020024 
7.09214717837 7.19446086503 -1.93593459825 -1.31021493624 1.01255146682 2.14357720015 -3.5521840402 0.673052803335 -3.60169206136 0.0322535316468 
7.96576301548 6.73322044695 -1.46922344198 -1.31517724386 1.03134754302 2.37327611251 -3.5119101709 0.394534565383 -3.817481577 0.0395018160515 
7.85732918489 6.14533505702 -1.72639466929 -1.55166915345 1.00787269648 2.52517456999 -3.56226409212 0.656856932564 -3.16196689813 -0.146349003106 
9.53419858622 6.16024495159 -1.70005778039 -2.03676444593 0.985847217676 2.55468142232 -3.02765562155 -0.576050187324 -2.83918648026 -0.416990463529 
7.58772095446 6.55347477942 -0.657365116558 -0.907371718989 1.16222956718 3.38285072514 -2.87154759077 -0.598334137228 -2.2774269162 -0.657944335272 
10.0320773221 6.06314723573 -0.90334108373 -1.33846140495 1.30982736071 3.49740214639 -2.89880993574 -0.912018256544 -2.60418169401 -1.1454186214 
11.6783206606 5.66139227832 -0.386270778618 -2.10829765344 1.26012120545 3.024667615 -3.10830649652 -0.421226893657 -2.40891650866 -1.20369061596 
8.10594011669 6.26424880704 0.739894996642 -0.601875666542 1.21036787276 3.28936248908 -2.99761029444 -0.596281321892 -3.26103145334 -1.10302065783 
9.20462574527 4.21326245933 1.34717112388 -0.864732684503 1.49959363374 2.37479043206 -2.54295267092 -1.57010212222 -3.29675205888 -1.42222191268 
4.64173015635 4.66222773973 1.02173214611 0.26823137828 2.82773538563 4.02951723869 -2.84845361709 -1.53424856109 -2.75203355557 -1.37569805794 
3.16666842026 4.9722461506 1.17219185504 0.0921954137215 3.6515314045 3.60931701727 -2.80939115154 -1.32132595775 -1.58064132486 -0.329160045003 
-1.41551507204 5.93136184385 1.61109904502 3.06256504392 3.85832892072 3.98677886002 -1.80895217373 -1.27410797012 -1.4604806356 -0.169404117611 
-7.15838406057 5.64068116024 1.82432324718 3.09525949915 5.51662555153 3.59873556936 -0.583232529643 -1.60425127557 -0.433293825307 0.72527117212 
-7.10605663 5.13103504317 2.59815869725 1.18052333867 5.16426959371 2.94351186825 -0.0117168149836 -0.945580861337 -0.631687451139 0.265564953625 
-10.0505856116 4.87491963731 3.15756827473 0.990842880356 5.97085562926 2.00580231643 -0.396117688657 1.02499958539 -0.969129250533 0.436522302848 
-9.64898464388 1.14788867334 2.1412718974 -1.82355245587 6.510596166 0.736878635365 -0.728733455948 -0.762130275574 -1.07379084436 1.14644227044 
-10.5286750929 -2.23570742848 1.68755037414 -3.04350638652 6.35306296552 0.814769418533 -2.11473573664 -1.83659644866 -1.1780624868 1.50106778356 
-14.1267576216 -2.06025811543 -0.349205880248 -3.18046362869 5.33431481207 0.133702320845 -1.96549224282 -2.78877370337 -0.868873841437 1.36776033408 
-20.5657004021 0.246517183729 -1.19744055337 -2.64733213566 3.89541810727 0.916771378873 -0.311610971525 -2.70130621649 -1.24633609586 1.90998349886 
-19.4987102556 -0.497875089422 -0.673669114096 -3.61126113801 4.19272191905 -1.63672045047 0.852199824992 -1.32754505893 -1.88957190383 1.85397318031 
-27.11259161 3.98107570839 1.94618781802 -1.36964928076 1.0959180011 1.4413119456 0.411945938565 2.05616825892 -2.11314481119 0.951889145059 
-30.7659717446 6.10981582704 2.37663707338 -2.3459597139 -0.308887282049 -0.396109197176 2.37344938189 1.77027226873 -1.12572696045 1.58654531544 
-28.933996275 6.64830930853 -0.0646729036806 -2.01473076581 -0.0203181205866 -0.993326017738 3.39898175199 1.62250359506 -1.20588631653 0.352679964893 
-29.5413277286 6.70981114119 1.0127090017 -0.316810060867 -0.329171934468 -0.790647684055 3.9266551628 1.0861386578 -1.04252382759 0.646343833838 
-28.8585305042 7.58532830356 0.502812626101 0.13310591736 -0.051532011892 0.240258037674 2.92550781904 0.633533998684 -0.936698132591 0.451394915494 
-30.1861773202 6.47598935948 0.138681743866 -0.319568643949 -0.336817055146 -1.13479496905 1.66096887785 1.02989943458 -1.30018063059 0.591082193687 
-28.7795825643 6.15014456693 -0.549680326444 -0.979935552061 -0.62218644814 -1.55527531808 2.31069568993 2.00992596175 -0.672027130827 0.286183930925 
-32.2483037919 8.07242252965 -0.134714394402 -0.445817066204 -1.06571222617 0.187795799405 2.32486167464 2.46943724165 -0.00423751683109 1.04195444069 
-31.4728284947 7.59211180111 1.50085476693 0.52620973301 -0.723290988658 1.59798330277 1.55335042683 3.63549563285 -0.526112923569 2.32996912005 
-30.6708457865 7.05121594322 2.69741190973 -0.459370552108 -1.20760527555 1.05495629372 2.58376931639 3.5658655854 -1.74120148762 3.3232913998 
-30.1213260405 4.87451514052 4.68914501712 -2.20916646596 -0.419161596823 2.05387441509 0.574373578913 4.05393240983 -2.72622500443 4.08173406872 
-23.9953049244 1.98088349257 4.4139980534 -0.568681583183 0.94732810439 1.85153229223 -0.690839855244 3.65628479164 -3.62024372355 2.55272830872 
-15.753654482 -1.48802954372 1.00776037668 -3.44397341109 2.77494961677 0.23222747416 1.24344732995 2.10309370192 -2.77254359345 0.738808239703 
-8.65214484548 -3.98949431865 -0.863592693569 -4.36470902215 5.6294191513 0.631542645908 1.30853901584 1.30159012315 -0.640572196404 1.1255633926 
-10.6878528096 -1.65218747248 1.16535446619 -1.79091725479 5.86605905599 1.31003485771 1.38549647347 0.628218414988 0.830256313327 1.68772527217 
-8.83312958324 -1.57505336923 0.699267844074 -0.500061137555 4.9159931762 1.17386420811 1.35029719098 1.00897874816 0.457290330285 0.762225728908 
-0.643674642159 -1.94628803582 -0.817931532658 -2.08980886516 6.91703408839 -1.34836745291 3.04628307902 0.892823503439 1.77721550551 1.49313452536 
0.951900047383 0.231457046254 -0.75200946226 -1.70360502205 8.00530543089 -2.72769426046 3.02943474911 1.51973860125 2.73032353876 2.30081294448 
0.670746664063 0.0242182113578 1.38972035955 4.81422787192 5.43262466885 -2.72832154134 3.38856877956 0.792984627455 -0.101476127166 1.13034077251 
1.16672699032 1.77571616736 3.21509221908 6.79431901788 4.26274674816 -1.40296062487 2.20112648898 2.71677375071 -0.244850530941 1.01314380599 
3.0660869873 3.98545196953 3.67924472506 5.86522507117 3.36988106499 -2.13200197223 2.1811106339 3.90885534373 -1.10804481548 0.148291709342 
5.11445917996 3.60703478047 3.39754231728 5.02652756771 3.13053867509 -2.59233000719 1.47192530335 3.86190383594 -1.15025417742 0.8058128415 
6.80739125479 5.92021107333 4.05677941664 3.07893379965 2.98982689657 -2.51438805274 1.33991545584 4.67017269497 -1.5720468634 -0.247036490419 
6.80173226259 5.82193950245 2.46867230562 1.70031604464 2.27174452933 -2.65739889918 1.8390174332 3.865817228 -2.39578564378 -1.06981440718 
11.9390396848 6.23874466848 2.0600298181 -0.352674165243 1.25947141007 -2.92478512427 2.60513374583 0.843237034875 -2.7862566095 -1.74172600554 
13.7820732068 5.13146048757 0.409036105023 -1.5959327968 1.36169092266 -1.81608779182 2.51539738906 1.22464635429 -3.71607508227 -2.05983636552 
13.4602420382 5.78721255108 -0.487891473181 -1.27311418903 0.516935802834 -0.182121499031 2.50485591187 0.737042059476 -3.37686616578 0.025460449182 
15.5706509988 5.48045665496 -1.95989176963 -3.85552074508 0.78536518938 0.0629130996808 2.60142083855 0.242887739143 -2.53919906274 1.25807070758 
15.5668982055 5.88968106028 -1.19863332478 -3.50545130546 -0.219300634857 0.662509584379 2.32344453877 -0.954886438464 -3.04593930146 1.1994925132 
12.9911706917 7.02324376552 -0.9611999808 -1.94722110547 0.0285215298927 1.38083039436 0.665760319184 -0.666080695853 -2.69838447741 1.90981288224 
10.7139470115 5.9901571143 -0.86330661021 -0.585017240063 -0.0658647136871 1.53109812454 1.38409221846 -1.14379127072 -2.84951831292 0.477469435233 
13.9449354661 5.1290481103 -1.52805696681 -2.3377731993 0.349014053555 0.328053241336 2.21299160911 -1.24726674058 -3.1069365325 0.3798611198 
11.294172102 4.94157555864 -1.26157151127 -1.86157593196 0.147440200284 1.1721288145 1.23727642933 -0.872808951845 -3.01498006252 1.00459933505 
11.3398835288 3.96973128522 -2.01123915166 -1.6966352969 -0.0472999311639 0.967137540676 1.85000098921 -1.38228306008 -3.62472350316 0.999854816077 
13.1695025446 3.20949968979 -1.36918688542 -2.11559168535 -0.469565643082 0.0932730052392 1.3500455782 -0.602010364147 -3.27684646755 1.13376482577 
12.0342087454 3.61682697565 -2.04625195133 -2.37851905552 0.65490289427 -0.976120725262 2.33480876937 0.198043916235 -2.07960772982 1.25770834003 
15.9069053654 2.83996696664 -2.25495587645 -3.75220661583 0.539215195995 -1.97684557611 2.62905069182 0.0256362888504 -1.48737462927 1.39003241861 
12.0113235177 3.8033054417 -0.597499398094 -0.933201890927 0.579987611365 -2.83713062105 3.46903132597 0.793043897848 -1.01957405213 2.23265977194 
9.94739891229 4.30472378078 0.450324412932 0.571283986939 0.075316427234 -2.49393467954 3.51304060241 1.05836399141 -1.25519972723 1.45741971995 
14.59850618 1.59631674801 -0.843349958116 -1.05627325787 0.330867499761 -2.75253168068 3.60990166242 1.35544335001 -1.80926323417 2.91965794742 
11.9189747222 -1.85016293589 -0.573462309961 -0.511788509617 0.884146926688 -1.0696514192 3.29281526574 2.29962421784 -1.60597483212 2.45194936996 
14.1178959725 -3.87449572265 -1.12636962972 -2.18111521937 2.26370694011 0.0455865035954 3.48285505844 2.14057036425 -3.21470605023 1.61532746019 
5.03226173659 -2.36605490227 -1.6974856162 -0.151744068003 2.57999234632 1.28530030493 3.52678142212 1.21993507865 -1.95944370201 0.806254305485 
8.76578292507 -5.88038433109 -3.82202318795 -2.10968945211 2.96431959303 0.915450662823 4.99999134831 0.927924249576 -2.26832873525 1.85260943021 
10.1805785746 -10.0356235301 -6.79042948257 -4.58971647495 1.55033619702 1.29110778953 7.4449639865 1.08516436193 -3.57000155596 0.178632610661 
-0.00628973123816 -5.16930706773 -6.27900106843 -2.03208556893 0.961343306449 2.63219748881 4.16514311859 2.52937256054 -1.65648643347 0.220764913492 
-0.124825978746 -3.97612161972 -6.93203851871 -1.78582902681 3.11542886524 1.43361974989 5.0545101657 2.50326300262 -1.49949524823 -0.755771873583 
-1.63780414115 -0.32809739469 -7.47348262062 -0.0401902934242 2.34244392439 1.2275107419 5.4926364913 2.71620736586 -2.60114788998 -1.02003695594 
-10.5676265382 6.46917549089 -7.95868134116 0.758292124681 3.92751321763 -0.53808844191 3.52749224673 3.34535645439 0.900235629615 -0.322491200261 
-5.48014385687 5.84084255613 -9.52108433365 -1.94267354924 4.19791575746 -1.59019072067 4.20786708486 2.53098278307 0.488826714914 -1.21851687374 
-5.31420013167 3.55295534759 -10.7098814692 -2.4666699167 3.42149277812 -0.10376299668 5.27830742362 2.68879454619 1.49604121767 -0.989645604721 
-11.8578802204 5.19298776718 -5.92587970059 1.47845179734 3.56142923832 1.92310631989 2.91319310584 3.47284403559 0.690743925112 -0.104815509013 
-12.2797399427 1.52796218414 -6.57989736047 1.37656176223 2.31676892434 2.27037753315 4.60153904162 1.41315181243 0.418107828009 -0.910246234218 
-10.5999968897 -1.81704067467 -6.6056522481 0.732045464049 2.1176144095 0.961087940316 4.86151813638 0.643020214059 0.134365176957 -0.795623937106 
-9.11472293225 -2.8744259724 -4.63704359582 2.02788596862 1.53304589337 1.27306779486 3.9604886966 0.536871331575 -1.05140623354 0.328746175333 
-7.98044312508 -1.47539737539 -3.29213495228 3.42657171086 2.58092003954 1.12001348729 2.3687268748 1.78979959683 -0.41175216611 2.55123374262 
-10.1247545081 0.501625886521 -0.111568353031 4.22247050503 3.75029838882 2.50172613948 0.937989415245 3.38780399013 -0.069025993191 3.00886276242 
-1.29465711534 -1.14561406689 -0.0392253118527 3.2997839402 3.50439336158 2.03809483538 1.88951531336 2.8998641547 0.237795230997 3.29918820858 
5.87834353719 0.560586696304 -0.947929877272 0.768053354088 2.07350596166 0.283223538131 2.52232884641 4.1331948083 -0.546072034825 3.61755695237 
4.46406770634 2.05044939604 -2.10925336109 1.05914437912 2.19026808146 -0.563584023202 2.68662729036 4.55765488466 -0.220545625835 2.69592096985 
7.79317526468 2.37855741179 -1.07782294273 0.674567793105 -0.216362052458 -0.591889919843 3.00399678818 3.87787364557 -0.327988699593 2.79516393838 
9.61628076188 3.055247497 -0.441640109591 -0.550046704593 0.315922206729 -0.479424433799 2.77066774443 3.89885700933 -0.193921224609 2.37837890669 
8.29372186889 3.70844238471 -0.348145842122 0.577365626778 0.372368074957 -0.399091791715 2.93697056401 3.60700649931 0.338630100986 2.57945429253 
5.98517841835 4.64737253076 0.74908069208 1.59111554526 -0.0887461810906 -0.435905915728 2.67959698943 3.02478580098 0.000602531628654 2.02200231588 
2.91680677866 5.81671156008 1.5302242799 2.80540605918 -0.780266306494 -0.0771326035303 2.66767721435 2.79944037476 0.0769973913246 1.72921926841 
4.05439419299 5.2492021273 1.08470205186 2.96436227941 -0.589525051407 -0.879127306085 2.63892821437 3.12093363444 0.20501881361 2.46811784984 
9.09273041104 4.65219404918 0.220516605586 0.75114868642 -1.00018215661 -2.10802015313 3.10253673664 2.53851375724 0.642175452242 2.38735786388 
10.1841672841 4.90471905503 0.708744916872 0.10950231104 -1.1417616622 -2.14642171128 1.87436952167 2.94215662029 0.494428083226 1.45382619977 
11.0555865456 4.85393478371 0.135341499701 -0.73583272219 -0.112111955021 -2.74680925151 1.06310700815 2.43760817271 1.00251922441 1.35570729199 
18.2104333952 3.95767069481 -1.93821228438 -4.80164138375 0.830934232218 -3.52650057125 1.60809396644 1.85633149426 0.412586992468 1.566349475 
19.3724338634 5.1942221468 -1.68757632063 -6.0873457099 1.76982658362 -4.78141346101 0.339840515293 2.1020590054 0.876272720878 1.01574378035 
17.6964774622 4.9782838505 -1.49220036072 -5.62022411979 1.56510537236 -3.39198633076 0.0117303683495 1.86354886162 0.824912489679 0.17552082779 
18.3230505448 4.75858590856 -1.02584718601 -5.08009215726 1.55802581586 -2.48050168746 -0.528106657012 2.208139046 -0.272230941387 0.949098456172 
20.004179086 4.18851892685 -1.46852381378 -5.53094629929 0.657833815746 -1.6183424316 -0.131221601238 0.879007925242 -0.474516249417 1.4340709798 
16.1476966991 4.18386908724 -0.518848642621 -4.44589465966 1.23120885752 -0.391651813151 -1.19263681704 1.28222464911 0.120686214762 1.06896252505 
16.1487781465 4.4535526955 0.550186142228 -3.83099934611 1.17628001675 0.0617906017741 -1.28700023844 1.67828886315 0.213995575845 0.0838252919591 
15.8268710713 4.65697453407 0.386894717137 -3.5077009331 1.0242284673 -0.215252224494 -1.58580642693 1.03051292441 0.489049583825 0.134596233569 
16.9057929214 4.87095467569 -0.163782810602 -4.12980454415 1.96944366493 -0.523340183255 -1.82629820893 1.29489314801 0.418494964982 -0.291290335919 
16.8418478011 4.01725653952 -0.383303339964 -4.25349835405 2.14549227484 -1.26324580155 -1.35909200641 0.950041724771 0.413140666741 0.203464622411 
19.0740760394 3.31477620078 -0.478517567943 -4.74929802747 2.84293207667 -2.43294660199 -1.06146758147 1.32558500065 1.16434742755 -0.415678279299 
14.2914813638 3.69964661089 0.506340763542 -2.39221520901 2.70810965093 -1.75860776282 -0.660037877931 1.58991730897 0.525937852345 -0.77541644219 
11.7121189667 4.05788061185 2.52931856993 -0.863091474407 2.4155145757 -1.0308437302 -1.8192122876 1.7281459097 0.965970605606 -0.411356353214 
8.3677121253 3.64668097281 3.23678995271 2.26074727649 2.55861761253 -1.108203733 0.230723413986 1.59558301826 -0.303752468254 -0.554401397312 
2.93958511735 3.56826781975 4.03803575217 3.60269549539 3.80251663202 -0.810737688665 0.235798849366 1.70606281096 -0.29585296725 -0.748310702853 
4.91169633606 1.32358633003 1.80504091071 0.0249721520122 4.8407851407 0.624854158463 2.0619851571 0.428267214943 -0.444769784905 -0.569295755875 
-0.0607728152763 1.69848383708 2.10959141362 -1.16883530202 6.64852940497 -0.17848822121 2.16575203682 1.83317846748 -0.78560547792 -2.67063651263 
1.0733040104 -1.11814642683 2.58520815867 -3.50241326162 6.6916982248 0.735176486642 1.63294327307 2.23497127809 -2.03661006379 -1.21026506731 
-2.25837781886 -1.98299274808 1.55985843898 -4.05689487518 6.89673774527 1.03081367232 -0.682319954498 3.61825029697 -1.81075982283 -0.0789387987401 
-6.98705194832 -2.59226235697 0.85570205542 -5.10324370652 5.7852792677 0.723272132198 1.06988265214 4.05002281906 -1.76665758204 1.13674507719 
-18.0623329693 0.135570566667 1.89862870956 -2.80298511545 3.28536150708 0.883718919023 1.33074183954 4.02036252589 -1.35580894212 2.59844896003 
-18.8082444545 0.252280309498 2.19304225227 -3.42014076706 2.69568352503 0.844581301595 2.2345862901 3.71533116491 -2.66771279685 2.25402101 
-18.4244671634 -0.546221856415 2.45184078799 -4.83424344318 1.427463072 -0.458439608001 2.60348677184 4.26142143737 -2.5247407226 1.68488005814 
-23.831271169 1.58077551379 4.09749581399 -4.74836546301 0.261704330511 -0.753493425144 3.68503226717 2.95784827396 -1.80330719371 1.35413624508 
-27.6943944655 3.07851079375 6.60128595447 -5.08771879855 -1.37717052477 0.635448494528 4.0901978871 4.22231106989 -2.59832744335 1.73931055227 
-26.5070621508 5.10674790616 5.72199116068 -2.4997565097 -1.33020731036 -0.836044071985 5.74428561828 3.54278195983 -2.52146750159 -1.48802913605 
-30.9638142541 8.42916759016 2.60547122742 -0.231520243187 -0.947521731141 -1.71386960936 4.98140713648 1.69744974561 -0.975018147741 -1.10214150234 
-30.4550116799 10.6175143487 -0.576474576098 1.80798884822 -0.112486399495 -1.79535635003 4.10722168153 1.69152726578 0.0890633493123 -0.471758779415 
-30.5274996949 9.5485421384 -1.14453032062 -0.00915955362147 -0.688067758988 -2.79628898971 4.31475498375 0.779126270303 0.283410048845 0.268741207207 
-32.5491076795 9.03318603343 0.684691167922 -1.65525952108 -1.30052771525 -2.76039366045 4.44282425103 0.394066556176 0.140215334768 0.923050585765 
-32.6953817271 8.46808170725 2.45818694563 -1.65467522939 -1.28079040294 -2.46064928472 3.21964918995 2.30444653156 -0.64094628985 1.31216662855 
-31.6333972543 6.55098830539 3.10032838038 -2.29193005372 -0.661171473878 -0.907081922831 3.81205656549 0.828572226004 -1.04815934185 2.38125286607 
-26.2321209353 4.29792586829 2.36235112758 0.243425733035 0.710659278581 1.31910236023 4.37224144043 -1.03582192947 -0.474393546189 0.509510975213 
-21.2055676443 2.36645546932 1.59658332689 -1.07351331526 1.57669079751 2.30361162454 3.93127546982 -1.84344428744 -1.0979682189 0.419293079768 
-15.7316603028 -0.896357591082 3.31718279559 -0.701607389176 3.33074197944 3.23602041972 4.75934091405 -1.76740549846 -2.01930895377 1.56428641927 
-13.5013607609 -2.2828049198 2.97216308754 1.38771101458 2.95517859033 3.08961114045 5.48807036162 -1.81887534929 -1.54896410021 0.399862247886 
-8.36021566921 -4.6478983989 2.76157089151 1.27488907117 3.71893195374 2.5381127293 3.41580518602 -2.83862706648 -0.468169908371 0.794958539084 
-5.25029353804 -4.8255463685 1.44326939365 1.74787716593 3.65042331681 2.0474793729 3.91052924493 -2.40008707739 -0.107008749049 -0.900750082184 
-3.20103581559 -1.89403282266 1.18641090402 1.98085453817 4.20994554197 -0.140648954699 3.19345869746 -1.59105789843 1.68794570992 -1.47308839228 
1.96048825465 -1.04669226731 0.649195967297 -0.715469016546 5.26834283833 0.0925372913407 3.63828895176 -0.83668460381 1.67136349512 -1.82862149925 
1.96120268747 2.53714499191 -0.810588006073 -0.447514096475 6.00770694555 0.130516112492 2.50145321012 -0.904382586871 3.30518203415 -0.687373998436 
1.25820440854 4.69317620137 1.86583276405 3.23775344754 3.96934220647 0.941873827885 2.35776256646 -1.5433473045 1.38641733267 -0.559609409677 
12.6680568065 3.31434421435 0.670553230085 -1.2404562043 3.64150392926 0.208489872921 1.81270815977 -2.50499009865 1.41412709738 -1.44316795312 
13.2501543502 3.65788618536 -1.10620697966 -2.63038483841 2.95372742004 0.227953609964 2.6925959054 -3.33650732893 0.972617533288 -1.71405941404 
16.5999992467 3.99083655272 -1.7899251751 -3.2194111357 1.96369840349 1.34896247017 4.13266721963 -5.00140055455 -0.491731756554 -1.88408617532 
10.8215986595 5.29601869786 -1.41354868378 -1.19693677229 0.559441070467 2.85958943797 3.54525732821 -4.75114529148 -1.12246699733 -1.59003895874 
10.7957684406 4.65145862021 -0.277093008762 0.571467469262 -0.43764619484 3.26551451758 2.26152272223 -4.81295036692 -1.42348638002 -2.20866282972 
8.29597795066 6.20388307376 0.00948179312025 1.18099613967 -1.0826639389 4.28848950791 1.91910253003 -4.60519246454 -1.28569226367 -1.73627442796 
13.176043825 5.48805886542 -1.59953492517 -0.992856905506 -0.548225036997 3.94384584695 1.48714714104 -3.69578585036 -0.700044343984 -1.77978172518 
8.85640676842 6.72864812853 -0.355984115504 0.382091200727 -0.366386934671 5.4555792504 0.662571305059 -3.27010078669 -0.127640576132 -1.89667603527 
7.69994621804 7.40836876461 -0.379334807188 0.310363209778 0.00264683834617 4.85124733447 -0.463247778668 -2.05794617746 0.337893387543 -1.80477138651 
6.22940703973 7.55411700005 -0.551552561302 -0.360432996507 -0.955302691727 6.67881088683 -0.926453359216 -0.367737756256 -1.01971221791 -1.05400788727 
6.51892639253 7.78830688107 -0.421839500076 -0.584168584244 -0.960999012698 6.65299226721 -0.878418816463 -0.864036215734 -0.71758821393 -0.524849072801 
5.19758268558 7.78009987698 -0.533915249374 -0.103502816843 -1.1882886904 6.72081451206 -1.32107438896 -0.777634933355 -0.871017014091 -0.113225527645 
5.2563153099 7.78256552128 -0.212793605334 0.216559970861 -1.30977050755 6.81648201771 -1.22245322612 -1.23849497678 0.023365619507 0.146680804001 
7.11189624034 6.82807811635 -0.991430993107 -0.43437622209 -1.11450356965 7.32292911969 -0.775802367754 -2.11858333634 -0.150796086197 0.212077706379 
6.70712738623 6.52197428977 -0.809577834566 -0.101132346404 -1.10350111825 7.53996694095 -0.496636190786 -2.31531488455 -1.08224173441 1.36867636521 
2.80560889246 6.64945094925 -0.368102823217 1.45969751775 -1.94846536589 8.34084496907 -0.276427796615 -2.11802569123 -1.27093810377 1.36880874584 
3.19338093155 6.0990446715 -0.313871237764 1.58869128946 -2.17052732149 8.77022579671 -0.271086536667 -2.26054534209 -1.46053936388 1.8181247355 
2.255241274 5.40533186658 -0.537937749111 1.28224940801 -2.09334474438 8.39208893073 -0.482144375998 -1.22741499791 -2.01911977728 1.26449336202 
6.80714531463 4.37231308742 -0.432613327234 0.535703921419 -2.24903879598 6.39792593487 -0.0970829732714 -2.30423014579 -2.92743695723 -0.303688427944 
7.61058008826 4.51375752166 -0.910293939978 0.911266575983 -1.84854589983 6.06191737576 -0.363654633769 -2.33873631856 -2.55091452904 -0.744817239346 
10.60966259 2.06827482492 -0.39118935044 -0.400332864205 -1.58297347722 6.0359042604 0.236578416611 -2.44014453808 -2.84747567942 -0.372778034514 
14.4619167796 0.643086000154 -0.68386878358 -2.74389043675 -0.658111628786 4.50701423492 0.958250423839 -1.12759995359 -2.7841157031 0.188635018204 
13.3836054804 -0.0947868296028 -0.386667239112 -1.50415907687 -0.561584055034 4.34853870842 0.269812853861 -0.761659928675 -2.7120982916 0.391076952201 
14.7006869757 -1.38082979664 0.527509026471 -0.330770051245 -0.961687359582 3.11277689648 0.959438217736 -0.219729862853 -2.77065337018 0.218296473492 
6.23012006642 0.186751954835 0.698111523672 3.75594550024 -0.146085596243 3.49291697107 1.15088553932 -0.663156963688 -2.1764118807 0.180941073909 
6.41341954979 -1.43110815869 -0.14995229869 2.81798490319 0.43399077941 3.46336396644 2.09012563491 -0.716850624737 -1.11139805332 -0.610847171539 
0.775694606219 0.634100033567 -2.87715202474 4.09672783759 1.20613397217 2.86723745956 0.976683543691 -0.131821489702 -0.306914132699 0.0806925335033 
-3.64119895428 -1.45849041693 -5.12571104757 2.89062247172 0.882623691767 2.4064822444 2.01411624811 -1.66468874734 -0.214207877143 0.699629958679 
-3.19221599343 -4.57724872197 -6.32248123885 1.20082192287 0.751510329089 2.9826725152 2.78159132822 -2.60455044285 -0.0785733571792 -1.20516465015 
-9.73942181533 -0.818398495143 -5.87541158198 -0.286552963525 2.06976807019 3.46355549443 0.51329341191 -0.0183670833797 -0.46008388563 -2.39888104617 
-6.11896391323 -2.17304814668 -4.83473547058 0.822590579524 1.80858649511 2.78398811956 2.01564859888 -0.356255574542 -0.859981922056 -3.84556948927 
-3.35855243325 -3.14611633693 -6.67755442213 0.46121199208 1.88546422825 2.44413826 2.73826414543 -0.459117120354 -1.27911211925 -2.36734393876 
-12.0071773459 4.21495639077 -6.80831474658 2.22794139077 2.44852794633 0.502192763045 2.21526136705 0.125993503373 2.69184668033 -1.67515815327 
-16.2383544868 9.09129716943 -6.44834916455 5.05979522337 2.20813394609 1.14230954352 2.5716181512 0.874070838789 1.85734931023 -2.43390579984 
-14.3359440316 8.3336632319 -4.97299380894 6.06498916346 0.954009000644 3.14555247275 2.25905747491 2.0442300023 1.34247620455 -2.31348600187 
-12.0530181619 5.28971948125 -5.16372774157 5.41020357734 0.105806259156 4.00924221373 2.45745663845 0.501504841812 0.506617081491 -1.81911764733 
-7.56085030077 2.5139951343 -6.2354371696 3.93391681454 -0.609803682446 4.0868339735 2.96497667924 -1.00073447942 0.577617071666 -0.860068580682 
-9.43894121424 1.45033151961 -4.93504642527 4.28243856258 -0.481489433729 4.54505734995 3.03305718367 -1.40362250267 0.338663251036 -2.89770303989 
-4.71453046756 -0.911666129906 -5.91427056021 1.49940430337 0.0720270487384 4.09356103386 3.97918467272 -1.8502739868 0.912389409138 -3.52442221247 
1.99213327019 -5.91022327272 -4.82762075291 -1.76405015817 -0.272627142773 2.21447721123 2.77903218795 -1.50646236853 0.140282753504 -3.6308609829 
-0.108609299893 -6.03029910504 -1.82499545783 1.7573467333 -0.470647997516 0.832489604849 2.78840368661 -2.72175733084 -1.03519132454 -1.88745194511 
2.21280790818 -1.69410175873 1.06434524048 5.48585794154 -0.345383339327 0.962247289257 2.15781832465 -2.34813162135 0.0116832837593 0.548477754056 
9.39712817662 -2.08423394742 -1.80419243183 2.86780490704 -0.114204514075 -0.298885404427 3.41176442621 -1.32781610502 -0.213414575168 0.00997459897148 
10.4247981533 -1.72398373289 -1.43834251684 2.12720714398 -0.831300483373 1.14150239541 2.23746090388 -0.609901154685 -0.814858959082 -0.424505731429 
12.0807682571 -1.0000387268 -0.193550582437 2.3762892457 -0.962446537989 1.21493260313 1.5799545721 -0.525643778752 -1.05256831498 -0.814417665567 
10.7606830767 0.65125655352 0.769227204121 3.50203308646 -1.32421004849 1.17620552382 0.974255008836 -0.44667184213 -0.85759703421 -0.0221734755384 
8.29683516974 1.59744667573 -0.779910316045 4.35109442554 -0.827362904155 0.322503141094 1.87795451523 -1.04508035797 0.180165882106 0.777248942508 
7.47936683795 1.37712538048 -1.126021803 5.25381459405 -0.930504025205 -0.975352429994 1.83473801437 -2.60414886332 0.354366241115 1.81075215424 
6.0558257941 2.68172175963 -0.462586843327 5.54223590191 -0.54444212087 -1.01068141741 2.66596068248 -3.07246027973 0.692960738643 0.59409572418 
9.05809212592 3.02880393364 -0.310470580147 4.32093178987 -0.39740014954 -1.30800441997 2.51738502057 -2.43721054452 1.34168497178 0.857106636928 
9.53895560974 3.25753887152 -1.70996061055 3.44355996435 0.163474606208 -0.806519596448 2.2750953722 -3.0198536806 1.18437541408 1.17645158421 
14.4394988623 3.32936580131 -1.71061970623 1.06436806071 0.902835650526 -1.98365205197 1.85878212471 -2.24325756533 0.819479962116 -0.00461646215876 
15.3886486638 4.32960079863 -1.40856781362 0.0940955635532 0.302327352546 -1.25642720728 1.14996619429 -2.12504258479 0.388733936947 -0.0633373116649 
17.4102001195 4.17014602676 -2.97510852522 -2.92901849142 0.947309817839 -0.925007482268 1.44878541777 -1.45141518971 0.697036398203 0.214718986897 
15.9440239123 4.26034851519 -1.60828224384 -1.7045548719 -0.426830298975 0.742213835909 0.714836523422 -1.64067359756 0.148388230407 0.635378476997 
14.8465936189 5.0720620737 -0.816505630805 -1.96215974796 -0.0586021820857 0.760440641635 0.353490636325 -1.34568962979 0.31663944389 0.388116071323 
14.1825419367 5.58836681766 0.701394049221 -1.0000424835 -0.478771150197 0.956453808298 0.47396957776 -1.78745777261 0.721529330112 -0.376496620648 
14.6987220397 5.98112797077 0.317948690099 -2.6008128218 0.300049492714 0.855887683891 -0.38824756903 -0.766664967239 1.09232152868 -0.38587406429 
16.0686862748 5.3474849987 -1.0006777504 -3.40818629446 0.680760421964 0.507432251649 -0.497733998652 -1.76708240017 1.29160259628 -0.600025524426 
13.7427520234 5.06397868037 -1.31676016575 -1.90475505335 0.883311148467 1.2047672764 -0.414358035557 -1.88243781232 0.859726929382 -1.18197381789 
14.9053340636 4.88692696823 0.432066456909 -1.34270544227 0.517839813096 1.43661247719 -0.886785820652 -1.72961079805 0.0418580937091 -1.0824850222 
14.3344680823 4.54636138513 0.491148384613 -1.811305107 0.934374606535 1.91690972889 -0.645427677816 -1.16252662112 0.205530596286 -1.02936544858 
10.4914965764 6.00909432122 1.13239056287 -0.451204025461 1.36945551993 2.79814182331 -1.08733157306 -1.0632965494 0.607131969979 -0.501895451575 
8.58658371032 5.60522030567 1.18198369741 1.50771798699 1.39332631239 3.36700579431 -0.733244725156 -1.36305069688 0.903138440133 -0.731952287429 
8.026322851 5.56211230477 1.29206877316 1.26887537591 2.65481470137 2.59125314705 -1.43290757741 -0.606017652183 1.25427565614 -1.31393460301 
5.12119762677 6.47001055096 0.78543728896 1.64033351102 3.95442067313 2.00226566352 0.539243919319 -0.850941297582 2.18777422371 -0.41644260128 
1.10112711472 6.94061554312 1.94407424004 3.25078979031 3.85106836264 2.59719577679 0.880329295071 -0.390508250345 2.65305396252 -0.445835932488 
0.310301935798 5.49915742529 1.6321973374 3.21995071719 4.33546579064 3.28433492855 1.37585125551 -0.905585880362 2.20296305216 -0.147257827779 
-1.97403415831 5.1957386805 1.12769287541 3.08456639733 4.64005141997 3.69023546416 1.7825567485 0.100668335114 2.09995516535 -0.479821489676 
-3.90822523467 5.57793929053 1.24620903093 3.19563890449 4.9350740927 3.66731098563 2.37637540444 0.636784836113 1.66985627891 -0.251068511935 
-0.687885579256 2.98330756983 -0.127020538866 -0.568516691006 6.37685177459 3.33653793201 3.0421323613 -1.54734320227 2.14383313444 -0.070883986 
-5.19061087284 -0.14311195224 2.18053450593 0.228418327932 5.63237558394 3.74956552856 0.677570636599 -0.585931528972 1.04005798947 1.03424761419 
-7.87600778017 -2.19864813998 2.96114915408 -0.410687435788 5.56606272522 2.02829711557 -2.72076078062 1.40597144379 -0.0822721271861 1.26344332224 
-12.9330900361 -1.77986138541 1.89745757705 -3.77373698665 5.1242229011 1.71167339902 -1.5363590288 1.76481325668 -0.843521236908 1.99833179907 
-16.8366497199 -2.78938160864 -0.910007020131 -4.94873137784 3.25026670903 2.39790556707 -2.19948690379 -0.326739841772 -1.51837322575 1.33698962426 
-21.4923476922 0.722213058601 1.62482831971 -3.99372984349 1.56761736951 2.02098795523 -0.925924710767 2.37028670222 -0.595114814383 -2.36435874032 
-19.181805117 -1.40381680021 3.74285085748 -5.36934544999 0.693158674962 -0.249251458154 1.86018259979 1.37660784225 -2.19431920935 -4.86619316932 
-27.227406254 4.28098274388 2.6573800008 -1.75138293469 -0.569031838992 -1.16373528742 2.12901375804 0.75792993941 -1.50013802792 -4.7162334467 
-29.8744841217 4.99414234497 -1.6310975416 -1.11974666591 -1.32635843694 -3.68100297964 2.75974903712 -1.78205618421 -0.499752669426 -1.63594093168 
-31.3466611613 8.41824984326 -3.11220093722 1.98666207713 -0.4420634661 -3.92658485476 1.43723616453 -2.86238047211 1.03230991527 -0.339643485977 
-31.4931928212 6.54167106904 -3.43374654388 -0.200818517154 -1.86481926308 -4.60887284942 1.07344397201 -3.56674822912 0.158653603528 -0.405099541061 
-33.4755108269 4.596923457 -1.92215883125 -2.57940921947 -3.23259996141 -4.20578820215 0.350008503975 -4.46499063358 0.279152832025 1.49789657574 
-33.3988984145 7.53654389603 1.3059038581 -1.14308314268 -1.8897392001 -1.78069015878 3.28825361647 -0.725094609181 0.785659995193 2.15267775185 
-32.1958568023 5.73541259536 3.63731981433 -2.29560370717 -1.56298078237 0.106199114187 2.34261055289 -1.32256127896 -0.36675218273 2.13970956616 
-31.2130094386 3.27850763054 3.47235351298 -2.44524706475 -1.9402650645 0.158822577437 0.817256601641 -2.52925099533 -0.587664492881 2.93703603024 
-31.8841393751 4.44815464085 2.80211367993 -1.69533288537 -1.28305423443 1.19213714883 1.44514225493 -2.78550587273 0.569671695208 3.26325753586 
-23.2288170375 -0.0902949117117 0.810211186981 -2.65515179382 -0.128180330521 1.27625919768 1.26208091025 -2.32884987195 0.375624330317 2.72477668096 
-21.6925722004 -2.41623868993 2.09067772842 -2.77366601309 1.75891262772 2.67562951091 1.44211751432 -3.06633974835 0.79872483056 3.45964064276 
-16.9005284866 -4.67112493341 0.157575802419 -0.988035507933 2.52294988117 2.01806226995 1.13787566158 -1.92733171287 0.431819402877 4.23267213687 
-10.678012411 -5.84798139233 -0.652082370066 -0.427212325351 3.51880490424 0.96336507937 0.875493398063 -2.57730465672 0.737307247651 1.58665639071 
-12.1101888963 -4.6771051681 0.335241427141 2.24046292683 2.40301725627 0.598928895386 0.951496448915 -2.76566062277 0.493398994192 1.55568917947 
-7.66904078913 -2.44704546863 -0.274345584573 1.78482795982 3.76132536287 -0.0693335779916 0.767432367649 -3.9271341281 2.16441828359 0.223817959771 
-2.04610187978 -0.818308413198 -0.882283299665 -0.263240194505 5.10753178324 -1.4088912546 1.76927892059 -3.18813063199 3.58412695436 0.0507621548428 
0.455475090084 -0.262626308172 2.19271433738 4.54148705194 2.90736348659 0.167685714755 -0.0804883595542 -1.99155012231 2.27496955081 2.12839188753 
-0.904432145438 1.32706806461 3.89584818564 6.11143156359 1.96798383907 0.921940799254 0.0350738298822 -2.52053643715 2.18678479675 1.12718322174 
0.880938925993 1.34375156556 2.49382268289 6.03410633516 2.20577966328 1.07626772934 -1.33722961049 -2.54321387104 1.58010941301 1.44381792668 
-2.34894531056 2.7907942174 1.25377980065 6.28966405523 2.31789343773 0.931766659265 -2.12109018327 -3.6528687218 1.99569982331 2.63798593703 
-1.39932408652 3.4158186775 1.51348959506 5.13408726787 2.24469640408 1.10380674261 -1.84243357847 -3.90326773582 0.918629121874 2.14487866653 
2.06381594724 4.51274780896 0.0180087739482 2.6245880519 2.17769435411 0.506091662916 -1.72182516374 -4.12445182639 2.28777680004 2.1048723707 
3.39204010086 3.66272148464 -0.927262514083 1.99587882002 1.38883505158 -0.0263815441887 -1.44528987589 -3.61247990058 2.39039053234 1.42757337905 
3.88453711069 5.03860644715 -0.57649748917 2.51926426017 0.449645044731 0.517104468003 -1.75852790865 -3.34750545929 1.24806694838 1.56600553463 
2.51368734537 6.14393792984 -0.262090316656 3.40564862532 -0.291337219506 -0.0100114697016 -2.18023098773 -3.82019922839 0.658353785398 2.43880411527 
2.03418354952 6.86212487612 0.88653626783 4.86717313428 -1.40324769193 0.251311810119 -2.05113090025 -4.45102589702 -0.014459141311 2.5645245379 
6.02216384846 5.85949197592 -0.390386927124 2.65415145408 -0.784905016044 -0.779352906193 -1.93890401738 -4.97041216989 0.176340167384 2.22427611559 
5.38638375004 6.16882768872 -0.43946585414 2.70488052635 -0.65120504777 -0.919198651772 -3.10268497839 -4.04181963266 0.0840268195536 2.73462464146 
6.31060362725 5.5118899456 -0.71551183974 1.78484874886 -1.27762341038 -0.303797002754 -3.19970270172 -4.57446925339 -0.265700612287 3.3767114243 
5.63883668261 5.38806938909 0.00894763322348 2.4558976902 -1.6310142233 -1.03529915165 -2.76002319634 -3.44577193796 0.48798918155 2.3079698173 
4.99178670228 5.73437086129 -0.180262015004 2.89086892779 -1.42177795931 -0.365496710533 -2.64134328574 -3.69661693432 0.717126086825 2.60003258895 
3.07080245355 5.27155204046 -1.15018283193 3.39354791046 -1.4708247985 -0.351518282422 -2.0050765309 -4.49974623609 1.59873857844 3.22485687179 
5.00644786632 4.9622507068 -1.77219301414 1.87631736728 -1.06105262622 -0.562129824658 -1.55830254279 -4.05530425516 2.04885802026 3.10906422284 
4.91520841522 4.34416503538 -2.04285566408 2.06151618688 -1.34637006305 -0.923639988438 -1.95743827772 -3.5190939542 1.53942743966 3.15358358871 
5.03418299844 4.40953028228 -1.77566529215 1.73869732322 -1.55273941439 -0.639549847126 -2.43585930739 -3.43176830461 1.75686147683 3.16824200069 
7.42497893455 3.74824359546 -0.610319351731 3.10095626336 -2.02604957511 -0.85808218111 -2.49867844586 -3.9196188873 0.526197189641 3.55624941676 
7.88794840003 2.64494791468 -1.30597764106 2.16581686232 -2.23123606453 -1.51772163948 -1.36977860083 -2.11629143707 0.247515576671 2.92615187352 
8.99512849364 1.89188411786 -0.500622290799 3.06956597389 -2.47141602768 -1.86241781075 -2.04254363013 -2.61646233446 -0.696490848535 2.6504717053 
8.94295530898 2.49840767925 -0.662106941014 2.46359454436 -1.87629682276 -2.14557129592 -1.16170409186 -2.97278466017 0.149625387306 1.89686994633 
12.8385216712 1.34046603418 -0.0732827506271 2.38858456695 -2.25879297844 -2.15600084452 -0.0884841235756 -2.96723716664 0.122405258738 2.09896697076 
9.37449853802 -0.970578074296 0.689110066236 4.52805289666 -2.18032884758 -2.15751660473 -0.252198317089 -3.02719536856 -0.824583565462 2.62938823865 
1.88962282506 -2.63508580852 1.12206508486 6.40745441259 -1.38042475787 -1.29218164633 -0.947386541495 -1.50837700082 -1.85935681904 2.11946396123 
3.06657400783 -6.21670616509 0.880182052277 7.09935679974 -2.16304079012 -0.400229715771 -1.14616511632 -2.39327584105 -2.7871251529 1.05805704184 
3.83237555379 -6.19443541025 -1.62237045193 3.21340721144 -1.22146014575 -0.713731876031 -0.946756030209 -1.04548593326 -1.86439507327 -0.456370509749 
-0.716615859929 -7.18974068981 -3.66610428101 2.14218430892 -1.45221434519 -0.374642957763 -0.902261129006 -2.56449456527 -0.871380979064 -3.12367655521 
-3.25427626431 -6.77188503153 -4.97085583958 1.7906516992 -1.90986412046 1.34032290486 -1.54620726406 -0.914774360659 -1.97061358644 -3.54616692329 
-11.6496772001 -2.955767905 -5.53990634494 3.23074194028 -1.38123312281 1.07570068784 -4.30091984968 0.945084844947 -1.12417689893 -2.31115337236 
-8.30867704023 -0.979528313344 -5.28755633741 3.72825627681 -0.202540582997 -0.263278128968 -3.88726081119 2.81853387519 -0.632563525142 -2.32633816328 
-8.81225110351 -0.266298552946 -8.65924179283 2.5940051636 0.15037071295 -0.389855495793 -3.47375097196 1.52915136211 1.20110973388 -1.19088866532 
-4.08635760974 -0.43998386416 -10.9580009844 0.654663354224 0.825197297557 -1.78822304393 -4.60949021958 2.60092019147 1.45531016799 -0.135389284794 
-7.97087702679 1.08790599435 -10.5454726871 1.91070051692 0.627277338131 -1.00181617495 -2.99382046138 3.31828027912 1.25652207103 -0.613354679785 
-9.69893159488 -0.254153737002 -9.69766290156 0.773371223411 -0.346589590692 -0.516295527455 -3.8104555603 2.91091803448 1.0538185169 -0.101978750025 
-10.1906380353 -2.62078768235 -9.31702955804 1.81675795019 -1.18633115798 0.527577457093 -2.41129844031 0.756392419282 1.65033833962 -0.681791861983 
-11.4379281599 -3.99009844844 -8.04632416657 2.96778444905 -2.73557942049 1.37955051653 -2.50010141593 -0.108904795739 0.661623205715 0.0547776335468 
-13.4989467789 -5.77999841755 -6.15456633936 3.65374090037 -2.142523094 -0.0909262431354 -2.96706138482 -2.36389320043 0.191606459673 0.0875772778371 
-9.13622441477 -7.03746595348 -5.01875164352 4.77295998691 -1.52762836434 -1.66993981126 -1.56841378577 -3.05722393491 1.19202627196 1.56570386055 
-1.9886998454 -6.61548725198 -4.30032622799 4.141542374 -0.317510178181 -2.85656860537 -1.21177981437 -1.8883312068 0.789133326588 1.53352993278 
2.45388466402 -5.24884418102 -1.61051918939 5.4482424889 -0.460413127659 -1.77198671125 -2.82146086205 0.0439733460692 1.19139827465 1.38668515522 
7.53450181035 -5.5019638524 -1.21439878395 4.61514435835 -1.47154340606 -2.1460708292 -4.22330698506 1.42961369652 -1.17905319545 2.6433985254 
10.6091478271 -6.16469402161 -1.04075827196 3.18651565188 -0.738943637475 -2.49175180499 -4.7473891611 1.01342132492 -1.00561405559 2.26872281256 
8.55361971994 -6.47610941213 -0.798526252024 4.28893720197 -0.941138983067 -2.06642286693 -4.44501949873 -0.182928736513 -1.2626303785 1.81008958155 
9.10550349524 -3.61095615205 0.227005695446 4.78739635321 -1.38891032282 -1.90472928674 -4.83201661539 1.14323785658 -1.36432484481 2.00093207926 
13.641510993 -4.57341192406 -1.47877811566 2.6663312424 -1.02250258356 -2.96675778187 -2.83325074803 0.494299533836 -0.981108566057 2.03486599525 
16.1224445875 -3.47824050241 -0.665501800257 1.58222154622 -0.217413305215 -4.0491988304 -2.48278774001 1.31786582883 -0.487344994228 0.389049150412 
13.1922565601 -0.73738094486 -0.385784346512 2.41002491529 0.581978289965 -4.80185213717 -2.56301819542 2.09950105851 0.0392262055705 0.2810692971 
12.5902702472 -0.907627929211 -1.07785240379 2.58215475911 0.407651970868 -4.44525164984 -2.86416059706 2.05855263387 0.0469173111885 0.70991859871 
14.7250673745 0.0031755183699 -0.261929222503 1.83535746616 0.513072770135 -2.5930487024 -2.36842658789 1.04239091834 0.432786796349 -1.35788129163 
17.3738445352 -0.280995874678 0.115560853958 1.1857669465 -0.357447822742 -3.5140205151 -2.17203356559 0.216109401965 -0.727359158178 -0.0506162589213 
18.5096460605 0.0897451595799 0.0308611442481 -0.562259856405 0.814378209517 -2.66868930085 -2.48998536125 0.818176315404 0.0307007390727 -1.26172671599 
14.7228870734 1.51664346167 0.408042972171 0.660526836299 1.39466897208 -2.04590783035 -3.19212224324 -0.221885222008 0.0291093660246 -2.32561869853 
17.3834560587 1.99602404247 -0.424774667357 -1.61419327632 1.64581296541 -2.77563949344 -4.25146690418 0.224751053906 0.299593456684 -1.82056845062 
14.6838061313 2.67089464863 0.956671916304 -0.0599460389191 1.36734547299 -1.07532675592 -4.08920064073 0.453151373398 1.11023632805 -1.88454362867 
16.1058234416 2.21625513785 1.31983264245 -0.497426270632 1.39943413279 -0.805351242378 -4.34424469668 0.875383597594 0.612370355416 -1.73892599561 
13.890201192 2.67452102224 0.902107065855 0.26548424579 1.53967375557 -0.812806014981 -4.62460485837 0.167799981586 1.36842272528 -1.60927670909 
12.073784435 2.82330165429 0.872460413318 0.682205468728 2.39706580593 -0.0969836583281 -4.92160247527 0.969362986552 1.58568365119 -1.34298393284 
11.5649484611 2.54488679885 0.742734408109 1.11734386316 2.03742247405 -0.110159597463 -4.1963569733 -0.0384697373877 2.1868043118 -0.779317808867 
10.6075605463 2.74053979603 1.71527796925 0.45088805324 0.919505500718 0.96714873343 -4.84542993932 1.40526509255 1.53013061311 -1.10686336935 
9.30176451732 2.90687204856 1.751733825 1.00701793358 1.53439702102 1.01133454377 -3.83764810634 0.975863210012 2.22272435449 -1.55971278377 
11.1203664678 2.45498062306 2.05114253894 0.937548817642 1.47318088089 1.19724229814 -4.22084103902 0.69189782592 2.07340879009 -1.7895436289 
8.73926625132 3.29795554895 3.19858093912 1.51829884171 2.0611558197 1.65635772633 -4.60452597747 1.35688357921 2.26141127022 -2.15491074112 
8.01685490851 2.36884929625 3.26462099178 1.74273972637 2.65236892982 1.80908404364 -3.65439668735 0.744547732468 1.93478062636 -2.350961601 
7.02770097023 1.17664449963 2.34386966101 0.637920126318 4.00364578962 1.66700208576 -3.79604592811 0.92790658871 1.68136751856 -3.03537939334 
6.44010201787 -1.30515628805 1.37872417159 -2.228254028 5.15656881371 0.938646716331 -2.22405556067 0.608570580111 2.57766279265 -2.25853705804 
3.95854827641 -2.59863218439 -0.414165734192 -4.29755985575 6.50298388173 -0.283855645418 -2.61626453212 0.0765697230838 2.8274707741 -2.14976773188 
0.649878835805 -7.0043139135 1.01672511369 -5.80446822253 5.80144806257 1.0710034696 -4.38014204666 -0.306353532988 1.30167622997 -0.604999284262 
-3.74472778968 -7.5678121378 1.44558860832 -3.42467414697 3.91610622819 1.10768803021 -3.32598780644 0.449700517345 -0.573289710705 -1.3701817639 
-16.8935479935 -5.12145114381 1.16722464963 -3.56365647727 2.34707664618 1.03106875724 -4.5625874813 0.657840593639 -0.654839670394 3.12931735929 
-19.0853256997 -3.06973565383 0.349249321875 -4.21474953378 2.25156359291 -1.20002334382 -4.16495750175 0.242536654953 0.0648194950493 1.09337672805 
-23.6087902181 -1.27614806601 3.23330969054 -5.01846794868 -0.0873863146741 -1.5933035673 -2.69172395128 1.1768111741 0.0720405055264 -0.25468690038 
-26.0412945119 -0.241363148714 0.894329753978 -5.71380982466 -0.459437547936 -2.80122732313 -1.48322544283 -1.73251605715 -0.00426444945319 -3.02431774114 
-26.7566335424 1.76499093184 3.20526055338 -2.67294200641 -1.06066067759 -3.87720360241 -1.1401754908 -0.0414854281353 -2.55200641461 -4.43843516972 
-31.4165239738 4.18188416426 0.125461596747 0.11713591854 -1.68992381925 -4.58212555808 -0.803408605558 -2.21724101558 -0.405123264305 -3.10239244872 
-29.3858012308 6.50518462665 -1.75007260002 2.16672486688 -1.40602428909 -3.90681295309 0.506945305 -2.69930566499 0.961799061128 -2.33216533793 
-29.6028139355 4.97687432503 -3.21682330139 -0.338289498068 -2.07589502252 -4.75893000322 -1.07928280669 -4.47285760634 1.04443104723 -1.61714380726 
-31.8428690535 4.95409916365 -1.24548597772 -1.30170407329 -3.38959527896 -5.02402099719 -0.815510017709 -3.38469541724 0.88077396016 -1.49689978475 
-30.7995856402 4.85036245916 1.06241261241 -1.51396400898 -2.62439091855 -4.41418328028 -3.34666353797 -0.688789786178 -0.27842720343 -2.58127104793 
-31.7678550702 0.81855946092 1.57543360786 -3.32759606216 -3.04868444668 -5.13511977299 -3.88791309731 -4.77329790678 -0.927206801864 -1.39628067038 
-30.3574434919 0.495866857713 3.71264366772 -1.81918322267 -1.73408723944 -1.72461609306 -3.28087922873 -2.00695860908 -0.477869819113 1.89866969128 
-25.4264975299 -3.21663344383 2.76215880239 -3.71650029393 -1.14317407296 -2.52029779979 -3.15995036842 -4.09287070442 -0.590580526662 0.918356105154 
-17.3161783216 -5.01376692983 2.30752657682 -3.3756176404 1.17261709821 -1.25264965185 -2.34860469126 -2.21802762051 0.173523034162 0.779971552283 
-14.180048547 -8.76250593795 2.43083553372 -1.37605350781 2.01451376238 -0.923561437987 -0.814289092419 -2.50048107577 -0.578196124906 1.72937281044 
-7.29351604702 -11.1544703275 0.43930565907 1.3207522091 1.79386565325 -1.1852234734 -0.702002242552 -4.13259325152 -0.237142147592 0.655132995987 
-5.8209965858 -10.2707853933 0.727709560925 3.12099393403 2.27096179377 -1.34646884533 1.90834499816 -3.97830099512 0.508565034491 -0.930636179938 
1.95588404002 -9.75666583481 0.431667350083 -0.0199820637917 3.8422939047 -2.26549035578 3.44730144151 -2.23627371492 0.778347784526 -1.18054673777 
6.80215720502 -9.32296710875 0.255628683268 -0.598909020794 3.75366608168 -2.37560933131 2.6356455491 -2.76355539376 0.445193687933 -2.0433035364 
8.65920647128 -7.75547999645 2.07567608622 2.60417671312 3.1957968203 -4.19754235486 2.69567179132 -3.82385923744 0.600791174582 -1.66055810262 
11.4595908449 -6.76876929051 1.91624536549 5.05562572029 1.63021004364 -5.5707105667 1.89090338593 -3.29748623421 0.651911107819 -1.79254411933 
9.3092605417 -4.75096243339 1.88676611609 5.60745027713 1.06422734531 -5.2353147542 0.26928808951 -2.86655949337 1.09067111782 -2.53971364273 
14.5625820077 -4.4366966702 0.436213767347 2.46517366979 1.4536304712 -6.75947647205 0.199680003081 -1.71096841016 1.30494225181 -1.83874712692 
15.3039432075 -2.17342078614 -1.7182959139 -0.939501995311 1.95179377069 -7.80680304192 0.174074639479 -0.445774956975 3.20885888958 -0.454746369005 
16.2804370701 1.31296668597 -0.783678494991 -2.5902563968 1.12996292117 -6.94691924259 -1.00684206947 -1.44584213199 2.54138049847 -0.961777630703 
18.109350872 1.14064585501 -1.07079541285 -4.79571469586 0.604052925855 -6.7210613555 -0.917570264002 -0.150782383331 1.79758539873 -2.00616421228 
19.1960408718 1.46257371428 0.298242387564 -5.33501269225 -0.786398733414 -4.12607844873 -1.02953330867 -0.0349979878732 1.20007473954 -2.3304494874 
21.1276956699 0.776943739839 0.479036937957 -4.33739912405 -2.15722249636 -1.12856877462 -0.806077666179 -1.31056517236 -0.146514422791 -3.34277765321 
22.7670493876 1.16667799573 0.195928845843 -5.5265117358 -2.88924107258 -0.789873049709 -1.84852026427 -0.96501116961 -0.144562537565 -1.58399324805 
21.1456069405 2.51451680066 1.09043501255 -5.69848550682 -3.22689818944 -0.947327089162 -2.88784808138 -0.225301945421 0.899920941621 -0.0876979712861 
22.2314212563 2.87400191167 0.103735690531 -5.93704010107 -2.73765816127 -0.789029415871 -2.2400115193 -0.544363489334 0.773992064992 0.47779087086 
19.6474223687 3.44801105629 0.18438856334 -5.22012064613 -3.27919143279 -0.425083681111 -1.80605449266 -0.377996628914 1.53892141797 1.60333863816 
17.2394645015 2.55820873782 0.269201419085 -3.90180810456 -3.93811625693 0.682875620559 -1.86690811282 0.526571055227 0.0975651511032 2.19678749296 
17.7240490399 1.63992302784 -0.82334876072 -4.47825995398 -3.60278589301 -0.376160101263 -1.5500032954 -0.176863248708 -0.341603020703 1.97800563618 
20.5288685866 -0.170011427035 -2.50792836652 -5.50009104252 -3.1109621564 -1.58456158155 0.325645869569 -1.16034066813 0.238949015155 1.59700256344 
21.0412774563 0.450711618502 -1.57079178758 -3.04692786354 -2.18458598883 -2.82640541416 1.3154829114 -3.39105015379 0.648976098953 1.15552677717 
18.0341847407 -1.6168846543 -0.61144424345 -1.87512954186 -1.24921935839 -2.87402038952 2.38560962899 -2.42947767568 0.497497590718 0.676393757129 
15.050234845 -6.72044890794 -1.78666982312 -0.444869067717 -0.345316823546 -2.18248155095 3.11528313909 -2.40289074988 -0.00518449833149 0.538921296827 
8.77788676019 -9.53490602676 -0.281949723259 2.32860478615 -1.03933601896 -0.892607743307 3.18447123698 -2.92674829968 -0.0485295930039 -0.209118318354 
12.0772665414 -14.5226287246 -3.46772015891 -2.12721206654 -1.72440815588 -0.67637931762 3.50399294156 -2.88419069949 -1.32104553274 -0.73230112123 
10.7503304529 -13.844318976 -5.04975583172 -4.47622941717 -1.19616298521 0.619774529073 2.04282644898 -1.50359577398 -0.131422334232 -2.04443603597 
-0.109082771355 -11.7199920709 -4.46813941676 0.188103508595 -3.32457093313 0.477669032099 0.944730305999 -1.05078069695 -1.22361547482 -1.46935609939 
-6.83375191855 -6.46980787932 -4.98473037922 -0.175788716236 -2.19373876984 1.83762388585 0.0471377046361 0.584618149085 0.312167607231 -2.18258913415 
-10.6572061547 -3.97272265133 -4.26299235953 2.66809794836 -1.55261781638 2.06013288654 -0.946871875315 0.682731903854 0.49328006273 -0.913856994977 
-4.55130686101 -4.8414490129 -7.09560878554 0.592896700557 -0.200669775535 0.741751612326 0.239732791755 1.84993439819 1.65369210435 -1.0419259206 
-1.60077124669 -5.41426647266 -8.11633651708 -1.20387732418 0.560872427417 -2.16376847475 1.48758201571 0.35047117217 1.72161142014 -1.91903968681 
-4.29707451234 -3.16500326359 -8.41860423091 -1.53898570029 0.702343147885 -1.75983641486 2.24811162107 0.321234886863 1.73708563189 -1.82736600964 
-6.71189652178 -0.549518928466 -8.16613915248 0.0434611323466 0.191133600035 -1.099688443 1.04528199266 1.59653065764 1.88837742996 -0.933091620861 
-8.01078893465 -2.27447147304 -6.35829043236 0.551350319118 -0.675339795391 -0.487094617231 2.1075247195 -0.335870767584 1.32407156391 -1.65742987338 
-10.104377472 -0.948887675542 -6.88638113559 0.888498235223 -0.0757168051753 1.13091015134 0.84333327331 1.68604615052 2.88914570614 -1.14712939116 
-5.91485581462 -4.62124884922 -6.49862638727 -1.03278273947 -1.29091170163 1.51427638526 -0.24851023438 2.31465513967 1.73530243603 -2.20605482057 
-2.34004519876 -5.45997878432 -6.07412810783 -3.0068139961 -0.558168176161 0.143482418663 1.06233905899 1.70803153679 2.12723758071 -2.83298412922 
-2.43581305474 -7.62802710007 -4.83890926166 -2.31488788952 -0.214916901928 0.87314061626 -0.512268104415 0.767061918592 2.24512335844 -3.47465358803 
-0.539574725289 -6.52580766607 -0.554800575106 0.30164844083 -0.75425855778 1.33629317488 -0.683470225839 3.26450125439 1.25734921541 -2.79537689562 
1.41913593892 -6.55820167167 1.92252253417 -0.316151344288 -0.133160143875 2.35467788797 -1.27758022422 5.30477260708 1.13878835784 -1.99755848542 
4.42376342905 -6.5453171886 2.86563649199 0.959871433547 -1.39570801812 2.05394646798 -0.202154672954 4.84497429882 0.675542255582 -0.302020516946 
10.4553047161 -4.11360630619 3.47592837168 0.976962180781 -3.06303901974 0.934057585131 -1.20693286874 5.97076459085 0.550853940919 1.59703339545 
14.494108977 -4.54525193458 2.58775238875 1.36991527557 -2.87337165935 -0.111742476578 -0.0495140935834 4.5009024847 1.59133441658 1.31314117191 
16.7297680113 -3.32858115147 2.71104648058 0.632730396272 -3.01856376623 -1.13205469802 0.223549661817 4.15834011031 1.65555852054 0.977108558417 
18.025778436 -3.11957350831 2.25859842564 0.492148071366 -2.9886300269 -2.34201024248 0.365553397504 5.02327353057 1.70887108747 1.16635613945 
17.4174298631 -2.35961946128 2.28972950444 0.697473812358 -2.91739619515 -3.34002326109 0.593858980563 4.24628775418 1.74834090164 1.09703179706 
18.8560281996 0.377316425622 3.3589820754 -0.0839071599378 -3.28747484804 -3.78409682356 0.894895370033 2.36365627313 1.14917115413 -0.267684627503 
22.6096304065 1.13530810193 2.2828735973 -2.352546283 -2.05414422819 -4.80633312258 0.510287019636 2.59866394393 2.41739154034 -0.427506866086 
24.0660120406 1.79570287858 1.6224916141 -4.04618123516 -2.3370310554 -5.58016132393 0.413195047099 2.02945280776 3.50637463491 0.752789912166 
22.4526124737 2.0125618702 1.64230622747 -2.33707779121 -2.59105987547 -4.7899062944 0.642802739319 0.878061232476 2.37465176251 0.116001531497 
22.4880671344 2.02943866434 0.801155603332 -2.94588197126 -2.81665808249 -4.35505889125 0.800307383139 1.16511016863 2.80695084062 1.17133521725 
23.7204755078 3.01806408129 0.461499823079 -3.94228323825 -2.7863097497 -4.36225316568 0.608975400616 0.719606624637 3.62794739013 2.50225943323 
21.7478828047 2.2260710257 1.05176536702 -3.70902067651 -3.93770353264 -2.56710165166 -1.11927039263 0.706276752092 2.57477092803 2.5276590314 
23.7828862291 1.50641590439 -0.390185451332 -5.91592974292 -3.14260770722 -1.40092655695 -2.13212256979 1.05256319034 2.99462823565 3.38853598787 
23.2926485552 1.95411711579 0.548498239192 -5.73307554647 -2.6145692235 -1.5696958552 -2.64814541749 2.02368818666 3.42722176592 2.78687192338 
24.5954238136 1.52665416015 0.282061228198 -6.78016807052 -2.39013662872 -1.57707798326 -1.72438616953 1.50794045489 3.40870514028 2.21856689131 
23.1018860737 1.55989309913 0.90848348877 -5.95467724839 -2.000518191 -1.26558105977 -2.41475590606 1.06431730804 3.62806140662 1.5660381317 
22.388059019 1.26815255213 0.395520930769 -5.34499110037 -1.61710391667 -0.984756956338 -1.56188493357 1.15444864234 3.90478184533 1.65044698658 
19.5920198255 1.94728138571 0.845782524051 -3.69436058969 -1.15311662507 -0.873266919276 -1.36609405066 0.291504525681 3.26854183924 0.874435223965 
21.9041291626 0.80065058335 0.57573249442 -5.63885418936 -0.687565162181 -0.568821229096 -0.922317197366 0.0284763640177 4.21153824815 0.437280158315 
18.8326165462 1.47016418134 0.392927436338 -5.63110816411 0.502482354085 -0.293485732232 0.024387778503 -0.284830008938 4.61830145897 0.544987131433 
12.54800022 1.13423964899 2.74638864023 -2.83187965172 1.58653723123 0.924072129276 0.767697569991 -0.18399576995 6.29236258085 1.46829634887 
4.71561446467 2.30922650182 2.79105370248 -1.10490935027 2.93587348233 1.85640659527 -0.0382988855443 0.509226680938 7.29078915489 -0.0524908851023 
4.22202700654 -0.819597005875 1.71004481119 -2.3893308437 3.68328827935 1.40047519237 -0.605455387022 -0.416379375147 7.57413459401 -0.321575984287 
1.32153459548 -0.42957648396 3.09909345004 -3.62799154593 4.69084318865 2.13534834087 -1.13564405112 1.10092083003 6.83288019246 1.30952810876 
-2.07801244756 -3.33819693578 2.38652305278 -3.9612439554 5.09671218644 1.16113574119 -3.76563676347 -0.109453123895 6.05659478169 1.54407946448 
1.813245822 -8.68423326893 2.93190370021 -5.81120309352 3.49877998691 0.968632711998 -3.59265532484 1.64311751402 2.57939481061 1.32994239087 
-9.04382410548 -6.04802937016 3.30687093754 -4.86194715519 1.73338467192 2.16217777809 -3.41051675738 2.58073344224 0.530423187744 3.06398207754 
-16.9734000361 -3.74531792348 2.85994589549 -3.65538136402 0.321420897481 1.33535908937 -1.36583905725 2.58832807612 1.76320702286 3.56448399876 
-22.7754765653 -2.09589128061 4.91868272651 -3.86377897525 -0.730644187999 1.31488359558 -2.54776557181 3.65714855151 0.0231166371269 2.28005926418 
-22.5540278734 -2.32432592416 5.30202309743 -5.34716491187 -1.89534109192 0.119902058109 -1.36776921327 1.98056327775 0.177410722024 -0.140227025131 
-22.9423483006 -1.79261526862 7.51805767621 -7.15537688717 -3.45414176065 1.28296750312 0.28805808089 5.47368563353 -0.521637822195 -1.4712355918 
-22.0496612381 -1.10611170048 5.9101342415 -5.66228713293 -3.24875316554 1.04386302776 0.296222745455 3.11475569941 -1.12301987603 -3.80840872657 
-28.4251228803 4.16171799918 2.64010506617 -2.75730383082 -3.47481206815 -1.44727380164 1.1186970362 2.64632872696 0.0993607340905 -4.8761473769 
-28.231375878 4.65497586778 0.16043450138 -0.40426963157 -3.32851440323 -2.30592802856 -0.359718970437 1.85747812668 0.387236148345 -2.95028434173 
-28.6363087021 5.96987553338 -0.214345364366 1.04072132801 -3.43757259737 -2.02508012647 -0.232732769659 1.46213259009 0.603710719689 -2.29678943047 
-28.3137061525 4.66654410148 -1.13821668406 -0.630389431086 -4.29266210528 -3.07441807451 -0.46598898153 1.40317476346 0.458769655822 -2.81713908847 
-30.271714037 6.19117644584 -0.0369571751189 -1.29758373782 -3.76065936326 -2.92033781404 0.837005512385 1.54139197032 1.42629960121 -3.8706237616 
-29.5859382631 5.61153294171 1.54395023276 -1.03310660625 -3.51199601159 -1.32058479064 0.0671247051623 2.62171273462 1.39918763092 -2.91994791374 
-30.838534233 4.8413900444 2.68804283193 -0.573371842143 -3.69518657832 -0.221463215423 -0.741339762952 2.01103679326 0.411989110857 -2.19690948156 
-31.6088728162 3.07674929954 2.06245278187 -2.58871004278 -4.59603569054 -0.901369369328 -2.05691215031 -0.506969057936 -0.646114027784 -0.286931550677 
-26.3798053181 1.23610092638 4.75096577628 -2.39793269863 -3.303958825 1.01129040517 -0.934201980987 0.32370665815 -0.667288817628 1.24795710809 
-24.564304479 -2.24346468655 4.7698228472 -2.22017181817 -1.92551573248 0.367836181037 -0.639826119549 -0.901260902412 -0.221792246261 3.73832627561 
-14.8091424244 -4.94842669901 4.93869334706 -4.00400342018 -0.373736772191 1.59297903098 -0.642396836659 1.86792413824 -0.492407711869 2.47017511316 
-16.1815194356 -6.57838845608 5.25615737725 -1.64870271729 0.789113570924 1.772693409 0.70406536013 0.816526552966 0.680849314609 3.92454685876 
-3.57981613182 -11.841504761 5.09953000143 -1.29743777488 0.965303587353 1.53180055629 2.15911085821 -1.74413729052 0.48123588772 1.27629480889 
-2.04898635841 -11.5972902024 5.70756934882 -0.00315472945981 1.16441637046 1.16318091504 2.67126822277 -1.9516596243 0.739062464404 0.236102228148 
-8.24172450382 -8.8081598391 8.22943740159 3.29110238613 0.296931487757 2.53048376309 1.62228805179 -0.194176894989 0.893765663962 0.605736945972 
0.958113344679 -5.4321180309 5.52115664551 2.18690426542 1.52985100343 1.33418110109 2.26832947994 0.0478877557182 2.00127258652 -1.42710024701 
2.90106969392 -4.2861109107 4.70282962039 2.06676448391 1.98147677942 0.715784319248 2.73329292934 0.769829415832 1.9372279693 -0.565700910746 
2.22435935797 -1.70489855987 4.21885709621 4.05823960975 1.65663597008 0.524121700779 1.44754587575 1.49924883656 2.35442125743 -1.53829232249 
4.5566725231 -1.92376110069 3.66178669977 3.78747399385 0.976279132298 -0.575572627578 0.464187580651 1.75475388061 2.41055650329 -1.76988790727 
9.99245280779 -2.14218445205 3.72581494074 3.13841546608 0.41850312578 -0.843721604344 0.849879470931 1.40568279483 1.87826263148 -2.31231718957 
11.6913785907 -2.2335372521 3.77704847916 2.5304353084 0.0851853980494 -0.541052002659 2.54252242172 1.77028226613 2.43989896592 -3.20159723214 
15.3504575824 -2.58290423885 4.08438940274 0.940484530852 -1.40310235138 0.394369309662 1.98384544019 0.729501838064 1.84295337783 -4.03702461045 
18.2303595295 -0.232541859014 3.01399914758 -2.30192470097 -2.35257068916 0.0901945038598 -0.808544532944 1.0138632309 0.800823804752 -2.56403614251 
23.603901663 -0.38876926271 3.55737137184 -4.39657256594 -3.89271835074 0.942689338915 0.564679796423 0.736097060913 -0.276247904728 -3.72101555972 
27.7503312712 -1.1157542438 3.58825088796 -5.85057521067 -4.93081945739 1.73520905869 0.391375558149 0.663548705601 -0.795413801966 -2.71362043733 
25.2167683465 -0.598132122159 1.92074349707 -5.5835587481 -4.89653971833 1.81623159519 0.335058688497 0.249146787531 -0.357568970505 -2.27681585082 
26.3670082905 -0.485845646211 1.14308125731 -6.79951481001 -4.31245382784 2.12088707605 -0.133120838548 1.29610898399 -0.148020167466 -1.42630121544 
24.8962648785 -0.520961109757 0.208752552266 -6.57507605438 -4.470175263 3.16458052964 -0.0502886065071 2.37939131243 -0.204290994481 -0.399059486294 
18.2122429235 1.26955398265 0.739565858404 -4.09227008956 -4.29942761827 3.61203928632 -0.905077527369 3.19093559515 0.389670723605 -0.00710387386203 
20.1438355523 0.151560183276 -0.0435394867574 -4.84241326533 -4.32575108578 2.63968478244 -0.763751980551 3.06270618489 0.583883496045 0.154643294529 
19.4511641063 0.633716110612 0.492451568208 -3.31024378977 -4.61478116239 2.3325961578 -0.485005304739 2.68107284984 0.399541662563 0.64541152616 
19.9264158079 -0.0262589526863 -0.0609850294511 -4.07696167268 -4.30646929577 2.27518670558 0.582973129016 2.74740049316 0.0288275421714 0.0670328184063 
16.3166330878 0.538163308417 0.618843361311 -1.35858696312 -5.08511661799 3.01635857887 0.921232836846 3.03563990566 -0.480240548295 -0.243944044875 
16.8368367941 -0.263391415137 0.86960432369 -1.83113449444 -4.92513866192 2.01264548571 0.985525361498 3.02406797683 -1.55918293284 -0.337740657555 
15.9812186591 0.364950830476 2.22588736059 -0.986748585042 -4.7875070268 1.86452774493 0.24185651588 2.83875065885 -1.60700987152 -0.052519819043 
17.9427563062 -1.74858796875 0.938601335492 -2.62249880067 -3.62167126274 1.44812894697 0.125224148088 3.46666133829 -1.52801654906 -0.14877441763 
14.6644476081 -3.43328252767 0.77552865972 -1.36009550368 -2.65338802558 2.10987245879 1.83747460509 2.90358538936 -0.377256007309 0.0376834453677 
8.28623622569 -3.85034217453 2.52092744472 3.17747408591 -2.71947710159 2.62929931983 1.60094883215 3.02469592114 -0.911743007903 -0.232245331678 
10.4900196498 -7.2117867292 0.491299170818 1.81639759312 -2.25863383147 1.89516431473 0.441208122134 4.30895119467 -0.0287526336831 -0.876747601977 
9.72932533032 -9.78522921155 -0.97506734901 1.11277486659 -2.37889139881 2.21726537628 1.06663944473 3.0540487214 -0.192755897217 -0.599132627095 
10.0125062129 -11.0866281561 -2.18569474799 -0.421284129415 -2.93392184945 2.79803894283 2.71459676349 1.44525782989 -1.75931669682 -2.32039470453 
2.48714428818 -11.3155883621 -3.04354278611 1.41319860173 -4.1824959284 3.75627905625 2.37115297102 -0.935634475996 -0.802116572487 -2.23479884129 
-2.54626434226 -8.35171193447 -2.88567148069 0.144026330352 -4.03438908644 4.23715998611 -0.101032745664 0.394221529894 -1.0434532511 -3.58514042252 
-3.8149328657 -4.61706830325 -4.65681470222 1.5369830607 -3.83122168876 3.10285934827 -1.10866388048 1.42148266757 -0.797188678556 -2.51913667809 
-6.38362290666 -3.67164601289 -5.99386279445 3.69389084143 -3.10698130851 3.28575061007 -1.71623355626 0.646226012084 1.28544079616 -0.548995696848 
-10.8641380006 1.6429050411 -6.62729364152 4.02548033284 -2.8387470761 1.77142060089 -3.05668508445 2.80237711184 2.55871262226 1.21110583253 
-10.4910127104 1.79548830462 -6.83937389038 4.93400267964 -2.339041755 0.375544566448 -4.43708430697 4.21438444749 2.90416465546 1.69732109066 
-12.0678704768 -1.53948351699 -7.09048831982 4.47823691077 -3.29926824159 0.812805805283 -1.61451585406 2.09829349347 2.8610826645 0.913622000464 
-10.171464944 -4.16579458256 -7.25263350529 0.218933579388 -4.16191977089 1.35286888994 -1.89056883941 0.455139845541 1.62456126594 -0.163336297021 
-2.71039075558 -9.12454003326 -5.86092367585 -1.09299407868 -3.63189566844 0.986216009107 -1.2420925474 -0.476222046983 0.992656089409 -0.406217552334 
-3.06307091148 -10.8241558763 -4.88788110807 0.524742085701 -3.95454736249 1.38885141582 -2.50017274186 -0.555947476065 1.20665267073 0.888686807181 
0.316614108975 -11.7138093912 -3.76532708073 1.11370751987 -3.35432267718 -0.693192333116 -0.557319278887 -2.10689663085 0.757094578 0.601317229558 
2.35473227047 -9.18383578215 -0.0520062376643 2.56632372926 -2.52743184533 -0.885984481031 -0.538391084059 -0.221379103651 0.798358555102 0.0831102380259 
13.6309956064 -8.83237747127 1.27077020309 -0.0280076701588 -2.23010451516 -2.02018639025 0.149937058597 0.703804821894 0.697757549385 -0.725979493368 
20.295466344 -5.9824826499 1.52584496479 -0.790691008085 -4.33334665983 -2.85077596358 0.958045693208 1.40152789479 -1.0375109077 1.09889007534 
17.9425344439 -3.66042390608 0.541060640557 0.397006051283 -3.90113484733 -3.33301381486 2.17593400934 1.66010816604 -0.116968496882 1.46829792006 
13.5569303464 -1.88825463246 3.19090613265 4.16969342848 -4.81394837213 -3.20929226248 2.55645268981 0.588962555518 -0.648329104496 1.04724258531 
13.5145759902 -0.684117135992 4.07513727974 5.7424473052 -5.12188675873 -2.76323743154 3.20725157918 0.310886433181 -0.391437142298 1.18499520371 
12.4222765753 1.80429338792 4.91270583481 5.79682570183 -6.02793405451 -2.31794936435 3.6527580218 0.495488162157 -0.166834708548 0.846402733829 
12.2009659916 2.77913474172 3.66930729174 4.56686498801 -4.89655683822 -1.57706934101 3.432953949 -0.713484340151 1.29128319692 0.0118929996992 
12.232383181 4.01431420833 4.39955209922 4.16498188375 -4.48020639131 -1.22169917329 1.79721016577 -0.751579086672 0.921463282363 0.149503816377 
15.4816828883 2.94240470592 2.52068062592 0.593144441602 -3.09386151391 -1.23473273069 2.19461498283 0.260232702761 1.31936926162 -1.23017475589 
18.7658338802 1.98368551052 2.69622446166 -0.638636545256 -3.937069452 -1.51440313115 2.53012036034 1.04821115377 -0.548572444275 -1.7331566956 
17.5165679408 2.68165196419 1.64643646187 -1.27751916487 -3.57104414266 -0.919095480854 1.23777291639 0.520659103858 0.332393426931 -2.56344006597 
20.3830544699 3.26378163943 1.81830913304 -2.55712729699 -4.08382040568 -1.04038853181 2.23543227338 -0.199514056797 0.858176373084 -2.1479299432 
17.9417764178 4.31132408258 1.78380995127 -2.27298895435 -4.21558335821 -0.626540973134 1.89541342459 -0.00798165129176 1.70797447871 -1.88656633779 
19.4971879904 3.42050395435 1.71279097008 -3.21048648226 -4.36964632829 0.0354092713428 1.81713545386 0.222656707696 1.03014116077 -1.57678843566 
16.9188560853 3.74324699017 2.28342122634 -1.99536871167 -4.13858260637 0.166735595174 1.35881546173 0.130998443448 1.4069462151 -1.54034330938 
19.0610769378 2.97015807184 1.67990783421 -3.09655871116 -3.72875499269 0.405468154191 0.838092378593 -0.550768022381 1.70694977886 -1.70622170378 
17.6120888623 1.67647398173 1.5883653828 -2.7458002518 -3.88635887771 0.653702552597 0.631598880924 -0.417603586389 1.2486482225 -1.37927516791 
14.5221064907 3.28791346343 2.3790868529 -1.20810779964 -3.24129880349 0.373804731438 0.149136232124 0.314254529724 0.748335650531 -1.12633462548 
14.6256468284 1.55431373642 2.67926324536 -0.525282025327 -2.86254923211 1.48663441539 0.527354410088 -0.749874226314 2.44034799448 -1.43862922996 
13.1489258173 0.0912962279844 2.27509868129 -0.145409655228 -2.04267407878 2.14018776705 0.736622077117 -1.89084572039 3.81929738212 -1.11327485874 
9.68576822993 0.570887432957 2.30579473054 1.32657267582 -0.402175474192 0.833506200916 1.60948705139 -1.89694085182 4.96944747096 -0.485491788406 
3.03191683412 0.122962860636 3.18369901816 2.18724987499 1.24304894862 0.870840463563 1.76983644574 -1.78614054849 5.75339972034 -1.42843417509 
-0.999911380832 -1.23964968179 4.36538921095 2.23549401781 2.14088251833 1.99632749012 1.52004544638 -1.11979657781 4.16813028058 -0.314682790615 
-5.4854330077 -1.64076404241 3.96912560185 0.797955948738 3.07660988788 2.22419892458 -0.697629658889 -0.126725471271 5.62352649875 0.867548530569 
-6.14744069263 -3.73641826579 3.83484379312 0.0875642939551 3.48489231305 2.30507564565 -0.777301838192 1.26428351175 4.35581258457 -1.34888678318 
-9.8645832084 -6.33069267453 3.12390701199 -2.12940747534 1.58417059364 2.32721397632 -1.16355878891 1.11780327855 2.70765217376 1.11303549067 
-17.2639222579 -5.25001708156 2.50789182849 -0.822976535644 -0.0183796575952 2.05827939985 -2.68804968827 0.342490232047 3.05941345002 0.148257852605 
-16.5410074331 -6.60056497095 0.847098034153 -5.6263409707 -0.981109875115 0.545169488574 -2.32419289322 -0.024850870128 2.33031965183 0.677035798668 
-21.6149811633 -5.3398476562 2.15103960623 -6.89637861164 -3.31450562164 0.620036309505 -1.58577207109 -1.02852962787 0.86731711305 -1.07498945204 
-24.5659700849 -3.86600686371 6.24205984905 -4.28554959477 -3.85668382927 1.40272499607 0.119849429979 -0.434975246206 -1.12837479568 -1.63681101535 
-27.4525490142 0.487165871906 6.24378366905 -2.98249259863 -4.09076406605 0.972272307549 0.434683957162 1.02589687255 -0.947814049331 -2.61117049077 
-29.4406611704 4.00990501279 2.56201538034 -0.806903880537 -3.74981357714 0.0022827334808 1.09165165219 -0.465351236596 0.413394685713 -2.25677416429 
-23.9340160989 2.33063022924 -0.435926905711 -2.50834584931 -3.35905426355 -0.0105368196345 2.13471726806 -1.37870637783 1.34433501552 -1.114817781 
-27.5238728712 2.51033703646 1.19399856518 -2.59774641666 -4.42942104872 -0.282875860347 0.400198100953 -1.75065369425 0.634108406622 -0.406469681969 
-29.0783971615 1.56274740839 1.38180464621 -4.30272012516 -5.03288939319 -1.47230489383 0.0090622783917 -3.55217432932 0.0807732516906 -1.70962709854 
-31.9762611379 2.9688168453 3.03730925931 -3.91383485696 -5.61584875532 -0.47696910228 -0.798340497806 -0.994377808672 0.160947895845 -0.0177011762696 
-31.4147483244 2.71715254524 2.91520482002 -3.46807194499 -4.10010459073 -0.146460171062 -1.49289370004 -0.647492476067 1.61056788868 -0.216541536605 
-28.3759721418 1.06155699966 3.1704758984 -1.8875625867 -2.88404074412 -0.0412722061266 -1.81115424674 -0.712188780093 2.12994442285 -0.431657893114 
-25.3311658639 -1.685334962 4.45596571466 -2.32632019443 -2.57089876723 1.28673664506 -2.06106224979 -0.822258144729 1.64092096141 1.26743161887 
-16.4751833243 -4.487280071 2.97224710338 -5.02205087275 -0.417813226258 1.40630722859 -0.121685627036 1.04329391425 1.39035172235 1.20153865149 
-10.0145930267 -9.60809292489 1.91716790212 -4.08465723576 0.70552468422 1.74813885972 1.04981707401 -1.63760455929 1.88069048806 1.67051540437 
-7.83985857473 -10.9359870291 2.47200808758 -3.58857061855 1.57426797039 1.62953094744 0.0151981850615 -0.203483683572 2.56876805872 2.25083954082 
-4.7207911413 -9.52971087257 2.2650457139 -2.41374748308 1.76561634347 0.735844094682 0.104044685678 -0.449673571332 3.57498170796 1.10203863231 
-0.0596687203463 -6.723567807 2.62405871293 -3.41966227646 2.74478217923 -0.280156291236 2.11495438372 1.5605681156 3.60263304488 -0.579739336744 
2.74618989075 -5.37746164312 0.917836498886 -0.306222444473 3.25338086224 -0.69899222706 3.30116225945 -1.52944436593 4.44578754494 0.679518613244 
2.29380965219 -2.52357542163 2.92361072283 1.94674691563 2.4691651966 -1.57351178201 2.1521049246 -0.805252694818 4.7120169256 0.912662425512 
7.04181663016 -1.55213074118 4.12876003804 2.54369901038 0.594156711335 0.545696139319 2.48758125067 -1.0438305664 2.71233085278 -0.82608036052 
9.87309128986 -0.96981153387 4.24207564578 1.59799732138 0.191826956328 0.663941195109 2.11738064989 -0.967889937811 3.75853740872 -1.91329020312 
13.2393833987 -0.676840574014 4.53716124552 1.21701328603 -1.07477880959 0.513554020887 2.6025338756 -1.70997253041 4.04671886532 -2.67006362622 
15.6364751667 -0.534930455516 3.89891711924 -0.249243061817 -1.54619717996 -0.469457367127 2.78526547488 -1.16667846571 5.07519016845 -2.5314296533 
13.7402735427 2.67079896615 4.36868702863 -0.00234917991985 -2.63951264744 0.725884448846 2.52824835637 -1.02337328558 4.35590304892 -0.617375293583 
16.4660507857 1.91101722087 3.24535998629 -0.964734707484 -3.43922866493 0.559573512825 2.44488592849 -1.45506476721 2.80552216559 -0.905964462451 
14.0625948738 2.71879143267 3.50401141233 -0.534221372241 -3.74357219954 1.40671779181 0.988480756727 -0.354430961344 1.85689371375 -0.38209991424 
13.9489163842 2.02550719018 3.51498600672 0.0431330504878 -4.53864297031 2.99514712787 0.832181770131 -0.974589303664 1.10171128686 0.715980562317 
18.3824922623 0.943975551278 2.80303500397 -1.98536781615 -4.80591683763 3.20235246124 1.29456531388 -0.240921201692 -0.474195333755 0.165439893797 
16.8693950836 1.03937994084 2.36313298333 -2.48637655887 -4.94500415154 4.2178990343 1.34564511825 0.220858952401 -0.0360515664032 1.08203739161 
13.8210110338 1.05471266264 1.84170418708 -2.38958193961 -5.06644088843 4.28406295377 0.471410237556 1.45908714859 -0.0480036576203 1.37552131636 
13.6091169777 1.50734727705 1.11043520648 -2.62318783271 -4.7791163542 4.21936849463 0.74393291407 0.830526519714 0.698578375282 1.61042858995 
12.3080597311 1.29830044683 0.910053549484 -1.70892387489 -5.08139436392 4.51181586918 0.614665247636 0.81477937772 0.299373407794 1.54416133304 
11.7705548744 1.55946067665 0.750064697574 -2.07095782323 -5.14346808391 4.03972938432 0.565076136377 0.961004185647 0.0813950122892 0.803306582814 
12.9663433178 1.64276838401 1.04701476537 -0.224727729329 -5.05162232385 2.38613657189 2.04425050646 -1.08111517197 0.515063889044 0.541372071598 
16.1426339107 0.204530158578 0.0259039103797 -0.634020204446 -4.69724813543 0.726948417748 2.31431595949 -2.45241114697 1.974662235 1.69436037665 
17.2819899719 -1.05078527925 1.45044210584 -1.26879970976 -5.10244676473 2.01904968379 1.97362382428 -1.55593316129 0.864710023538 2.56535695011 
13.0394682446 -1.57365097564 2.38953474884 -1.25138919849 -4.31850850656 1.37795580628 1.85431885343 -0.217019321686 0.84224984935 3.34321292119 
10.2149944926 -4.81775371351 2.80708597341 2.63562653112 -3.86005709202 2.80394969966 3.17554485452 -1.92892091166 1.32454924416 2.91157933939 
7.47229301298 -8.86974762093 2.29102608301 4.99820226687 -3.64211864389 3.05677657802 2.19372409435 -2.32277433718 1.57304227059 2.90804624919 
3.51388124854 -9.50489041 1.20278656698 3.25473631436 -3.92950985198 3.01552016815 0.550325233261 -0.31175933885 1.04814626622 0.396386843897 
-3.16079751921 -7.86876385289 -1.36788431238 2.16573142846 -4.03466706868 4.49737237752 -1.43750672765 -0.0418182097193 1.09204028716 0.329281891542 
-8.81329236779 -5.81900081249 -3.2848578611 0.980448367688 -3.93032101413 4.57664414508 -1.93408133909 1.12226468816 1.91835383671 -1.67068377473 
-11.1164206536 -5.73935629043 -4.26185613142 1.65986254574 -3.6102969421 2.8610476014 -3.02429504124 -0.303102652585 1.42637539818 -2.84052286346 
-16.0482212011 -0.285232441616 -5.24196527154 4.04312544252 -2.41819244987 2.87301529793 -3.77532349257 0.182109233744 3.79009564191 -0.998837861512 
-17.9114187886 3.91880364488 -4.74806640691 6.39466029268 -1.76580741762 1.99754735755 -4.42183727042 3.06381641943 2.74474328602 -1.27196650102 
-21.0910927778 6.34058446315 -5.16447995623 6.49557974828 -0.361990286886 0.718629840499 -5.81935741201 3.09941101763 3.53958470523 -0.671334451675 
-20.0492061906 3.55105902392 -5.35904741953 7.06099177085 -1.26123775671 1.31757491013 -5.9670249631 2.4540986129 4.52928194933 0.993592920985 
-18.5314589289 1.14090303198 -5.48568388069 4.31063875587 -2.47857532814 1.79716115217 -4.0066794675 1.75985374801 4.69031121405 1.28225102409 
-17.8284431906 -0.962436074169 -6.07844508095 3.0503299841 -3.55541030244 3.36372026435 -3.7858566568 -0.518595065809 4.51337837835 1.74307157888 
-9.94509327677 -6.24654399306 -6.33221993942 1.09434175329 -3.94723590839 2.83174799291 -2.71167641118 -0.362602069538 3.05873138786 -0.046057681108 
-5.70511635452 -8.20730320476 -6.20262578702 1.76085875931 -3.06571582003 1.74777644507 -2.24733068086 -0.480155023863 3.66588177508 0.999247560304 
-2.51718252914 -11.0299537844 -5.12508477888 2.91713927957 -2.88720236777 0.422168223294 0.0846415725833 -1.82946322363 2.9564246656 2.33567615804 
-0.755723068443 -7.2008864167 -3.41680272681 4.87561522565 -2.17447649596 -0.405190579746 0.92747458231 -0.842286244973 2.26312059766 3.10374216074 
-4.08365497276 -5.05554678621 -0.256645547472 8.16276320318 -2.68277241871 -0.681270883472 -0.0678097211797 -0.214638425215 2.86077700905 3.36736549565 
