8.27464104748 -3.01904924772 2.15636934314 6.64932838975 2.92369459634 -2.62626765683 6.47308300631 5.49077389273 9.45058057963 7.10840158948 
11.0978716118 -3.45543001043 3.12525590076 6.11190672963 4.06527076199 -3.93066085211 6.37089308146 6.21526224201 11.3591212585 7.82524453993 
6.00427814463 -2.81402771921 4.7500790273 5.38235627449 1.87954609828 -0.837066305731 5.19220996452 6.91044235648 11.2137522112 5.34739484441 
3.02701477722 -3.7656456404 4.59877146304 4.03292272574 1.61891952342 0.199666399197 5.47780983436 3.47990375542 10.687191328 1.41120896131 
-8.41549938862 -3.34328372999 6.64195539329 2.56071603957 -5.93669072847 2.99211712647 2.81357456173 2.58557931324 7.29967385324 -5.16024218809 
-1.23788018912 -6.08808896746 4.28485918833 0.452574279706 -6.53266639274 3.91190617552 4.10124159364 4.35101088931 1.99532297316 -0.143305462133 
-3.15136720258 -7.93664600633 3.30304842311 1.28232282804 -6.10531696904 1.88485788528 3.78854503684 2.20075377175 -0.542233032643 -1.81679776612 
9.85401224185 -11.2286318579 1.57706997337 1.40830003177 -4.31530009088 -3.73160475974 7.30411727705 -1.52094633818 -0.10901626346 -3.9575301163 
7.16120437609 -9.89068373376 2.91151324605 -0.759865158004 -5.819862094 -2.3449487564 4.67552577549 0.0369269080745 -2.32157419484 -1.91667844479 
9.00671192593 -10.708301576 3.00958644042 -1.79950470233 -6.10923744786 -2.73252075169 5.48593010812 -0.107188886989 -1.29356832983 -4.06353783267 
14.998379478 -12.2219859821 1.3343395934 -1.7075158698 -5.74552815531 -3.86757397806 8.64010583242 -2.48879245232 -2.19458344753 -6.95929383566 
15.5674699737 -12.1605694294 1.50121282713 -0.0419873572202 -3.554959792 -5.02827205075 7.49343615093 -2.5893122289 -2.68304432978 -4.48735315212 
18.2913968574 -13.6007621532 0.328365776299 0.141581865203 -4.53906435057 -4.60412972509 7.84688978814 -2.75044405201 -4.27981170881 -0.877298447503 
18.9122220775 -13.4316223128 -0.213457636242 -0.191249017054 -2.3977241078 -4.47457694835 7.50699616859 -2.51593290805 -4.32762433892 0.232844031985 
11.1446425638 -12.2073729259 -1.97836132877 -1.7717561991 -0.682456771334 -3.45615874879 3.73334953219 0.333784192803 -4.38385797395 2.52265333652 
3.93942091222 -8.55972270112 -4.22390019791 -0.927953273955 1.7694707394 -8.48363756267 3.0574264591 1.86536914245 -2.52221775944 2.18803329341 
9.6345345327 -6.38796383726 -4.10232977638 -0.99205079741 2.78743156233 -5.16698685679 6.45333347546 1.72410253333 -0.558490877046 2.47290041624 
-7.24022465998 -1.42194154168 -1.40002774186 -1.30992751517 2.19618928097 0.553456688764 5.79139793384 3.57096109565 0.899906213757 1.53688761702 
-8.14691769487 0.0756821238631 -0.74507313575 -3.39843114962 1.32867423773 -0.281207602352 6.44602291128 6.83640086748 -0.164542083948 -1.8417087654 
-14.3505048276 2.81485141687 -3.17188250017 -4.30664989448 -2.26694280685 -3.56613035473 3.65263873769 7.4488413765 -0.320610058925 -4.04160366654 
-17.7896763425 6.51012864382 -1.77025885391 -6.67870406863 -4.74337800388 -4.95074786896 -0.341642346362 5.5869830592 1.21987134971 -2.89406955993 
-12.9445966202 6.72971795399 3.50144784665 -4.0575934576 -5.69936693304 -0.287801652411 1.35819948543 7.00497968678 2.61296737722 -4.30483929117 
-9.17104620571 6.88899873574 1.05954644757 -6.94549593979 -4.45052048972 -1.63991625461 1.42710386403 5.34377159867 0.782761242496 -3.74731034392 
-2.69436618258 8.274520547 1.98638938057 -6.06417033761 0.460274214024 -2.09734108682 3.06490923071 0.873919532018 1.86331716188 -3.10358288557 
12.4748617121 4.73439350702 6.09662241866 -5.27211099326 0.187357028862 0.169098570471 2.71302540055 -0.39848687183 1.84603208285 -3.3876462173 
14.4938773264 3.57954236877 7.0823629333 -6.40996865573 -0.930209571832 1.84268707492 2.93271085522 -0.547190561835 1.26398056472 -3.30840462697 
15.1522628943 4.07863577605 5.5534484384 -6.18915935934 -1.10351527509 0.791749305265 2.24553561964 -1.47346226987 1.86276168292 -3.24252609444 
11.5881068975 5.91929268724 3.91341499844 -4.45156733425 -0.266770293377 -0.540230876706 2.49489601842 -0.754282483225 2.04894321801 -1.87791439107 
7.93431363107 5.7363789018 -1.45356756922 -5.98273994286 -2.6259336622 -4.73991361122 0.767657016574 2.56877744861 -1.62127897247 -1.12505401333 
3.64634725006 6.68813335107 -0.852649484435 -2.83835148096 -2.35835934415 -3.81583210239 4.63442539308 0.220561047741 -0.872673471191 -0.871254735914 
-1.5225957048 7.59837357889 -2.15888595402 -1.45982896268 -3.68941775814 -6.71274214161 0.5163753595 3.48833794612 -1.03738437122 -1.86051030691 
-4.01631942082 7.21900905319 -0.834179559387 -1.04159538584 -3.27613305892 -6.69695054398 0.0131460233165 5.13935368304 0.0941375004446 -1.95515225002 
-9.52052157773 7.78001451542 1.28694067313 -1.44388768242 -3.74306796919 -6.5663832212 0.689479000229 7.3635787361 1.37267849363 -4.59888026609 
-12.7300045987 5.56577187424 2.28924715642 -1.33460808322 -3.62641107923 -1.82130666387 3.94074017557 8.2628494884 1.1820974603 -4.41377618654 
-11.3356031029 3.84900673608 -1.66507507354 -1.99808203732 -2.27340037044 -1.7080999084 4.34042277395 7.71289522811 -1.18593481633 -3.05426027974 
-3.87573208164 -3.41639640336 2.16517158497 1.40264036041 -1.78590867558 -1.2799139923 5.46356899305 5.5736998166 1.31739895477 -1.41185540038 
-4.59668834704 -2.76991029879 -0.273960335869 2.4848842066 -1.70604227358 0.573657152974 2.09600034975 7.26435519449 -0.642476755808 0.205920643144 
-2.28826983943 -5.91337633624 -0.622888106004 0.63172423601 -0.809343332647 -0.132707925547 1.99051627394 4.26868757943 1.04761645594 -0.67329796271 
-3.93741778162 -7.54646061288 -3.59232397595 -2.85918030734 -3.51702911956 1.17793383189 -3.00910948424 2.3926971045 -2.6034807071 3.01849312506 
2.09203762277 -11.2820139779 -5.90350802786 -4.42994304447 -1.04609391208 -2.32400626684 -2.85602084534 0.269868181188 -3.5003848965 3.04624917866 
-6.99136452355 -8.97714159988 -4.09501449183 -5.83196823741 -4.43777310106 -0.803756875552 -4.90514473413 -0.574787941148 -4.0232210805 1.10348869658 
2.70490317543 -11.1147064356 -5.55502414995 -5.99587739192 -3.40530882761 -7.73330675623 -2.80080465277 -4.73482613543 -4.27852314463 -1.97936062216 
-7.61259481124 -9.35413178837 0.00670469159704 -2.68661009376 -8.41525087441 -5.38687031697 -6.40471500258 0.259601687803 -3.07873148686 -1.85400004347 
0.274875436297 -12.8767876128 1.22261363473 -1.47269118371 -6.48159915235 -5.53093371752 -3.97668454532 -1.01863901987 -3.23286849647 -2.62370530446 
4.91350940694 -13.3310543637 -0.301802596387 -3.44135788622 -5.47968003827 -6.01519365274 0.160747684928 -1.73019771279 -3.91027913575 -2.31752157439 
8.14625664096 -10.877962242 2.63053045541 -1.67620517124 -3.30681155295 -5.71078189319 -1.33187837935 -2.18073779064 -6.02247668727 -1.35924888992 
-0.677414540918 -8.79479726439 5.74709147691 -1.40690333619 -4.85959120561 -3.87947343527 -1.04139096181 -1.13442650704 -3.08181972476 -1.61781831725 
-13.3244824958 -8.57036868532 7.50230826783 -2.70779579688 -4.97034443066 -4.14288039705 -3.10025757156 -2.90265643086 1.43911909271 -4.64329775647 
-8.38285005374 -9.80016198297 5.66453397563 -4.25981674209 -1.21823207173 -4.51044989989 -2.11237217916 -4.84645145395 0.695205394079 -2.67927216942 
-0.672804612273 -10.1718281164 4.2851470239 -3.07053544097 0.490799329415 -2.70429433014 -1.95324040375 -4.25291846903 -1.48919934038 1.34549957073 
-9.32895622171 -8.86240335359 5.25080063796 -2.59148957894 -2.49778159744 -1.58021186235 -1.99999426693 -2.85155179891 0.44361483337 1.48381343342 
-13.4431403045 -7.69707029144 1.23481683872 -6.11815247307 -0.479598794649 -6.10908998324 -3.72249777655 -3.34378640443 0.71998165286 1.50820656827 
-15.8811881538 -4.99357662673 1.30584317635 -6.16267691783 -0.178272189324 -2.68104873604 -3.24322603928 -2.16287277467 0.213606698449 0.767199468138 
-15.9082640254 -3.15001689887 3.54995040226 -7.0972864184 2.36931823383 2.35433421387 -0.520051180921 -2.45382630125 1.06120880624 0.885526298141 
-25.8814597492 0.258423579301 4.40417715343 -8.09373378956 1.78495428095 4.72460503873 -1.37556698852 -0.686841536384 1.45587337565 -0.428387258237 
-21.112422122 0.621434005395 6.08496652726 -7.75529110383 -1.30772681599 5.43246706121 0.423261760851 1.7272580926 -0.917506770202 1.1742863626 
-21.3278876959 4.256064126 6.50651047831 -9.57782572116 -1.28823469437 2.15868251672 -1.21926049936 2.55035827979 1.05512733557 0.263441663609 
-7.61396211343 3.22644382121 2.01728187896 -10.5563195881 3.16429677135 -0.483519207768 -0.0755207271134 1.76234373637 -2.72280413437 2.33731386373 
-3.78459367474 4.20182097219 2.45695330937 -10.2585199241 3.38786686191 0.822139426144 -0.160620487696 2.81056400377 -3.2071701341 1.96317207701 
7.44627489449 4.09248393558 2.35003767944 -10.7237121414 6.46429295209 1.33079768803 1.73383649134 1.07936669246 -2.96264682601 0.870734815243 
20.2474139089 3.56141044193 3.00104771137 -13.376712265 5.68822428067 3.61222259451 1.09894493928 0.650963971914 -0.933886130278 1.61276959327 
23.0302954871 4.07433274272 5.6828258661 -11.8111679717 3.09726091756 5.58318050452 0.373033900296 0.742387471313 -0.123979649872 2.20970622386 
25.3918659403 4.71774913413 3.94293218597 -12.9491401643 2.36308050319 4.92553308355 -0.769926396468 0.986659083842 -0.569873375593 1.79569777068 
26.8483819782 5.95163868475 5.45605849341 -12.3686490322 0.649099638633 4.56805862649 -0.435806132416 0.504279618573 -0.153057279934 2.79800692659 
25.8688174226 6.13230286642 5.22577715895 -11.351347031 2.69159072312 4.13616094809 -0.78537648999 0.127160753639 0.714879422252 2.44729030603 
24.6054578383 5.95954094346 4.54213054412 -10.1793542295 3.24034321928 2.53208702863 0.455664364533 0.363943259892 -0.488863309953 2.46625537299 
20.2848583461 6.45307721077 4.79304716699 -9.53083016299 3.35039089086 0.255089367817 1.40265115892 -0.509475810876 -1.05588130569 2.10242526099 
17.9685252561 6.04603098303 2.88365348807 -7.26359257738 6.63320552561 -1.30096223941 3.97286265152 -1.5501128408 -0.526433574425 3.34794980492 
8.77805699915 5.87006501361 3.03164659838 -6.69375448118 7.81264966987 -2.91999591827 4.66847034595 -1.07107814798 -1.24800752017 1.93778790036 
0.833902568347 5.93494252312 3.73003888963 -8.40637885708 6.52842676558 -2.5450517627 3.70604881609 -0.268246671996 -2.8206813008 1.1554345728 
-8.30021108445 7.78581004157 4.43905340796 -6.83613520402 7.10075729887 -1.6355757109 2.16114456439 0.868821751482 1.4409517978 1.51626697801 
-13.0725147055 5.59591884843 3.06833624406 -6.19249537748 5.04337669878 0.562606955912 1.8062128166 1.61142302752 0.749519909041 2.75661944381 
-20.871644802 5.5122389036 2.36120855187 -7.07138657905 2.30403431444 2.36450114142 -1.37881686581 -0.795542494335 0.555679611004 3.92422255517 
-22.9611211976 4.3258801755 2.79774042602 -6.929232337 0.96069507034 4.37927361656 -0.990645998468 -1.1996237286 0.994256525865 3.65213276769 
-16.1526398967 0.124535308038 4.51022088768 -3.54371490628 2.96727130737 1.67557204385 -1.14802672943 -2.10961962993 1.23196750889 2.05280385886 
-14.0124185009 -2.86033543679 4.52294856824 -2.25781988825 2.67989313618 2.23595491202 -3.88592850688 -1.97994485034 1.03464092083 2.66231700903 
-16.1637542795 -7.06972651212 5.81335858391 1.28738358271 1.1642214321 0.708594817104 -3.69754208056 -6.23727324905 4.61600376227 1.61793657993 
-21.8080980698 -5.11542370424 5.77224561125 -0.171028258649 -3.3375992627 0.162651225223 -6.46091354608 -6.26538872731 4.38172959504 1.61217148125 
-7.15227037932 -10.3614135537 6.35492072901 2.3211392368 4.04705451299 -5.11839698583 -4.81697946341 -7.08776383052 8.61112088506 -1.1402138363 
-11.8936341119 -8.42197684042 7.94053011289 4.39116461722 -1.71488241565 -4.84729248134 -6.32058658951 -2.24858256949 5.22268667185 0.460394528388 
-11.7683706731 -9.17455998715 10.4772642228 3.65910667399 -2.61768185127 -4.66438775373 -5.58386763817 -1.35697186006 4.52988922683 0.584348834112 
0.603670734676 -12.3600432483 8.98878185823 4.98861820059 2.02879290796 -7.38095579469 -1.25559585031 -2.50066344983 2.64705416125 2.08379223967 
-1.05581030358 -11.7859555559 9.23048181936 4.82197895852 2.17594289613 -10.1296184503 -1.23954709468 -3.38547607563 2.35837677728 1.38872167481 
0.67638278626 -10.9952277814 9.11532458003 3.49259690158 2.05555331889 -7.81852700117 -2.10712010296 -4.04684257636 -1.1324354607 3.13462693446 
-4.04163949827 -11.0167568832 9.87881073803 3.4221899205 2.36357738823 -6.58013008564 -1.85576983112 -3.57994707409 4.18563428562 1.64319782549 
-6.62229750012 -8.73074169784 7.36535403128 4.57838662654 5.2486700181 -7.40862669421 -1.9949366822 -6.06866595513 4.2409243555 1.66331325231 
-1.86692731662 -7.56487683107 3.36146974831 1.84111516456 5.64173597762 -3.58276289228 0.778589903895 -1.89963789544 1.9877045749 3.26106304636 
-9.73007153244 -5.14328365266 6.23704977118 -1.35079205168 4.07089941515 -0.13912077599 -2.21661989232 -5.65975728084 2.44512033133 0.715569395764 
-21.5755603587 -2.35347086837 8.90207558648 -3.43286791344 2.76633484875 3.47363615565 -1.69412650929 -2.12237247433 3.41387742865 -1.13174887136 
-19.5890062142 1.3110967837 5.48374053386 -3.14511784007 1.96538105155 3.86277629109 -1.81584146288 -2.20538690246 1.97430068099 0.320219807213 
-16.8116746029 3.63705989969 4.35114697791 -3.06659929713 6.43371981405 -1.45919568836 -3.16833035879 -0.814220078774 2.34639042784 0.716277570074 
-14.4703643422 4.77589616454 4.12618524285 -0.691272505614 8.95838674856 -4.92397866684 -2.11330460755 1.12240654406 0.685138310207 -1.38206577104 
-0.0428311364834 4.39274171574 2.51413872881 1.65345779832 11.6351644194 -6.06067200111 -0.924444022898 -0.180588289781 -4.25423459082 -0.0519795290039 
0.99042063316 6.07174491532 4.44116659689 3.75672348555 9.09635302732 -6.28613723774 -3.87594634642 2.36794957368 -4.41765624366 -1.37609196041 
9.1822814966 6.349280194 6.33761218704 6.29839155295 8.40899944856 -3.264386008 -2.76834937749 2.40164119758 -6.56088573536 -0.484000744078 
12.4991535455 7.01629577292 8.2733245722 6.49781092556 7.12522781241 -1.42656147921 -3.02858303897 2.53343819767 -6.79105273598 0.0446017735537 
15.1654607517 4.7132319827 8.48325128542 7.04186324542 6.76913288967 0.197749474801 -2.14693218513 2.17625347396 -7.71601762614 0.418753920742 
17.0196128633 2.19693406836 9.80415061738 7.66452627697 5.97401670823 2.8487526325 -2.10394882038 1.46300513402 -7.70210507363 0.13316238896 
16.5638362824 2.46633798181 9.52245847387 6.8597756916 5.46325210494 3.25992297651 -3.21707071437 3.2538605679 -6.95645643468 0.138451404333 
16.2441838343 3.85364287159 10.1594714126 7.74092294103 5.65876943424 3.68047000261 -3.12284743232 2.6916370661 -6.71482876754 -0.0172080826228 
13.7551030022 5.7799668289 7.75683751825 8.66680170391 5.78710366836 1.53485735091 -3.98550505046 3.03265385464 -4.47680027069 0.0583058940169 
11.6807456305 5.36948375498 7.27929926173 9.89137717392 6.02214531925 -0.0736439448446 -2.81699966685 1.89564684675 -5.22161040571 -1.4460857877 
6.69425210875 5.04001719643 5.50615860604 10.1088483113 8.10150369856 0.202584276458 -0.205739376331 1.71772256446 -4.11026799759 -3.06962536576 
-2.46174383587 5.54039269782 3.25771043878 10.5217901073 9.33846523326 -0.261946025714 0.60131343485 1.1644155425 -3.74424414737 -4.86069855766 
-8.86368603361 6.31644205643 4.60244650961 8.85757728705 6.69855141463 0.464566096502 -0.402383573067 -0.342825274911 -0.438335616759 -5.38103148045 
-7.21614391578 4.98106209927 2.61215806982 10.9544839097 8.08961297223 -0.131364434471 2.6192147149 1.66498440088 -1.27121435958 -4.93062566587 
-15.6167090748 3.74918209309 5.34589157493 9.3847091488 6.11126035378 3.76161540504 4.34471696499 1.90237862312 -1.40308277474 -5.47547078015 
-14.037043954 0.734449546444 4.23905881709 8.74372861945 6.67094664407 3.48695816676 2.36982433726 0.900431347011 -1.33969448248 -3.72859639236 
-13.4250129515 -0.632038946898 2.72941150582 5.87866077705 6.19606518811 3.44265716401 0.764808352124 -0.381946346581 -0.857675278916 -1.7151350688 
-12.6265428864 -3.54657346802 5.43568643046 5.94339096309 2.05637888759 6.60714347331 2.09448830083 1.49256072144 -1.13882201704 -1.74541722463 
-17.8135242461 -3.88646701296 2.04616533652 2.64002542861 1.10476730913 8.37905581978 0.607998550795 0.677026901222 -0.496998909994 -0.963075604469 
-20.5307725858 -3.99693481345 -1.98930816626 -1.21962092662 0.133659047889 6.16845172213 -4.08518308349 0.292187336074 -1.78691929654 0.629141739676 
-19.2987103264 -5.6806037934 0.212083198831 -0.350919639856 -0.894677694791 7.14642005102 -4.77627826617 1.03959382572 -1.28048128575 -0.375666750378 
-17.6766193039 -6.9669817654 -3.44318858227 -0.490983485056 -2.59173447796 2.26662947857 -9.39373877063 2.38322750067 -1.22389736724 0.696615917232 
-19.2401831424 -6.16017740453 0.261829718102 0.158580923324 -9.06736888077 3.73382093401 -11.1403021831 4.48968750908 -4.5099085127 2.64706708971 
-5.66140084704 -9.67379340424 0.434814546634 2.37183194624 -8.36342048876 3.65414661638 -8.08121026966 4.70899148853 -4.68414101894 3.26091850579 
3.60860319323 -12.381079204 0.6186805981 1.28502379787 -5.42879744701 2.87005452554 -4.39891351199 2.53000753076 -6.29130049917 3.54043919015 
0.132623566996 -11.2215973351 -1.02719223202 2.13724062008 -5.077041635 1.86679201366 -4.26711667557 3.77763168498 -6.23410659201 3.75041293831 
-0.423133072519 -10.225243412 -4.75092421203 0.5131580153 -2.72573194147 0.593735611584 -0.980882555315 2.89540228845 -7.71689886784 5.25782712095 
-5.39444794537 -7.6045778591 -0.620656348428 1.46720096156 -2.80715974695 6.63225180435 -0.0167119181145 2.30797337899 -3.84626855763 3.44809618417 
-8.57269070805 -5.76547879383 0.260203202639 1.29739869485 -3.47781347978 8.88694381407 -0.303528420372 2.06367729632 -2.49504589439 2.17447634585 
-9.99544891949 -3.4123543848 0.9267543658 1.68038650298 -1.88021775929 8.86772103045 2.04254439018 0.760131496054 -2.65914001367 0.658060700164 
-12.6872186062 -1.54902371509 1.77164989641 2.63412844234 -1.60576866484 8.35833510619 3.70124294979 -0.14171383286 -2.07315789291 -1.55768122418 
-15.1976282613 -0.506377286825 3.80832332323 0.971860492507 -1.88342594753 10.3357558643 4.92161873325 -0.0730092846439 -1.66263981643 -1.10940179475 
-25.3450491678 4.69387296716 3.99248296717 -1.12496856154 -3.77663360175 6.28749464282 3.17891863071 -0.708352685073 0.88370048165 -5.05771642816 
-26.0528001133 9.59633364071 -0.966300735204 -0.436393962874 -3.86082527788 1.62685593784 2.28717985038 0.0308076501083 -0.269091808201 -5.97137320507 
-30.1218111475 12.8992674068 -3.5393603516 -4.76216715464 -0.411032859154 1.49181761339 1.23834456565 -4.14299205723 -0.314141599754 -3.78926719122 
-11.9225148032 10.8820835105 -7.73099234174 -4.49234412159 0.811995266278 -0.498905262241 2.32997571134 -5.61687870539 -3.25818060282 0.271955173352 
1.52734067937 10.0950635474 -1.43392226073 0.484208574787 -2.34216923053 2.13891659985 1.73241695584 -6.65864191794 -2.83564920015 0.671109891728 
7.7512473739 7.55257835992 -1.70473780668 1.23348540736 -1.34737503885 0.947026499007 1.87177762291 -10.3493291614 -1.7269440433 -2.01319194251 
11.9222909448 5.69038123801 -0.126228169171 1.86627786616 -1.25179891698 0.352423958049 2.55004474623 -9.42167096243 0.321826237468 -2.54584820978 
15.0025985009 10.289056291 3.21239732438 1.79459965824 -3.51939567268 2.14551977696 -3.49912468222 -4.89603019966 2.19794792491 -0.886264891968 
21.4383266597 8.35972735349 2.4980397329 1.10430617255 -3.33291638461 2.75436857816 -3.54865224997 -4.88682947877 1.78669742623 -0.840634437381 
23.9281798081 8.29512148281 3.52666215525 0.865236516188 -3.70240047877 4.73912657134 -2.40567118638 -5.07401134703 1.95524038221 -0.361247081302 
22.7076360755 9.68831133358 2.12928244512 1.4610578387 -4.009607366 4.30505433743 -3.73171136365 -6.21294440411 2.60827820644 -0.551957986343 
20.2102430385 8.31328267078 2.90662408489 2.45785901748 -4.0724788065 4.47515266912 -1.32761029473 -6.91611417305 2.49669212529 -0.763145558755 
18.865972632 10.6024475073 2.85396332196 4.58420645635 -3.92547127038 3.22551073273 -0.0700890132388 -6.37429656283 3.09831274978 -1.83320215428 
13.1255729358 10.5125510334 0.682602765315 4.18422952846 -5.67060996737 1.5614536327 -0.710168170369 -6.6423079045 1.21797278061 0.0124660460999 
7.74776432214 10.5468232889 -1.17488004729 7.16365715239 -6.84187313206 0.452057335127 -0.369258988359 -5.26863079484 0.96577598866 0.00610196217845 
1.70648988403 12.5859091723 -6.57625214853 5.62447123311 -4.87312311546 -2.4964991999 2.05136873023 -7.07874967588 0.409407393125 1.85686708745 
-10.671838159 11.1134320007 -5.72257488782 2.66559152233 0.158043494784 -0.365296266236 3.13234773084 -8.48345306307 1.12638231031 -0.580340166481 
-6.9545940044 6.53750035194 -7.64629572162 2.23043596608 -0.183246568375 1.62651866059 7.20493522757 -9.41714979409 -3.17288074662 1.43471877649 
-13.0423640819 6.44875705762 -9.7892204582 0.78953203218 -0.705615014258 -0.417510048836 5.54908454485 -7.28922320791 -4.40488340883 2.14416358753 
-12.7799982446 4.85714997979 -7.82180147031 1.95151625301 -2.80019143634 0.664702480868 5.7855533144 -7.06014808297 -3.5849418903 1.49639667193 
-9.83999567213 1.19524757044 -8.44714255673 2.16169762535 -1.1865173932 1.85779757453 5.8392088413 -5.55791931976 -4.07080635983 1.91463956866 
-10.6607363205 -0.471133417905 -4.80191326906 4.90615070564 -3.04101328625 5.97121987048 4.57677129113 -4.66122785978 -3.18723071369 1.64747533718 
-6.71581190802 -2.20360321454 -7.85534951268 5.33044414041 -0.442870724725 2.93755204516 3.26022448683 -2.27192983644 -3.62881951716 2.27945073648 
-4.19668814199 -4.14684898071 -6.30357082998 4.49488611983 -0.163204173911 4.65162034324 1.05682347022 -1.6244268226 -1.65247382683 1.58506574322 
-2.51258433834 -6.70695559489 -9.80343972612 4.26258862651 1.82237729498 3.08206433693 0.178742182641 -1.37755327844 -1.0012999962 3.14788367335 
-2.96326430449 -7.07834615816 -8.15927856246 5.58235528964 -0.347720829548 3.11598743069 -0.815752689531 0.676460462116 1.05163923324 1.1729560009 
0.251902100274 -7.66395688097 -3.87721394066 6.72929533791 -1.40813738341 3.99047699333 2.80853735779 -1.02607854041 1.022318786 2.56408939218 
-0.203641919417 -7.57259017924 -0.760898450188 5.83654152355 -5.00563454369 5.06399659606 1.93030077852 2.24054538324 0.576043107283 2.21103102848 
3.949515932 -8.51277319364 -2.16359956374 6.13021045922 -4.63691693447 3.45066017529 2.95838775054 -1.01768279791 -0.0943329658543 3.94106579776 
2.97284181508 -7.31936727579 -2.21611516478 4.90507849265 -5.52733206046 3.2432420429 3.96829662839 -0.692429698684 0.769162441179 3.52911179335 
8.81312515668 -8.14472248922 -1.98179352076 5.31660233247 -2.39602703543 0.900533470144 4.0265848891 0.152218631834 1.16477599504 5.85487032476 
1.44589378646 -6.4531452329 -0.991863667266 7.22327029083 2.03684379323 4.75456927871 3.22847787808 1.53974803053 5.00797223463 1.49926172345 
-0.904618895477 -5.92253814604 -1.0215602236 5.82930625227 0.749927134446 1.301938158 1.60461844502 1.93824933784 6.28698564531 1.60019385699 
-5.87501337378 -2.92250201486 -4.73789228813 5.00042768823 2.01075744959 1.33496689465 2.13322812009 0.217604734254 3.70324681137 0.907034372371 
-5.73376380558 2.38429665758 -4.74389830114 5.25267015462 2.33557931665 -0.221921170458 4.13506885231 1.12685699585 2.04600093056 1.8495592897 
-12.2914676606 5.80719142456 -3.98998763863 4.00560779517 -0.742106612422 0.876810577805 5.77171870029 2.20815287304 -0.257907227745 3.63281968273 
-10.9039171701 8.02947037616 -5.19297207331 1.58547652521 -0.385089406618 -0.522168273649 4.7181170416 2.36147042708 0.0879575326876 5.67321426421 
-11.788992238 10.9752001824 -5.87804389248 -0.164952788125 -0.773852443969 -0.621530499675 3.60411575678 0.103944510301 -0.367467888959 3.43823143703 
-9.23014150605 12.1560850008 -7.14999730043 -1.64504019325 -1.5291821205 -2.33751520923 3.74041374726 -1.57265956688 -1.75074158839 4.32952149136 
-3.13837124238 10.3090885886 -10.9908549966 -1.94415240049 -1.75892618262 -8.34052730755 3.76035619189 -3.21051002013 -1.28413950615 2.956228901 
-4.34825690731 13.2586160025 -3.88068492931 1.42433048651 -1.53733230666 -3.82679025674 2.62993978972 -1.09517415786 1.04724926329 2.37177205339 
2.284081946 14.4218948605 -3.13897452238 2.66343843621 -5.23747527676 -5.18655022567 -2.1599829934 4.01645521495 1.74309736619 3.39568483613 
15.1352800873 11.6027745157 -0.312321136589 1.04595538966 -6.66976837389 -0.503532554087 -1.49511224222 0.687810115054 2.6545830797 3.27486227089 
11.8949018987 10.9311678674 0.524835689965 1.28766745102 -6.69224435259 0.557049894255 -3.86302740505 3.12792452886 2.81026846265 2.82553660283 
14.7290257181 11.4844888152 -0.938487510609 0.00135496549568 -4.54117644533 0.686582766195 -4.77180195902 0.625191936811 2.04936168749 2.23841784387 
17.4621688798 8.35213438669 -0.237671968919 0.524411835097 -5.71519066922 2.82117925862 -3.68885576487 -0.38915874359 2.13153838313 0.302774422643 
17.7045378459 6.8101906178 -0.81060172255 1.68544079233 -5.78150278259 3.57751439549 -3.29188930575 -1.21441677301 2.80781446617 -2.0107429965 
18.6918709685 6.7004980526 0.69733816128 2.15275818801 -6.12911438387 3.25168123298 -3.37983329592 -0.240348532668 3.50821862972 -2.05269665495 
17.959497356 6.80355794953 0.893089529063 1.7515609995 -5.37484481372 3.21052641954 -4.08939216157 0.93760246953 3.3994423989 -2.09307619055 
18.9217124972 8.61161022385 0.0449939634845 1.28144724598 -5.36586953918 2.65617871458 -4.84875561723 1.99913858869 2.96764615115 -0.0873301472424 
17.0613087019 10.2776451346 -2.98352230489 1.35448182722 -4.86386844311 0.0353280558938 -7.09110286771 1.52658426223 2.79656642365 0.192273026115 
13.2629581893 10.2269516482 -4.05152551402 1.96325098157 -3.68752562725 -0.9129549659 -6.11530719138 2.40974369492 2.09383696544 -0.236804176571 
7.0874313956 10.0199303283 -4.5351986371 2.73736396928 -5.5409373166 -2.4715557869 -4.27914935743 3.18818251247 1.5270438771 -2.51076264987 
-0.0236256796109 10.8244167032 -1.94248547413 4.6379394278 -6.64249758471 -2.04225684696 -3.81523502466 3.64903385434 2.53956533944 -3.12615446672 
2.38186797157 11.2783019529 -4.94358917376 4.41127235405 -2.93968528055 -4.11035638689 -1.78532144155 2.29026250431 0.845716693847 -1.46275884879 
-2.5449181776 11.9448796881 -4.39873636455 3.28342196922 -4.84109832617 -6.21835979947 -4.08040431499 1.85630494513 -1.2969886535 -1.48146153739 
0.944648194783 12.9572067077 -8.73231962085 5.81961821501 -1.85288174267 -8.67600263525 -4.0115662028 3.22405793826 -1.87427123254 0.89507670087 
-5.70498554692 13.7136693816 -9.501837952 4.27019947997 -3.24373650414 -6.35625507571 -4.493191621 4.75313072423 -0.522671684947 1.64124300171 
-3.60196825397 9.57875659298 -11.7770791612 0.862812829874 3.97392022529 -7.6282074779 -4.02486946162 1.23093802983 -0.881475208022 1.6615055917 
-10.3066859349 8.99909411819 -12.0512698377 0.825771096672 4.11807923386 -3.6203498057 -3.9962502664 1.26021364163 0.778729279921 0.919660385613 
-7.93996883169 7.39411525905 -14.2164330027 1.51815249885 5.74232766195 -2.75131714911 -3.1924783334 2.48674048906 0.466150272968 2.73816597552 
-5.67267035338 1.4440914433 -16.5883929605 -1.34067218594 8.02526543096 -2.39752390714 -4.65993012104 -0.238433069568 1.22175175352 -0.608824564594 
-1.56419606318 -1.95563767017 -15.1391184813 -3.26027810906 11.8651724258 0.364267526509 -4.61770328471 -3.61461565108 5.09830936282 -3.96606962662 
1.53789614161 -7.32774866898 -15.1022086382 -3.14295085731 10.5178267133 1.60280689843 -3.92533825629 -2.56278861844 3.00650962169 -4.12152276694 
3.93139564577 -9.07146021882 -14.5561531203 -3.03032079298 10.8776593661 1.20424589914 -2.45662647374 -3.32328127871 5.21689975455 -4.81005681412 
6.38635827329 -9.5433846635 -17.9549075089 -0.116771002794 11.1260856297 3.60387775112 -4.09009991928 -0.924581987533 1.28746596909 -2.7289548009 
6.99607837574 -9.9068469951 -14.2315610722 -0.506854259157 6.40731302274 6.39963443351 -3.0535641754 1.90455585325 2.59780691578 -4.84126054539 
14.9976466996 -11.4517234287 -14.191651664 -1.31199002066 3.71889382694 4.87810861335 -2.2422194424 0.485676353856 2.07396258163 -6.04598214672 
18.8359943826 -13.3534517726 -10.9158217573 -1.33410443333 1.79112186869 4.29258542551 -1.70174649257 1.34449178713 1.43096656735 -4.90611597993 
20.256479218 -16.016532213 -8.41872443388 -1.89010201415 2.54344017132 2.52931216574 -0.681952778988 2.55497949752 1.58598905321 -3.38359790468 
20.6708841337 -15.5921487002 -8.17685681067 -4.03548320631 1.99802316793 4.08995864058 -0.238209927788 2.738879275 1.06603255258 -2.55750790116 
21.3180819442 -15.4958453665 -6.47330115127 -3.26532775184 1.53878330621 3.05917279903 0.533360338744 3.36317846561 2.4776155514 -0.229468266839 
21.2972548915 -14.7981838544 -6.29166014137 -1.77050709177 2.82871035582 0.61737489673 -1.23264747702 3.90234876282 2.53264617398 -0.258344048529 
21.5957553715 -13.5556411524 -8.12925286451 -3.07760375412 3.73577440626 0.230355754436 -3.39789238213 4.91963979082 3.23954536817 0.0547778589498 
