14.0687809813 1.04072439251 6.63987637103 -0.0950834421249 -4.4892744426 4.3626881968 2.94630913312 1.12627911193 -0.391668367493 1.54402087659 
12.7654772272 -0.539035539824 5.84660035246 0.496741601103 -4.08231928481 5.29480597976 2.23636023573 -0.249060419135 -1.6457517465 1.14216632343 
12.6006633606 0.020457615749 5.43843560447 0.624523691674 -4.26636569328 5.36969839371 2.55803082734 0.0955090499771 -1.54682911303 1.33998183712 
13.2119586088 -0.405797547233 5.97004505264 0.509243220475 -4.24909626304 4.56994774037 2.35160320728 -0.0213794450921 -1.46170061787 1.30362375408 
13.656142515 -1.10824111728 6.42383019438 0.598809188934 -3.55472502303 4.42409059301 2.83719960467 -0.0195726232473 -1.50189353027 0.512251139017 
14.035748572 -1.43033894048 6.23278192858 0.331856514341 -3.4462573943 4.63195110341 2.54604201215 0.41695004391 -1.48728877116 0.766225583765 
13.6561202347 -0.355421775552 5.2489669337 -0.810890087029 -4.25192694511 4.41993979349 1.91988934864 1.9450996676 -0.484575236016 1.15404974155 
13.601588546 -0.617394111095 5.60708104308 -0.106681672646 -3.71525629221 4.46902654542 2.7600954726 1.43247195478 -0.623698191397 0.696476933774 
13.1271239172 -0.162562178697 5.92960465373 -0.810091712233 -4.15283373292 4.44896270022 2.40490329834 2.06289122949 -0.0308377532103 0.976071596998 
13.2271130075 0.749160636648 6.14526743259 -0.120148365605 -3.7794566192 4.86581398446 3.14605829945 2.23586182749 -0.438706380892 1.54048503452 
12.831028153 0.553242843624 6.87176622689 0.2503188282 -4.04686552951 4.89690698339 3.82500125935 1.65462362793 -1.12015819537 2.14332931082 
12.3522216131 1.28263273597 7.085848006 -0.26199856059 -3.92179026899 5.00883554248 4.1870101731 0.482074342688 -1.4468996044 2.551946133 
11.3664801724 1.42928908087 7.80581766719 -0.345043192738 -2.03289132685 4.76469599434 3.44628247526 0.50418693081 -2.07606765678 1.66728208953 
10.6463505753 4.81713116703 6.79874834479 -0.21383603051 -2.61058258205 4.6025093955 4.15755274052 0.911861754251 -2.20230159588 1.10434470963 
9.35577715652 7.68840529557 6.08793551946 -1.82351566452 -3.29706443069 4.30476121076 3.24808364633 0.950558620561 -1.09304234272 0.528556115973 
7.96509066487 9.46382026656 5.81495971909 -2.20951832618 -2.469173366 3.82075852442 2.47775984511 0.749462043645 -0.365089386108 1.06497445727 
7.4042771055 11.6721494399 6.61181758029 -0.741769676117 -1.95815579494 3.93168623369 3.52425024872 1.87931629802 -0.247956158889 0.492643020209 
5.34300956047 11.2411730167 8.2527876176 -0.109912831149 -0.954963574989 4.08821359525 2.68258512413 2.49072177834 0.948291646501 -0.723018446502 
3.6650378035 10.5386013514 7.95691079213 0.565190282209 0.752352340235 4.17181015167 1.83185745928 2.38318639625 1.24053679234 -1.23594689558 
2.55952020703 11.0215754655 6.18274721013 0.0629673771863 1.9830522526 2.62236513808 1.83418964596 1.39603300518 2.51120966523 -0.405292404988 
2.09556990673 9.79605461002 5.27950759174 -0.368890196669 2.29966678177 1.90601284799 0.407515440733 2.77743338667 4.16915931327 -0.0147166040005 
-1.49683686338 8.30358349723 5.66948509196 0.690770555203 2.69145860419 2.0576547403 2.58473257237 3.60123463125 4.69645451376 0.860956680582 
-4.92849021128 8.05212776223 6.3488748947 2.93904078639 2.15252522748 1.75003458928 2.91039525301 3.95068359949 4.48203186335 0.0138839213598 
-8.10286176691 6.43088171938 6.4042586996 3.17632098132 0.455793789603 0.752363465977 1.61699621213 2.16581962195 3.32165399124 0.120951549431 
-9.48669037263 6.20078132442 7.22468159839 3.28185768087 0.162673888618 1.21142752108 0.730594615699 1.04919294588 2.4786183956 0.156834584643 
-13.4827218943 2.89803924995 6.6760609426 3.51970954008 0.388495188525 0.749601953037 0.693299293734 1.51869500672 2.15377894508 0.0276719398379 
-17.3524628924 1.54811171894 6.20015401975 3.69641438246 0.490823805172 0.911910731911 1.3747953446 2.85111963017 2.03374803519 0.604506676945 
-20.5344719065 1.51578501092 4.47679118534 4.39794657365 -0.293217448957 0.998290411306 1.55538052998 1.00700927996 2.1804894359 -0.567145537159 
-21.7681370818 -0.243640404932 5.03284905899 5.0035211935 -1.70389982214 2.53199539858 0.955988563117 -0.289530544215 2.2053939072 -1.69917885986 
-21.004369484 -3.09476284764 5.04568757216 3.47614287309 -2.2279805224 3.1755106292 -1.77459840559 -0.716419532386 2.21889632493 -1.64884675988 
-21.7605969092 -2.76765113815 3.89761900398 1.87086687551 -1.63611805745 3.10114946523 -1.54198175939 -1.14926874995 1.73307714651 -1.95615583939 
-22.6555858935 -3.87432806838 2.55051541972 -0.861343057536 -0.83484842384 1.97174013209 0.522962049752 -2.01027251987 1.95051819385 0.219289208738 
-21.7120415739 -3.73331513431 3.37270688354 0.366590167673 -1.12719176308 3.08649326141 0.991872916478 -1.66124509544 1.69990402353 -0.0456914477759 
-24.1049125891 -5.01034037326 2.77131496367 0.254117160159 -2.05445485137 3.14932401057 0.919151902255 -1.35105681038 0.983286967553 -0.173140402789 
-23.8372206559 -5.80113928309 2.35546637835 0.170299332638 -1.619052109 4.16450755504 0.961536837192 -0.913304068748 0.390839346624 -1.29577508319 
-22.8176721885 -5.49056677721 0.932426350751 -0.157492861098 -1.90170874252 2.92330143807 0.536735868313 -0.225644810203 -0.429236836192 -0.810776864549 
-23.2855240426 -5.61761480173 0.834248311438 -0.879286692363 -1.84821162234 2.1425972552 0.664728525943 -0.216608609916 -0.767570712223 -0.751687432322 
-23.362881376 -5.86200817398 1.34904236708 -1.63069473396 -1.67393946682 2.05002270527 0.738948435195 -0.45097833895 -0.720913918933 -0.0955516581189 
-23.9465867013 -5.15378248027 2.26332348979 -0.975822826692 -1.31659915278 2.55052286835 1.18457273517 -1.02423093908 -0.46392111849 0.0779678095517 
-22.5605746558 -3.65917381484 2.4549994218 -1.46281975501 -0.0825868504535 0.830254722063 3.03338176712 -2.8852092969 -0.232335815899 -1.08993681758 
-22.9268082251 -2.87372538503 3.25598749507 -2.03770793909 2.04819634259 0.387971839234 1.73988755728 -2.14691914715 1.63559489944 -0.816067231185 
-19.3132180692 -1.39986953813 3.1799477804 -3.77201515386 2.70955538215 -0.850257962389 0.806446747251 -2.22756582584 3.71100975306 1.66186387425 
-16.7949592024 -1.73469287726 4.22791409099 -2.41155263609 -0.0245804879251 -0.85921273859 -1.43956172337 -1.67065964618 2.28868692083 2.19971276474 
-14.9252934349 0.0435130598156 4.10383127569 -0.57536716158 -1.27509318372 -0.586623179793 -3.31527870644 -2.21285778194 1.9521277847 1.08353390184 
-13.0703489422 2.01256965766 4.49000082929 -1.46347033974 -1.3817429339 -1.87929533526 -4.34649992368 -2.15699829419 2.34116749606 2.15784246015 
-15.3452512499 2.93758799743 3.75741952163 1.38317570571 -3.45781417055 -1.28416724197 -3.39723475475 -1.78015717973 0.811116465031 0.683609199463 
-11.5397839872 3.85411610848 4.23383577582 1.40464761768 -3.36064751846 -2.4804849949 -3.75586066338 -1.62213054753 0.345309757035 0.401602602802 
-6.78768059668 5.17478674542 5.30230307674 0.262693721778 -2.32729988934 -2.5192936715 -1.5876936913 -0.673690308453 -1.25869682129 1.4620423247 
-1.7738590719 6.4800962126 3.0921850174 -1.71931056036 -0.781638643217 -3.334544362 -1.3433264152 0.124787100164 0.148234117185 1.61718434387 
0.374410632676 7.52654438924 1.93823592059 -1.40326024735 -1.06655411257 -3.41645358623 -1.73528877781 -0.10262296658 -0.155628900947 0.746926478224 
2.53251011174 8.55813638018 2.11960608749 -2.65174741277 -0.452819088732 -3.63120350736 -0.89946850141 -0.224563371754 -1.56027027912 2.64461651551 
3.35436731074 7.50573045687 1.19058532926 -3.5383109941 -0.707380777868 -3.59046159392 -0.653443256823 1.66298555438 -0.944368346248 2.30269682905 
4.40677390376 8.9167697891 1.04432949896 -3.79302036279 -0.751441647862 -3.0358581891 0.870222466952 4.10698559992 -0.207185716406 1.48933820844 
5.04178507661 7.35472478776 2.90971408262 -5.26470884872 -1.61386348667 -2.31959918998 -0.351583869695 3.09399361956 -0.64049727395 1.53082093532 
6.73459540869 8.61301036359 2.74031708521 -4.51851639324 -2.07279533037 -1.33445952042 0.451350662187 3.61081327694 -1.65667652569 1.40599788005 
8.69723717323 6.63758416712 2.71545871751 -3.91803188867 -2.43419487541 0.159392796333 0.45306685682 3.45128991941 -1.22638509857 0.258236074289 
9.48105943019 4.25316046066 2.2305180196 -3.76904091628 -3.54446525709 -0.102539010257 0.619814838361 4.02304743099 -0.19372556 -1.00841164919 
11.5635845936 2.29113386761 2.34511733849 -4.14541093368 -4.03353914962 0.235521942636 -0.235024993142 3.87150356133 0.126535939798 -0.0587065441001 
12.4450854514 -0.358837156109 2.51913178312 -3.14171902116 -3.0616194133 -0.226713573762 -0.668206085556 4.40949748067 0.512433663176 -0.625701670102 
13.2748772922 -1.74006124601 1.05858327007 -3.90023302162 -3.65641028132 -0.833479521136 -1.91177199393 3.90780147916 1.39437360539 -1.00476751582 
13.4026602144 -4.38831041952 0.499168669516 -3.4075426041 -3.14428827157 -2.72918086725 -1.64804314494 3.88946624498 0.86092291677 -0.828546914735 
13.8849969157 -7.76302120484 1.99504437617 0.133037377409 -1.08384808273 -2.16029749857 0.980453716811 2.98993080161 -0.786876740518 -1.14380850752 
14.2669538288 -7.56847970547 1.40648830423 0.0723005661323 -1.44165597419 -2.70043394714 0.639285509815 3.19815017656 -0.485795194815 -0.767004425867 
14.4437984609 -8.27772319203 1.59375226496 -0.158722514857 -0.793476195388 -2.96084398501 -0.312576136185 1.89581929388 -0.719820132165 -0.46108192862 
14.0389995993 -8.49346205965 1.46288280937 -0.36038484878 -1.37526799932 -3.56001738847 -0.111082654899 1.44032704325 -0.9854915061 -0.537896797856 
14.2742796955 -9.33787355437 2.02541196815 0.160903096536 -0.491633884391 -3.67267519621 0.66179899048 1.47521295856 -1.54860204802 -0.393936075568 
14.2210647656 -9.03368824024 1.74068949867 -0.504964773963 -1.46625781834 -4.08637003583 -0.117089798788 1.28757455179 -1.45817473253 -0.0817776203568 
14.322316841 -9.19822230305 2.58900902457 -0.432306357747 -1.46606671499 -4.38657862014 0.720359705349 0.977481270581 -1.07242664084 -0.612363921355 
14.056669856 -8.31142980508 1.71182854158 -0.996206565781 -1.85427539306 -4.78341338163 0.643141239866 2.46704118069 -0.284049088886 -1.21342494139 
13.7532344283 -8.01407932023 2.30513310183 -0.645699601103 -1.42279234511 -4.57307843007 1.33420901336 2.32093574517 -0.0630847436891 -1.14315438537 
13.9376928608 -8.16496448099 3.01597444492 -0.147878738193 -1.43366383767 -4.53534338044 0.961668275024 1.86836220249 -0.229200776776 -0.997074528411 
13.8977312446 -8.1728466644 3.0257171849 -0.378816802451 -1.41272248831 -4.61823885586 0.549099532541 1.39405166607 -0.452690051091 -0.552143042553 
14.30487071 -7.97753747931 3.26470704944 -0.0629585081538 -1.90783151285 -4.55034990918 0.71658540409 1.33782495723 -0.774312194384 -0.137969192373 
14.2345424155 -8.03525172233 3.84622491145 0.335519278958 -1.36090699508 -4.08822509564 1.25051563386 1.65420793131 -0.984577769854 -0.225588161208 
13.7122357707 -7.82711891746 3.12325060084 -0.389523026279 -1.99942071907 -3.77314759873 0.931031619203 1.72075726903 -0.373561609299 -0.257284511573 
13.7182792873 -6.55923426649 2.52994482307 -0.896922625723 -2.9166969674 -3.83632177411 0.591033725979 1.88256819352 -0.484101912104 -0.177964633768 
12.7411967247 -3.64934403513 1.07229625391 -2.80061855157 -3.07037508063 -3.82735163271 0.451898732512 3.64756832842 -0.365417916089 0.733003011802 
11.9339833345 -3.11539611188 2.13357243529 -3.82864534191 -3.58781357773 -2.94056809701 -0.436350179118 2.12107933679 -1.46154847765 0.800254665073 
11.6723046388 -2.42460432859 4.32092751515 -2.83808308358 -1.83199104454 -1.48027794693 1.63682038681 2.92759017189 -2.37382078982 1.35054795713 
10.0625065717 -1.38966851496 4.45625680471 -3.5443111404 -1.70843813953 -1.62491691453 2.24479801788 1.32491423154 -2.99349047289 2.2943697199 
9.44367211762 -0.382001397729 6.3588054647 -2.99011178581 -1.17289516761 -1.32851360821 2.25332991621 0.735826890147 -4.06538665214 2.73985186438 
8.52695161337 0.612443747336 5.19581913288 -4.2266058826 -0.0193897521239 -1.05232562108 0.482766468345 1.28964310001 -2.50222802662 3.21765420518 
7.63624282774 1.31983232321 5.35812822601 -3.45771349198 0.705255588794 -0.839682376322 0.148487432888 0.858345163479 -2.14915229433 1.9805248189 
6.98128170689 4.94268104756 3.16698790107 -3.76208679438 0.860820648352 -1.11070162745 -0.585858240359 2.04005343468 -0.774317382903 1.71018168302 
4.02948511064 5.74633078627 5.61578353088 -1.72558110527 2.27483890009 -2.16252485851 -0.194124486047 1.44636937054 -1.6391450612 1.7419828311 
1.17586657249 7.33107211301 5.93820129329 -1.39489131448 2.03614270166 -2.1706871926 -0.710406106124 0.394629697751 -1.05469356404 1.43488799994 
-0.782743032679 6.56244892533 7.1092751428 -0.720509626713 1.76481023703 -2.10432748898 -1.47638821138 0.73492370377 -0.664404644466 1.67654901928 
-1.84897754556 5.31812862564 7.93764447196 -1.44515258646 0.688507956918 -2.4766847223 -1.33685929572 0.617972083893 -1.38792621857 3.78465315464 
-5.18388391806 5.62542730722 8.02913354745 -1.4176764292 1.44389616746 -3.0141154665 -0.305206017001 -0.806680933407 -1.4436582246 4.43610849602 
-9.7074609792 2.09421272017 7.263020902 -3.66379501877 -0.538539027782 -5.07937411382 -1.88703707148 -3.63402989476 -2.14611655377 6.55996314514 
-12.8002698387 -1.8939210393 8.69855373593 -2.09240497732 0.422413546741 -2.85119852185 -2.58028193204 -4.06883181719 -2.50001354802 3.60861524255 
-15.7542854166 -5.8059184474 8.6451876144 -2.138199407 1.69856522082 -3.63386340197 -0.648985247226 -1.84311542685 -2.35537519117 2.48318413197 
-16.1244880778 -6.89316284656 7.66600341642 -4.27982435205 2.33259465308 -2.35728894618 -0.580406103307 -3.17342930211 -1.69140448559 2.86690859367 
-16.0864284993 -5.83410174474 4.92273678566 -5.968872628 2.82526642963 -1.89524898638 -1.00860474329 -2.15417763467 -0.331620213003 2.7956213503 
-17.9718705495 -6.0086072211 2.74363601961 -7.66304529046 2.49572564838 -2.26436717111 -0.717532095144 -2.03464515416 -0.296678848255 2.89443299431 
-19.7538715889 -7.16713888022 2.90642769353 -7.07074458402 1.64478003336 -1.03488537766 -0.529164761888 -2.7227519668 -1.30385089777 2.20866409432 
-17.7499079132 -6.15127989282 1.68642828424 -7.27391148583 1.12164338959 -0.722202397064 -0.62172395043 -3.32383808217 -1.61174094914 2.29954623021 
-18.4863252686 -6.43501006929 1.32290762813 -7.11452097427 1.75190782446 -0.0061290564178 -0.113738460594 -2.15140626864 -0.901361838546 0.917086994057 
-17.8587213895 -6.8495462718 1.63355023253 -6.99237385743 1.90684843148 1.09378872397 0.288785353225 -2.59428405862 -0.893621476097 -0.363278175198 
-17.8968161724 -6.57123416296 1.83106885418 -6.74788327321 1.34677132831 1.58002984231 -0.310576593489 -2.66178608207 -0.899844021058 -0.599180124503 
-16.9564133867 -6.33620445678 2.48304256214 -5.27407930603 2.05779950813 3.18825181595 -0.977313916898 -1.74060368969 -0.125357436826 -1.17059984311 
-16.9727609072 -6.24226069642 2.02684419064 -5.52540358836 2.21428046704 2.8368342212 -0.33351490698 -1.61922946079 0.209180618305 -0.986913698963 
-17.0252690185 -6.75510470295 2.72402396955 -5.43465277229 2.1885199193 3.15910565285 -0.449041340756 -1.61409231903 0.295288645526 -0.528263529449 
-16.7933311332 -5.51603055859 2.62117696346 -3.97337399677 2.67431629846 2.34091750757 -0.264777129981 -0.649289619005 0.973182888318 -0.223780331949 
-16.5578920153 -5.77654483501 1.96565553205 -5.38904609091 1.50857506975 0.677620336871 -0.740849277789 -1.85136739541 0.591056075674 0.698362076093 
-15.8427353725 -3.70578301215 3.33836056988 -3.36087640611 1.38106355839 1.07714921906 -1.4440818373 -0.526438217393 1.26224052349 1.2783799349 
-14.6108702152 -3.04550746196 3.07350021821 -3.33068020434 1.20791507043 -0.887787308599 -1.37588624632 -1.62141464086 0.831732659482 0.869005849527 
-12.5968545149 -2.23787753119 4.98373321203 -1.635064922 -0.696586595116 -1.18902362944 -1.80949034961 -3.45970535159 0.671370094299 1.93545850555 
-12.7195868337 -1.12824723413 6.39332132857 -0.297998556195 -1.17615160459 -1.01646843928 -1.94033385907 -3.11065869231 0.862799594028 2.1566685888 
-12.146278904 -0.982039889118 3.45257320517 -2.66265592426 -1.50892255945 -3.70482534723 -1.42849914914 -4.60970686833 0.602644247204 2.2998406278 
-8.8251368632 4.04177749812 3.42647931864 -1.73573212677 -1.77300791932 -3.12100209966 -2.04246025041 -2.22910441394 0.791209942206 1.2703228754 
-3.96389042151 5.74237412598 2.95965251998 -1.64998202534 -0.69365366853 -2.85561602864 -0.626731337987 -1.60978942196 0.482822076451 0.278641254851 
-0.0624952369051 6.50483229161 1.95300078679 -3.54794358074 -0.476287618974 -3.2318683282 -1.56188805944 -0.809506540257 0.813377962624 0.228415887277 
0.967074527133 8.38219036752 0.054767010171 -4.33029191703 0.0538420837142 -3.63473695175 -0.347134098196 -0.699339147617 1.8676832161 -0.0833822036824 
3.42344815145 8.63378693613 0.710006303902 -3.73880475716 -0.863118577276 -2.21855512308 0.843006474947 -0.606112752938 -0.643955067583 -0.286823556292 
6.81890318625 6.51266660453 1.14814393299 -5.39297683502 0.118797597573 -1.71675738987 -0.538219055759 0.177126444856 0.756309309253 -0.91646848085 
7.58549392964 5.54345494071 0.682303582417 -6.05649139461 0.142225677916 -1.65272258165 -0.948348454511 0.567238705672 0.51099958397 -1.62396811683 
8.6744953855 4.1474783193 0.507825881471 -6.81610072571 -0.976890036085 -1.67007928358 -3.43860203563 0.160894738285 -0.10529266582 -1.59406886732 
10.0601713168 2.36677980177 2.12283214444 -5.10773605616 -2.89848176212 0.5138259087 -3.80616399914 -0.158492384105 0.797919925335 -2.30701935382 
11.2927436128 1.03307267178 2.33395315266 -5.07973992701 -3.5431684934 0.329803301569 -4.38094094024 2.28427796456 1.65118068833 -2.30902216091 
12.4060677633 -0.082942321735 1.94840438448 -4.59720982222 -2.70921990187 0.185599276771 -3.53527181348 3.3397934212 1.76511958367 -2.70691133663 
12.9276797818 -1.36982633116 2.3700675958 -3.21235976431 -2.83600432133 0.163301520072 -2.21211228556 4.49844272627 1.19060837096 -2.48434091231 
13.920099304 -2.7006405147 2.17262398776 -2.83725849226 -0.905981959515 -0.560496879327 -2.18614093303 4.65398459435 2.13749463609 -2.03488123808 
14.2921263052 -3.32145747222 2.99209802364 -2.12431413087 -0.634309391069 -1.55006379855 -1.55578675844 3.87629846236 1.28385766542 -0.934750430559 
14.9196865122 -5.00161614621 3.70339343383 -1.23341649418 0.882117837706 -1.69656197878 -2.11903370267 3.04797801117 0.603194097664 -1.81717821788 
14.4213656794 -4.05752888585 3.2932618785 -1.23834751931 0.184882964338 -1.50436830751 -1.72159603569 2.54692667924 1.41073324142 -2.108189772 
14.7893435338 -4.52071373153 3.66078661153 -0.15906731069 1.11820876278 -1.51933733456 -0.550071093389 2.13588493154 0.302362181543 -2.49043494148 
14.7612227556 -5.20809128723 3.81605874635 -0.183665494496 1.33104895014 -2.28826412418 -0.572731312412 1.40880126976 -0.786942497039 -2.39450152657 
14.3737548558 -5.97112611152 3.12913530162 -0.50768678441 0.570487486827 -3.65956342759 -1.00161185804 1.30003159917 -1.42597005047 -1.961881798 
14.5952947354 -6.36936081207 3.77266530366 -0.372129478233 0.334279981639 -3.22773786664 -1.32241328584 0.896752842164 -1.79184138264 -2.07406407799 
14.8038642798 -6.46419043583 4.11127136892 -0.353853772616 0.654924810024 -3.006060107 -1.00898441823 0.522835679247 -1.98923640225 -2.44566366928 
14.3788676196 -6.93114179459 4.03791567405 -0.0955816851071 0.808776788456 -3.3988512744 -0.688088857252 -0.0320800505255 -2.34497386148 -2.65063894258 
14.6605178438 -6.87312922108 3.966666246 0.00374534473723 1.03008134113 -3.4668293307 -0.794824735884 0.566779458191 -2.33692159305 -2.47788048903 
14.5569118802 -6.54697490783 3.44481040155 -0.192726603985 0.172085004704 -3.51020298605 -0.483071393664 0.638597166682 -2.14055820757 -2.37419939417 
15.0012029234 -6.47409711588 3.98511600414 -0.119670346316 0.248446309665 -3.80197096156 0.187160507756 1.22876877323 -2.50909382606 -2.06367775547 
15.4827121373 -6.910719329 4.33638353302 -0.531888670138 0.701414344898 -2.69363272749 -0.718052158304 0.948776526612 -2.17433755518 -2.21229114259 
15.3008474145 -6.48120530579 4.27127546978 -0.728733080921 0.874591977612 -2.66123195979 -0.758400577691 1.28018275942 -2.01585706353 -1.48284517655 
15.5566820125 -6.10568027396 3.01412508801 -0.926678733013 0.47017452364 -2.17381006382 -1.86970116276 2.29114536963 -1.34286797216 -2.0039483103 
15.8249411673 -5.54004980175 3.37311125066 -0.288524477469 1.12310284907 -1.32560912855 -0.823278496044 2.20239691979 -1.896322573 -1.78257244736 
15.1796540433 -4.65702946007 3.10253215284 -1.14455556917 -0.370727722919 -0.0538467634641 -1.47672823087 1.51503932809 -1.24412891484 -2.23738131991 
14.1725833347 -3.53787673241 2.1223068967 -2.42627044389 0.136565680056 0.119481128181 -2.79600250068 1.09388531462 -0.18069051591 -3.01473512722 
12.6981499271 -2.65644454409 3.41743399672 -2.4067853685 0.226059188392 0.9709726468 -1.76368610129 1.73373994338 -0.879746118566 -1.6050679466 
10.9724963202 1.18162878724 2.60390415054 -1.98230359933 -0.419217429339 0.946771290433 -1.56455455614 2.89472878027 -1.07455119555 -1.20560385959 
10.048824738 2.02963015723 4.17706529518 -2.59372823047 -0.530363190286 0.61887722048 -2.71652602254 2.47119726789 -0.905647738532 -0.42336872126 
9.26930256548 0.790421985757 4.29576514873 -3.72668414689 0.0659269545114 0.31441380248 -4.06908238389 0.540698771221 0.295911890955 -0.286750552594 
8.34252507318 5.33136806177 4.69058930655 -3.29110141289 2.13441364768 0.90018512167 -2.90716420808 1.96909517611 0.762526609109 -1.13401991945 
5.72388260906 7.07235575702 5.20410910672 -1.81281168106 1.54605454218 0.514918716399 -2.38706332242 -0.356508825979 -0.259198164574 -0.193863416164 
2.8062726723 9.06810078095 4.64906704714 -2.67111842876 2.13546924145 -0.931284453897 -1.18673518795 -0.397633097176 2.03800248752 -0.0844686136082 
0.117005466515 8.71664090084 6.47439698788 -0.451322576905 1.96424714033 -0.923742223295 -1.80784530213 1.44632268862 1.19779157704 0.102137822132 
-3.63255559391 8.94838868731 6.73625473405 1.09874415578 3.42146596907 -0.808527300144 -0.454960692978 2.88421281174 2.34770463629 0.524916565625 
-6.99574783679 8.49801532659 6.42371511492 1.28582628912 3.15490585395 -1.80894593319 -0.556782240616 1.72091108949 3.42390540593 0.618266526914 
-10.7852077552 4.29666781669 5.14322579336 1.14105754978 2.34401901111 -0.367876010734 -0.600482087455 0.630985409007 3.46957299259 1.35735952616 
-12.0610553255 3.69866571793 4.18552646336 0.138956276613 2.77151135513 -0.868236569019 -0.279067308416 -0.906300746617 4.30002772526 1.69079298484 
-15.5807041648 0.583840544331 3.16853648972 -0.191393508019 2.70292810334 0.000433633942529 -0.926515432908 -0.673530348345 3.39073008921 0.839770969826 
-15.519621266 -3.9380315193 3.38809268239 -1.89739262205 1.13749609104 1.85837978328 -2.08088723755 -2.1187995157 1.50463792568 1.08997714541 
-18.7745962488 -5.86495851444 3.84150658406 -2.8634804745 2.20956845183 2.46433441833 -1.20402481367 0.585862362 1.28008920549 -0.159217840626 
-21.3090890077 -6.43691360755 3.34495104566 -3.33098364266 2.09855131245 2.99681875765 -0.504195162465 1.22128547298 1.1602995665 -0.0230899663028 
-20.143158122 -5.88574370895 1.93779860995 -3.68129018353 1.15257392418 2.03980775642 0.135239443664 0.383360702307 0.805963748505 0.188578573794 
-21.2446243022 -6.35379400047 0.896803388855 -3.62693949881 1.16880797483 2.53176065554 1.23305169697 0.287201643992 0.406557602367 -0.341931983848 
-21.37296919 -6.15604987665 0.785442562249 -3.84957293763 1.36592025055 2.03052516636 1.207854045 0.742646712705 -0.339678483203 -0.779597778423 
-21.651668586 -6.75030848176 0.254304505489 -4.94848018612 1.69488172583 1.93114785271 1.21776405518 -0.324945848223 -0.191998969141 -0.0673637790749 
-22.0533423677 -7.04614731489 0.283314305745 -4.78987162305 0.915100520621 1.47763899972 1.36001173975 0.283743526845 -0.915885076418 -0.417214903506 
-21.4009019219 -6.41745599483 0.115399223395 -4.74466758165 0.930697675946 1.47576858144 1.38114846229 0.244070359635 -0.535963275725 -0.24339714007 
-21.8883535179 -5.4481994803 0.414213812856 -3.72528222513 1.29758469868 1.97957627766 0.559218664868 1.74418244745 0.134199584224 -0.631345436461 
-21.5975406554 -5.11955008202 0.892310302667 -2.10516977296 0.682641458673 2.21748320453 0.377129919153 2.11809936571 0.273046010373 -1.00465514193 
-20.9173976307 -4.99791794493 1.58599570038 -2.73074293842 1.08367301243 2.59337430467 0.190808358559 2.04837197275 0.835896223591 0.0181149624673 
-19.2243219904 -4.47730343053 1.57274930426 -1.36600505154 -0.0264642455322 1.54799303624 -0.327965704093 0.185057963981 0.867799572873 -0.686606268049 
-14.1712766729 -2.61532035488 3.4229788178 -1.15239378434 0.53835727555 1.22522036703 -0.553504327904 -1.24526910487 2.20402712927 -0.0724139983827 
-13.5211985737 -1.23750706827 4.19519933997 -0.324462204822 1.01821029187 0.22465131806 -1.49491142662 -0.633229774564 2.26095027576 -0.339650558757 
-12.0277932937 2.93921306826 3.52294367561 -1.15924561373 1.03335564985 -1.48544137064 -1.11414508785 -0.582660895463 3.07718109405 1.60033131356 
-9.2435815728 5.11821009424 4.03670913231 -0.216521972678 0.667348080956 -0.642591287158 -1.18722532006 -2.20038747436 3.20755662047 0.0702417597629 
-6.88748923939 7.78722821011 3.04673398565 0.294583852687 0.458355255077 -1.81418568373 -1.11422364113 -1.57077831115 2.7775551737 -0.694939976768 
-3.16754866685 8.43756737611 3.87782403366 -0.595973293494 2.06998683582 -1.72544437116 -0.431816968206 -0.374003425295 1.57166640277 -0.521310228797 
1.09566685185 8.68494406619 2.5912936666 -1.61645398192 3.46711777392 -1.59812329514 0.885105267263 0.275852810284 2.42675638065 0.111314894413 
1.13407398931 11.3702123962 -0.565801698863 -2.26599093607 1.77044585414 -2.38324442286 1.67606084904 -1.38809081655 1.90742875688 -1.99799647336 
4.07905984059 11.1613993221 -0.235826549356 -3.24766429252 2.30310843749 -1.99152850679 1.62116443444 -1.75784032179 0.478134487564 -1.01208895046 
6.1152938041 9.44115708376 -1.37171112825 -4.30249389305 1.5848225729 -1.20756811708 0.798585256345 -0.102220707531 2.07560386721 -1.28826404731 
7.64068068088 9.73705224071 0.222582939446 -4.54782456431 -0.116629300745 0.48830462625 1.60945379894 -1.94511897572 0.455243738038 -2.60708284407 
9.11653795146 7.53446580632 0.132143382217 -4.50440941173 -1.32638475551 1.42309812469 0.456002353397 -2.08973005112 0.446683361882 -3.38876363788 
8.799585033 4.90969255185 1.3897524202 -3.38618230269 -1.80843671237 0.693352541437 0.716229609768 0.529466971359 0.12726538802 -3.65243736499 
10.6951851241 4.20117500498 -0.752296075872 -3.81273845392 -0.852435161405 0.902885063703 0.813423040487 1.38715337074 3.74637110592 -2.50947699133 
12.3560295593 0.212058165226 -1.24974687445 -3.04359101028 -2.42491190163 0.130490046232 0.372643833585 0.4469938494 3.78386168932 -3.44760531992 
12.3854514716 -2.08829631253 -1.52329474286 -1.8812343796 -2.36732901226 -1.05465391742 0.897148420675 0.203207508034 2.99939672283 -3.06703089001 
13.0676915894 -4.48098242024 -1.50603319346 -1.95294554089 -2.643568665 -1.61574253934 -1.57851135135 -0.562057659641 2.64050750366 -4.09425576378 
13.4435812897 -4.83302197008 -1.48993286966 -1.12984126155 -1.62275238927 -2.73904392921 -0.557197077222 0.718690430694 1.97021987459 -2.76878866901 
13.3446515007 -5.37669174851 -1.60623894536 -1.22869732666 -1.41128623992 -2.96544715102 -1.43077295375 0.391113099454 1.58275543793 -3.02068070318 
13.8673996221 -5.3329923722 -0.0900663138261 -0.0562532916991 -0.282176418301 -3.10788872143 -0.181510517627 0.954282688191 0.119865231764 -2.83118471875 
13.6194162624 -5.70136065077 0.0968497697549 0.219791044122 -0.98274243826 -3.13081652877 0.670835313785 -0.00872933633517 0.18573818876 -2.71185604043 
13.6460567815 -5.76329703321 1.2893427011 0.647953487668 -0.144738842168 -2.99570718558 1.52749544916 0.156545665902 -0.426333661011 -2.7845994379 
13.8747768666 -6.06350359943 1.15790979482 0.6044070916 0.0555951366227 -3.27513991737 1.4076039996 0.167827583936 -0.376911619362 -2.83893003237 
13.8602029377 -5.6493130176 1.01185241151 0.181225696676 -0.107400002398 -2.61829426858 1.28660168314 0.0459674293335 -0.13188459251 -2.43171562618 
14.162300173 -5.4054153294 1.38409913446 1.12340515898 -0.185780212291 -2.66645829746 2.85778142525 0.155362522499 -0.562789090309 -2.26795285546 
13.8967403825 -5.8953251439 1.01755272038 0.638280488787 0.369791792748 -3.11477937772 2.14289805084 -0.140509498484 -0.468452195606 -2.13581318629 
14.1716106732 -5.47649648882 1.13247760033 1.046873499 0.219931915153 -2.52056008846 2.37110847035 0.101121198275 -0.110180698111 -2.31341140096 
14.1166984991 -5.23129029948 0.984051607771 1.18270140022 -0.095257055036 -2.8186422508 3.23872757757 0.860986302351 -0.589552018048 -2.09226846618 
13.6736226234 -5.86528716981 0.903637381149 0.828066253723 -0.484943293208 -3.4497336736 3.00847972327 0.552932914455 -1.17760676766 -2.06261490262 
13.4144382629 -5.53665838472 0.909668053343 0.985350975785 -0.812361473834 -4.01522601798 4.13997496247 0.796306748172 -0.905792081966 -1.71323696237 
12.8534844316 -4.43311174537 0.339062737036 0.635272007967 -1.79304311748 -4.48762926571 4.69403120083 0.676995480248 -0.212832010771 -1.49847826942 
12.7963501075 -4.17308366512 0.592668262943 0.405250561702 -1.56972037822 -4.11911739788 4.16481546414 0.597791404228 0.0318960311844 -1.47398984835 
12.382061556 -3.97634698715 0.482082042512 0.167568515053 -1.80771504041 -4.38913607912 4.21044486342 0.479712013198 -0.117212444464 -1.58602478869 
12.3555812137 -4.61563024776 0.180563788832 -0.0837034081027 -2.49516275935 -4.10503336468 3.60914127742 -0.0276801197448 -0.134719308794 -0.996037770875 
12.4644032251 -3.06932161831 0.796892718706 0.159618424476 -2.57010319807 -2.82569498636 4.04339381806 0.525686255844 -0.125986364114 -1.33485048797 
12.4537902641 -1.42577844953 0.862226466225 -0.434170418479 -2.24056354423 -1.92683431828 4.55475781043 0.708293693475 -0.496717949967 -1.45101410644 
11.8539270433 -1.28825872158 1.88316371244 -0.740927834514 -2.77660168889 -0.745947454357 3.41772041305 0.222060637187 -1.2711362032 -1.74275863866 
11.3601213396 1.55148519569 1.30811960774 -1.4289115563 -3.66679170493 0.20263027254 1.51266585601 1.12373056262 -0.369739003085 -2.2535030613 
11.3453810416 2.89369121922 -0.31990775387 -2.50986993368 -3.04847501776 0.613855903827 -0.213022434288 0.0788626906722 0.336586166725 -2.26373336128 
9.90829075959 3.3744631689 -1.98332277706 -3.71143778481 -3.37679561544 -0.354796147897 -1.56353660799 -2.14741761359 -0.384042273764 -2.20186288394 
8.5139329893 4.93915084184 -1.08470856843 -2.56210800812 -1.17690030887 -0.164053973229 1.03239472753 -1.79426359017 -0.606261569499 -1.30433411351 
6.9504649566 9.17476564614 -1.72005864812 -2.16973107884 -0.897833364832 0.159534511938 2.61668778513 -0.617332588086 -0.364382779901 -2.50696989431 
7.85025279174 9.81764271105 -0.511754117015 -1.84677801436 0.380871506142 1.07109436125 0.606941971316 0.927228802178 1.06051826744 -2.34309105298 
5.64692877764 9.79582695751 -0.593306294604 -3.01586983715 3.16512439617 -1.66700061577 -0.116825402485 0.846919098241 2.03491088134 -1.51111225117 
-2.44856173527 10.5162644284 1.9456139413 0.731350404997 2.08504303489 -1.6122491476 3.47819230565 -0.503984874553 0.602753112225 0.240418501724 
-5.03892991941 11.2144470916 2.57798559947 2.17013481546 3.30511234256 -1.20983276951 4.52634076202 1.34870879208 2.82643134701 0.0584262794107 
-8.34822408912 11.3274936869 2.97861344607 3.64582411225 2.73715296439 -1.07381018777 2.92306663394 1.63380112029 3.24561312595 -1.55152237079 
-12.2995352003 6.46818473413 3.62503866749 1.90615724591 2.05706681209 -1.10131362623 2.23529216215 -0.368360594381 3.24818008485 0.682976297469 
-15.7778511351 4.98859278101 2.62761430122 0.893287436147 1.14704347226 -1.4334019364 1.86143216649 -2.09415961419 2.94325014406 0.790373411581 
-15.3918966981 3.55849048565 3.34013316896 1.87963188296 1.89648404826 0.69672507123 0.218601232513 -1.05759006345 4.79045073372 -0.436795540309 
-18.1796959725 -0.470558723652 3.19831818206 0.675663155488 0.745800128602 1.47277656957 -0.641074582629 -2.04148381879 3.85512072885 0.378988523097 
-16.1767325559 -2.52581021766 3.5220411709 -0.529656578535 1.63558812568 2.17633063157 -2.03800109886 -2.42097206453 2.98640263112 -1.10968490663 
-20.101778449 -3.08808227248 2.64952897676 0.454985307733 1.9698769812 2.79641986527 -0.959926419098 -0.764189548066 2.88228938108 -1.95959409095 
-23.0333776439 -3.01257192373 0.893379180571 -0.132825095979 1.43288272327 2.35754565884 1.30269390132 -1.10087865574 2.31666806437 -1.15242178765 
-22.4503619886 -4.36764748738 -0.0885477313894 -1.08027785057 1.28693548476 1.90996151123 1.04130550538 -1.57542317201 1.88219871881 -0.594242719625 
-23.2073313039 -3.8639102496 -0.987452151817 -1.23754998475 3.34787206912 2.6701260388 2.21652626088 -0.644917018465 2.65907723297 -1.08256195551 
-22.8342876589 -4.72840692339 -1.3153375783 -2.20667312505 3.39072507581 2.74238236182 3.03406081517 -1.68590672246 2.07044863877 -1.80226370164 
-22.057773285 -5.1794122569 -0.368445969695 -2.07734114765 2.2951111731 2.73390414568 2.52017122086 -1.36580929412 1.61411456683 -1.97035340808 
-21.582456436 -5.34132465264 -0.556862066086 -2.18589562361 2.31521863345 2.69288342405 2.38995685911 -0.613270535709 1.59829282816 -2.03725575669 
-20.5819677367 -4.73600293781 -1.04767907338 -1.70070210911 2.30775942456 2.60733465897 3.29675860442 -1.62771256811 2.16445322052 -1.84792982469 
-21.1693224236 -4.95926351503 -0.482455190028 -1.61051508895 0.567157170795 2.71952581451 1.9536420826 -1.34500200427 0.888469620654 -0.620144739765 
-20.8136447158 -4.49904395917 -1.23288264837 -0.568566012367 -0.142594805397 1.90442566392 1.09668533756 -1.65297424629 1.16277888755 -0.474903021134 
-21.6436695214 -2.61692817237 -1.5948681021 -0.334706941941 -0.626952041206 0.782642317264 2.02874718084 -1.93702251736 1.26184673061 0.141477760314 
-18.8433507539 -1.28604293242 1.01939446179 0.68278269592 1.03485956062 0.854935979702 0.438843833113 -2.12215693625 2.21231412419 -0.178449979768 
-16.7895859874 0.804582034644 0.620876159661 1.05330526217 1.43654511164 0.816921593607 -0.483959458546 -1.53957955891 3.55578022722 0.00766749072696 
-15.2599207936 3.30010585386 0.543893910527 1.45997959873 1.65103788394 -0.127732719759 0.518407494986 -0.805866817218 4.17099401542 -0.289443354543 
-13.9814051256 6.51694709701 -1.49158609921 1.07990516035 1.69108817932 -1.77654112585 0.876662154807 -1.11464442531 4.2450836686 0.827177647786 
-12.0935667559 5.4469710992 0.182812029924 1.62583077178 0.0195952533873 -1.9773836879 1.32055048541 -1.94022840918 2.9274153315 0.145866699858 
-5.9771038769 8.72463100788 -0.759926219538 0.5141458974 0.482432532805 -2.75929611593 1.19119482536 -1.43113337833 2.8501880786 0.243262839035 
-3.65408485484 10.5294220091 -1.27466817564 1.28011820406 1.29223805506 -2.11201418028 2.78157373322 0.78806693676 1.76471531391 -0.385590706964 
0.254184847323 13.1893188037 -2.84790030268 0.290594004062 0.809807351097 -0.904516552586 3.19338675431 0.852517811116 1.3455170348 -0.894605908059 
2.94461161099 13.7951026466 -4.02495467915 -1.0372731471 0.201231944886 -0.68268411892 3.87079582215 -1.98900005661 0.722104215236 0.261839898961 
5.15857797649 11.3988983897 -3.88853140057 -0.945956672241 -1.14655635752 0.270853670489 3.92043869877 -3.11963110397 0.601211936577 -0.181230008161 
7.76056934756 11.7451008302 -3.46460695524 -1.37392410373 -1.70783722044 1.38080437163 4.04470688121 -3.26435901169 -0.139871373377 -0.48855598832 
8.92817255234 11.191567277 -2.74544041413 -1.87092178145 -3.607185614 1.55276857129 2.48402556413 -1.85087513076 -1.68183055785 -0.984104392119 
9.86043828352 8.84465611454 -2.60476857519 -3.03631458775 -3.11583423106 1.26826070129 1.66934255607 -1.07639607891 -0.627748908651 -0.394133628612 
10.6605778503 5.75866042131 -1.11058118829 -2.01604432384 -2.99652521823 2.19354258106 1.89829225088 -0.959312711242 0.0997896563154 -0.339381384068 
10.511765945 2.50887938726 -1.63780387473 -1.69983911151 -3.66235879539 1.98017892982 0.476917529923 -1.13632832294 1.01496906531 -0.84072060154 
11.3965756838 3.54249149334 -1.9818905379 -1.5482568043 -3.5322021321 0.756481248011 1.20496424525 0.572472175568 1.41969867611 0.320816541156 
12.0651699275 1.12604487807 -1.827746389 0.563653691167 -2.95921940321 1.19635139454 1.63793470291 1.27196565261 1.3819558465 0.340528530146 
12.9659545055 -2.71837312536 -0.407264430043 1.28458725088 -0.832699910655 1.40721274835 1.70390025758 0.608110104625 1.3186098609 0.292909452763 
12.9658846518 -3.54785286187 -0.667041763181 1.02556431364 -0.0689640060454 1.47801654336 0.961042164065 0.563299349235 1.89915974163 -0.0318027164628 
13.0675815736 -5.26116553164 -0.255442402695 1.5746749289 0.520560100063 0.709799243525 0.738084599244 -0.641874663104 0.994964202173 0.695225972229 
13.3466375359 -5.94336845962 0.659049267321 2.2289503471 0.11711278872 1.17296504452 0.7761534838 -2.40535248466 0.687431735355 1.52600878354 
13.6841792386 -6.09018662164 -0.154373179827 1.3793542172 0.504770440936 0.779105566869 -0.332682720509 -1.96756396204 1.54687824693 0.898539390453 
13.5086985335 -6.106243594 0.984809138481 1.83136777431 0.5727165302 0.937685082659 0.886572605558 -2.9519779241 0.554663012158 1.3773378206 
13.4477065018 -6.05064444908 0.652203317311 1.60256176679 0.0212021903404 0.782773708691 0.666958297839 -3.07550256132 0.44477606988 1.27963123702 
13.9362563907 -5.80328691135 1.01548496133 1.80853774425 0.419655365181 0.552266473079 0.877695853098 -2.49214301247 0.00566359225478 0.641336068413 
13.5118819216 -5.62026620948 0.479693881375 1.86450392235 0.166786366714 0.554010306077 1.40769102351 -2.02217721682 0.497359069525 0.569776679639 
13.760972705 -5.49252997397 2.02106437482 2.83679139376 1.10905498698 0.332530931004 2.64404984575 -2.31410071879 -0.599046581327 0.492759445948 
13.3938964959 -4.97419418557 1.57879674229 2.3710928943 0.381655336931 0.253137573068 2.43492525809 -2.66036864075 -0.379898432575 0.566777548703 
13.1872900911 -4.99186938181 1.65373096652 2.41709620436 0.46443314916 0.512741906122 2.78458951369 -2.79885428062 -0.56715324613 0.690802498798 
13.0923347643 -4.59795791798 1.72187840547 2.58288376656 -0.220929136243 0.69994510773 3.38582196785 -3.00570328978 -0.20716276626 0.061854664026 
13.3758975295 -4.81479203815 1.36473580984 2.59476303441 -0.738496990238 0.544971518934 2.48980869872 -2.7282741736 -0.300080213296 -0.0875063470236 
13.4582253281 -4.00282823127 1.06602783926 2.73128382952 -1.04466870837 0.851555857775 2.5206035198 -2.0038972341 0.0852481201839 -0.294603796143 
13.505135529 -4.03864321303 1.12132479056 2.42937114416 -1.33526181436 0.755015895287 2.34541158135 -2.47810019281 -0.149640124151 -0.109424917627 
13.8406920043 -3.68598300997 0.47964628772 1.77912974907 -2.13859139656 0.829678368312 1.31963827059 -1.95710477324 0.286379085613 -0.234233015461 
14.1940177753 -3.40282657331 -0.526699942783 1.66491129959 -2.4877774936 0.896269929044 1.2921847344 -1.28272069669 0.462354635292 -0.676302710687 
13.9295365633 -2.16073868786 -0.630792064538 1.00462139369 -2.61408080904 1.14294125938 0.40615627761 -1.26438344927 0.350498980306 -1.06632343324 
12.7681695255 -0.823421185174 -0.873960504637 -0.105140543921 -3.47824298112 1.9074872037 0.379699117691 -1.59430763942 -0.0697749998267 -0.78910092252 
10.1614757193 1.30269404639 0.36677148226 0.0247278058786 -3.83799154465 3.01570552837 1.75841210313 -2.09494681984 -1.23296301515 -0.504067378502 
9.87895141093 1.31867571572 0.272006441238 -1.08769904093 -3.51848175011 3.34959820858 -0.227976998713 -3.1510468954 -1.86591919403 -0.588991574192 
9.37733242855 2.91094617971 0.474954853725 -1.46993571212 -1.6592746774 3.44987889434 0.265455292955 -3.51989514102 -2.02546908242 0.555147600132 
9.04366701735 6.76191244986 -0.149154510528 -1.11426360736 -0.32984282148 3.3450379816 1.22895223273 -2.47762144256 -2.14481212373 0.576792414736 
5.65259423146 7.96174822211 0.742686156265 -0.305107597032 0.643817006692 3.15578926021 0.170155048591 -0.427200476193 -2.54106048102 0.0906916828559 
3.02348206014 7.41998871742 2.29563292385 1.01455451389 1.86063193027 3.30465274434 0.129475968948 -2.24450425426 -2.87173045785 -0.207845010756 
1.56266630252 8.96602068981 2.91581030989 1.73325855539 3.4782617189 1.66091831476 -0.28080787396 -1.95393419293 -2.03345246911 0.498976575418 
-0.401394165184 9.97915310668 2.37330984647 1.89458056574 2.47906816133 0.955440564263 -0.150671473758 0.241263362533 -0.67001090026 0.457992156018 
-3.2929216037 8.67487322771 2.1373089776 2.32621211404 3.46950509908 -0.700521897999 0.604599541332 1.64748646467 0.999791770176 1.10127409691 
-6.47153286925 8.64752670915 2.82609200064 3.90997787448 1.25958667033 0.354868213139 0.122519208007 0.114089862669 0.572564855718 -0.438901282162 
-10.4233813166 9.7165911253 1.8263907427 4.38301431295 -0.384834649373 -1.04328232447 -0.346764200555 0.815073978917 1.08119122015 -0.060550016993 
-14.1497257527 4.84349284754 2.78405884867 5.32203053626 -1.84322640138 -0.138545957044 -1.7925898802 -0.967496836461 0.538912030842 -0.864904298399 
-15.3422429392 2.84695854323 1.95589866445 5.81635613665 -1.79255267614 0.110719063144 -3.0770054741 0.648381056194 1.04305488103 -0.284614243028 
-15.82600585 0.694102606169 0.694497137215 3.79642115165 -1.03477178826 -0.567090461258 -2.62836961128 0.117858216813 2.48133533814 -0.0509520423078 
-18.3883649618 -1.13193109324 1.37338311728 3.96854383622 -0.824656476492 1.56284037154 -2.67030331576 1.44125446681 2.10244287093 -0.344746511427 
-21.3846067269 -2.55639233875 0.97682584428 3.61864612084 -1.41766262645 1.43972085906 -2.56100420846 0.658677966958 1.1005606761 -0.391903084642 
-20.7267970756 -3.35598689973 1.05417684129 0.952621268711 -1.25284304508 0.75301994466 -1.94798314524 -1.11777913292 0.561254728513 0.864210928149 
-22.6779176706 -5.10585958214 0.873200628005 1.28438616768 -2.0322497334 2.03145941489 -1.18338227309 0.0155435710684 -1.14371791631 -0.688082709951 
-21.6146130133 -4.40584503392 -0.875997636349 -0.334008196934 -0.618967739422 1.92943281514 0.407829890977 -0.720740157292 -0.32370978572 -1.2668939314 
-21.8156136313 -4.95931686966 -0.390186661822 -0.188464798366 -0.136577579745 2.21752006997 1.05610515312 0.443041149908 -0.705629962885 -1.69194690906 
-22.2417825961 -4.72699292733 -1.75024619425 -1.07961674744 -0.566385147457 0.719678725237 1.46972648612 -0.581996426266 -1.01917599874 -1.1226638066 
-22.1973604965 -4.69728709371 -1.53818993751 -1.59720359595 -0.274795437605 0.800705857094 1.49389566293 -0.845571220579 -0.982987050554 -1.10992585743 
-23.3254226775 -5.02448597882 -1.97284022247 -1.93912249392 -0.63762359024 0.182452839489 1.21214335392 -0.985566644648 -1.14363403422 -0.438960066616 
-21.9449669975 -4.64694026629 -0.219006768218 -0.974399009861 -0.0648128994142 1.61797267577 1.44370654404 -1.13163002139 -0.22337112072 -1.11126063917 
-22.9408277895 -2.95299068561 -1.17701489272 -0.117945863743 0.17312676611 1.14227916296 1.59603965906 0.181853708602 0.264104792804 -0.890617016526 
-23.6661918027 -3.70224242685 -1.12412738589 1.73325206181 -1.76319713809 1.57332349864 0.846395234638 0.594545175389 -0.198002270765 -0.77085613947 
-24.6544743194 -1.95575657668 -1.52186546725 0.471560457137 -2.70953668025 -1.73865809442 1.28544193305 -1.49083833452 0.00946408930648 1.14290529575 
-20.4982234224 0.339297733847 -0.217888710969 0.826971140644 -1.13345557385 -1.20332900879 0.663321038693 -1.45493398092 1.28732257105 1.04485720854 
-18.6565516922 1.93267758362 0.441388029877 2.38746975517 -1.43023226319 -0.456612797578 0.0142496521008 -1.46052041195 1.33141199719 0.595629437698 
-19.5015076612 3.79469591886 -0.502405544977 3.55177873534 -2.24782283161 -1.31875999887 0.762956078969 -1.05854425214 1.2922002442 0.636995199784 
-17.0057866384 5.10550056613 -1.88613394517 1.3782679967 -0.887343461194 -4.04795241649 0.589725984974 -1.58200150146 2.12654492843 0.542956763086 
-14.484902696 7.45812373964 -2.04015762091 2.26022083894 -1.33261580719 -3.51399271344 1.52518366254 -2.46192979249 1.31003015148 -0.447319457635 
-9.27365563644 8.88178269874 -1.8485893075 0.98431137637 0.635001682654 -3.4340511176 1.74704723215 -1.32296880762 1.68408276391 0.0499062672142 
-4.93719305362 11.4507041883 -1.51125192742 1.77846951719 1.38244027018 -3.03483398558 3.2762264118 -0.739215139494 0.387608819886 -1.02286670414 
1.03958799605 13.1874868105 -3.13393543673 -0.63119480291 0.483549853049 -2.32341759915 2.25490022459 -2.2768717263 0.675962928132 -1.2723837242 
3.71426593195 12.3448061245 -2.91914506537 -2.00441844917 2.04593157582 -1.29031640493 2.92792987528 -1.23830422892 1.38706062409 -0.143271149017 
6.06050574321 11.7575409778 -4.50599474894 -3.2307095131 -0.0398817839366 -1.80623702899 1.51075053601 -1.91256742441 -0.0841864157925 -0.499919481624 
8.40002659009 10.3929037844 -4.2382080186 -3.56719488436 -1.34585956076 -0.260093933425 0.266511768025 -2.91484677749 -0.687032755283 -1.41536983372 
8.20089491545 9.15780118263 -4.44405250622 -3.78072260365 -1.75008955537 -0.304963542405 -0.0412686794075 -2.38141929796 -0.353168169203 -2.33361307126 
10.1518853218 8.60765915545 -4.16916700127 -3.89190756312 -2.28849929499 0.643640036748 -1.06223251996 -1.1610487817 -0.159067616007 -2.61155789229 
10.6002655939 6.88505526988 -3.00849557467 -3.55110829123 -1.86389189096 1.17438836692 -0.290594639693 -0.464121682691 0.286574561493 -2.39854298528 
11.2900901899 4.02497602146 -2.08161906695 -1.94878494881 -1.40265056741 1.32568377279 -0.0668505498103 -0.216373791456 0.891353198308 -1.70736507093 
12.3985399377 0.488214981614 -3.50618304444 -1.37493426636 -1.65652487705 0.709988455033 -0.714401794771 -0.340142047678 2.00774779235 -2.05452184872 
12.7359294866 -1.93943731952 -3.75806956031 -0.940520480269 -1.43790600618 -0.197650652909 -1.23291162524 -0.475200205182 2.23433052778 -2.08276125109 
13.4785054338 -5.26170229414 -3.39646787313 -0.691026581155 -1.64225982346 -0.852548201722 -3.00431485744 -2.9059280058 1.41677515931 -1.46943685264 
13.7300289552 -5.64621974491 -2.16131190576 0.350763896319 0.296172536229 -0.639360623953 -1.81690510996 -2.01400967342 0.999387299871 -1.19017590798 
14.7382318045 -6.97072396666 -1.33001125287 0.801060528938 1.48918391988 -0.598566156401 -2.82361037009 -2.11580599469 0.980080533658 -1.14612906447 
15.2114631963 -7.54143113271 -1.24284704511 1.3402183093 1.17321039199 -0.828379905577 -1.61669426936 -2.41226520319 0.816029973239 -0.660615752721 
14.9475116315 -7.75812250144 -1.25555572881 1.25984262501 0.794009869965 -0.772308877497 -1.71534400821 -3.2807320883 0.917372616472 -1.19969210755 
15.6359864939 -9.04638776992 -0.211536235629 1.77222674706 1.05383463835 -1.03837241965 -1.3777903993 -3.9015893306 -0.232829312516 -1.7590620585 
15.5653046305 -8.51126155244 -1.09332302245 1.12739935087 0.963302450638 -0.945334068029 -2.06479838657 -3.904447196 0.597008788851 -1.4957744831 
15.7836474369 -8.94699441595 -0.177962675947 1.69264223681 1.01680210899 -0.843300013911 -1.16497377786 -3.95070709531 -0.0841712372774 -1.73284757664 
15.4722046628 -7.74553860659 -0.991200561123 1.3410757089 0.681074986671 -1.08508211273 -1.27102496584 -3.72737396125 0.206399567004 -1.49277870971 
15.8526774756 -8.10559505497 -0.274933881821 2.22082421202 2.09965799238 -0.821797246816 -0.0105749431158 -3.54188158203 -0.416352699529 -1.24545368264 
15.674577196 -8.13355242938 0.495417045964 2.74100545887 2.24802508492 -0.913007173333 0.904803643818 -3.80233533252 -0.621420327928 -1.23718694252 
15.3823822435 -8.01994589251 -0.0590265463202 2.22658796577 2.20835823744 -0.914530268907 0.136995701755 -4.40115479475 0.118531606871 -1.4397811229 
15.6615206098 -7.83327341527 0.0361269030408 2.20021825549 1.71370128548 -0.771303004485 -0.284501642593 -4.2822980092 -0.0306223216684 -1.35821666596 
15.7064983528 -7.5353553764 -0.324546822283 1.73758749463 1.22198736509 -0.670103680554 -0.453299102316 -3.96167742289 0.218257399161 -1.2915180187 
15.8501816785 -7.13887414592 -1.09526006558 1.36623180685 1.14053507308 -0.788030489689 -0.881246051855 -3.10807728912 0.543021247265 -1.26579903073 
15.2816265495 -6.58973931141 -1.06379961003 1.00672232257 0.403808651143 -0.669759283332 -0.90743610309 -3.06638804964 0.889167375291 -0.737968977694 
15.5082463739 -5.3050321117 -0.902848939344 1.04397026148 -0.40202233654 -0.431022917801 -0.449797092807 -2.95172307343 0.233554184207 -0.771176287655 
14.851023199 -5.07219305916 -0.896340467498 0.200658424131 0.213032805309 -0.364331640042 -0.574040484668 -2.03873651622 0.21097381702 -0.758440069952 
14.7213306623 -4.51743470588 -1.38880141654 -0.70379992711 -0.426417173172 0.46193666015 -1.7216753154 -1.92470107863 1.05762317544 -0.949746485172 
12.9079743254 -3.36917442606 -1.27794492965 -1.17734793399 -1.78313662586 1.02827723353 -1.10042476882 -1.3382159738 -0.185573978079 -0.746241855625 
10.1957056998 -2.359868646 2.42789957308 0.455569440959 -0.487812093926 3.13097805176 0.267322003282 -1.47582225194 -2.87689310176 -2.38326943563 
9.61396304269 -1.51744739916 1.23685545191 -1.12599924042 -0.173530434995 2.84202578773 -1.01133282918 -1.06884407171 -2.28949316282 -2.60481636382 
9.81308297645 -0.451444775904 2.11452660628 -2.2342083985 1.06827885926 3.25675675129 -1.88535944498 -2.40878285015 -2.05273023017 -2.03160787769 
9.19542889375 3.38546684051 0.506410308815 -1.34152393016 2.33872179321 3.02409525396 -2.5346843441 -1.49356142356 -1.72750257069 -3.83807179906 
8.64831672486 6.1826204117 -1.15340688467 -1.35734673945 2.40803258922 2.50162189507 -1.34135179532 -1.25433397937 -0.13304670024 -3.44280150214 
7.01579133873 7.67727716607 -1.38104455098 -1.96035078337 3.27635438941 0.151675840943 -1.01796951065 1.72451394389 1.23328762711 -2.47531966843 
1.36955226171 8.40623103858 1.7644221496 2.46117357301 3.35287333953 1.05296767529 -0.0655981778285 3.45020843675 1.04035346187 -1.93387193556 
-1.0580567264 8.87904523824 3.54389595608 3.61729588043 2.42327741788 0.553368269756 -2.02719546365 2.30908375069 0.232309409712 -3.25726813371 
-2.45902644338 11.3702588072 1.58898208488 4.1763428784 2.82620643661 0.177833642366 -1.03436425791 2.38666273727 1.06974409805 -3.15671949447 
-8.32273146874 9.14754949789 0.454129084186 4.17308810389 1.97102488237 -0.861591378106 -1.15715551352 1.70128667967 1.01461000262 -2.3810755138 
-9.01361426602 6.92820441317 1.6829941186 4.40201935328 0.258572041264 -0.709628683875 -3.0515236685 -0.289535552859 1.7640523599 -2.38810697337 
-12.3888717915 5.02673748933 1.09580081751 5.64270974878 -0.837879743075 -0.228666253466 -4.46259993944 0.793400574225 1.21477676291 -2.64550750561 
-16.6283124902 1.19012142105 0.648216301581 4.73725609268 -0.891340847148 0.0875573132681 -3.89375248938 0.227705349874 1.35671710054 -2.00131655146 
-18.70138968 -1.09519653555 -0.392155826374 2.65171257274 -0.0866674299547 -0.371637202485 -2.81815775501 1.24743673208 1.58890090856 -0.755156596935 
-22.6566119536 -3.60910947912 -0.25200894413 0.823136099356 0.0914718022288 -0.305289992682 -2.21679505149 0.308604306317 0.416661405802 0.557463786475 
-23.8207995283 -4.4895531198 -1.39126356206 0.785375206322 -0.650085739997 -1.8335261387 -1.0018787228 2.59887153257 -0.806840129703 -0.918952795108 
-24.7812512768 -4.48523834228 -2.43343280953 0.203826146155 -0.167877546649 -1.63078455552 0.758266703637 1.06891929207 -0.512080429521 -1.1037458905 
-23.8130426743 -4.94024392117 -3.45688471382 -2.36728892208 0.152681200245 -2.82189658929 1.60014503868 0.205184554163 -0.750375248223 -0.472540907245 
-25.4212590426 -5.65065811786 -4.37216475946 -3.76560145458 0.594492525783 -2.93734457603 2.01460523945 0.982543679719 -1.00021457095 0.448621406699 
-23.4560974156 -6.13607540503 -4.61209208241 -5.05878227839 1.69531861184 -3.13378436759 2.00321934314 0.814818230047 -0.200414643679 0.837603801836 
-22.5315774246 -6.30499535682 -3.80546675027 -4.20131123559 1.76750975556 -2.28494391574 1.59403402334 0.690510169555 0.0704649316962 -0.197574352792 
-21.456789741 -5.76820451945 -3.00108439767 -3.43016034861 1.75470461542 -1.96681152318 0.977774342768 1.37922038902 -0.152710226078 -0.9653352301 
-23.3013738619 -5.74803960002 -3.9564537459 -3.6673115153 0.37879507339 -2.98135379358 1.73536682534 1.56578537576 -0.84404105909 -0.120671944517 
-24.4490440841 -4.68833138804 -4.14915261864 -3.26878161926 0.301786701472 -3.44721149871 2.23251382254 1.21082987406 -0.586673265338 0.0800557158546 
-25.3339417731 -4.56384141891 -3.89914559341 -1.72128265822 0.0360562048547 -2.27966444922 2.90673696635 0.788470281251 -0.607028351693 -0.639430722605 
-25.9083646851 -3.5214041134 -4.33152581447 -0.977864539864 -1.15242064248 -3.99254312017 2.82012824465 1.60476696265 -0.772088334361 0.0941134563704 
-25.0230135125 -3.82516289987 -3.02296640191 -1.76424544754 -1.98480938603 -5.11035104584 1.40667912476 0.84945064296 -1.3724262398 1.41810780194 
-21.2431847047 -2.25206539743 -1.41074566495 -0.912362318409 -0.317979784189 -3.49872398952 1.13032695763 0.218718467427 0.155537729756 0.918259589261 
-18.5129308441 0.614170266964 -0.323529982179 -0.183123356475 -0.107759652651 -3.43470398406 1.12186333468 0.636638528119 0.633310960888 0.150800168071 
-17.3992488914 4.23924230177 -3.13313199561 0.594761545081 -0.77472536128 -5.65037504377 1.81102830525 0.290628030507 0.748562200238 0.306791327102 
-14.1976104334 6.84296668489 -2.95707675028 1.57614130253 -0.571366235517 -4.25100004322 0.53146091278 -1.65547262396 1.78845477619 -1.85729597967 
-11.2369826171 6.48656530565 -3.28724263686 2.29890746667 -1.01359875704 -4.38761003017 0.527128848967 -1.71904543166 0.510031731586 -2.65695350638 
-5.07414442852 10.4524792997 -2.66743509678 1.6414091835 0.0337374057906 -3.20977224332 0.760815477175 0.146434597553 0.252117990734 -2.31507341711 
-0.525947115882 9.81252903629 -1.95113433151 0.702428311219 0.885549963195 -2.49715465233 -0.242486783904 -1.37385177515 -0.233611526651 -2.51809464984 
2.42653446184 9.99538145441 -2.83519792894 -0.373305156685 3.01423628955 -1.51658969493 0.989571982109 0.0523368615181 1.13943093856 -2.00381130331 
5.57799840962 10.072163953 -4.0994326573 -2.12277689832 2.86591344353 -2.06807005127 -0.270750706218 -1.09306466226 -0.861937022393 -1.46733524599 
7.24053322506 9.11940437831 -3.89588352584 -2.12247173617 1.62703359304 -1.0660458891 -0.741532321897 -2.15924440255 -1.24039182977 -1.47923329001 
8.13392721129 8.62063918132 -2.76732398558 -2.8740563095 3.2586176787 -0.452251847427 -0.744698103805 -1.89993558142 -1.75432822466 -0.835116537534 
9.59912984528 9.05742585511 -3.45962431964 -3.67225547951 1.56535340973 0.579452581527 -2.11898231266 -1.07520091901 -1.25523921614 -1.3463211324 
9.97284736572 7.79062533732 -3.18160667748 -4.55521237153 1.14601757602 0.943632606789 -2.49416130645 -1.20186461024 -1.47315499747 -1.43848006495 
9.87437305907 4.76952493359 -1.57757901184 -3.28165837543 0.415943931456 0.88953565103 -1.83796116995 -0.670742558305 -1.51296449144 -1.21112482088 
11.3129787427 1.15791790242 -1.01285130177 -1.89509095532 0.651341838898 1.18091944592 -0.382540941926 -0.137985250001 -0.898511325239 -0.545797698577 
13.3061266767 -1.43898520587 -1.61120230059 -2.26200756112 1.15945641231 0.996215199018 -2.58245874084 -0.38507532281 1.25296998926 -0.905921039167 
14.1766300075 -3.04296171377 -1.33154622295 -0.0366283275454 1.12702777666 0.641507508048 -0.474217993823 -0.5174128066 0.315766748898 0.0545556271781 
14.1340906366 -5.48274703826 -0.252690730157 0.819895252858 2.53196090291 0.870410193649 0.439692355448 -0.275186829484 0.055155625107 0.393004113063 
14.050662955 -8.02496197474 0.701807580799 0.618788477869 2.78163940477 0.00460060370278 -1.31823393048 -2.0361257128 -0.736006506978 -0.867994901111 
14.6148371255 -8.70359360033 1.39988116053 0.992934358152 3.15729993864 0.722850187317 -1.60177711844 -2.85210856655 -0.845648074637 -0.602252208576 
14.9494076505 -8.12736560246 -0.0325824645391 1.11599670363 3.05126810044 0.0833650674112 -2.04241115254 -1.89965645511 0.457822041826 -0.487019858556 
15.0069643893 -7.14233610592 -0.913906492721 0.838776073028 2.23292259629 -0.0965109582528 -2.49199251765 -1.99840460555 1.03090692228 -1.05469716372 
15.4358538959 -7.09289890303 0.0864378477036 1.25988710691 3.03203895115 -0.132983861689 -1.52133582375 -1.8078939665 -0.110760682206 -1.39894198379 
15.3553911894 -6.40032186098 -0.104803406211 1.06560735565 3.40002225669 -0.201536225945 -1.40562541718 -1.33111585261 -0.336202391144 -2.29225180131 
15.5216715908 -6.34486187891 -0.273069329929 0.894076997149 3.83735124314 -0.24634201103 -1.59633050352 -0.51933963626 -0.178064510311 -2.16241542769 
15.6483366754 -7.14349683452 0.0457292828231 1.41752182893 4.03797939923 -0.437233011075 -1.2296639207 -0.774390266108 -0.563666752334 -1.68666012512 
15.0134716938 -7.28185828334 -0.0600160057506 0.982270504031 3.66922257689 -0.600801379034 -0.867386339568 -1.20759874156 -0.515422836768 -1.43460089632 
15.0609972402 -7.09076567494 0.283616143764 1.66152998299 4.49286785781 -0.378490111921 0.0927530598902 -0.668878226292 -0.494383702193 -0.92039541142 
15.0734514356 -8.16298098996 0.940731976602 1.70301591207 4.33639071075 -1.20280149357 -0.180250612435 -1.13727149764 -1.2792612995 -1.35970644352 
14.9193378478 -8.01342297599 0.743750143507 1.85503788988 4.38328167153 -1.17341514466 0.0152233336506 -0.898594382831 -0.890108447785 -0.822196104667 
14.6694664013 -7.71667669169 0.844821468652 1.64375515107 4.30814310838 -0.608829370295 0.123331866205 -0.901255952093 -0.774820951511 -0.914749313143 
15.0596397603 -7.33429820138 -0.152578274939 1.37842821909 3.4790146197 -0.13818313649 -0.55109321147 -0.710476527544 0.226100871091 -0.386680783083 
15.0896764183 -7.55427525065 -0.0364341048245 2.07252251475 2.9489542632 -0.459604852288 0.63217239905 -0.363534528786 -0.268378378362 -0.145860679518 
15.3678022795 -7.32653899313 1.5822344834 3.95033355846 3.41054232598 0.341483681782 2.726717365 -1.13951988048 -1.77383667814 -0.284567461426 
15.3876554579 -7.73767959715 1.34993281563 3.5721981527 3.0837498323 0.354321275697 2.08620698313 -1.20284611048 -1.74845510343 -0.398424959632 
15.5301990038 -7.08533419285 1.35114557415 3.44079356261 2.61343658924 0.690571559903 2.40336400022 -0.619021117816 -1.37707129475 -0.329452977063 
15.8760620068 -6.02241316198 0.496360612446 2.57167123857 1.32445964726 0.711794219597 2.12095609161 -0.580668515841 -0.942272453611 0.866189752706 
14.5596749731 -4.39851542238 -1.3325828386 1.29436782883 0.522480206809 0.677225922757 1.19574128155 0.17619517578 -0.208252872435 0.246471901706 
13.3585780385 0.194515312073 -2.63278108285 0.0818435080414 -0.694326613761 1.95166464295 1.91690069543 1.04016753671 1.3986018038 0.131939050397 
12.8089653186 1.40719744251 -4.66266332011 -2.13921853346 0.118422423877 1.68425719181 -1.05274007444 0.107657228197 2.3530554833 -1.28350039509 
11.742941668 3.14776168379 -3.50347154653 -2.6090847241 0.78886053688 2.75830070241 0.294326352761 -0.402070147746 1.79250848724 -1.07812421655 
10.9047542504 5.91908826067 -3.22012079433 -1.89564913678 0.314198399875 2.91111361127 0.679218111445 -1.03273018166 1.00019577451 -2.13965006247 
10.2778948176 6.55454539004 -2.88919888656 -1.49610591544 1.12992757079 2.83790612069 0.248172535497 -0.125471899476 -0.23606385974 -1.89972040681 
7.99987724237 9.8253069025 -2.29415161395 -0.799052115975 1.76221420254 2.11255351281 1.21978212843 0.0848164913888 0.0174618301916 -1.28128928293 
1.92302306864 12.0045281023 -0.214209445319 1.1234863561 2.26592461647 0.609384223944 2.08533264169 0.508620859962 -1.11468560179 -1.69582849532 
1.7015731212 12.7616531578 -2.08137049377 0.687498955094 3.07903508726 -0.912001476146 1.6148081723 2.04158896592 -0.0632223271393 -1.08666141732 
-1.63206352641 13.5826823157 0.0465820980303 3.01992587504 3.34471668746 -0.656270260638 2.31945235694 2.23681097576 1.652140981 -1.23898288241 
-3.55280713548 12.6091325963 0.652126909819 2.703730349 3.18365055697 -0.813366328484 0.574538440369 2.51474508062 2.87739888039 -0.993547860726 
-10.2539937486 10.3600193071 -0.709995678183 3.46202104295 1.76301801304 -2.56568204615 1.05562739817 0.627889728966 2.32883884937 -0.447345834662 
-13.6925273546 6.4242956168 -0.30631900824 2.76391343079 2.33103298447 -2.26083027923 1.18742628693 1.17177790895 1.52237948389 -0.580894693012 
-15.4744687099 4.4527280111 -1.17403752694 3.93896642368 -0.0720309164764 -0.961005950291 0.323802044209 0.940053174153 1.84401223463 1.04021700029 
-18.1514905076 -2.01474767144 -0.512097526721 0.732009965861 0.288254896863 -0.752484829151 -0.611183583771 -0.78598960512 0.407245581193 0.919813215378 
-17.8570187422 -3.59492522447 0.00289610318086 0.833158685448 0.90660500968 1.19499737118 -1.21964203122 -0.229575572391 0.191210403715 0.38331491827 
-21.9628815869 -5.69422975294 -1.3528363193 -1.74134776424 1.60901229758 -0.122371963761 0.322253549973 0.578209980791 -0.366481886583 1.75811765285 
-22.4077946836 -4.2798105819 -2.72924599263 -0.260187458919 0.693043630453 0.0849035691061 1.62374572863 -1.01860092425 -0.109360447808 0.845104176161 
-20.9346970165 -5.57022327671 -1.15623845357 -1.07412393212 1.35101657439 1.48704681189 1.11185605688 -0.300636214554 -0.206459198023 0.0356264504512 
-19.8427816875 -5.68989178344 -2.64141376016 -1.98799602438 1.18705503521 1.5978346918 1.0320143505 0.435805275512 -0.252441385451 -0.287318343435 
-18.591866005 -5.59005412506 -4.16220386967 -2.84066807562 2.45232825156 0.691288506147 1.27901761566 0.202991271356 0.79937646836 0.695663610544 
-19.5446027973 -6.63841661848 -3.6435569077 -3.18952462585 1.86030852859 0.82406505336 1.74214705433 -0.434096766745 -0.401904896944 0.528373268368 
-18.9718999902 -6.21016965376 -2.64850829275 -2.3943852436 3.11436294201 2.03503281243 1.37202642997 0.349029052073 0.230060402897 -0.141985726713 
-19.1503371627 -5.74696960616 -2.97123950353 -2.61833347778 2.62475718797 1.7193372709 0.899485705557 0.40875796567 -0.3627999033 -0.432629957266 
-19.1717644823 -5.82385004825 -3.09680995883 -2.01450679012 2.3444438644 1.83650049628 1.08070814483 0.473258810002 -0.355728703618 -1.13039766566 
-19.325704758 -5.03505990359 -2.62673731197 -1.88944645245 3.40001840291 1.98341304042 1.32825309595 1.29356990396 0.0460375429835 -1.26233557293 
-20.4927147133 -4.66198220743 -2.60031253595 -1.16657208519 2.08453387696 1.35425708049 2.47858399916 0.347972552706 -0.718773020651 -0.802496036937 
-21.6734276248 -3.80401283411 -0.968601039557 0.259611510913 1.63341155419 2.3534444844 2.19103718744 0.248725866614 -0.0697349420115 -0.882830666379 
-20.9808865632 -3.61477402916 -1.90079503807 0.570490192049 0.316711222997 1.08831908296 1.35914516763 0.67646669256 -0.71961788086 0.178645108968 
-19.5006636317 -1.8121397442 -1.4066198653 0.526749659862 0.274350541754 -0.589415060765 0.746462096619 0.121259371945 0.2259702008 2.04692735103 
-15.7565697421 0.134014040954 -0.962074472958 0.812982410581 1.04683215219 -0.525924458604 0.401847581886 -0.35621306215 0.93534168326 2.03026598876 
-16.1618689529 2.92411956728 -3.91251217257 -0.783001337801 1.63992050764 -3.17809782128 2.69174803463 -0.329895997824 0.805995259892 2.61756976906 
-14.5928711341 5.77175668367 -3.26885878159 0.993060771925 1.31208802128 -2.66593016432 2.75068163257 0.0707486828845 0.336479737824 2.31928256561 
-11.8114992247 8.11719920196 -4.28082280762 -0.247759049196 1.70233267441 -4.21455336402 1.58073598632 -1.61163524908 0.533155650771 1.75516554716 
-9.20307057492 9.7600636572 -3.24372508259 0.500105292217 0.995984241172 -3.58564172075 0.238046205867 -0.223530935008 -0.264025268662 0.442837183263 
-6.18403220638 11.5448599939 -2.39733512091 1.80606824339 1.74241950451 -1.85669915555 1.19623477503 0.442788515513 -0.577681648536 -0.464407481911 
1.68279510182 13.0415542737 -3.40171808909 0.370299049564 2.29741000861 -1.40325947521 2.15097641289 -1.05332937626 0.0490293008981 0.0170750683782 
2.74481074009 11.8787123411 -4.78228652656 -0.112038062341 2.31008882695 -0.274968088531 1.35384485431 -1.52536488128 -0.217147209923 -1.00400178515 
5.36711026167 12.9821570713 -4.57555567679 0.0662778791193 0.573279486607 0.829484976663 1.13222244457 -1.22116264424 -1.1425842355 -0.807371778268 
8.83615006057 13.0785382952 -5.52952477578 -1.15723295994 -0.346233238316 2.18120854471 1.71676288497 -1.29012422781 -1.31660553637 -0.503549688209 
10.7144868747 10.8479945788 -5.48969395007 -1.42349687835 -0.244564694377 2.9005965823 0.772216407327 -0.683089396144 -1.23437021818 -1.02643962758 
10.6518996031 7.30661115837 -4.28349972598 -2.37845309273 -0.372867463165 2.83457421917 -0.361948364513 -1.15216420569 -1.0926614542 -1.02571640444 
11.2050605321 5.2973949443 -4.03352226648 -2.01145887704 -2.1344829988 3.673207061 -1.76104196134 -1.40069135026 0.41547949778 -1.17043336369 
12.4997545326 3.83642562577 -4.06359356994 -1.17012555892 -1.23128405758 3.25386435635 -0.938415427202 -1.24211001159 -0.0922303843288 -0.619576058288 
14.2053181949 0.353459126635 -3.86194427885 -0.0886944160362 -1.11331058038 2.58759526425 -0.8628576573 -1.09456969562 0.590730366441 0.310156701538 
14.0716604214 -2.36977891237 -4.04608361572 -0.0918175302766 -0.430203106018 1.8738450248 -1.47131213558 -1.67760273103 1.79893568549 0.652059588061 
13.9257051969 -3.42786864166 -4.14567575238 0.541944670097 0.824304694326 1.14515074033 -1.19644383567 -1.31998131188 1.51527156092 1.20667979052 
13.3486656146 -6.58667110628 -3.5451548868 0.833164648389 0.324872649907 0.786057502796 -2.34670331636 -2.21090689166 1.71253187327 1.73250564604 
13.7688680923 -7.16032474216 -2.67782928543 1.42289111652 0.0930988299763 1.15182815698 -2.17592436497 -2.4639780542 1.54048767205 1.91837829648 
13.9953715278 -7.59694890182 -2.16456415283 1.73573474852 0.239452195243 0.530038319629 -1.44069253872 -2.56593509279 0.14423218182 1.36717716482 
14.1487464265 -7.76919030553 -1.17182132222 2.77066039866 0.617198839554 1.14795555603 -0.170385593243 -3.56408041397 -0.702813063861 1.00589076216 
14.3591275208 -7.7023074436 -1.79714668099 2.40847560148 0.0359338666716 0.946205937418 -0.853847817804 -3.84544467985 -0.759124163552 0.701277352987 
14.3866081867 -6.80600555504 -1.65882557452 2.82086601616 -0.235234669227 0.654176955058 0.204988812791 -4.12217367989 -1.1498758377 0.544583780253 
14.022666532 -6.54184766883 -1.9047245794 2.99427125412 0.498875915905 0.433458795537 0.846309074139 -3.54038586994 -0.91938165434 0.579220665311 
14.0706537085 -6.51489998651 -1.10624874939 3.26602645958 0.684058941839 0.646984300851 1.71420320519 -3.25316072699 -1.58530575095 0.962037475566 
14.0476339935 -5.78671371085 -1.70511341776 2.86047346975 0.969818280703 0.772214251404 1.59279926838 -2.68575195661 -1.03466889022 0.934917386346 
12.6350206418 -4.09102301364 -0.789344140743 4.55932739529 1.44310659362 0.771989620139 5.64586541417 -0.722785010144 -1.29722708364 1.119164221 
12.8483785867 -4.61816667241 -0.446899749344 4.60147637128 1.35838634572 0.547257883979 5.68410508273 -1.01042309162 -1.4345221739 1.20381257228 
12.874688004 -4.06182655044 -1.16389657981 4.08237992777 0.427647229854 0.261277078008 5.56531612736 -0.62931528192 -0.949367358971 1.5487966805 
13.0345052396 -3.38312016213 -1.53856289139 3.96568945388 0.750166700907 0.353561799671 5.15918906394 -0.519053961999 -0.40042598909 1.53821267573 
12.8666460332 -3.45380943673 -2.58971500442 3.9887758505 0.501396258332 0.352614809844 5.14777734835 0.0460829750809 0.428693271308 1.58587426825 
12.9383903089 -4.04422932097 -2.42799109128 4.1196261328 0.864891878515 0.390927937076 5.46872292381 0.0722180526842 -0.114612791492 1.08665763728 
12.7281463999 -3.45618101319 -2.8820590807 4.06974036408 0.254173481367 0.314714789372 5.57391155499 -0.270124665513 -0.390141951003 1.38419083241 
12.4610287953 -1.57397610936 -3.31884101659 3.17507089729 -0.031751721916 0.835566659716 5.16234748425 0.419252934873 -0.234093842232 0.763951896604 
12.2927257033 -2.4235484431 -4.57977484278 0.482427543645 -1.82353613725 1.02982872309 1.04714738583 -0.174865373159 0.879834762858 0.249974353305 
11.8099803405 -0.834667365886 -4.56957878705 0.0151621748264 -1.69538487222 2.26191449653 0.602638616945 -0.112629089205 1.12984212617 -0.373741775329 
10.9880692249 0.61683344352 -4.29913260433 -1.24592230183 -1.24219650767 3.75818034082 -1.28202399002 -0.025373244862 1.21463817297 0.501234148584 
10.8326308762 3.62664213641 -4.09140080507 -1.66591319561 0.264443035368 3.41175300916 -1.6905908022 0.766631907089 -0.264300036804 -0.894932958196 
9.96446300519 5.06527615298 -2.87572340852 -0.560624135501 1.16919505356 3.54425991523 -1.21597336607 1.08187268084 -1.43207919757 -1.737972846 
8.86977974792 6.48779575296 -1.36386456406 -0.341676625299 3.30978242369 2.86550638828 -0.936444472439 0.751311756754 -2.22107025825 -1.3211096607 
7.26552475035 7.29863292407 -0.552015192928 1.18179810846 3.17669496929 3.44156098263 0.116273752294 0.474730676669 -2.94517793733 -0.785024067431 
1.31995731465 10.5517677096 0.873158480152 3.36987458357 2.86275781924 1.86878159844 0.537570739777 2.59131436662 -2.82222218903 -0.95498743425 
-1.2148973964 11.9010115271 0.65749841744 5.37920410014 3.2221437492 0.75510141994 -0.160018975316 4.48544395381 -2.03833297711 -0.774308093322 
-7.02917779691 12.4200019777 0.783743221914 6.56187890495 2.17142827962 1.0874527951 0.443961332509 4.16270818808 -1.81701030887 -2.58736155472 
-7.45281055492 11.3610395166 0.512119136888 6.27955825823 1.6176782812 0.580469658677 -0.121107996433 3.74900290295 -1.33034567218 -1.35263188738 
-13.1348859258 7.56033048878 -0.398580763153 5.87541222779 0.166867627784 -0.567888917725 -1.26675315357 1.90369004335 -1.53150026852 -2.13939531832 
-14.8685646149 5.40087784271 -0.235106354809 7.00365244874 -1.6607862901 0.165214516875 -3.75143855402 3.35505452308 -1.29184177812 -1.86037863348 
-17.3417594173 2.75737905387 -2.05869184984 6.03964317095 -2.08485680995 -0.91804404153 -3.34754248862 2.80625300502 -0.88712333856 -0.727874675885 
-18.8683965687 0.400210026126 -1.27376231706 5.69888559908 -1.06955910218 0.728129226516 -3.9765399222 3.61939793123 0.526134852659 -1.43091454516 
-22.9541636257 -2.29711561911 -2.17897176161 3.60914589759 -1.27397731877 -0.180960598205 -2.48313265562 2.61300043134 -1.02114092139 -0.238481967921 
-25.1883063208 -4.36703114967 -1.45885771145 2.7148131825 -1.96266322226 0.0308525185717 -2.17304679051 3.27876470401 -2.32519115447 -0.792677933452 
-23.5845845103 -4.48029887013 -2.03143833238 0.793032207627 -0.550251659139 0.00346439778018 -0.428248187926 2.25543678707 -1.3850258804 -0.133570766219 
-25.059701958 -4.56046994813 -3.26390888154 -0.14385389933 0.343849472117 -0.924164853461 0.829513605934 2.7846878653 -1.88312015366 -0.130100516156 
-24.8302718936 -5.82412699277 -4.31057386259 -1.18308413599 0.885503216625 0.120145703101 0.853814369125 3.46744944003 -1.72924651523 0.199931257909 
-24.6707886039 -6.9327635002 -4.9042323524 -2.7228683654 0.724291444765 -0.366693253661 1.05755624323 2.50333041906 -2.06898038831 0.63841501564 
-24.218222889 -6.87042483351 -4.85895791337 -2.43439006683 0.646876225223 0.430401838955 0.437035247557 2.27546485631 -2.57410609927 0.720087048344 
-24.466319594 -7.16013765199 -4.2412961103 -3.50740705512 1.20285251343 -0.14361245776 0.632039335227 3.4186047307 -2.34493389139 1.23644266216 
-24.5399481896 -6.97170811059 -4.96022333123 -3.68086342102 0.651404047411 -0.684903113487 0.281277823546 3.58725184355 -2.42908199783 1.47685080019 
-24.1477812637 -6.28146032021 -5.05830205441 -2.73709279497 1.1359593091 -0.639480750425 1.47951843924 3.00410609693 -1.74839602373 1.91602200203 
-24.3281487957 -4.09493808406 -4.70469582433 -1.00239042583 0.742336573037 -0.458270781412 1.01907613314 3.15023944977 -1.51229107248 0.801076774508 
-24.4619660088 -3.59651796417 -4.28342873279 -0.369660723018 0.865332095099 0.411017381061 2.45327859874 2.48082495286 -0.615088470052 0.654323181269 
-24.1718092721 -3.02793026599 -3.18471435973 1.17454786791 -1.02702854524 1.21766414014 0.0234121359608 3.00745415737 -1.74781624131 0.0940869047815 
-25.4479385815 -1.80287791669 -3.37636646895 1.62968100203 -1.39652826061 0.289221064707 0.00119184884604 3.05824503172 -0.81370784624 1.29694925475 
-21.4693241913 0.832284625003 -3.19429195456 2.72986192603 -1.34802344012 -0.202987535807 -0.484609535796 1.17948856716 -0.0796507017936 1.47688910228 
-20.1057202431 3.87362866788 -3.09197477176 4.21296311841 -0.397503486405 0.762760105408 0.490024144552 2.17359932574 -0.46351985969 0.246093984012 
-17.1049153552 6.57130198017 -3.73689911081 5.33133843669 -1.88191233789 -0.153155976268 0.0131407787174 1.02229042738 -0.171760067143 1.55777455687 
-16.2163519408 8.48106745716 -4.18680326121 5.11447763692 -1.2400103099 -2.01762700785 -0.416495888102 1.72752028163 -0.304540879728 1.07886402068 
-16.0187830737 8.74492810685 -2.21147921392 5.5680894067 -1.16327492729 -1.20919213365 1.06227545585 -0.370038434817 -1.28002878557 -0.560434018864 
-6.85621583936 10.557517857 -2.15713554925 2.54030636619 1.15591941865 -1.14856502936 2.08463700049 -0.777477338792 0.598231213109 0.624880846571 
-3.03532616646 11.1037319692 -1.64259626054 1.39091742796 2.08322124357 -0.524937836355 1.63888811498 -2.09138937707 0.233162121624 0.494667864582 
1.343168396 11.9200860246 -2.96306239204 0.846713441769 2.58547940765 0.113289560146 -0.319819470398 -0.549307316535 -1.02573528845 0.219165390706 
4.44450245576 11.8811576387 -4.99185318525 -0.0189296697915 2.65301818773 0.665240865394 -0.94218056197 -2.28102635785 -1.42722732713 0.169501118675 
7.51360215162 11.2838443333 -5.42855779016 -1.83502569179 1.36480314693 1.08057756925 -1.34100081774 -2.60722408113 -0.897542501701 0.376899312115 
9.63719114799 12.7559043059 -6.23010343933 -2.6300558334 0.579116071376 1.5987491032 -0.286025482729 -0.825453589874 -0.72319351902 0.229330455888 
10.6921989091 10.7265871576 -6.32016638495 -3.60388207795 -0.128452357341 2.39754680695 -1.92498217532 -0.35143562149 -0.254366946072 -0.412095749823 
10.4398983638 7.49468655989 -6.07683000585 -3.75335311373 -0.586660240031 1.34950516369 -2.5650177654 0.45552624674 -0.202174605663 0.80084962954 
11.1739452282 5.97585592754 -5.33358176792 -1.81652424009 -1.6082303331 1.98895941468 -2.01243159374 1.08212988728 0.343643875119 0.877320057444 
12.3965315267 3.37564795552 -6.06858933543 -1.92620440354 0.186626892526 1.66467606154 -2.04262898375 2.25189611368 1.18664464569 1.0840946464 
12.7463478205 1.48209519546 -6.8547515494 -0.967220560804 1.70870277322 1.10778627829 -1.95912810547 3.44272116581 2.79104049972 1.96575103822 
12.908106043 -0.663226744682 -6.56448223806 -0.256328084308 3.27886174352 -0.122498723847 -1.94739143044 4.46085240132 2.78756300171 2.62230266373 
12.6500658153 -3.39127869476 -5.70061365882 -0.225274612767 3.40295505756 -0.393236046914 -2.67927158791 3.67302060565 2.41666965468 3.25290788618 
13.1659739078 -3.97746156835 -3.93757273882 0.482292984253 4.608382566 0.119860289843 -2.18960598825 3.10526273797 1.43856878836 3.24969501782 
13.4280317502 -4.58263623826 -4.0748921616 1.34677204761 3.63438262661 0.197915994371 -1.12667739048 3.23202158861 1.36809323624 3.68131379028 
13.512015714 -4.81095130845 -3.70907916376 0.960227489605 3.34273681763 0.0349469539286 -1.86757878186 2.29169892806 1.2067242409 3.32190312586 
13.4814851563 -4.84932851325 -3.33884473654 1.35608447829 3.72054398949 0.813552913512 -1.53391473115 2.21700778848 1.41076239524 2.90011113722 
13.370422634 -4.7242625033 -3.23097679279 1.66145530746 3.68112809953 0.670709134183 -0.673835290023 2.01841876142 1.25373378981 3.03672038512 
14.2582267331 -6.16743152597 -0.228885940481 3.03329802492 3.71761528472 0.523541879125 0.806720064765 1.94573988986 -1.05020455589 1.15688446277 
14.3850223755 -6.3779624876 -0.267162910002 3.00341746724 3.87378170823 0.527110825644 0.918217847672 2.07273256774 -1.20447195373 1.00790038562 
14.2883174675 -6.44757294718 -0.457264460238 2.82992539749 3.85609543444 0.425529599241 0.864098035553 2.37453623208 -1.09633395081 1.17286537114 
14.4560577801 -6.3884544765 -0.534942390547 3.11175750587 3.65078131894 0.451847386621 1.0094670661 2.10827836484 -1.08408487492 1.27755118098 
14.1626821375 -6.29977880695 -0.722312750144 3.04636913201 3.60295392164 0.451046352156 1.40059525675 1.76311272256 -0.99051356044 1.32726206544 
14.3817932634 -6.09883405367 -0.329802180511 3.15753414997 3.55278310966 0.5324494622 1.51654863604 1.23467011773 -0.832487289876 1.21118256878 
14.3043567824 -6.13822165938 -0.316936939136 2.90143441811 3.25367991819 0.323133589777 1.32596051693 1.3740156865 -0.483076900229 1.03769863394 
13.8982017605 -5.84793989078 -0.0869083058911 3.01666672172 3.03011450805 0.235755139959 1.6809779596 0.965445959042 -0.823079694811 1.08528974949 
14.1176517263 -5.41569057484 -0.609103456059 3.13179420664 2.32325728233 0.343790726207 1.5887360258 1.58197523475 -0.743969442326 1.22870426022 
13.9365632576 -5.74027311749 -0.18342094699 3.44608128663 2.38642466441 0.212068651382 2.02446325185 1.29117435132 -0.865751010317 1.18849532468 
13.604575589 -5.65072346353 -1.28200496915 2.84903688514 1.46341035455 -0.291741079652 1.93082313488 1.32541036246 -0.555676971696 1.03336492046 
13.4615951788 -5.37262179145 -1.27780905322 3.02687718372 0.734672218872 -0.278765594743 2.11177453094 0.945707766762 -0.450712636802 1.18229700109 
13.1315557487 -4.27624993752 -1.28957131402 2.22194000014 -0.247842970959 0.270773436886 1.51668316381 0.33029277237 -0.79409532073 1.10834147663 
13.032929686 -3.11841056634 -2.03477821651 1.77635129375 -0.809568204736 0.812716698764 1.53101820312 -0.454916922508 -0.585880667783 1.14236048751 
12.3236479204 -2.65893102871 -2.0498401136 0.991064077232 -1.6097013859 1.60317271642 0.00330475607827 -0.848218104995 -0.776272703233 0.811180406934 
11.8549437283 -2.41186883372 -3.02884852329 -1.03600636884 -1.8923199456 1.94410418966 -3.47204426807 -1.25593342049 -0.195517457823 0.241760556002 
11.1777320269 -0.20555436222 -3.14213398748 -2.11615890736 -1.91225351258 2.05911119511 -3.87854227599 -1.43213421356 -0.570841220718 0.709966446065 
11.5394549353 0.875011312222 -1.06362541436 -1.50486864185 0.122592244573 2.73492163182 -3.13681677379 -1.32290414836 -3.43064584366 0.645417997759 
10.5526584216 2.42593054889 0.159132802442 -0.619383610575 1.65485279989 3.108885725 -2.94427993635 -0.191605984188 -3.28123312448 0.61069841254 
10.2903421481 3.54218983169 0.549448990695 -0.924058412506 1.89525600308 2.32105699142 -3.68454977881 -1.06219114401 -4.57959099219 0.962851154825 
9.37541912083 5.17786590764 0.920027706106 0.456627407022 3.22087523542 2.12886888421 -2.30071659585 -0.829305471164 -5.31051807138 1.10400156008 
7.82934390652 8.07242130482 1.47076949895 0.769506236009 5.02237515585 1.15820597179 -1.51841947251 -1.3177210391 -4.94974398946 1.72788148243 
5.86155561911 7.58697044383 2.74647839825 1.73056654062 5.32861465117 0.645623396385 -1.23415086255 -0.649430940666 -4.16942705075 2.05190491099 
2.93330920994 8.42384091889 4.72990968237 3.05713139541 4.81780818079 -0.141601315927 -1.90362629272 0.444318976988 -4.45739178344 1.77883767544 
-0.269074485241 8.34275748712 2.76084914529 2.50358650829 3.17612084885 -1.31494392292 -2.74549230351 -0.107521708399 -3.07719769354 0.891453971436 
-4.00478694155 6.45064238414 2.92353056458 3.91179242451 1.12919256878 -0.794454905504 -3.60304005073 -1.12645863859 -2.51426281354 -0.567398463105 
-5.9178471918 3.57047016439 4.34132310239 4.60920054755 0.491577530326 1.40438550745 -3.98651960761 -1.3417977602 -2.0170393842 -0.592141883974 
-9.39781192304 2.18552507871 1.91066027608 4.83541271991 -1.29466010154 1.07979290159 -5.29611862572 -0.878209523377 -0.850131495949 -0.709935348093 
-14.1884649332 -0.454374102642 1.44686231804 3.36145406011 -1.53049230513 0.607873364101 -2.7189270856 -2.01907518624 -1.53910993805 -0.531620425302 
-12.3716952863 -2.13559468952 1.33068960596 2.73944908559 -1.59268864209 1.37367333941 -4.90576079047 -1.43391159533 -1.41182241736 -1.3190228758 
-21.1183990393 -3.91198085983 0.383052417399 4.68397580225 -3.43448210521 2.45383378359 -2.99690079197 2.32750520872 -3.30649893359 -0.975117795483 
-23.393549292 -3.72260137473 0.137949447128 5.31156858725 -3.29343006633 2.23269323513 -2.22078453101 2.71932353733 -2.97984267081 -1.72103977699 
-21.6552167737 -3.46450090318 -1.15564714273 3.602890223 -2.58329964022 1.65356924324 -1.48756636848 0.938566276481 -2.66963728498 -1.30772946425 
-22.1253832928 -5.5148066254 -1.64358362762 2.47564406261 -2.44673117938 1.30317651343 -1.05854687444 1.53661030298 -3.22736457754 -2.43503738642 
-20.045830912 -5.73814663873 -2.72214041339 2.39534357559 -1.55210045345 1.4514992774 -1.47242630191 2.941172795 -2.46312505082 -2.24845984398 
-18.420368719 -6.09239949264 -3.37345176916 0.648394697837 -0.802952639906 1.65485029552 -1.53190669826 2.25985243364 -1.3757514195 -1.33767728759 
-19.9496913197 -6.82605441098 -2.98123635317 0.742424747801 -1.07441617597 1.87852934267 -0.766860366378 2.31315296057 -1.93557013192 -1.22333091684 
-20.7769330303 -6.72364823169 -3.69279397666 0.546980378785 -1.56452078601 1.15093747175 -0.191819457923 2.43787690303 -2.26034844228 -0.523696279862 
-22.3433966462 -6.23837854006 -4.35054655106 0.713874808571 -1.5693140503 0.445685851866 -0.0877034126008 2.96125029279 -1.99030091488 -0.848165303058 
-22.5525588912 -6.49994297532 -4.6409662171 -0.860252041064 -1.46216990472 0.0208452497605 0.711803486911 2.78782971417 -2.52742656826 -0.00295144484094 
-23.3283570735 -6.21485461842 -4.1764226549 -0.891224536378 -1.88235786079 -1.0607569063 0.44988345452 2.92194182737 -2.93433200695 0.154271584796 
-22.7634203708 -4.18055243672 -3.43962727604 1.66966035822 -2.42352625286 -0.398122269548 -0.200221847028 3.31664387919 -2.68889783005 -1.51372193968 
-22.8706164967 -2.63562249163 -2.5083154827 4.33101052712 -2.31867101477 0.802007863512 -1.29633625584 4.10018655216 -2.57238183303 -2.07200690111 
-24.2152757991 -3.10937631603 -3.38636705056 3.46095258571 -3.93867620116 -1.31119136342 -1.65658090864 2.67598328524 -2.99078859101 -0.414628602148 
-23.2487382263 -1.50972438948 -2.876590116 4.95799884488 -5.68786997023 -0.936786329559 -2.44867912465 1.2384249525 -3.61181835872 0.0125045414256 
-18.6856956896 0.800178229013 -3.37872414135 4.1280121946 -3.68275589024 -1.45978967389 -1.41378545342 -1.0040831981 -2.78347845362 0.968538674657 
-15.8057042543 3.14004839272 -3.57010168864 3.64974744635 -3.24710062807 -1.93734463287 -1.65415164689 -1.17041561935 -3.30812088604 0.541815085997 
-10.2363207671 5.48925246167 -3.02768493323 2.57631994903 -2.67224641686 -2.2032495349 -0.0414776829385 -2.80897050045 -2.14055416507 1.95656930121 
-9.57967662827 6.44736531363 -2.55955824778 2.49577651441 -2.19596611817 -3.06970529147 -0.153454908157 -3.11983998227 -1.44944569751 1.04725552999 
-6.91626427911 8.92815094169 -1.64373235709 3.72178232711 -0.371394216829 -0.724111713618 -1.61569601636 -1.83393841954 -3.01735804521 -0.79562802135 
-1.25790124674 8.48513066275 -2.72361806869 0.141645203422 2.55308267784 -1.66702303804 -0.998543108016 -1.67357190769 -1.80265078449 -0.0213249466665 
2.65316843837 9.70814238067 -3.04120135689 -0.415486941755 5.04523973893 -1.87628358458 -0.941117596585 0.579657431068 -2.35393158337 1.22268466576 
4.58642355331 10.6285756589 -4.19057494113 -0.226339682866 3.13704592907 -0.892263956714 -1.02028686647 -1.05104263938 -3.26604257035 0.272934697151 
5.67713602375 9.38222667 -4.29528506031 -1.59607895407 3.06364053086 -0.648369768236 -0.433535821544 -0.681479823886 -2.73734614823 0.749642291582 
8.64599397523 10.7888179257 -4.30327649202 -2.02803030119 2.32415633382 1.1957122833 -0.750254779401 2.11267564826 -2.45020828461 1.17413672923 
10.5153362619 10.1766049572 -4.46547630071 -1.87391096899 0.770250000733 1.28944549881 -1.21063711582 1.27722250986 -3.4202646939 -0.346707248354 
10.7230889577 7.27440937671 -5.04150613122 -3.52478393183 -0.281627834604 0.832632567535 -2.96295324035 1.01658993933 -2.01838255981 -0.0924111363779 
11.1632281697 5.67368013645 -3.81185998364 -2.39085796482 -0.845321943466 1.28654348034 -1.48361043589 0.480354194573 -2.58661301003 1.22797921137 
11.9649653641 2.29885742617 -4.47471139957 -2.1397165378 -0.490295769876 1.26280168607 -2.17281887349 2.21206454805 -1.13580400581 0.638315603399 
13.138507755 1.08529915424 -5.05252962241 -1.69292924903 0.866057365253 1.60551565971 -1.91640728954 3.44325761126 0.78773511571 1.11463209264 
13.9131373907 -2.93166208468 -3.26906948219 -0.274147074673 1.41056815531 1.37803167886 -2.34622404651 2.73225395541 1.76759967933 2.46371350981 
14.0636879683 -5.0790893902 -2.85661544142 -0.0273628792506 1.86532109771 0.874286818296 -2.7470650715 2.19469687037 1.62552406335 2.15883271405 
13.7105618106 -5.69755086763 -2.80195166321 0.191732438739 1.77249290961 0.437190803329 -3.11748597029 1.92595375032 1.00179474537 2.77300176432 
13.6819209422 -6.21083250193 -2.93467714112 0.232480157461 2.26740212605 0.242839004249 -3.03191893953 2.75915499991 1.43891035997 3.66167184289 
14.1614685695 -6.64632528783 -2.47982706919 0.858956434541 2.85599394415 0.765137303365 -3.01019881538 2.64353579015 1.38226818166 3.36099126009 
14.146363772 -6.56043990813 -2.33610712535 0.992384981551 2.66964944032 1.14938363148 -2.60773349884 1.84949297909 1.45088475513 2.57837599664 
14.5396606706 -6.37722420721 -2.01211826547 1.22122785066 2.93494766204 1.35147158381 -2.19838190991 1.40021872428 1.5620809869 2.42246805867 
14.4766537202 -6.00229943748 -1.78846588419 1.23165598815 2.53251448528 1.65973938662 -1.91888923737 1.73213504209 1.51206986744 2.25668233086 
14.6641990292 -6.44952118863 -1.26878898198 1.39846339985 2.08250576617 1.71181820407 -1.78619369737 0.70870518301 1.04450904994 1.64376369066 
14.3430496023 -6.25196072299 -2.26920875971 1.21487922999 2.11866990056 1.47306130577 -1.63441634018 2.00139211176 1.77876936514 2.26677505169 
14.523519092 -6.34174328433 -1.59863207062 1.8089748527 2.20053267778 1.52212076178 -0.71528623974 1.74434242409 1.60019405077 2.25468668695 
14.5382898649 -5.83558895405 -1.91385037594 2.09684158299 2.03142334186 1.03664136343 -0.279710545196 1.80532594229 1.11138733191 2.24074188589 
14.4385141564 -5.54797301856 -2.07752958244 2.18332421141 1.79290118105 1.07621322322 -0.0262752721455 1.54330875838 1.44673278378 2.27388783221 
14.6161612207 -5.73710262781 -1.824050158 2.20180063509 1.78070789426 0.847316694762 0.242555737523 1.00491248914 1.27267369146 2.29269696963 
14.412289302 -6.21672871007 -2.17122630334 1.76229955991 1.42652679275 0.371389497503 -0.491977612025 1.33201411492 1.27899263874 2.46465997212 
14.3034079628 -6.05412219657 -2.00039228176 1.92363844891 1.72203296808 0.34830867782 -0.0489965904234 1.19866626359 0.943658101452 2.43292401552 
14.499767762 -5.86385050135 -1.65574679924 1.8805768455 1.68526298334 1.06642242907 -0.354594921466 1.17435836551 1.29316562269 2.36630531136 
14.3433345184 -5.66778703651 -2.44410000193 1.00165952964 1.01385586873 0.610277611458 -0.834747345532 0.556379348742 2.23714273467 2.08497481378 
14.3517838418 -5.11780582157 -3.37732110433 1.03488898311 0.705980037242 0.702979458802 -0.598433111872 0.66068778427 2.83545197765 1.80419600777 
14.3082797066 -4.10256724252 -2.76847790743 0.663226495982 0.0157633091386 1.05038181577 -0.155703445276 1.67532236152 2.42770277976 1.88879171373 
13.8627454216 -3.07225698526 -3.34417661231 -0.144177997445 -1.10189069367 1.59816587792 -0.986924989652 1.84601355267 3.4293749445 1.2413498411 
13.5809467895 -3.98743025149 -1.5710564193 0.228440494349 -0.0613634240336 2.73104050218 -0.808151027051 1.91861608711 1.89308099043 1.33106594781 
13.4173486454 -0.9379671718 -2.71640362858 -1.14452666176 -1.52286038669 2.40934242819 -1.39028440497 1.31422934683 2.10365206098 2.02715372137 
12.6415952925 0.293767323937 -2.65489541959 -2.13876549665 -2.38397588098 2.03999555829 -2.28768952309 -0.0464915822535 0.790566132681 1.7068800133 
12.4239877033 0.276474699699 -1.58314683684 -1.88063673692 -0.493322003644 2.8755674231 -2.16054125852 -1.75513208523 -0.487942629234 1.85801542401 
11.1230715915 4.33490988564 -1.65655339119 -1.93537006275 0.423580533724 2.13809421143 -1.76863937115 -0.770884969377 -1.31083720655 2.14350275772 
10.4469598157 7.36609161219 -0.302662178288 -1.13675118078 1.52447235195 1.77162147119 -0.265871065912 0.85284620686 -2.37829529648 1.31371063796 
10.1098144897 7.43494576667 0.44647907189 -1.04392518089 2.11723152939 0.999438696303 -2.45271769709 1.79392983885 -2.66896595703 2.22219292607 
7.96361367541 7.51883168649 1.52003273248 0.611133405342 3.43606386726 1.53085431475 -1.17740981459 0.353930627233 -3.73255396293 2.31811149007 
5.76997831769 8.47288810991 2.35456751644 1.31565952399 3.3200854872 -0.342301560733 -1.58384033319 -1.89700341527 -4.11427017375 3.12378333704 
2.69109023389 10.7697989414 2.10579944521 0.907432165093 3.90703307778 -1.63605491595 -1.81318397651 0.62436485181 -2.88592306696 2.93966837269 
-1.75832635664 8.48845445597 3.35315629824 2.71776307476 2.51995677672 -1.67441312826 -3.10577373026 1.39333754096 -2.32786502205 2.19610164619 
-2.10393999474 8.79760233789 2.73307766973 2.29886236028 1.29129099415 -1.75041646101 -4.15246384108 -0.494419222198 -0.516405444612 0.523028849901 
-5.17253030827 8.10465117879 1.63082198621 4.97005955775 -1.23170624012 -1.25122266612 -4.54589657671 -0.749640336418 -1.73691484832 -0.962193313383 
-8.28404878284 5.00541461462 1.9819456329 5.23439173629 -1.11610978984 0.365022463951 -4.64095384091 -0.795514922901 -1.09148723191 -0.621842051784 
-12.0196273441 3.68134622907 2.21836288744 6.81434753463 -2.16979088472 1.34851904762 -4.04698132262 -1.68567181202 -0.81099900501 -1.78701877868 
-13.9008873896 1.80512710064 -0.550844327714 4.29741621807 -2.83042080465 0.29413014391 -3.64959182537 -3.05736776732 0.0310833011485 -0.0204827421514 
-15.1129734397 -1.26799354384 0.440351121933 2.31801004778 -2.14585682221 0.95815023686 -3.31085732499 -3.47742433422 -0.710079325957 -0.483616857246 
-16.8133217414 -2.58472202207 0.32625677912 1.17388773132 -2.56963680614 0.996140184317 -4.66870081545 -1.37645977152 -0.768366421378 -0.049011682891 
-19.0203818002 -3.54792059454 -0.2823493957 0.245949392908 -1.1843719829 0.464436867688 -2.50697557651 -1.02283007802 -0.0372954321341 0.934953455348 
-19.7683577127 -3.70653518626 -0.492630816566 0.30842414281 -0.600043063525 0.954063523807 -2.00245098247 -0.193439356683 -0.659594273407 -0.287492578899 
-21.2672918245 -5.03639346548 -1.35924240022 -1.24735696441 -0.600642266862 0.535530602705 -1.18261981292 1.02602673518 -0.754398714203 0.517752777451 
-23.103517415 -4.34107483257 -2.65184319296 -0.884356815627 -0.110311017491 -0.231050349838 -0.200285033428 0.634854783262 -0.495383738114 0.105175518893 
-22.0487532136 -4.49044191755 -2.89411998668 -0.952939449741 0.303127665135 0.189452714864 0.286999237371 1.51811595855 -0.856688075039 -0.161087160882 
-22.4420193744 -5.57638367471 -2.56180689343 -1.75133654061 -0.345242994498 0.184562941296 0.901737887745 0.555101188958 -0.982812144762 -0.0215940104301 
-20.687902168 -5.29095192808 -1.63726045468 -1.7467317799 -0.130357410854 0.286582078182 0.519050020128 0.416543167853 -0.685413765597 -0.214054524179 
-22.4960567562 -5.75234524357 -1.33517646403 -2.53102917666 -0.384167596024 -0.154173024289 0.882324875704 -0.0927707256718 -0.796478815255 0.565408458803 
-24.0234371788 -5.28808444144 -1.64069753882 -2.33606374612 -0.60156167796 -0.247480124242 1.56323686037 -0.00799920621744 -1.45081883058 0.0564225866274 
-24.6256356417 -4.49713260094 -2.33163353231 -2.49477174913 -0.92909606576 -1.10902925127 2.09131809462 -0.890539180161 -0.837627655706 1.9526470775 
-24.6119321984 -3.36644306092 0.0280505292326 0.563508341042 -2.72102886333 0.824433226451 -0.262604645006 0.421733346578 -1.85953540351 0.119762336501 
-25.0170918554 -2.30239040012 0.0829573403456 0.758225650149 -2.22878566974 0.577692683379 0.289473008304 -0.457770046033 -0.104885989859 1.28137536533 
-25.6902997719 -2.41860812823 -0.07113872258 0.295611182269 -2.98075828601 0.0355685466984 0.814266538608 -2.49680945469 -0.108546384975 0.549755697913 
-25.8531045886 -0.960468408981 -0.438744031261 3.66534945167 -4.16054364975 -1.71272253305 -0.502219955838 -0.832609766789 -0.352870279596 0.160740894107 
-24.7261983673 2.68197638816 1.23719150725 8.18481160996 -6.25111689895 -0.505982073407 -1.61912344518 -0.411466610468 -0.510753543351 -1.69225149644 
-20.9808892793 2.3820941228 1.27380685389 5.32304566195 -5.37338438503 -1.73904359252 -0.0425301784253 -2.53408228686 -1.17236353882 -0.132204622383 
-18.8568531752 3.55461401193 -0.129509381146 3.48699216268 -6.43975679527 -1.52959765631 0.546646471035 -3.83417879218 -1.68742743464 2.07631868832 
-12.0702691377 6.10510947579 0.92278742428 3.91766371829 -4.5506189597 -0.896169085034 -0.586539856649 -3.97862683859 -1.20916812873 1.22964789077 
-6.70502729976 9.58618387819 -0.916372330962 1.40398790791 -3.13753074983 -2.75259812258 -0.537732585927 -1.93943041247 -0.626558688615 1.82737930152 
-3.03210000134 10.656466121 0.23304168345 0.423573260462 -1.94956859567 -2.2913742681 -0.0821919484289 -2.85891479215 -1.33097126088 2.49927421961 
0.284208146199 13.7806245864 -2.11813290479 -1.3966300658 -2.39125205283 -3.0282681141 0.485963293425 -3.62481727561 -2.44558975859 3.07274951618 
2.02498176509 14.4660515525 -1.32085194862 -0.185482228301 -2.11430558601 -1.3993979829 1.73772308661 -2.97313415144 -2.46544235462 2.75541644659 
5.70160620224 14.5163631111 -1.29657091323 -0.645391607295 -3.23914690663 -0.0253860912248 -0.0440996101463 -1.19530678933 -2.47275842843 2.12241952695 
7.36004534731 13.7929555187 -2.7145438564 -1.93142726374 -3.79121348399 -0.0771587917456 -0.273343144822 -2.62900585708 -1.63408611863 2.52357936006 
7.94094962174 13.4815275313 -3.57691826327 -1.88519506284 -3.15568840256 0.727518126952 1.52564889652 0.107054625216 -0.718017348111 2.19520918745 
9.43144717016 10.4180004327 -3.66666562299 -1.15685579624 -3.59798646334 1.50254427966 1.83775715332 1.63458835511 0.836883870827 1.25158950764 
9.84493639143 8.75480725293 -2.22438644232 -1.12931198795 -5.74281984878 1.34731462451 1.67135832872 2.07631870192 -0.0658865925581 1.69610259238 
11.9393368 5.7134980847 -3.31142632085 -1.00980512337 -6.211613191 0.678616051575 0.473106068198 4.32851284589 2.07470392566 2.54429736079 
12.8602101906 4.44049492223 -3.32946413666 -0.482576783159 -7.45624269114 0.233320060155 0.43212535771 3.31558209944 2.55717772044 2.62920244644 
12.9035545286 1.38201810213 -3.01946254192 -0.119682690026 -5.84322555253 -0.87882994649 -0.210638866345 3.7928000055 2.81705860433 2.79150944733 
12.6269017991 -1.51045362627 -1.83904902686 0.150525731987 -4.1277991086 -0.985502537718 -0.812639722665 2.92726550499 3.02084688493 3.15508822431 
13.0884131227 -2.43713438194 -3.26696527144 -0.638315916669 -3.20550438166 -0.721565404355 -2.36627194132 1.72272094003 4.11321180068 2.38862562373 
12.9292985641 -3.42762577135 -2.24734354022 -0.889078584581 -3.47776240585 -0.430726016426 -3.01271179275 0.576960833337 2.82176272625 2.70466673629 
13.1043318339 -2.98304917111 -2.27905858181 -0.7174111161 -4.86564731228 -0.539710364397 -2.72757801741 -0.276306916665 2.935064489 3.04736853413 
13.227686998 -3.29841768498 -2.01905651533 0.351090057588 -4.32325020311 -0.600186285249 -1.29216387114 0.17022004398 3.06730317883 2.47831723154 
13.6017752611 -3.43949822549 -1.35604096993 0.676744595948 -4.47547389545 -0.075266359782 -1.1487584001 -0.945875370613 3.06641841557 1.51567843019 
13.9648435181 -4.26042814835 -1.54057463426 1.25103196922 -3.25343430051 -0.399558620938 -0.55888201549 -0.414415931307 2.38686114367 0.97183619758 
13.8800468858 -4.33952472099 -1.01449970196 0.988192907537 -3.25620582391 -0.210710250527 -0.764207103882 -0.641910151267 2.1147865994 0.782982949828 
14.1196987494 -4.86634829685 -1.52884708545 0.870355059771 -3.17204129958 -0.712641415015 -1.08494971645 -0.621460483732 2.55004615597 1.28145216904 
14.1374037742 -4.75816819341 -1.52305671725 0.976633308942 -3.28907949512 -0.668569798617 -0.97679918254 -0.36163644458 2.6353326152 1.46917493518 
14.0885967825 -3.97678186999 -1.18276842437 1.3068231643 -3.62206319091 -0.515449563387 -0.353915863336 -1.04733815078 2.48121726238 1.87877431934 
13.8671977305 -2.96968320368 -1.05557456751 1.47561566535 -4.01147856032 -0.278259480013 0.338181356525 -1.61575432486 2.22811368927 1.7202962536 
13.7306911149 -2.99766307564 -1.14325237352 1.53937092123 -4.17728309752 -0.707379100332 0.215078672327 -1.60822987705 2.0223821457 1.29417329026 
13.6633747793 -2.45564897963 -1.99337326859 1.29452374353 -4.19623970064 -0.642526536881 -0.666645978508 -1.93025121457 2.01523252132 1.16908240751 
13.3547551931 -2.41928947577 -2.15341393242 1.31272928739 -4.05849702035 -0.70805404221 -0.386733730567 -2.29483836645 2.19198294654 0.913493671031 
12.9907037801 -2.75943749424 -2.30669483844 1.12136090249 -4.29975057956 -1.52336379412 -0.739053357342 -2.34649510722 2.23301724743 1.05502087866 
12.4727154294 -2.46049908734 -2.8311670281 1.03601083235 -5.11938616196 -2.44911133943 -0.493543550828 -2.77928343375 2.51380154602 1.47734447665 
12.5976977933 -2.33780375561 -3.03668768334 1.32734193177 -5.53173269597 -2.91723185512 -0.762014213365 -3.68307207903 1.75808804326 1.56731350355 
