-3.13091325439 1.72511456817 3.7992576195 -1.54673795015 1.42500938483 0.17896364925 1.6919507208 -1.03201871496 5.89948011508 -2.14055068477 
-4.01674704015 -0.324095790018 5.16854652694 -1.86659836353 0.225033094515 -0.628677945206 1.92578535005 -2.26118991485 4.82729746329 -2.77571003921 
-2.31354223147 0.180447557661 5.8874607493 0.281866765835 0.539354381942 -1.67703460177 0.288269052406 -2.09099589987 3.09305909196 -2.95615562988 
-3.59430869425 0.0624035266343 4.35164412731 0.292889613841 -2.7439809084 1.7859728515 -2.46006167305 0.455011933666 3.45762696129 -2.47586494241 
-1.44183981886 4.75900782735 0.549796478922 0.930200221939 0.739525592152 0.580346378485 2.038879111 0.225716674675 1.68103831944 -3.46048871764 
1.11172607551 6.07596334479 0.467360429271 0.148397481007 -0.825789529702 -0.142810216656 1.15784867922 0.209329537137 1.02224721374 -3.1751856414 
1.22475304955 10.8093390616 -4.1219196724 2.33107864962 0.699352397682 -3.05410373082 2.1453274773 1.0584604324 -1.12317660381 -2.69121531904 
3.38908633051 12.4748163067 -7.26228985242 4.00684709495 0.354098331367 -3.52927486815 3.99583633072 1.48777313664 -0.605410499594 -0.770348575307 
0.554606833145 8.96859127864 -0.895152674272 1.26778652532 1.20336382061 -1.20088452248 4.62926731021 -0.163185334899 -0.440878367398 -0.366941284073 
3.84081986235 6.4265225763 1.05893571148 0.86906201927 2.07709967284 0.745480439028 4.22662213334 0.802459013323 1.05772273881 0.123379637191 
5.11159834455 2.26814933416 7.12114698698 0.316198666714 4.24466950844 -2.32294057432 2.10699591463 -1.85967751074 -1.23837736886 0.271391907435 
3.46653652402 0.312928691652 5.35232286296 -0.790814393083 3.35189366714 -0.758235139388 5.92789923117 -1.5097627535 -1.41316842024 0.701569440073 
6.4429862216 -1.84843481861 2.09059553235 1.22758785338 2.11570814132 -2.73910399086 5.50799630808 -0.952724715311 -0.304620633267 1.47954889815 
5.94458336354 -3.30552053806 -0.665630432334 1.12938734561 0.54203143676 -3.3631213119 6.23747350054 -2.12296174228 1.11133714409 1.32776219904 
8.91321300372 -3.85696726575 -0.60952643821 2.56830024146 -1.91521088049 -3.38919372088 3.92718470062 -1.99851814487 1.60017459498 0.744049240318 
9.67191340393 -3.49040099984 0.197505374397 0.949591819557 -0.94373270711 -1.84436038827 2.84640548231 -0.762838651554 0.529577913289 0.386644645737 
6.80942522959 -2.97678905517 1.78953289387 0.055419155107 -1.86295614374 1.48173043588 1.44355875691 0.36701615421 -0.734676241445 0.742229494095 
6.39439259141 -1.21718396162 3.51726663272 -1.86127727076 -0.19457214739 1.37309625269 1.86704063588 0.00637809508305 -1.08758443619 0.386709715859 
5.45050240211 3.00275753678 6.91335188555 -0.172718373 -0.612113587329 3.43242741312 1.77671722037 -0.195390336558 0.836038199234 -0.19905860279 
-0.540171881308 2.23723520397 -0.564982997538 2.4214506338 -1.4815104826 2.16391902118 3.40791889263 -0.700256969713 0.53365435951 0.101501909649 
-1.27733809262 10.8469158714 -3.63986913624 3.01570740233 -2.53129019434 1.34013906397 1.42365257214 1.14343480622 -1.20830533762 0.855353661997 
-1.87473493822 11.8655752008 -6.96103754709 4.04661175842 -5.13250429224 -1.55849689039 -0.176044422701 0.819233480238 -1.82269065965 0.578832309239 
-4.28315016422 5.1040685232 -1.87316996472 2.48151192225 -6.50777964823 -2.51191191642 -1.23787723626 -1.53000838004 -1.26747415126 1.98938346052 
-7.50891308899 0.194386762122 1.57182447561 1.51441478589 -4.29912523118 -4.23053009667 0.619620139996 -3.59355740874 -2.01040769415 1.72749492817 
-8.04839978066 -3.05050913693 4.05623695439 -0.0460259774132 -3.78992927912 -0.899142729862 1.88150265845 -2.62841128088 -0.778890783747 1.24815319372 
-9.97856769991 -4.73169644863 2.4513011909 0.138275487653 -2.80808490566 -3.02362476338 3.19846425878 -2.37561610412 -2.4032380741 1.43281241335 
-12.335868956 -4.96676755325 1.56446976801 3.31672032639 -1.8138990535 -0.849707160617 4.21152896824 -1.46530161064 -2.00582137752 0.478285159361 
-11.549176189 -6.4275381138 -2.35193059547 1.70594195237 -2.08238004975 -2.60353486229 4.77637390562 -0.267892392675 -1.98604710279 0.710747894674 
-8.68037184639 -6.12718516343 -1.07217614315 -0.525193039548 -1.19046863527 -4.87821241241 4.76257268224 -0.76000938387 -1.73335693772 1.98412702896 
-7.67601060878 -4.39835185481 -1.73369978025 0.651057567967 -2.19661948673 -3.20882754282 2.8717046228 0.229568618919 -1.92390230333 1.2651156629 
-6.87152314302 -2.64015962821 -0.718416027383 0.768279364967 -2.00643649755 -4.02621169651 2.66535823004 0.0620556389783 -1.10817549078 1.2571363081 
-8.68954967784 -3.45350672033 0.18334889683 1.50240277935 -2.38923135825 -2.58898069199 2.14045360245 0.191370109018 -1.70295370465 0.850231021149 
-10.0624144518 -5.05045492569 2.08431943171 2.41730175698 -3.45905618788 1.0669383815 3.07214760202 0.36058038249 -1.25827734361 0.300341172989 
-10.0274697487 -3.7758309751 2.69400532936 1.89527536195 -4.06885868284 -0.0965146470495 2.15099159754 -1.37005211197 -1.55327201599 0.0966748141073 
-10.0723373742 0.543504210023 3.65250580095 3.09998080405 -3.36716297356 0.79051380908 0.850129239288 -0.594999059184 -2.32807907926 0.0344488298753 
-9.87601539107 -1.67570641918 3.16916346669 4.00191603844 -3.71966456878 3.41730425813 -0.512786681566 0.282365809778 -0.93367060604 0.538309743085 
-10.6638180756 1.99994966167 -0.512573681668 6.64619760385 -4.36595350244 2.84335176144 -1.51457198653 -0.255213872746 -0.145488481478 -0.456807051324 
-5.82752967366 9.18252493468 -6.89809127439 6.70576481112 -3.37248374871 3.3600536501 -1.11972791373 2.81885109994 -0.80954304557 0.110047478512 
-2.27393176118 10.7033017186 -3.82317347366 2.60106851729 -1.45969524491 4.86716759279 2.73635689966 1.83534592933 0.132336653079 1.25223294448 
-4.53650456857 5.61352117313 1.21702880771 3.40193512751 -0.536627389124 5.62844458047 1.88644718242 0.577132378474 0.787884521419 0.398346168122 
0.681742524011 3.59160704125 3.11548414662 2.61086187377 4.03264180234 2.94956948334 3.14428484883 -0.659829260676 1.49688489473 1.40558160991 
0.214641493442 -1.44498953589 4.79612000562 0.592010566457 2.85495405687 3.07693116664 4.92774484657 0.425259237156 -0.075571652562 2.40019250801 
2.33079694545 -3.11978132782 2.27365289938 1.56370314164 -0.289048507597 1.0398189412 6.50147110537 -1.31587188937 1.28931249164 1.61303010368 
3.5227306666 -5.25081918905 -1.29676090443 0.921983472383 -0.388921611094 -2.0157274005 4.27604925355 -2.13079578922 -0.268875291141 0.6718296217 
3.93599452155 -9.25788508925 -3.52303371562 0.399098494279 -0.941720771092 -1.08453464301 4.01737779595 -1.07233870475 -0.211719126213 2.00409300211 
5.33043721453 -6.65231130918 -2.80249327787 1.90770216371 -3.01620656403 0.7923100006 2.20434510569 0.229812109676 0.357409554206 1.02250959918 
6.36298560483 -4.57509887848 1.39433847085 0.956416968244 -1.69555170473 1.43752811809 1.14112805351 -0.806059396943 -0.12448628865 0.389380136808 
4.18289417006 1.57177995453 5.29930954901 0.119776547896 1.00493562763 0.956342083535 1.08464447438 -0.731815647015 0.0951843684463 1.42444511817 
4.84782486512 3.4468522186 6.89686914491 -2.45892039262 -1.00836643104 4.45593250917 1.09961871964 -0.512075270205 0.366158801173 -0.132081334797 
1.19392709061 6.76054597713 4.75616494805 1.52204770746 -2.22321510028 5.11294736641 2.34400638285 -1.12882564141 1.7958916281 -0.138983619307 
1.12662269736 5.24221726626 4.75537344389 0.491487139141 -3.98899870131 3.50039267532 1.89372761051 -0.771241766995 0.4884808298 1.37455772339 
1.71835881229 7.47781958465 0.0786611083466 -1.7299974092 -6.79929711178 3.16947751397 -0.146757212585 -0.314210939017 -1.07132774552 -0.615235965569 
-2.03386002458 3.22706675459 2.54382131074 -1.57654450379 -6.77960324629 1.58783308461 1.29210354244 -1.01572226627 -0.771872893782 0.667524614169 
-3.25931475866 -1.43420228073 4.30815109071 -1.6799825978 -5.65823716055 0.0916121184043 2.92324493774 -2.90410517627 -1.09668807852 1.67557548745 
-5.27726434607 -3.71111110349 6.37829184507 0.367333638959 -5.10742578606 2.77024201862 -0.164520967181 -3.13882365276 -1.22941360676 1.34986095565 
-7.78909154851 -6.40180408595 2.94617043194 0.84007066859 -3.69876220703 0.611840559242 1.08415612909 -0.77570595673 -2.14126621072 1.47562743224 
-10.6928582886 -6.12568210147 3.17247552391 2.99406447754 -1.72394250326 0.318841124138 2.15574900299 -0.174173763857 -3.61439493706 -0.0986140187317 
-11.3158738146 -5.49130433177 1.16791271868 2.2795182382 -0.563209103083 -1.02060695119 2.6291690492 -0.124280143496 -3.82979071386 -0.564336192217 
-10.6373966029 -5.42691235052 -0.571810675501 2.40581759768 0.62426337562 -0.954152650445 3.99070280856 1.73580675698 -3.26696540773 -0.133698937198 
-9.8472485657 -6.03865468315 -0.188686166182 2.02850085404 0.110190684831 -0.793396948326 3.15916140112 2.86319728997 -3.07272603973 0.397760149482 
-9.97782689688 -5.31078037863 -0.0235732982188 2.261562465 0.20523165877 -0.962830639213 4.14971276337 2.43607002488 -2.50027611862 0.73948946434 
-9.48687041661 -6.25557617164 -0.0206106968829 1.75476341763 -0.758331496345 -1.34145329141 2.87666075269 2.962045473 -2.73091309646 0.846532008964 
-10.3766007308 -7.20345411721 -1.18671052291 2.60179521884 -1.18137883742 0.836904014848 1.16298289324 2.67833860584 -2.49871386053 0.427788284991 
-10.4251579835 -5.90629451343 1.95770085191 3.23937818709 -2.0114806904 -0.673251717615 0.462997189818 0.238073665797 -1.79120421379 0.901906982859 
-10.2921817495 -4.07685018217 4.70248687889 3.2649119584 -2.4743709064 -0.136136066582 2.43430691169 -2.38323298853 -2.62402229056 0.698091397907 
-8.00093460836 -2.20918423442 6.03539700039 4.30235655378 -3.91584942722 -1.45303305333 0.404189591264 -3.52896512492 -2.46369631016 0.925845076282 
-4.77119686679 2.61118966055 5.28192074356 1.955989971 -2.13874809679 -1.28415428092 3.44038923615 -4.02412866389 -2.02422545076 1.1206643192 
-0.787275514187 3.68163232523 1.13572829232 0.900909901875 -6.08687071601 0.851394785353 -0.0552980887575 -3.16641729321 -0.396576439442 0.819221930035 
-0.867736753612 7.34246175202 -1.92206136927 0.392840793145 -5.09647354327 1.62569972589 -0.60124477361 -0.788773815408 -0.907174323036 1.30202594213 
1.73487977713 8.61549555379 0.0132459652272 2.61323162733 0.0713533700874 0.967021686099 2.02459228638 -0.521920595856 -0.225986234083 2.24452242574 
3.11590322085 2.22613668834 6.32937319124 1.37551392745 0.923685818259 2.46436210006 0.96156207872 -2.0931381436 0.966499292946 3.52074570044 
2.20434006728 -1.68867038516 3.52059879444 1.14187686108 0.285716104775 1.01053975935 3.85445836913 -1.23390379621 0.236311900457 2.54654070299 
5.67447621975 -9.21398742648 -0.688703609017 0.0840926880107 -3.11687989862 -1.17422483829 3.0162741517 -1.98314448874 0.0577277194893 2.32015380637 
8.01108651976 -9.91097755597 -4.8960856704 0.425980901121 -4.77651432485 -0.220541360523 1.80141204005 -0.60188813607 1.88367705791 0.99489044604 
9.88555703539 -10.259807158 -6.46392630111 0.243692991488 -6.82321384547 0.948593372912 1.33676742352 -0.723593065553 1.88086448295 -0.071632211615 
10.0309563138 -9.91056781802 -6.08811396669 -0.498195277193 -6.62986255317 1.61255416872 1.17886458713 -0.862567779541 2.25246221838 0.168280781905 
11.918427582 -9.32232884965 -4.78111233232 -0.0563964144939 -4.33468759782 -0.585557005512 0.87136437814 -0.924728501245 0.992891881949 0.36508630783 
10.1841385548 -6.34636982503 -3.22240689738 -1.33518510071 -4.49071208685 2.1251915156 0.627990277959 -0.0611003054296 1.11932500646 0.657771134069 
7.9632243725 -3.00797289592 -3.1784225167 2.83743650862 -1.3432994554 2.30988662724 -0.370204605834 2.97599913097 1.04857048738 1.57343320365 
6.7070420554 1.84772014243 2.7708891001 0.217719314242 1.0131714879 2.93737953966 0.181764293637 1.0236424695 -0.354653620902 0.146592750201 
3.23797695101 6.95136868756 2.82105526728 0.606396356818 0.442019323791 4.34956384206 3.01859168342 0.273877834762 0.535875566074 -0.851370032762 
1.1039819742 8.3332386356 1.79918419153 0.35911036661 -1.11889399052 2.51025092496 3.08902509333 -0.186930758691 0.436075256021 -0.486441603045 
2.44505363428 9.59649155344 -2.09283255816 -2.09562691871 -4.60900672073 0.737684695895 0.520231263017 0.368083498746 -1.00608258269 0.221247616997 
2.20689906639 5.32027779243 -1.91234468914 -5.10607739609 -5.67267182752 -0.16243274497 -1.06858133572 0.00177928838585 -1.0980090377 -0.0894557193303 
-0.844894966234 3.83851397339 3.18069318514 -5.79297721557 -3.97394262386 -0.93005205004 -0.290013855206 0.223582562306 -1.32825773627 1.42736985246 
-3.52576557692 -2.27292194156 2.94558685992 -5.17200748487 -2.32848834931 -1.72878354475 0.381224340894 0.312334100042 -2.26170728911 1.74351178287 
-6.81829066077 -5.77425126018 4.18249416697 -1.59602723 -3.71603040519 0.152536735118 -2.13632890346 -0.144671041687 -2.41249105443 0.964295286358 
-6.90507851738 -3.39249555283 4.87963298898 0.518269478667 -1.69016344264 1.20355433707 -2.36750180943 2.05513168919 -1.0804573372 -0.961772498221 
-8.36743295739 -3.46500422974 4.12595680066 0.629358272142 -1.12390690907 0.833466540813 -2.64011697806 2.09480710605 -0.449232911571 -1.42080011085 
-9.11348057183 -4.1103330061 5.18239895776 3.07021686692 -0.81922390237 2.88051047616 -2.58559654731 4.55207462733 -0.893503239426 -0.726891568617 
-9.78461248371 -3.84845800023 4.53417090346 2.15105504462 -1.16640215283 2.08814475138 -0.435092236896 3.99804832161 -1.10333951493 -0.101062853919 
-10.3764761848 -5.06023393565 3.36983857655 2.68727131389 -1.57181175543 2.30673606096 -2.24691391304 3.7788808335 -0.965465604981 0.229995125842 
-8.44529673784 -4.56627204173 2.06582686394 1.24770599224 -2.07351725561 -3.46982571483 -1.17069617988 0.527296316321 -2.78503102375 0.768999007992 
-7.33724855019 -4.10388312348 3.0628891673 0.152371492224 -2.54814480861 -1.05957334544 -1.01141892954 -0.158124260907 -0.913460298955 0.674311147255 
-5.12578517973 -0.925039891982 4.42498273668 -0.802692855812 -2.93597613675 0.590376539964 -1.33640083943 -0.338104885247 -0.112452674136 0.581653803356 
-10.7866582284 -3.24434956206 4.14305352141 2.8719221626 -3.80030426705 4.1805923843 -1.23494634942 0.0848170815732 -0.253997235283 0.309376168505 
-7.75967906446 2.16111592636 2.51112770446 2.38802517632 -4.55600757223 3.90707350546 -2.06573571874 0.20786554085 1.0813698559 0.519031431799 
-1.80219831733 8.41253584861 -1.62760192159 -0.533800008358 -2.92500302797 1.86236578654 -0.508313042388 0.563064441342 0.821816715496 0.651938062426 
-1.05974259374 10.8802683129 -6.48832872485 4.42636250451 -0.97043523721 -0.439884890331 0.196580722055 1.88144270264 -0.161596152697 2.52699430634 
-1.28498742033 8.61102284044 -1.02609533201 0.330990265095 2.21190987439 5.3133351658 2.58385964515 2.00378944166 1.42959010672 1.95457854292 
-2.0350013308 0.550604688367 2.25097547618 1.30533278417 4.7406739885 3.66767085004 2.55452359659 1.09836716183 1.58554370527 2.74673078548 
3.88150643852 -2.29064091645 -1.64862417803 3.28789741458 2.33400231455 1.52783102204 0.998749197135 3.07384581296 1.18508782666 3.00581306039 
5.12319716582 -6.630728304 -0.993377902949 1.96178054392 -0.69543480327 3.21036301346 1.1379566046 -0.0835767021366 2.48961886448 1.90516272373 
8.28173864027 -5.51715319746 -5.86533814158 2.48559620213 -1.34806326418 -1.5135930275 3.16619639337 0.0355238785344 3.32642714723 1.3489723071 
9.80515242654 -6.54706512886 -6.05531878683 1.5725118416 -2.31290007026 -1.3040219609 2.23772485826 0.391190508018 3.52697951172 2.38287416907 
10.0012172462 -5.7011740232 -4.05681015336 0.617854609608 -1.46480394474 -0.868719987724 1.95197687485 0.59343229379 2.67151565234 1.76149474963 
8.58139405704 -4.43385211882 -4.19022554223 2.47341875592 -0.859435230443 0.766574625096 1.05873926122 1.09857731639 3.12775635528 1.53139695761 
7.19580787895 -1.3140746166 -1.17147416607 1.32372707602 -0.224196990794 0.69797495801 0.502934639152 1.56225108356 1.60704064502 1.42127395498 
5.31586104129 5.14979206957 1.7511718294 1.31261554831 2.4137227387 1.76782710327 -0.0847966548827 2.34396880795 0.63913802588 1.23840523906 
1.09815111446 8.78045617519 2.77390428406 2.46896862506 3.41717334202 4.36211408863 3.04920286864 1.45817790468 3.45961102858 0.801960204199 
-1.26644789075 9.49154723651 4.05966278492 0.930002111141 1.4156059645 4.5842113785 3.67643821122 0.799289753025 2.11121483479 0.0658813483175 
1.51402451204 13.0936660827 0.791366244738 -2.54979185916 0.395261880913 3.32130035567 1.27367015717 2.17967385183 0.372026016416 1.00399017287 
3.42888993283 10.3865818295 0.691063047711 -8.43720163144 -3.43341892094 4.29927917612 3.14040054953 2.35383990725 1.26826153038 -0.677145164667 
-3.18838981322 4.5778337637 2.14445582403 -6.12058564839 -2.93277943303 4.62230177584 2.77268185565 0.522627698511 0.973998431145 0.299333834599 
-6.89104904988 -2.06040456202 3.67840156816 -2.27317072264 -2.19679378732 2.74966436919 3.20163648642 -0.0964477347416 -0.974120630082 1.51854163555 
-9.89592312577 -3.44858545119 2.13813337818 1.10934843511 -3.17735212937 6.28711435486 0.0624283430453 2.20988181535 0.217428360879 -0.516980022761 
-8.91904489709 -4.10826573125 1.43959068512 0.0694650722731 -2.85010025165 3.71378548569 1.63708639766 3.41295863146 -0.725459548772 -0.179271536376 
-8.64682402361 -5.10104433613 1.39947090159 1.76251086082 -1.52223288306 1.74996969068 2.61951379919 1.84752869517 -0.975897057795 -1.13165738793 
-9.9854057024 -6.86820318181 0.197137923821 2.67329745308 -0.956287237757 1.25705170939 2.8142545712 2.77737181116 -1.97576512115 -1.24108274368 
-9.65408533012 -7.01556902164 -0.333187445269 2.17068650136 -1.45377628366 0.093928581169 2.63321797828 3.01154846951 -2.65141130856 -0.640069326545 
-10.9306557344 -7.31898338897 -0.374342583056 2.43976418714 -0.958943663707 0.0413443827626 2.27822062704 2.13478733633 -2.07912844309 -0.95712930979 
-10.6061772116 -8.06201701407 -0.0444368936874 2.66392334378 -1.23177344723 2.34876111995 1.60017094701 2.68242387039 -3.2522298471 -1.16398659027 
-9.0939544647 -6.07422641318 1.71439692699 1.73488065937 -1.61783154384 0.915124631318 0.579778188348 0.288326190135 -0.294248316426 -0.986171827867 
-7.56618026752 -4.82923002304 2.99452298096 2.58378896938 -3.41223636858 0.11222571329 -1.05528712158 -0.635566072971 -0.701030727479 0.116116559398 
-7.82668426056 -1.01795534363 3.9290801043 3.38855849861 -3.4016147349 0.138959397447 0.402084532475 -1.43555542947 -1.34556634667 -1.52922561091 
-9.14518394576 -2.16362599274 2.45286608361 3.79861722501 -4.40151917073 0.45910977646 0.298968913145 -0.847906042603 -1.46569730766 -0.304503119375 
-4.09769660677 1.38077062937 0.611506047142 3.64534796648 -5.17727285626 -1.59465173808 -0.569742884236 -2.26895533279 -2.1686682765 -0.269501784358 
-0.155906256323 9.86134405777 -2.99723977801 4.36923036256 -4.58231163877 -1.6263545933 -1.47671211331 -1.23526971827 -1.14696804916 -0.583989177911 
1.71852063604 14.9734972442 -5.22481328462 4.33065704476 -2.95288044716 -2.62991936573 -1.22058911532 1.37403187581 -2.95800171861 0.0298059754301 
0.656073996359 6.50420733443 3.49462017205 1.25549883998 0.6924486393 3.96458508278 2.77777138548 -0.222227814777 -0.0294083488558 -0.697549165363 
2.54456687438 2.17020968674 7.86686253496 1.52196941563 4.31461837222 -0.0811232195642 4.56372217509 -2.63955697852 -1.04194951828 0.784435636051 
3.04899113549 -4.23257071879 4.62217452908 3.68542929492 0.680481185685 2.017973496 0.915296439105 0.20522319694 0.0252587605294 1.15465431383 
6.01412967473 -6.69546155035 0.202675188535 3.96197921768 -2.43628740661 1.4482177924 2.17671849732 -1.26087272216 2.94147278797 0.925755781754 
8.57351413633 -6.91014068454 -2.9227116578 1.78333453934 -2.67477729954 -1.56413929638 3.17573810036 -1.6452162961 1.75519656332 1.45424629872 
9.33404995651 -7.06394421587 -2.99113348179 2.4091857561 -2.43139062603 -1.05969512202 2.48575311706 -1.17296321378 2.74553508889 1.01109309988 
9.546157568 -6.81967314639 -4.40981952248 1.43097613417 -3.15226624541 1.73367362687 2.3396217726 0.471056428178 1.90200680643 -0.0765534130056 
7.84577438366 -4.25201159499 -2.92603760048 1.26075014697 -1.792897487 3.30242470491 1.67198105639 1.31937220608 2.35020056669 -0.175960773401 
8.00098945124 0.976222418799 0.0798809873629 2.81695200094 -2.27500570861 0.941796753435 -0.870734589595 0.821228278399 1.31179104757 0.916293245477 
5.7784505672 3.6819226467 4.21073242199 0.522061187057 0.407135047605 2.37626009299 0.357093812165 -0.798140287521 -0.655504054568 -1.12450967174 
3.0825306295 8.16794762695 5.04130340208 -0.159227800473 0.623432489161 5.02298241453 2.8689268608 -1.41429327311 0.413999421237 -2.54580244214 
2.22494216454 6.94182802011 6.73671383454 -1.1730088232 -2.47994867425 5.8735110076 0.237731277451 -0.238151415993 1.16901894485 0.184642917204 
3.71930549969 10.8092131156 2.14618102862 -3.40968192353 -3.81048914537 3.57773235361 0.414166300593 0.559813229218 0.018377086217 -1.21204212597 
-0.876024492894 8.96691799392 -1.61878939212 -0.741050445552 -4.88669527439 1.54801533834 -0.86210698498 1.20529808043 -0.637208633747 -0.673393221071 
-4.30947057396 0.827547075154 2.95445023059 -2.63393851672 -5.89678622729 2.97098212157 -0.393375210771 -0.131507417126 -0.740022088784 -0.768765136733 
-7.95491437975 -5.60047687636 3.90173649851 -0.895071549966 -5.19938300998 2.94476782097 0.705713159413 -1.12984600567 -1.3370711077 0.0312880500168 
-9.13239322905 -8.43778269861 0.398847941415 0.3942264749 -3.76162800528 4.37271508751 1.89049867383 1.22001775289 -2.00710396145 -0.437091478327 
-10.4162746016 -7.10810664516 0.721715078389 2.8638523522 -2.03923708116 3.23017514978 2.14731966314 1.58949307269 -3.24052865984 -1.17148070282 
-10.7591636593 -7.02009239614 0.120941933716 1.7035632243 -0.815769938629 0.591800072041 2.90983194813 2.02582703603 -3.4976489564 -1.41819980528 
-10.7318413159 -5.57146611578 1.54296003249 3.54612709354 -0.574963020257 -0.0285299179604 2.91922632893 2.01727653602 -3.03061770295 -2.23257489501 
-10.2799468368 -5.8034016397 1.95215170157 3.05906137631 -0.341214171146 1.71742283337 2.97131789827 2.20344681969 -1.41809269844 -1.51757249958 
-10.7696173192 -6.88091935812 1.2906774269 2.75785373586 -1.12666448658 2.00406220871 2.46730029646 2.22011531513 -1.61951076878 -1.26619263835 
-11.7015481466 -7.33849893782 3.4901038673 3.55869713539 -1.92769680965 2.73112139066 2.09285245285 1.37958142319 -1.22926199025 -0.483872697666 
-11.7900831913 -7.02950406093 2.55975778027 3.10666946275 -2.91224951487 1.79566835831 1.21734845923 -0.0122584933072 -1.36689318883 -1.23200707573 
-7.78242005591 -4.49142649372 5.27915581869 0.54396168293 -4.3497088549 0.829493274208 0.416630936308 -3.37438505947 0.222728207499 0.293452331842 
-8.62943627273 -4.05093521587 7.61286687205 2.91619702076 -6.12694147523 3.62030340422 -2.57058428336 -1.58662030785 0.493673606246 0.276620364871 
-7.08789797533 -1.59178007659 3.24097661085 1.85214414118 -7.22388658452 3.58080311327 -2.66257520364 -2.53114389099 0.499482808545 -0.456988401351 
2.11546973607 8.1026690296 -0.628350636349 0.544797676847 -4.63054023352 -0.955700514525 -1.3095526206 -0.381094069147 -0.695022602249 0.517495687947 
-0.293311023092 10.5071413775 -5.0877866367 1.64049721987 -3.07713797265 -1.93213946662 -0.290269336281 0.506718019456 -0.426914423179 1.18562752669 
1.03013910827 7.36389115834 0.215619199433 1.19576866693 -0.196804824398 1.18562889354 1.57959829444 1.15920506649 0.810566054269 1.25355950207 
3.4484614785 3.43038366457 6.25891833665 3.12526670055 3.46641401461 -1.55798551795 2.44171818303 -2.33880047001 -0.268573845058 -0.601244331076 
6.75535922168 2.20912407527 5.99111411364 1.9735215529 2.74079062694 -1.70999477214 -0.747888775024 1.04031317559 0.551912722907 1.72594013139 
7.34482231311 -3.56696395651 2.80455747976 4.29614099429 -0.708277971621 0.588188157349 -0.726331636649 1.30072733162 2.70739938163 0.474405013331 
9.71527768852 -5.13730406002 -1.44942470443 3.00072915557 -1.97119377033 -1.62908610237 1.79724235075 1.35175698784 1.72413278771 -0.452081551871 
12.799069385 -6.64257341012 -1.4909258767 1.15454975924 -3.128596096 -2.28342651356 2.21062174973 0.923224311635 2.41976913181 -1.33505418603 
11.5534091093 -6.05307137135 -0.120661813318 1.9840589512 -2.12769098849 -1.21428058218 1.56058643314 1.49239175777 2.65478777618 -0.88974504477 
11.8783027435 -4.86108480561 2.56666837432 1.78356421065 -0.273276954388 -1.05542010954 0.323072198803 1.37396266187 1.53656846651 -0.0373553708216 
9.88181273225 -4.89000711996 2.4473157333 2.25780037161 0.0373847525721 0.50538716258 -0.697552892123 1.54517747325 1.36129904596 0.295243124122 
9.07514835108 0.527335948805 8.74332604046 1.75032223917 2.20055886836 -0.705547803093 -2.17542396061 0.924281789507 0.225269294816 -0.366527369919 
5.16717283232 4.135571065 8.22048214927 2.39315532426 3.19864821992 0.598986581128 0.384948264339 -0.380486340931 1.09681530507 -0.538772330142 
3.3320043989 6.12576504493 7.34067068701 1.67692293753 1.5111945565 1.5282456441 2.29334245225 -0.984227494103 2.59203346763 -0.278081841398 
2.35522254575 10.8029056571 4.98316374023 0.123087155752 0.419854737784 -0.0146715605425 1.83032945699 -1.13648034571 1.68871700312 -0.4655883206 
1.92863320328 12.0072119228 -1.26233560119 -1.18806576567 -2.13071867607 -1.95981354315 0.162181350687 1.46095325367 -1.54334684119 -1.19340955929 
3.28187132451 7.67952981211 3.04384108381 -6.21472872252 -2.65993650743 -1.83931189134 0.58412800345 0.834278323266 0.420918625612 0.128607485655 
-0.179625916326 3.85443928662 7.24314483031 -7.35350008421 -0.765713790134 -4.09958171538 1.7537456874 -0.106396725695 -0.24901711475 0.579685622837 
-5.70143680722 -1.42818315835 5.44989905358 -1.74829744196 -0.34900748587 -0.850535216896 1.4270005411 2.50451800822 -0.750508976465 0.453072977236 
-10.161919162 -4.23267725334 1.40119833561 0.44246270931 0.525308457002 0.870609968369 2.76928725664 4.10673221172 -1.98847934175 -0.9501676541 
-8.08950890291 -3.42996281502 4.3461667224 0.420505382261 0.750722672154 -2.31767129268 2.07082059903 2.27650366747 -1.44596009888 -1.39964387292 
-5.27807075046 -3.05937232468 6.21113057773 -0.25803463491 0.86296687756 -2.64493551349 0.920035683492 1.11392721205 -0.604361922192 -2.76430117737 
-6.46858615872 -2.76822445823 4.25106189464 2.10467820006 0.316680257569 -1.9110348825 -0.405148253532 2.62598486937 -0.457318524203 -2.63401524639 
-5.94201675747 -2.41966770203 4.79596544167 2.08593607953 0.243208979602 -2.59447668869 0.126816872689 2.524363043 -1.56053358568 -2.4769390915 
-6.95880195461 -3.0249290027 5.72503654011 2.59217132226 0.222804442477 -1.56212590745 -0.325777298244 3.2068949628 -2.09047463502 -2.36918207143 
-6.81078449177 -2.81774260545 5.4121072105 2.28470881027 0.439186547928 -3.58753420553 -0.823752697989 1.94152765537 -0.433374643509 -2.26434974119 
-5.299736548 -2.03233748188 5.67101484643 -0.328024279517 -1.62102831061 -3.87872508726 -0.965389743553 0.25255632511 -0.140167144206 -0.148771344038 
-5.68493833288 -2.48822995199 7.1593010934 -0.0649842154093 -1.63608865314 -4.05266443599 -1.44393472218 -0.991528079925 -0.577891081185 0.448259679145 
-6.22291514658 -0.147156674267 6.70089159867 -0.0761347807405 -2.61017970908 -4.07341163075 0.198681343323 -2.22289724755 -0.546292268376 -0.414826581304 
-6.6609018588 0.0633078137064 5.98734792241 2.03298505652 -4.022280199 -2.21825886671 -1.49146811322 -1.71410863991 -0.00210253103635 -0.640802787224 
-1.07507715615 7.21812346685 -1.25124961324 0.258285609989 -3.14830009378 -1.63265442449 -1.1697674282 -1.55050322219 1.40846370574 -1.33184859049 
-0.540299938 9.99841078089 -4.90574021355 4.5636322332 -2.47599261356 -4.44662964078 -1.56785466078 -0.788435049319 -0.691191449952 -0.406552772321 
-2.55175098994 11.9553661533 -5.65344781795 5.42252475986 0.812726086327 -2.05440454339 1.41313818533 1.00193057726 -2.85201722436 -1.2361994395 
-0.402576261161 4.10125840429 5.99238436787 4.46027916421 2.66357586485 -1.25445488803 3.84729623281 -3.10461560904 0.758050240319 -1.74616524523 
5.03705670624 3.19932025517 7.00862984056 1.69538102398 3.90469857085 -0.528246935208 1.38512049636 -0.13536514241 1.5006857801 0.134416023492 
10.5053439586 -0.249130502393 2.12466432979 4.31414285942 1.34453823593 -2.29737657438 1.31297448958 1.02819083219 2.20271572854 -0.120582063658 
10.3947654189 -5.58723964788 -2.73406958935 3.13370277697 -0.483950028181 -3.76621206478 3.7546652615 0.631375277943 1.68399789727 -0.168543028852 
12.1228570746 -6.44670798146 -4.82390177522 4.07926697141 -2.34468619071 -2.44655502978 3.51826043774 1.45946574588 3.14230768468 -1.16027591638 
12.8199509514 -6.24480597144 -3.11349467517 3.60751084875 -2.38636059084 -1.81214146626 2.37508359097 1.98601723393 3.37080912159 -1.4737506602 
12.0991849568 -4.72365837702 -1.09101705257 2.92923171912 0.523359216758 -2.19552780457 1.29147474765 2.25041681614 1.45119639767 -0.522237033119 
12.5892752237 -2.1123787729 1.93666293791 2.30177349866 0.105783814251 -1.57077002387 -0.560326488295 1.63068638602 1.33545833271 -0.452095485097 
10.0692358796 1.04980215209 3.21551286262 1.09237479865 1.34656377296 -3.23374483512 -1.85520385498 1.06391770613 -0.702520752716 -0.618762827571 
4.56103023049 4.10950206855 6.71531496892 3.38219600411 3.85452479262 -1.41251808038 -0.0629246675864 -0.0457109529936 -0.228963058629 -2.15307928658 
3.7666244366 6.84320875289 2.17842917251 1.45952308467 -0.203128831891 -1.08186611192 2.25861872977 -0.266493166065 -1.27806819369 -2.48243948593 
4.82792145289 10.9750911993 -2.98121882358 -0.154920823386 -0.529279177524 -0.210656180941 1.13333339229 1.94517491673 0.662234343619 0.47542268936 
3.99192562312 11.9356186436 -6.28441755372 0.406404482403 -1.49702866448 -3.16116883285 2.49665227257 1.15101376161 0.621540409586 -0.825057634119 
3.76302818082 10.7075215991 -4.4457274049 -5.11952678509 -2.50334785701 -3.29150126118 1.60180559684 0.402379512393 0.465470951778 -1.66432224464 
0.540252217638 7.52842113824 1.43603002186 -5.27426072088 0.0113244332996 -3.44563505823 0.473287415292 -0.463171486672 0.800785211483 -0.122655990408 
-3.46050308587 0.790654329465 -0.0723534367064 -4.53004392881 1.80244744134 -6.7515322279 0.751072120667 -1.01626213848 1.01832270234 0.278781503459 
-4.3271735146 -0.863779802265 1.53376984336 -4.96348165318 2.5543476667 -5.50790285863 1.80818599752 -1.37223973866 0.0576892582019 -0.40736641594 
-7.46523550189 -2.34703311167 -1.22256007249 -3.32575391351 3.32908045986 -5.76859721492 3.17332500913 0.0903229772342 -0.637222415406 -0.526751967284 
-5.76814861223 -2.1745844923 0.128043562497 -3.60523492074 3.81849146616 -4.92964953647 2.27481723493 0.134420780443 0.0865037612182 -0.950306317425 
-7.99095177186 -3.13647293569 -2.82139655126 -3.28862797557 4.16131782372 -3.68866328123 2.75419035766 0.651618558426 0.573786709686 -0.958231049867 
-6.85225300396 -2.46087107577 -3.2671459393 -3.49389916659 3.96252142331 -3.41291766974 2.80275435521 0.855956033991 1.24472755023 -0.374850252728 
-8.12356629646 -3.90390042249 -3.91530322913 -4.08076668403 3.18818345039 -2.40754412783 3.07709682999 1.18463272592 1.16991961974 0.00150755170055 
-7.35475160411 -2.39174424293 -1.68901877743 -3.01326051392 3.34466682874 -0.460536505316 3.23292070346 0.892089856833 2.97926496811 0.65830929748 
-7.20239529242 -3.95553273892 0.918318212067 -2.57941125643 1.70990436343 -1.30344830099 2.05052801902 -0.747113990654 2.99792582416 0.832926701978 
-4.59711209887 -0.816206269537 2.74780973603 -2.92695111097 0.462442249931 -2.20080858422 0.261932817378 -3.0250549338 2.58829318413 0.304921068846 
-7.02531652306 2.56668449823 -1.53762321486 2.43475296686 0.533471109557 -3.79351871262 -1.34556105151 -3.11033428134 0.112615867528 -1.39197870122 
-8.05853294227 1.88094137167 -1.21976138943 2.63320985986 0.711992017617 -3.36714906313 -1.05860850054 -3.92066803467 -1.79086748713 -1.12844634226 
-1.62338526175 11.386094041 -3.99851145723 2.59141592374 -0.0994007827676 -4.20422517245 -2.08559233855 -2.62560888916 -1.84650167618 -1.80093720185 
-0.357893404172 12.2834626229 -3.81452939892 4.27888894526 2.04988826232 -2.20614270158 -0.942613024053 -1.79906880225 -2.20004328336 -1.40758640736 
0.971140107161 7.84531122592 -3.73345643648 2.80139822939 3.04204425202 0.235754528851 -0.474933740975 -1.33453199024 -3.28292517439 -1.83129523036 
8.24384235766 6.97555722283 3.10564162664 1.97061094926 5.05306389256 -2.59517895135 0.289235548829 -1.27002455322 -2.94118952765 -0.275335129456 
9.61973148061 0.819339191507 2.28348606902 1.38726080855 4.73931031696 -2.76537611297 1.13511474711 -1.78652395673 -2.01817947045 0.414664397589 
11.9572062781 -3.71497592589 -1.38573214221 0.997947053588 0.782191806277 -1.44796653652 -0.11657252276 -0.0101889623482 -2.4051823619 -0.23857682025 
14.0970033641 -4.09558449477 0.406277478707 2.68172815234 -0.332317928212 -1.96973576151 0.167165915799 -0.304588392819 0.514009703903 -2.89185714296 
14.5889499247 -6.96209413822 -1.11523968073 1.32028143981 -2.09876267073 -1.16795485505 -0.2517182823 -0.333327623287 -0.0724618544973 -3.35771592611 
15.6866116784 -7.55048435461 -1.41704533292 1.7295741341 -2.71286516685 -1.06112317311 -1.52197410619 -0.183595977463 0.34917909706 -3.15058884399 
15.5374080652 -3.46128444045 0.306769719675 -0.555396083183 -0.352760480428 -0.573629016074 -1.68768611345 0.833032734902 -0.774867460788 -2.24880768377 
15.4861695127 0.891662986058 2.24066341391 -0.856885646787 2.37487823055 -1.0485053076 -1.88323880491 1.07522255788 -2.08169935413 -1.43021693928 
10.0761718968 4.29694557432 1.89805570644 -1.57507672649 4.62206895506 -0.286146850242 -0.636815404807 -0.800690365705 -1.7420677851 -1.47743562557 
8.28569146862 6.66017698978 2.19207328035 -1.97752477033 3.53218788312 0.842773428293 -0.0496720197303 -1.67612174545 -1.71299564656 -2.96513905829 
2.32995640769 8.94505564594 0.109828472316 -0.912295951605 3.11590302564 2.59559906363 0.991020369837 -1.65962175768 -2.57689290301 -2.66014983901 
3.86811684859 14.0618601182 -2.63469249087 -4.17158636975 -0.633441875271 0.785181577274 -0.188609284532 -0.507169009605 -3.037260588 -2.64291631728 
3.35352393545 15.4045874269 -5.6188181098 -3.74837580797 0.999644842604 -1.97759368324 1.38831282686 0.297195442846 -1.74146964628 -1.33264096439 
2.69082264595 10.8394962605 0.552372140855 -5.56362912847 -0.33599618267 -1.79882415569 1.74077742993 -2.14901701571 -0.293801350122 -0.888821840935 
-1.38592857528 3.49423001058 4.3283424219 -3.75671432649 1.12897091715 -1.31372540054 -0.280936189968 -2.5507141508 0.628279554732 -0.747969711216 
-6.3246225177 -0.916475398046 -1.84238689081 -1.9180839797 1.77760113213 0.287249833166 -1.83969730015 -0.376821614924 1.06190243179 -0.432203951195 
-7.26891129569 -2.05719196244 -3.04328811878 -1.19332057171 4.1628185989 -2.91194472866 0.0779987913523 -0.0932931050626 -0.0961151491397 -1.10543279518 
-9.20473925823 -1.71926320135 -3.34251174949 -0.717797642068 5.16410513303 -1.69301112008 1.30552193143 1.36353224111 0.513793819599 -1.66463939432 
-10.2863228053 -2.47037685191 -3.29221234992 -0.657270917967 3.54968489059 -1.93257712463 0.807155741156 1.49452255418 1.92838459913 0.81470596832 
-8.32293342839 -1.55202337263 -4.40479427203 -1.63250421811 4.50792154126 -3.5822570668 1.03152512052 1.14840466842 2.53412488081 1.16125095701 
-7.45124368464 -1.02881954771 -4.39976847995 -2.73218230298 2.11139870936 -3.60967988945 0.920749525836 0.687671557103 0.784345252811 0.72871373394 
-6.96529072397 0.348139649298 -6.81115087892 -0.594711350545 2.25882292759 -3.64259159216 0.566509544718 1.17523551797 1.05363321484 0.184979686072 
-7.08200865189 -1.04858920886 -4.20553036849 0.5707297919 1.99834575101 -2.7860943684 -1.03632042141 -1.3257412913 4.05113616256 1.29067748305 
-6.53753698238 -0.653211832983 -2.26672339298 -0.213792735644 -0.544154475945 -1.63246793318 -3.37926664584 -1.71764113359 2.94789189178 0.132338158273 
-4.24253923145 4.66000131456 -2.31858467719 2.06454465856 -0.468015096197 -1.9385491091 -3.05236332432 -0.991056308617 2.17406780834 -0.133232784825 
-6.45802923941 7.071318099 0.862643696952 4.34545870215 -0.0358099761731 -2.00841002425 -2.51934439404 -3.22178037369 0.695323710348 -0.850430656995 
0.44684531166 17.2546241068 -5.25508621762 5.71981254872 -0.468643920716 -5.23707286728 -0.794697523101 -1.3948559082 -0.186856848392 0.559671078774 
0.759252003833 18.7983530316 -7.93412686034 3.97650564357 -0.031528516997 0.368578205997 0.425848375573 -0.282407974678 -0.295385936007 -1.41487077868 
-1.70125010922 10.4385719847 -5.66437565722 4.59905381123 1.98582539219 -2.10362513154 0.936167571746 -3.17944924388 -2.54515144218 -0.161293206859 
3.81642455574 6.60266610271 -1.98722083312 2.23081047528 3.56585836372 0.432821146868 0.425455526395 -1.25317636372 -1.12144340738 -0.275021948926 
9.26719556049 2.9219826864 5.33210455548 0.00441748466947 4.28655352675 -0.931384085112 -1.08651346751 -1.49418526406 -1.35514488565 0.690021965305 
11.0852445217 -0.141255585707 1.1480483324 3.68320326624 1.28007316837 -3.44226768437 -0.936274059348 -0.133286412943 -1.52244814918 0.486792001466 
12.0447957537 -4.85375463092 -2.5291652415 2.70547107735 -1.97494968571 -1.88299148146 0.698786987531 1.80926509441 0.218286763475 -0.62887792832 
11.4438934905 -8.49735495935 -4.53713742158 1.06464831679 -2.87372997759 -0.2295342686 1.76350396981 1.23705928305 1.4304740347 -1.1344265338 
13.1811706682 -8.25829335978 -2.43267744562 1.42671874997 -4.17566239791 0.203217335537 0.0798567175302 0.786015457165 1.98196466278 -1.39105745581 
13.9041188032 -5.42918228873 0.0454696230174 0.137375802312 -3.4693902813 -0.305124265708 -1.08925679468 1.66978573798 1.51010540378 -1.55566774182 
12.2877643919 -4.36005238661 1.70077962694 1.09777333137 -0.485976352904 0.420617623273 -1.71219183585 1.31893805254 0.181304798649 -0.807846920708 
9.96311108352 0.353244629285 3.80642413166 -0.266392449302 2.94125383605 -0.194869187679 -0.697699791334 0.911313046905 -1.16108660376 -0.711211806115 
6.53992774683 0.74954933033 3.12572060534 -0.164250008355 2.80059954103 0.0485561158295 -2.05124161911 0.52275667644 -1.27421762608 -0.510852345532 
4.08831903587 6.58195082448 3.06604264616 -1.6682459965 -0.333468706621 2.47752584363 1.88992262392 -0.0989701181826 -0.086368555262 -1.2726377112 
3.44245760786 12.2128378332 -1.22499494085 0.980653587049 1.06601922115 0.447805102405 3.02618800299 1.29973827024 1.40719466249 -0.924556948098 
3.8269254897 14.3517021297 -4.46493701318 -0.932458392041 -2.72345268318 0.710984419483 1.39876951679 3.07996238167 0.499696415895 -0.875728448201 
0.188774531149 11.6694906848 -4.929600244 -2.94721577082 -2.5975604216 0.0357837656028 2.01632166431 1.15123642338 1.4501594985 -1.21938849992 
0.94911212611 6.24792739725 0.97169077205 -6.27853963452 -1.88794712986 -1.29027626963 2.04107523671 -0.342880222597 1.37741584485 -0.150810809029 
-3.34284533197 0.324373312522 2.40832009825 -6.18697716363 -0.942315223884 -2.35106165116 1.10266257994 -1.21037944698 1.4190945002 0.115239412375 
-5.85098905957 -2.37324624408 1.70494065265 -6.02908886187 0.121878723265 -2.38424992726 1.71478909393 -0.100395330795 1.36659320514 -0.365287754905 
-6.44865902676 -3.93576816462 4.14376625732 -3.53808085879 0.807376846657 -3.33130345932 1.14271019294 -0.533079865019 -0.382805857053 -0.240655579748 
-7.24279372837 -4.05533946389 3.19415439216 -2.56674205185 0.536274092948 -2.29666708014 0.646259710287 0.574532331889 0.110159647328 -0.256573452485 
-9.25458768799 -5.25970730167 -0.194272390518 -1.87796137104 2.025623527 -2.50054512854 2.2939510662 0.567643124082 1.14912538017 -0.783761023068 
-8.14390716464 -5.54158161264 -0.364959494814 -2.39156663006 2.50234833542 -1.84948075435 2.85591226508 0.666310625719 1.42990760548 0.140204361954 
-8.13803437413 -3.81696502372 -0.926948981598 -1.27986489642 1.12911835807 -2.32004021478 1.22118234839 2.16761018686 0.873545721699 -0.129139504581 
-6.6698821268 -2.99269244477 0.0340972767581 -2.22670275022 0.776674718508 -3.48578615514 0.818250446159 1.37715402525 0.319618776118 0.0705458783435 
-7.55947259778 -2.56533644112 -0.121379598868 -2.37519116575 0.0314884013593 -1.23056190452 -0.151114006458 2.56738733447 0.678435762222 0.829624646988 
-6.19038495865 -2.71372421687 0.813177333643 -3.74341535239 -0.664774257351 -2.96370211394 -0.433272777618 0.276724315208 0.756926952454 1.28105980021 
-8.88472770702 -1.35462522474 -3.28109486128 1.44781250722 -0.630702148355 0.252968431209 -1.16398374064 2.61445195062 2.5296939197 1.35766300095 
-5.56602964655 3.14209370496 -3.62183778975 0.135704655979 -1.40809718606 -4.90384549806 0.0471068031387 -1.6528650756 -1.00434613387 -1.26293758743 
-0.888655904534 11.3733182269 -2.26452720057 3.62984856706 -2.72624131638 -1.42114801914 -0.803279300713 0.138622726232 1.54201037052 -1.23247441889 
0.145070021673 13.135981748 -4.86157172981 4.33662153873 -2.70639844198 -0.0159897394862 -1.21738025836 0.931358193856 -0.125628867865 -1.56348273515 
1.44158565022 11.0262572687 -4.97508905269 5.68907975468 0.957041571641 -0.954436420785 1.88932086617 -0.586807523483 2.20745680773 0.170646221494 
0.779697419295 6.47425224484 2.57661552929 4.25623992862 1.96254518945 0.995805719642 1.03362165128 -1.06700167445 2.45220701786 -1.00060625292 
7.04169987684 3.78662739414 8.32799722464 4.19491888724 3.89355237018 -1.02867280934 -1.69106646907 0.279320619888 1.33941478404 0.0426751706704 
10.6999487118 0.941716959388 7.11882711394 4.8832722596 1.03044727195 -3.15087884803 -1.51579038846 0.510528282321 0.937062076477 -0.0123419736744 
10.9190041008 -2.57763436997 2.91338857279 4.81098381406 0.882969646993 -4.81607359158 1.05767104566 -0.540425606475 0.373814408916 -0.663551035022 
11.5643138587 -6.36018881881 -0.549164373384 3.92541153599 -2.24793991973 -4.55844555634 0.398781489189 -0.939806330902 1.60488778525 0.348491454546 
10.2286544848 -6.93961571379 -2.21524593941 3.21814551144 -1.5516467412 -3.70198024946 0.722479389639 -0.198162845704 0.751852795015 0.466468801889 
11.0811829787 -6.29666962134 3.59995524374 1.84315891376 0.38187502694 -3.92607920145 -1.10920709172 -0.510587906502 0.710361879981 2.50814899355 
9.34847279665 -5.92429844263 2.56776573772 4.08152360125 0.0936866119677 -1.33594200103 -2.60665505508 0.97342787916 0.471282040498 1.56161362465 
7.43610796731 -0.985245504577 6.98564020305 3.77051296702 1.1256261489 -1.20404902852 -2.85451257863 0.516712289308 0.0750246757244 1.0467331441 
3.46502641393 2.47330239908 2.66362061302 1.36550275123 0.178207206266 1.29843080941 -0.862077351157 -0.0232137077152 0.602850421478 0.428514676163 
2.49753537479 6.89202963785 3.66689598351 2.02478972378 0.233157005473 4.41860408504 -0.213561497977 0.595218477486 2.44661754046 0.154593707896 
2.11144803434 9.04130619153 1.06828973144 -0.12056772922 -0.432797140874 3.4121779198 0.476569501706 1.34254879555 1.17923073518 0.952487648295 
5.37669220718 10.0290611678 0.333813701007 -3.5481677501 -4.50357157658 1.21933672292 -0.333295744583 1.31020863658 0.825018847695 0.0249053470044 
1.81166661431 4.02762589547 4.75006952087 -5.5057476538 -6.35077334486 1.18172791304 -2.68594181535 -1.08131709947 0.0144247337324 0.450668058814 
-3.47804947168 -2.51156598718 5.18243210952 -3.0842526481 -7.03855527128 3.64495576371 -1.39670260542 -0.852757318127 0.118521060528 0.707154111046 
-6.86832012366 -4.6329772684 4.51504382791 -0.898379466277 -5.46675059778 2.69166681535 -2.08394406977 -1.14879844015 -0.0138605631316 0.325161233486 
-5.47519768198 -4.76536117616 4.26686163185 -0.196888463865 -3.22865802561 -0.71979267312 0.920177858466 -0.538321184456 -0.773617904307 -0.0374015425531 
-6.53272669696 -5.92623209109 4.2089881626 0.487016279565 -3.68073431151 -0.198411937898 -0.91512538859 -0.322113176908 -1.8758651564 -1.51664479735 
-4.93576735122 -4.89153441803 3.4197297077 -0.37937947915 -1.54675402975 -0.575643459526 0.447263200746 0.111481291747 -1.62943464604 -2.48242028236 
-7.01996048225 -4.67244548408 3.48242835643 1.7707895138 -1.22933688225 2.31942193673 -0.451476553235 0.924305627159 -0.715466522149 -3.22208715085 
-6.09293623377 -4.88088387788 1.25482053839 0.211991649711 -1.48650862555 1.07602117124 -0.352278811257 2.00789413714 -0.981795089155 -2.61107047066 
-5.90543301525 -4.63852750622 0.806337063302 0.00132432293743 -2.29752644531 -0.208031914849 0.244701974073 1.43452550905 -0.640799010964 -1.85635899867 
-5.57764083829 -5.4661855142 2.51425681934 0.17809739895 -3.27747637846 0.470032445251 -1.65332215928 1.18065791167 0.156136333234 -2.11823058632 
-10.4673476588 -5.20549970859 1.76670438457 4.30001019527 -3.71058133474 2.19932269623 -1.83100708434 3.21507250749 1.0683466741 -1.59992183058 
-7.62673410608 -2.59469186968 4.32063376193 2.62710494988 -3.74253577183 0.318164656154 -1.28935442463 0.978234046552 2.66435610244 0.0456919522837 
-7.49748182635 -1.71826738757 7.06572896851 1.36198926827 -2.94952426155 1.56272053222 -1.94127782219 0.386085613399 2.86025606192 0.492041612415 
-7.11367359697 -0.291442923708 4.62171047728 1.39553991967 -5.54218710627 3.61256341744 -3.55130303473 0.447151889166 2.42408801948 0.0174087199738 
-3.31126811878 5.1207681608 4.59584908818 0.202198068385 -2.79571094296 -1.16065896901 -2.35895208376 -0.811084854549 1.48272420173 1.27312313754 
0.889618956348 12.1061820666 -1.43170128577 3.07929073813 -2.23135500569 -1.56226150453 -2.34910095887 1.27597131841 0.943443367083 1.93503880819 
-1.52689635981 5.36628357551 -0.0683680689834 2.97434247061 0.551259159255 0.415731141574 0.267399924956 0.705563861449 -0.839949454532 0.683241843119 
0.417178990344 5.39931144596 7.85247796018 3.68336445459 0.894346303727 3.51032900446 -0.692603033199 0.0875234398398 2.32832655205 -0.391817098145 
2.5367878883 3.10637089134 5.9128693844 3.70076173198 3.59024429162 1.16340096141 -2.81663582053 2.82406954072 0.688141531194 0.609618390209 
5.06551623661 -1.1976979459 4.40158752872 3.74524949149 2.33172613491 1.8729108725 -3.08313022321 3.26989914298 2.12826841183 1.21974863469 
7.70238758939 -5.1592610492 0.385371981079 1.48248181101 0.122537747501 -0.950137076235 0.691347248082 1.56969585983 1.74559164404 1.20903934929 
9.48338982416 -6.02479744885 -3.21215236399 0.429861414812 -2.03969921065 -0.783767774152 1.3096550854 2.25168947273 1.52806140403 0.301738296225 
8.75477955625 -6.23722604919 -2.51237159897 2.77015971515 -2.02938848986 -0.617910695337 2.2871756258 2.15684486034 3.32410444193 1.1006289177 
10.0449023725 -4.36183012168 0.387190464861 1.67637579553 -0.599667671315 -1.54374741916 0.441548038739 1.55054213615 3.41378834681 1.08084920909 
8.40917264972 -2.22134741556 0.804514386763 3.24437503017 -0.28010496256 -0.0507894924816 -0.81207612871 3.10781204976 2.7007400526 1.4875410958 
6.21538118632 -0.133276623038 5.97230786407 3.707015687 1.81919914176 1.10876343946 -3.12768384198 2.45777115951 2.68952548164 0.77119425767 
3.95706186214 1.50871488863 8.8443557555 2.20816296972 1.90606967919 2.1208733523 -1.82820579918 0.951241951638 1.55341859787 0.0987708450115 
5.79800553973 10.8461698637 2.75344171941 -1.21469327102 0.443329168867 0.378202670444 1.62946710638 1.11065783722 1.27351317824 -1.36896438124 
2.98358526878 10.8688245069 0.715728142143 1.2586708594 0.668157334967 -1.12041445543 1.07651679363 0.992538630986 -0.257862181959 0.757373348234 
4.93740782653 17.4518596342 -4.17838709051 -1.8318950162 -1.88439966836 -0.707752173668 -0.0291466000659 3.34074709916 0.203343985394 -0.325035394277 
5.38340190447 14.61369663 -1.90915253881 -4.29013101514 -4.46162358986 -0.826903934661 -1.34037666159 3.14793251923 1.4495622878 -0.675983685527 
0.228432982979 4.5376502901 7.72376051764 -5.11442921605 -1.4550657167 -1.82660435446 -0.666299940708 -0.602429367698 1.28535552975 0.984426211539 
-1.06141423946 2.64116806989 8.81301256624 -4.3994065305 0.303012077365 -4.03439506133 -0.874994794615 0.0668968466817 1.27950625379 0.240991869507 
-5.79382532975 -1.27314647038 6.82339777864 0.462720078895 1.67812030461 -0.836710240954 0.0102369776236 0.0596548937594 0.54245082556 -3.05895967424 
-6.68419812971 -1.6297811901 5.34361959898 0.735467625408 2.5166571373 -0.789583426609 0.595155123485 0.671162864271 1.51705029968 -2.55257896971 
-4.3570353799 -0.3181517216 5.41886765265 -0.58523290592 1.92825525922 -0.637012841082 -0.594791541063 2.22519589241 1.56847089023 -2.91697722061 
-3.1489677178 0.752529626148 5.1646950573 -1.35527851306 2.43447174949 -0.678826528007 -0.528224328458 2.81108767967 1.85470400949 -2.63257725764 
-0.640600974601 1.03778350722 5.22866229723 -2.11774920949 1.4302298144 -1.73885732693 -0.60842220235 2.91539174007 1.93044675275 -2.83560595529 
-1.35927917814 1.04826607021 6.00555737145 -2.10887991889 2.18280982062 -2.23757258281 -0.460372139649 1.79231147144 2.61365762806 -3.51261511659 
-3.05337913467 -1.26358907034 5.78844219745 -1.57697280823 2.0905330873 -4.27404534607 0.35956087358 1.11732123355 2.07066595833 -1.88915186657 
-4.03060572909 -2.96140634724 1.58774916708 -2.7133905597 0.205936191535 -3.21533089867 -0.535534145858 1.07653016742 1.83329362399 -0.520115137656 
-1.84807830274 -0.110099225665 5.03791611916 -3.64459679015 -0.27326860852 -3.86766754834 -2.52157006611 0.601162574463 2.1017522007 0.999631431549 
-2.2961409118 -0.353155095133 7.01383432612 -3.28797530036 -2.8440547846 -3.63900495463 -2.43570362521 -1.04975649922 2.00070454652 2.64054630263 
0.708023638031 7.64814451453 4.04842915429 -3.62866774724 -2.44011162202 -4.20249184252 -0.994361320705 -0.964266149098 0.553694257433 -0.243016781732 
3.34847152347 12.4259715476 0.815896750474 -3.12074804787 -2.515530514 -0.957277355256 -0.502738230793 1.74833636201 0.401091494329 -0.842558436433 
1.97173402425 16.2619039179 -7.68054012732 2.7405764561 -0.850433422379 -4.34500186471 -0.937431546675 1.31299810648 -0.605519923476 0.685249609007 
-0.601655463658 10.5316882292 -6.53374306711 4.55039699787 -0.475329117144 -0.652480781517 0.556025054452 0.265916043551 0.664932780995 0.0674684988865 
2.15269999141 5.49344070106 1.57818382312 4.22761488658 2.06065766805 2.39657941716 0.13690871801 -0.339501883054 1.62082523717 -1.60818278984 
5.29998963501 1.04153148413 7.05369862992 4.38628980747 2.62566827115 -1.94510243794 -2.96774325802 -2.94515973882 0.04076260957 -1.48358699276 
8.59789928326 2.06806915591 9.76017883658 3.86530947056 4.27059898435 -2.83022589388 -0.398509292243 -0.828756054382 -0.176803750844 -2.04282266002 
14.6176675454 -3.52895366925 4.41041309876 2.30148798244 0.261359885889 -4.03592284571 0.779031168998 -0.153402200935 -1.05181460377 -3.13461590566 
14.6246514195 -5.99751297872 0.187263779443 1.90513845072 -1.13401044827 -3.48946299518 0.188559389342 -0.473373093584 -0.0949284729384 -2.80141089468 
16.3431594422 -6.17440866397 -1.0854660488 1.14200739331 -3.62972921537 -2.80211684181 -0.748937130322 -0.177768055108 0.608453169165 -3.74087079213 
16.2356640324 -6.34696406467 0.14302446818 0.917302021767 -3.14699328422 -3.1740776929 -0.546420696856 0.120804076192 1.2615984371 -2.94855753575 
14.2613251142 -5.46891945932 0.214679267609 0.755909953705 -0.943337299701 -2.29304162031 -1.59196867013 1.10058704868 -2.07487688226 -2.56568884797 
13.3794840485 -3.95869519081 4.61583581442 0.884864194149 0.4918852274 -1.29487657482 -2.99847441439 0.786752425041 -1.25318454898 -1.16660988851 
11.1517844855 1.46746896739 6.04974439311 -0.258758144176 0.671929140428 -1.52504917746 -3.33863320661 0.893226323485 -1.76600666317 -0.610908140914 
6.57311139166 4.24279859147 2.74089073608 1.87443620499 -0.489970011697 0.928953365381 0.303698788984 -0.908028799107 0.271846143339 -2.85079315019 
3.08062557751 8.39922487089 -0.403176367447 1.98252876309 -1.81467855964 1.88400049198 0.965743768253 0.491949193022 1.20740287356 -1.01385135249 
1.55353563494 9.64992477082 -4.8147703314 0.837935397378 -3.24920231142 -0.166535308048 -2.43464270437 1.01288722749 -0.810599111641 -0.176072805164 
2.56807176877 11.9360467337 -4.54739157685 -1.38559623921 -4.15204036319 -0.28069521925 -0.101868476708 2.05041207316 0.204809947882 -0.9097748165 
-1.14158432335 7.29892013082 2.2384039303 -2.7718617965 -2.58077188457 -1.15049334707 -0.700277582004 -1.0604911774 1.12680699104 1.80317122755 
-2.29633740824 -0.118501339083 0.94156951438 -4.37736120355 -0.796506633031 -5.1106198004 -1.55215943267 -1.15200908584 -0.521623303965 2.14916203605 
-5.40525407342 -1.6055719967 -2.67129658765 -3.92543619029 -0.612309287849 -4.80735126745 -1.19492076406 0.851493421188 -0.633838494626 1.17570754354 
-8.65654099145 -3.0984204239 -1.2993740049 -1.69753366057 1.27411163721 -1.23954192218 -0.886224270235 0.977683755616 0.514315609147 -0.657102891457 
-9.02158862854 -3.03573246385 -3.50731951593 -3.16936570602 2.86445850166 -2.88666438411 0.734472319359 1.86196066843 -0.276606223437 -0.116434698153 
-8.9462547602 -2.65026220033 -4.55115135736 -3.45756840561 4.90714681546 -2.21287010785 3.67520885818 2.46303831185 0.196253305366 0.338584248532 
-7.58404825963 -2.9068283154 -3.99807805429 -2.40616107548 3.88160231844 -3.64901027586 0.576776522656 2.95054915278 -0.189478476973 0.570176545326 
-8.94625052653 -2.38858483293 -5.36603761862 -1.86859814057 4.03666515521 -0.967330563145 0.22256021927 4.40383210987 0.228096196044 1.19140150872 
-6.54415158379 -2.1117826694 -2.97397878627 -3.5690708224 1.58458553065 0.168348224103 -0.572311324389 3.32352037187 0.828486368944 2.1607086635 
-5.73247914617 -1.92264152508 -0.597640652448 -4.31868345257 0.704076759428 -2.62152999429 -2.6611190235 1.67326918725 0.89854013642 1.91052761908 
-6.1503024688 -3.01873868026 0.15433104605 -2.95700882474 -1.90251469784 -0.790479162459 -3.72184713326 2.0363550479 1.0917500435 2.20667303741 
-4.37638933867 3.19629073336 -1.66832150582 -2.03003451326 -0.828671136894 -3.49942220816 -4.29592055629 1.46838239493 -0.177725093705 1.48005984886 
-4.51468698304 2.47242690373 0.195446378609 -1.62597007546 -2.1356093004 -2.04887073378 -4.66798885245 0.51716082826 0.581346680808 1.64952165894 
-3.06474194648 6.1520036687 -1.71016563119 0.975054381893 -3.5421818407 0.869474763622 -3.21408545421 1.3255173103 1.9136982582 2.10218397098 
-3.03437668946 10.3677660259 -5.36605579411 5.23364204884 -1.07782764109 0.343214762118 -2.6520009601 2.20533991856 0.0770357362141 2.18502936802 
-4.01792412213 11.8033444815 -5.08422870079 4.64749180643 2.75545313278 4.26956809735 0.145753834931 2.72297993035 1.69730989047 2.37928667519 
1.74062160748 6.90963328677 1.89184825752 3.21222513214 2.0065429745 3.07538859372 -1.77378718612 1.30044188447 1.12216086423 1.73675123965 
5.33268419387 4.12525303556 6.13824829185 2.05426497413 4.64841118029 1.43476209081 -2.58290495062 1.27604549987 0.632512427333 2.74860006654 
6.45952068457 -0.474972879526 5.98641116721 3.97301696894 3.98897310104 1.32701048575 -5.85347952589 1.03282651503 -1.12139809327 1.84979740652 
10.2553502574 -5.91465418134 2.76498991063 2.52778386304 2.73436905773 -1.33631790681 -2.67938910781 0.847200896634 -1.90517553518 2.00379000676 
13.0539859938 -6.35883023278 -1.3280256624 1.01205037885 -0.128081830309 -1.9459494814 -1.52547842128 1.31082973037 -0.886330790009 0.292332263975 
13.9211483988 -6.71784801528 -1.24526919826 -0.318195817206 -2.36583405328 -1.81583740252 -2.69130708567 0.756067476571 -0.991143613559 -0.340324061768 
14.3283211539 -6.21582053431 -1.98437719394 0.258995618634 -1.30912707467 -2.91573300436 -1.96634506974 0.924658355812 -0.710944760195 0.57303960884 
13.1149526103 -5.59663083275 -2.67720137382 1.46550917424 -1.59946265585 -1.68130895131 -1.81396646935 2.51354266691 -0.549055695431 0.559858555136 
12.1795132524 -0.100963241792 -0.134170859233 0.876497535916 0.812307049294 -0.699478782558 -2.50210815077 2.93540719144 -0.24354983229 0.966937496932 
10.1765646545 2.72495091038 4.69575564863 -2.84288834763 3.38599013134 -0.81232606822 -2.29169376955 1.04239297092 -1.7787906832 -0.199101036817 
6.11213826375 5.18464128533 5.16200113468 -1.30308633632 2.311946219 1.4110514402 -1.44645226453 0.939048772527 -1.03466251581 -2.12047506304 
1.9790316257 5.52645532469 -2.76633531751 -0.306336108629 0.930751404687 2.66625401381 2.64382863507 0.974352819885 -0.819113196947 -1.51054536636 
3.20016154429 11.1646912947 -4.545985998 -1.47454906098 -0.921815755273 0.586877126551 2.43923986025 1.7464052037 -0.0565097429924 -0.54063374714 
6.43423193218 11.6055141131 -6.80480323789 -3.63486015592 -7.59367550484 -1.02004258801 -0.814880557814 2.91878669907 -0.844823625792 -1.80945082316 
4.43311194921 10.230797051 -4.05081976671 -5.11587953529 -3.54192840741 -1.67518065948 -1.39161869544 2.49791506119 -0.574489813178 0.383554079668 
2.15965810092 3.42788979009 0.95467483341 -7.16406159859 -2.27910769731 -3.43679039468 -1.89566118134 0.556336118127 -0.164505382352 1.6177116991 
-2.18262890247 1.52495026303 3.66966011928 -6.8881558509 -1.04213928244 -1.76158801768 0.0723613478009 0.333528133326 1.1726500617 1.39210078165 
-4.33511484131 -1.5284931285 1.58037271291 -6.61840868375 1.60732747939 -3.79459604096 1.25633590087 1.06880483918 -0.122022097835 1.53022248553 
-3.56144420409 -2.55228414963 -0.13508592405 -6.29173798325 1.6651652719 -2.79849947918 0.147206265121 1.79844704109 -1.4098501827 0.181810552514 
-3.78307487842 -2.3790687598 2.01305691308 -5.34129768791 1.89846726266 -1.56429948817 0.708001508425 2.27036146547 0.034612905189 0.0262737123547 
-3.75721528412 0.215327293226 0.286451245086 -4.90974148227 1.45552029144 0.015089272252 -0.0916499461956 1.67977315633 0.474904553315 -0.906857028136 
-8.06950021568 -1.00875587622 -1.70865957288 -2.88590289487 2.27102837758 0.302437090687 1.06143617238 1.9558770163 -0.0657764588408 -0.181012912129 
-4.75536698201 -0.591461251128 -0.783143015791 -5.50610048977 1.53658866707 -2.2274540284 -0.658121445083 2.80789762634 -0.173174604799 0.360704977989 
-2.26068291569 -1.62370868391 0.0860766711142 -6.14294810316 0.335670363817 -2.82508936276 -1.3126973684 2.39085664745 0.0656063009107 0.367400793596 
-4.51322188408 -1.18949757834 -0.0969305394129 -4.05349378044 -0.976008649172 -1.08289804455 -2.77504504543 0.903652287095 0.992473241999 0.402668771983 
-6.21394534965 1.81182440897 2.27946661241 -1.47031522815 -2.20147393772 0.183064631215 -3.63248168177 0.138342866591 0.252833429868 1.02180003785 
-3.50361279909 2.03775219756 1.00748360622 0.619153167375 -2.48687206391 -3.8772231196 -3.34610996767 -3.12544955381 0.322233458775 -1.34120788403 
1.30159520415 7.56444726051 1.62892197164 -1.71610388692 -2.52241566538 -2.08496059324 -2.75302396119 -1.14730852022 -0.246811355525 -0.655813071737 
-0.5835409065 13.757730343 -3.12652545236 2.05288024805 1.49200064048 -1.02700953265 0.843700359444 1.03053331039 0.54841925758 1.26743051458 
-0.735566878506 11.5157859531 -4.15536078063 0.613631161227 2.70501530757 -0.63637829472 2.1303109514 0.140496979816 -0.91006206159 2.37320177803 
0.467592241259 6.53597944161 -1.59714925015 3.37581136991 4.56180983162 1.7938070039 1.77588328762 0.493928762046 -0.77287455135 0.703960837872 
5.42577417857 4.32794957406 4.43754666426 3.08078989408 5.64545362693 0.705097537309 0.0674536284759 -0.357767006859 1.31134426687 -0.359338985384 
10.5662008146 4.31469380707 5.75259546736 2.92936745514 5.28061492168 -3.3530728395 -3.10148959216 1.16972184538 -1.88581461678 -0.224076296025 
11.6223073992 -3.67189945361 2.64802476429 4.16458888061 4.14537534245 -2.14822567062 -2.4364767097 1.50572318073 -2.49559000036 0.717215493472 
15.3263811657 -3.9441589092 0.38273431736 1.96372686141 -0.455484941874 -3.68301262683 -2.43299135445 -0.299721433988 -0.355279334824 0.555069099792 
16.6611306187 -6.7291069173 -0.301960204787 0.74840654185 -2.65243374054 -3.80785721636 -3.00123745989 -1.42562065756 -0.519703288026 -1.3107399273 
16.1329036672 -8.5941254058 -2.72000805146 0.913588158479 -3.1330807496 -2.23760476065 -1.98602543371 -0.0181339262178 0.329566363361 -0.8832576675 
13.5775085051 -7.86174677411 -4.26665189164 0.629378520771 -1.9856266137 -0.868382147717 -2.37784683473 0.923831082477 -0.917502689998 -1.52047810195 
11.994770969 -2.37482300947 -1.44019162776 1.28472265673 1.99941511649 -0.659837851383 -3.53772561013 2.09625028968 -1.83866037677 -0.0312703979606 
9.39154526216 2.62989560898 3.52502059605 0.725751778091 2.81544735333 1.8712853593 -3.49254427661 1.42648800338 -1.18742769325 -0.782796618849 
8.10314073839 3.24341624497 2.92777650926 -1.91709099264 3.29013017176 3.24037337089 -3.49239217943 1.41706441491 -2.39338637487 -1.81478899434 
6.07533674727 10.6640704361 4.11276377291 -1.91800477678 4.12087908925 2.47666961548 0.17361192181 0.983849107463 -2.0988231916 -2.77734690147 
5.01824120697 13.2911259054 -0.414041179452 -3.64403295701 0.61187546167 0.30928111914 1.08714009689 0.580650606333 -1.28963423034 -0.199167646872 
3.97864974245 12.3142255782 -4.14713652354 -5.35447784093 -1.94868014495 1.6132562759 1.23542037516 1.74707863827 -0.297367593129 -0.336066134997 
2.94910152867 8.58906366491 -5.0658226173 -6.25287838659 -4.04683829932 -1.59502070318 0.176693645162 1.92670015205 -0.502510228297 -0.508030244667 
1.16491075549 4.00923609207 3.12625369975 -9.11334546454 -1.35890203052 -1.98381319554 -0.621592162111 -0.297220420787 1.29618791477 0.82413628395 
-1.38789402496 -1.01205422695 2.65813916897 -6.91993453485 -2.66138271074 -1.87971621145 -2.85965223501 0.384301491255 -0.470429024107 0.49183438471 
-4.88303558677 -2.27611344829 1.64482925903 -3.65141318982 0.699347795076 -1.88693408628 -2.13090245745 0.355416469808 -0.437991451802 -0.450142164579 
-5.93804603705 -2.21024597644 2.69952028271 -3.52456686003 3.39079460444 -1.53421207996 -1.12222900829 1.81609164848 -0.602235716261 0.449675223805 
-4.36409212748 -2.23737938514 2.53393071809 -4.96705960772 3.36573405345 -1.35698330621 -1.25138155234 2.66532445988 -0.834080147013 -0.382041174789 
-3.40021358347 -2.98442623284 1.85562078538 -4.7669829886 2.12310720956 -1.0050503338 -1.5861153958 2.08419065491 -0.146944801898 -0.989838230559 
-4.64071857699 -3.40620372129 1.74766515498 -3.85260039754 2.15186899486 -1.22257852902 -1.16596874985 1.74904478699 0.409989467282 -0.585536795644 
-3.31954632533 -3.3964463862 3.58324549862 -4.76949615853 1.43168732374 -1.43345782965 -1.69557670448 0.564555426432 0.673344230452 -0.528919385204 
-3.95377471113 -2.28772562808 1.24790455392 -2.22920597636 0.647015800518 -3.20637651219 -1.97557860651 0.76742638876 0.497045085939 -0.107026136201 
-5.99154125894 -3.47415020698 -0.231558698476 -3.38576349679 -1.12064503006 -3.45365228485 -2.23400466845 0.269257814826 0.772622805619 0.942502706352 
-5.20361986743 -2.1288795689 -0.998411669627 -4.35326450451 -0.276522026365 -3.66871390379 -1.92877954346 0.883365169768 0.535512207224 2.34111213867 
-4.70915166123 0.323713324654 1.43649422997 -2.56989785551 0.0836884198238 -3.56512195879 -1.96243308767 -0.387687615026 0.815992029152 2.16851872902 
-5.61821070399 3.87335343536 -4.4111675675 1.09881399297 -1.82759004348 0.253654230106 -4.3104209313 0.989245803287 0.815294629409 1.10422664967 
-5.31147219952 6.75290677266 -1.45636006585 3.67754031249 -2.50126078528 -0.446124596233 -3.25592976549 0.13841164828 2.32787049352 2.21310842085 
-2.1732896467 14.00763216 -4.37585706522 3.88556048248 -1.43563250667 0.602070858742 -1.65858540558 1.89159918046 1.56613277577 3.12366424066 
-5.00823120664 9.53018417016 -3.58237123422 5.5586836562 2.56515436858 3.15673831658 -0.269304342779 -0.391203942732 0.645004680154 1.2530000954 
-0.846800704717 3.61709766942 -1.77571873949 3.16492077072 0.761685025509 0.259227656429 -1.5546812247 -2.85875460392 -0.959999127808 2.11137075348 
5.22729379625 0.762760871949 4.32852717644 2.36825733616 3.88938295066 1.16574502572 -1.02737943464 -1.35610217255 0.119369588443 2.62340728425 
5.84703385329 -1.59336388197 3.50824446545 4.15980277992 5.11811771023 -0.522401706288 -3.16156966549 0.782258224897 -2.33392704651 1.80995660552 
8.54904439828 -6.09582581159 1.58985994989 1.62218532473 2.41164534753 -1.39152229466 -1.63948407752 -0.637420130526 -2.56195599189 2.82398423873 
12.2098499598 -7.73876745384 -2.27558681797 -2.46428224391 -2.65371038101 1.0247587234 -0.0529436964515 -0.348052068603 -0.705539838805 -0.31858874398 
12.5092551196 -8.68072300865 -2.42132080605 -1.10643169905 -3.12231538771 1.21367846188 -0.703167654697 0.551710189464 -0.304463524142 -0.182962703111 
10.9778806034 -9.87698637565 -3.70372639496 -0.704452436422 -1.27404134921 0.339656593871 -1.09915272351 0.898124745349 -2.0006277656 1.52009593698 
11.3845702785 -9.90315729411 -4.04670871593 -1.60198211286 -0.945323958663 1.30072473546 -1.94318060106 1.63543843164 -2.58341842073 0.6733302735 
10.5264640416 -5.92702598112 -0.483909811405 -1.80923985554 0.418179297685 2.13843362104 -2.82758799128 1.42456982431 -2.81319992101 0.39436404801 
9.09613538948 -2.84399216632 1.44547802209 -2.30979659058 1.20959352251 -0.272753039943 -2.04254223373 0.089871983848 -2.26937075303 2.08797571394 
7.81855734451 3.20551987647 1.08407140443 -4.43314521489 2.98806110519 0.196136858101 0.0292962443318 -0.483720454007 -3.07231258184 1.65624636772 
1.20067506066 8.70870740057 0.980263572708 -1.2207398595 3.29292221962 1.96316804234 3.04797592773 0.503191050141 -0.807475690725 2.0268163931 
-0.148606429611 7.66215734587 -5.16199286795 -3.57352088007 -2.19169138833 0.660565373056 -0.0672949848945 -0.248299451816 -3.87660799527 1.63346509484 
2.34890047441 6.13255386663 -4.30229959377 -3.9574378098 -4.64362059701 -0.565082978803 -0.897122780404 -1.13000257425 -2.71452132887 0.256003399166 
-0.744182040596 7.49508002355 0.98145511435 -5.12688624224 -0.955525112335 -0.392140417374 0.376121980283 -1.72938278837 1.24681629827 1.98354325217 
-6.24668643901 -2.22547384208 0.71593281284 -2.64378181249 -3.17661057119 -0.120309877081 -0.849371509185 -4.98284603518 0.83317085796 1.5872313915 
-5.31101369113 -3.1637842418 0.387047882028 -3.77123188313 -1.38381968786 -0.626229357319 -2.59591598466 -2.28790224893 -0.0852773451401 1.71717029435 
-7.57270925463 -5.32491847667 -2.21959462291 -2.95878275373 0.952604880033 0.477125304122 -0.15695517779 -0.208102447041 2.07676460282 2.3256132222 
-10.2836713967 -5.58349285499 -3.2521106374 -1.1872919449 2.15936800586 1.31621323803 -0.327921392107 1.61747070111 1.91834092771 1.78963548011 
-4.50110470708 -3.14628474809 -0.956161598733 -1.93724795648 0.589806660781 -0.598711075308 -3.38521322846 -0.0473301140957 2.21385078384 0.170315451816 
-5.48238103565 -4.51704448413 0.936582213174 -2.81362866942 2.04737185901 -1.47529077375 -0.907848577306 -0.348941412614 2.10139000353 0.883678866332 
-3.48985655958 -4.10433157673 0.411121897711 -4.45165934636 2.02742494742 -0.339759530008 -1.02775564872 0.921175423525 3.0916101663 1.08179260443 
-5.69206695519 -5.50264683518 -2.59679854247 -0.864469830636 0.467018851637 0.849460479607 -1.56148824942 1.75058579966 2.35438107261 1.53394609666 
-7.11555544372 -3.76245483286 -0.807505492841 0.23408330705 0.684107827633 0.708421793587 -2.3931711295 1.02964031629 3.36130962417 2.67181912203 
-7.79319782118 -2.29720023184 -0.159868082128 0.0664870851451 1.90903626843 -0.185606677586 -2.62256813531 -1.37108722887 3.32486588676 2.5731877985 
-10.3478201336 -0.419536726656 -3.30497349383 2.28684013322 0.894302656982 0.679501973679 -3.55420343586 -2.03739405537 2.80081044887 -0.92131906776 
-8.23869231313 2.43633129013 0.101781188079 2.617896541 2.55446282718 2.06894725473 -2.96104239005 -3.35294282273 4.38630764525 -0.76667682316 
-9.96308418301 1.4633281159 -1.27944004884 4.51686918096 -0.195477388317 -2.68007382192 -3.00344234008 -7.40478946813 1.45214778347 -0.907649160699 
-6.52122373555 4.35813495423 -1.00311073532 5.04828315863 -0.710724531719 -1.97485869035 -2.80219610119 -4.96651174432 0.086552505168 0.371303730198 
-5.29944899316 9.81891860759 -0.877090938793 5.18215754997 2.45758397924 0.862275199098 -1.41156002782 -2.45496547045 0.654586545042 1.70602961723 
-5.88819958535 1.91944228062 -4.41679879665 2.66903143151 1.02300554823 0.282785000333 -0.104362372008 -2.62549882999 -2.69464970295 1.14781498319 
2.31633579748 5.90020086894 1.93720121071 0.530379696368 5.15847091205 -0.686669766076 1.24470292379 -3.53711451212 -1.48261177205 1.55877415465 
-0.287508425927 -3.51331160798 2.74535529184 3.16415599655 4.86554078639 4.74130398553 -2.01567715016 -2.52710992502 -1.55803284458 1.20784880049 
3.89405986972 -6.76153503314 0.467405053226 1.19901625573 5.03804931238 3.02006243775 -2.20517920541 -1.13430848571 -2.21888757733 1.92437924271 
6.26517531082 -10.2117078073 -1.87991261998 0.284505016315 3.63924663925 1.02116114146 2.53148742802 -2.43928822102 -1.49853863676 3.00176864515 
8.79861639609 -11.296000527 -4.31902931905 -0.521382206891 0.830601423889 -0.308057474043 2.30949295215 -1.84110396384 -1.39908370847 2.55974709072 
10.8035718852 -10.8524437396 -4.31711958052 -1.12163671748 -1.66878909232 -0.29774588133 0.842009874787 -0.774533736097 -1.16343267126 0.973581269872 
10.4756921889 -10.7582684361 -1.36610414589 -1.3374640635 -0.219216130244 -0.646328714849 0.942381142911 -2.32854958971 -1.2368873987 2.0495044743 
6.18773441408 -11.6453948443 -5.4643879673 0.386495995418 0.721028956207 2.16089507321 -0.109923851198 0.171814157152 -0.862253595758 2.35042330842 
3.10437097735 -8.48011442018 -1.61538082205 2.03700474939 2.03916669586 3.60875367127 -0.408251031822 1.18263034089 -1.07096680679 2.29022608572 
6.38693742159 0.0177910906917 4.64163105494 0.22362804897 3.91779511433 -0.891093995031 -1.67566299998 -1.38546723307 -0.655263531412 3.83415798394 
5.44007072576 1.78929385036 4.4477776225 -2.48519034057 4.35939067234 2.70566656734 0.544547460916 -3.22232935113 -0.651669752475 0.381840685083 
1.15784855415 6.20635797993 4.98360163067 -3.88331606538 3.09592860412 3.45775341432 1.74443464589 -2.68271774436 -0.46355993156 0.0271891925213 
-0.202313129932 8.81959090886 -3.28370965772 -4.32081955143 -0.110587859407 1.5756150562 0.603925155053 0.860998777853 -1.93597967345 0.837324662623 
0.632225913869 8.09117390186 -0.0345848018227 -6.77798613387 -0.125282388421 1.83959464313 1.62760137309 0.0617622181223 -1.01916068407 2.02196705747 
-2.4842389836 9.41222943537 -0.337764884881 -7.8920527081 2.24447917496 2.18392673362 4.02769934745 -0.623902607542 1.42238340875 0.583666476954 
-6.02294449555 -1.62175503408 0.362998158309 -2.56475894076 -0.346342379261 -0.611133185477 -1.32480784639 -2.77405206914 -0.474313472319 1.19496047206 
-4.81462960988 -3.31316881856 -0.487480915173 -1.54172656715 -0.173687623552 -2.73354564462 -2.59544182802 -3.27869253912 -1.76699429181 0.147157405476 
-8.35512072961 -2.49074245714 -2.46634967008 -0.482358267434 2.41552704037 -1.45412560014 -2.59312750545 -0.18362057798 -0.593426657195 0.813218871563 
-10.1466702877 -3.91249617437 -3.50122329219 1.42088907465 3.61410516511 0.572217430541 -1.61829680566 2.38564871551 0.838989913847 0.229698971561 
-9.91903655097 -4.73073645516 -2.69107882772 2.05534163639 2.91667616321 0.210461716847 -1.02601745134 1.53894110474 -0.486315638798 0.806100023382 
-10.3106349451 -4.04125270313 -4.5459678198 0.986045925216 3.0122859234 -0.192448600007 -0.529199304955 2.55869746528 -0.366335843971 0.077603349054 
-9.6365729286 -4.05710843066 -4.68183250383 0.942912036663 3.36084965699 -0.112185246128 -0.675056726372 2.26757121419 -0.541424650732 0.0378567974829 
-7.80389938992 -4.21296934994 -2.09530305388 0.227340428808 3.13250209214 0.898246278107 -2.92975584526 1.39882032387 0.86476188941 0.364107780935 
-8.00892709668 -4.08312518394 -2.32651425852 1.89617326971 2.85852585105 0.523547960861 -3.44882491928 0.775816443341 1.98742938394 0.830724357726 
-9.83351888511 -4.15706914515 -1.46485517469 2.14241820907 1.50749995107 2.35770186392 -2.54513044899 -1.19453848865 2.73565862201 0.656131136102 
-10.5423885835 -4.58243266371 -2.31707467145 1.60805683428 0.608592077792 3.11363412478 -3.06999435462 -1.2120034944 2.70409147557 1.06842123738 
-10.8882755322 -3.46257524257 -0.719535557765 2.38794498122 0.688046670886 2.34770336509 -3.77452450076 -1.84575572 2.3652694035 1.68450326832 
-8.56147244308 0.445543644561 -5.76816831449 3.81671764942 0.992248617994 -1.58803182478 -1.61775367298 -1.99707054264 1.75536679619 2.45968536042 
-5.51094851823 3.25608481954 -1.83731631102 0.994230811789 2.301584685 0.49375357305 -0.712834932434 -2.71800266424 1.79821101312 2.25738004743 
-4.2820517593 5.81670984656 -10.4683731634 4.8575697551 2.22428817079 -6.39829222101 -2.9814869611 -2.00122659054 -0.929222959843 3.53574118584 
-0.398504547144 3.72482134494 1.33770027138 -1.22780912192 3.72138045407 -0.851476544429 1.02400781624 -4.30802291528 -1.1416477225 1.3701082042 
1.11869423975 2.53305477447 2.34768885838 -0.492480283113 5.74376946517 2.46903446939 -1.06988000087 -2.90342304325 -0.992611611368 0.971405819647 
4.45732073148 -0.750089244144 2.97835205021 -1.0514695698 6.33287347574 3.56789235183 -0.454145942034 -1.98389730011 -0.442811612953 1.35433981605 
5.93174295785 -5.96503375645 -2.41991624142 -1.74916474496 4.94957448506 3.18150703461 1.82734414029 -0.672635345547 -1.89911125577 1.38580843894 
10.6286463307 -9.56442780075 -4.06076556338 -1.69019650089 2.32000291815 1.16827984685 2.32990608023 -1.12404393051 -1.55455156516 1.98617821806 
13.8861673719 -8.56107078106 -1.8298080676 -3.36431106997 -0.623730985391 0.180587173706 0.271428941077 -2.61019927586 0.0235379977954 0.938439553942 
12.5142957083 -9.74907380399 -2.73343664772 -3.21205370942 -0.0071198355475 1.75421531455 -0.711862344455 -0.717794921414 -1.50916275031 0.474287294439 
12.1385703353 -11.5593178804 -6.08810118205 -4.67788698284 -0.636504159154 2.89685076975 -0.325425032162 0.4700260044 -0.813825342958 1.27054529532 
8.59715713878 -9.83762155565 -6.46262991508 -2.62960791603 2.35298239569 5.22448232601 0.130107846511 0.362969367215 -0.893862695876 1.12484745207 
7.68066043403 -3.94852964671 -1.09058031446 -3.81195007033 4.19801590061 3.82394893027 -0.997149066544 0.378361695052 -1.73132387336 0.789685659136 
8.7806302357 -3.32650950103 0.0201453010243 -3.29471073749 3.75812839892 3.11698142584 -0.666741333466 -0.289079184393 -2.26889094944 0.895484469705 
6.47130158122 4.50408988805 2.06685459387 -5.85346062686 4.88284739616 5.81013607346 1.11384712794 -2.36737664483 -1.08991317493 0.234360679189 
2.99648626627 8.34435121497 -3.26991405628 -2.62052788063 2.29156890775 4.86676813788 -1.0083940093 -0.36814082273 -1.11392883064 -0.0378521100536 
0.975756012966 10.3938766295 -7.53881630958 -5.53629053734 0.884703876735 1.76882236735 -0.874861330229 0.537441512024 -1.6973079581 -0.158078445244 
0.902436354212 6.28747475225 -2.42542925001 -7.17471423518 -0.667879773994 2.8332539654 -0.460810457347 -0.553831595698 -0.548360498064 -0.278204164455 
-2.41237595738 -0.830211802317 1.35012022576 -7.35807438045 0.193978198434 2.31298396215 0.864700347753 -2.85862441857 1.19803063663 1.72068096888 
-0.376028002519 0.545007369588 3.7997651848 -8.18672454079 0.718838507594 1.36949206259 0.0672916687906 -1.20658108021 0.955214414457 1.54000388628 
-5.90043710823 -5.32241620865 1.04111838214 -4.13376041232 1.28967604085 2.70088203702 -2.22235571953 0.14614462953 0.22466134398 0.715393945019 
-4.13161924843 -3.6904047643 1.07409819628 -3.91591566804 2.28359350469 2.30939172912 -1.61074223547 0.682663817969 -1.14873143176 0.130060661564 
-5.24917688335 -3.99041305269 -0.345860943325 -1.72622052648 3.57202091184 1.05548402987 -2.16954153252 1.04031725678 -1.01742372768 -0.478946349621 
-7.81893601981 -5.19587494797 -2.34349547737 -1.40766765241 4.78015579483 1.98383506405 0.0654780351718 2.94092500271 -1.5910068897 -0.226684155661 
-7.30178415667 -4.80850509827 -2.59257418666 -1.17351888724 4.81377714767 2.01488572107 -1.50743209182 2.68639633785 -0.701540147867 -0.862982321769 
-6.45499159423 -2.45387622706 -3.74669136201 -1.34261838132 4.85754175946 2.79096222843 -1.44632530291 3.07667082345 0.62488172275 0.124585419652 
-7.96968685425 -2.62552089049 -3.67310931335 -0.756933461272 4.81465103971 1.27916890472 -1.81371449473 2.57755502529 1.42613691511 -0.173009492911 
-10.2996680956 -7.56708087733 -4.67681911369 2.38428041721 0.564919329766 3.22470123372 -3.23051779227 0.468030877301 -1.20815734288 -1.49122486871 
-10.0446705197 -6.21531229313 -4.79467900856 1.63471332528 0.158222362553 2.06744184267 -2.61564491318 -0.657058192254 0.0466882746526 -0.819459829849 
-10.5588605487 -2.86081468058 -6.04561092795 3.59848091892 -1.05736509374 0.499267768945 -2.5987503043 -2.41109620569 -0.743381685728 -1.14272290208 
-8.09296555918 0.0470685801674 -3.79604786925 4.00411778583 0.333312392338 -0.582314862827 -2.16704437741 -3.76285299843 -0.316423361057 -0.18863770713 
-3.62347320942 4.0366511128 -1.64046664787 -0.261073257939 0.260638442709 0.853558514806 -0.0241029148207 -3.51118396989 -1.26100118268 -0.228606545993 
-0.103877386649 13.5709344136 -8.91743456635 0.13674123091 1.53568556936 0.526969276378 0.253923849703 -0.568795257417 -2.08716021083 1.2722675213 
-0.719401506424 7.76428613012 -9.15780595025 1.37485201642 2.02856093138 -0.604373641524 -0.35913325835 -1.3022591663 -3.334867647 0.863837704713 
3.11291404462 5.92979672111 -3.76660165761 -0.263198095413 3.63610993579 2.12533599579 -0.0749458268681 -1.46939410129 -2.20624205594 -0.134031827971 
7.08277069323 0.233323021961 -0.00633202285449 -0.44737217683 5.06110324153 1.69826274459 -0.34806283577 -3.96959109887 -1.52729291047 -0.554533713202 
7.41220348644 -2.03873133192 1.71349199349 1.08847218123 3.50696509881 3.69669016385 -1.24670559087 -1.4591322751 -0.714962180331 -1.03999264746 
8.50433429476 -8.53692615266 -3.23130362901 1.39604581118 0.506655768628 3.62093942637 0.0763911666964 -1.81317792672 -0.978396183058 -0.358123565041 
12.6843703269 -9.97366523663 -3.80570633322 -1.57281233453 -1.90727947976 2.87456366732 0.454507845136 -2.64380548458 -1.27467495172 -3.09641750744 
13.7373859017 -10.7236483611 -3.68984754026 -2.31624979685 -1.99970031809 1.93170079623 -1.31873962251 -2.03062964108 -1.94542500008 -2.13415005701 
13.1181724282 -10.7549707225 -3.41881497733 -4.13213748416 -2.95142061565 2.15727891739 -1.97062751867 -2.19177054455 -2.82901732283 -2.21712219343 
12.9839558238 -9.11117206686 -3.32958083687 -4.68024922198 -1.87805723403 2.57327490687 -1.04117342513 -1.17370923456 -1.68462205348 -1.37354403515 
9.15988753018 -7.36292910795 -4.78600305857 -1.9472689942 1.13930614811 3.68347676879 -0.848609137827 0.230320434184 -0.936593138858 -1.36030369636 
9.46600302726 -2.84021517744 0.970836653833 -2.72299867094 2.86416648742 3.24713372755 -0.801023335148 -0.300627796507 -1.55631165252 0.0156957647114 
6.03278682799 0.304998453032 1.13536026132 -1.23218209552 5.62450945989 3.11269285933 -0.438701899168 -1.49918728533 -1.47851556257 -0.0984119610167 
4.96834408905 6.60466516626 2.23520779139 -5.42109654095 2.58379938248 4.19263226443 0.403632088193 -3.36378857046 0.0565630595725 -0.431828635654 
4.59132710622 7.95024671551 -0.927418706033 -7.70117517807 -2.93490529549 4.01957975271 -1.2474943706 -0.424505791724 -1.78308093174 -0.937173935593 
4.60785030676 8.11072131779 -3.17437757231 -6.72973597159 -3.08768452748 4.16433355153 -2.92507688329 0.770908673481 -2.73699362804 -1.42247623728 
0.854944349978 2.63939728108 -0.937251275987 -7.74349074055 -1.65848945541 3.34958533128 -0.634166156233 -2.14393900267 -0.327053094707 -0.886255076634 
-5.28422926102 -3.71831878758 -0.896293584543 -3.3276268275 -0.152875225472 2.19272992146 -0.221470665507 -4.23460906785 1.09543374899 -0.515047893709 
-7.91073164871 -7.06802555494 -2.56225593204 -2.47727879247 0.0115968539197 5.38141209258 -1.178041626 -1.65521118666 -0.565409484653 -0.430657166092 
-9.68606809786 -7.93746355567 -4.72877334396 -1.29009754992 -0.089163741815 3.09883064898 -1.20184710949 -0.886974402554 -1.37080670769 -0.81730714657 
-7.82832375281 -7.25608842374 -3.9000562893 -0.595677548073 2.10465355977 -0.776315124733 -0.951334075033 -0.652237890636 -1.10274388304 -1.70264533476 
-7.03894605132 -5.34581654001 -4.13743460749 -0.811099383278 4.34553592905 -0.972170996794 -0.567211791468 0.272904822939 -1.36676028609 -1.70163414707 
-8.62592987922 -4.60798309961 -4.338512222 0.172234704462 4.01037519777 -0.91478930792 -0.00943027009506 -0.266363703348 -0.991492015973 -1.25093525654 
-9.92797723848 -4.26792316355 -6.81234809521 0.954415755066 4.35877820171 1.97020925117 -1.32269082817 3.20865313074 -0.654828638144 -0.57702602552 
-9.85949153164 -4.99212190775 -5.89726294748 1.08887843387 4.10190613285 1.93960772691 -1.64308543845 3.20351956708 0.362677900242 -0.670456455734 
-9.24830690745 -4.0437115514 -3.86404825773 1.54798184226 3.57800746174 -0.0331837205098 -1.73822403283 1.71154998228 -0.537982833238 -0.601868632685 
-7.8625685576 -2.19094851356 -2.21066983003 0.129456676806 3.6212169591 -1.46907052667 -1.79212354209 0.366942741851 -1.5770013069 -0.55731286565 
-10.8064222677 -5.75570207789 -2.68426016584 2.02952363164 1.99747145331 0.30817857471 -2.86939106811 -1.68140573698 0.177813307774 -0.979260432807 
-9.42595976935 -2.75640287742 -1.66891708131 2.66510309702 -0.261172883853 0.00892255073644 -1.39699203077 -3.29094162891 -0.624955338674 0.157639780203 
-6.56275981444 -0.473767056618 -2.73189019106 2.60590304129 0.284115401716 -1.3321972887 -1.2096075623 -3.79673486748 -1.05050359684 0.885558172659 
-3.77766557757 6.04836087515 -2.61878695755 1.98077490597 0.901943367469 1.68060394016 -1.50538950483 -1.97458867769 -0.621921031619 -0.0982120514984 
-4.04332757463 8.56061191585 -6.36590667506 4.90498002995 1.18535234911 -0.0208159756528 -2.20377936698 -1.56216737907 -1.18673717725 0.768846299457 
-0.45819606498 5.7005391891 -5.04331912745 2.99592474631 2.68754268853 -2.01360541719 -2.65749563421 -1.91115365686 -2.94585902389 1.33880061546 
1.11118833555 1.46598228944 -3.66646890403 1.22333353561 2.08198454582 2.71982198267 -2.0987026523 -0.963845477207 -1.68898075393 0.266743398547 
5.69086326392 -1.1645546306 -0.148644273319 2.75838311046 6.29682005611 1.58958032087 0.118042157057 -1.57262957177 0.260016401464 2.07327335322 
3.28191479416 -4.62838263546 -3.50447264157 1.46387144236 5.27576195827 4.39291147509 0.739739123673 -0.18545021359 -0.615015076483 0.716565312392 
8.88637332153 -7.85574124041 -5.29116367042 0.888067199758 2.64953631515 4.0080531253 1.92943095336 -0.0361211744357 0.69168867151 1.03139869033 
12.4065402719 -10.6297644913 -4.66076555969 -0.612433027184 -0.848454412259 1.76103757697 0.877069262488 -1.53268003041 0.421530549279 -0.820872541731 
13.7244401727 -11.370882047 -5.15552068677 -2.7070433366 -2.60994135259 1.57420939578 -0.228490717549 -2.51700032781 -0.261958735295 -1.52888877491 
10.5974772114 -13.3586478252 -7.4072362826 -2.92925878386 -0.493681404878 3.33703113846 -0.449425888171 -1.06149254232 -1.89638192985 -0.467268007266 
10.590798697 -12.7062583165 -4.56182239895 -3.38223428494 -0.465985922897 2.37020089765 -2.02426123981 -1.57395928659 -1.58566367082 0.517761020485 
8.9778899836 -9.00744991167 -4.76023609124 -3.56524061139 1.32955921147 2.68346686882 -1.03765760885 -0.905486578181 -0.672314506792 0.641621422161 
5.95899380384 -6.59789141382 -6.17145465882 -2.61779639887 2.70538734193 5.21642018777 -0.627308717861 1.18316789073 -2.75727251146 -0.880304295442 
5.68666229243 -2.50897421691 -1.72707330185 -2.31388701698 5.15681600111 1.74861328779 -0.891487567433 -1.92476597872 -2.59135281637 1.20749569341 
0.454183886033 0.827824138765 -3.03755110593 -0.658608060721 3.72141288533 2.60223183066 -0.273828079666 -3.46209687808 -3.79125376346 -0.752687332538 
-1.49694411757 6.8136688701 -3.1543792951 2.39401361529 0.0137157787605 2.46342734955 -1.77505708736 -3.67248694527 -1.26669457663 -2.17801042241 
-2.33505508006 7.25464611918 -6.79205545087 -0.577051265081 -0.68845781802 3.00996698432 -1.19765688807 -2.14198901223 0.289397044994 -1.88904766239 
-4.47799767361 -2.95956596352 -4.20157066254 -2.07089427093 -0.8138379359 4.45841250394 -0.625980767394 -3.7973958809 3.85147346828 -0.505747886962 
-6.40319328623 -4.79260918809 -3.34669130861 -4.58917803147 -1.60348891243 6.88461741415 -1.06643041583 -4.81608481007 4.56360747966 -2.17987472656 
-8.90311442683 -6.75133333618 -10.7284555825 -2.64129522656 -0.759508155686 0.64473668302 -1.18210678515 -3.50943294339 3.87341074159 -1.18790211377 
-12.2489579514 -8.22987918594 -11.7829604793 -1.12685329689 1.9245519765 0.930486025907 0.562696792679 -3.8758897071 1.77263978457 -1.90627510053 
-7.40789629758 -5.61437084472 -7.67263385699 -2.17369205899 3.18868271181 0.176033959753 0.540339624944 -3.76661281858 2.63739316066 -3.064497331 
-7.18930029744 -4.12348727624 -6.19837498507 -1.05764460621 4.35088952388 0.185082304113 0.665326162857 -3.58745530847 2.9381821679 -3.86068632577 
-6.43903168692 -2.22418960248 -5.14740475109 -0.16294982096 4.95580706183 -2.6599833724 0.675690521758 -4.14077642676 3.27851093613 -3.58209002726 
-6.1120262854 -2.49675995121 -5.78498035833 0.285855295682 5.0350394092 -1.0539978997 -0.293762476233 -3.08514988329 3.04104500234 -3.10304375399 
-6.23176609659 -3.54349364033 -7.49959847827 0.282271135828 4.56696745595 1.81772084287 -0.932443200952 -0.542340819202 2.18966346167 -3.90112857802 
-7.25076616907 -3.78386947923 -7.82077797303 1.36317279589 4.41093748598 3.08629723861 -1.83712488584 -0.425223736675 2.69244753506 -3.88496151645 
-8.75702699473 -4.92305209886 -7.49823420802 -0.249503226987 3.54890318681 3.99357322602 -0.73853721492 -2.47452708236 3.85722065102 -4.47869104633 
-6.632051248 -5.76128235478 -7.01498166627 -0.730464689925 2.94806889858 1.21996447721 0.729320100686 -4.84334159473 1.35525599945 -4.00932882517 
