11.130100551 -0.363287285948 -5.52900812438 8.51725678134 -9.92075746009 2.98174446124 -2.18363345546 -2.36338771688 8.48803611492 1.07262892128 
19.4905947134 3.92877928761 -6.21719259778 10.1793926553 -9.12919718037 0.247109034476 -3.17759706571 -1.71477764498 8.86934811658 1.56238376236 
21.3974073805 4.55282349582 -5.57983003519 9.19602867599 -9.53647458339 -0.0794323416978 -2.69729018486 -3.13636572297 7.79880784411 1.85601920449 
20.6067289873 5.2392710212 -5.76708375775 9.09324267526 -12.1412642717 -0.725690902708 -2.97706118832 -3.60597145004 5.55500907991 2.34963410833 
27.1388546217 10.2333798255 -6.93413442506 8.57467409226 -8.87304978035 -4.67719442621 -2.34922754813 -3.73914522223 5.49439374164 4.06790132289 
31.7117869239 11.4170045933 -7.88461363012 7.94865277816 -9.10329063816 -5.36329613776 -3.49239189703 -3.13786942815 4.63789607422 5.12643610467 
34.9045996973 12.3018209613 -7.82596051937 7.29553645503 -6.556911742 -4.26198108845 -3.26925506849 -1.48214679701 2.04854583074 3.98083958213 
29.9067409073 7.84138795858 -5.11435241756 7.4017902875 -9.59918432768 -2.15294923089 -4.01098026832 -1.81770814239 1.2170754401 3.00835682 
26.7815446802 5.73449159214 -4.45055332936 7.84588312405 -6.92964212047 -0.378314172474 -4.57100907885 -0.704731243914 1.63655685706 2.29813951682 
25.3259904251 5.73963525781 -3.77519184632 7.41969847761 -7.12924422564 0.492305962006 -1.68552096274 -1.61410266295 0.310526113196 2.01583667438 
25.9833361005 6.16373449505 -3.69398227696 5.41626887387 -5.17546591232 0.315543985869 -2.23192413226 -1.25199997004 -0.876206045638 1.13322092521 
15.4411997387 2.02976268064 -1.22278986541 3.68483665392 -10.2488154142 3.76403496091 0.182023896395 -2.2490605757 -0.543603074988 1.0190414766 
18.2926426474 -0.838474299256 -0.419320768385 1.64245825882 -5.38484663647 3.1433288016 -0.831573141847 -0.25045277308 -1.68490238552 1.81800728993 
10.6099820244 -8.93296054633 0.236582973289 1.16171251808 -6.07813158528 7.74471631388 -1.38284699577 0.0345568439087 -1.11095336149 0.425741517728 
4.10016664557 -9.57184339676 1.04450755937 -0.265262978825 -4.33943812474 5.77154381163 0.335737812117 -0.551467883286 -1.64468186672 1.90913159511 
2.3142006438 -11.951865602 0.65801222535 0.374576661784 -2.21637173581 5.14984719588 0.791927624364 -0.469412052819 -6.45363217732 4.70705811937 
1.39677582431 -8.91418035739 -0.765680944275 2.18407881179 -1.75088192749 -0.326203655379 1.55880786985 1.68744643385 -5.84081233659 5.24641957603 
-1.98287055579 -8.19785358828 -1.70875547727 2.94916565804 -1.47462727785 -1.51405233843 2.52450879489 -0.223816125618 -6.56547330834 4.66103477639 
-4.24524120365 -8.17443021542 -1.68340532667 3.273589916 -1.89463353071 -1.29827028971 2.50495870411 -3.56982051261 -4.03869803053 3.4251054761 
-5.04633806654 -7.93668609518 -0.464344265758 1.00174940056 -1.6918097473 -2.34085202558 4.45471537157 -3.35437174407 -3.5572600618 3.3678306159 
-6.8639022062 -5.55150961877 0.260762364631 3.3677158112 -1.03797304321 -4.40817423008 3.58599447743 -1.73754791825 -3.05823820387 3.86984144279 
-7.97409837715 -4.62021333011 -0.890767710881 1.39486710342 0.0167695953463 -4.36945667585 2.48547918233 -1.49847350627 -1.75289135569 3.31432514617 
-8.61181637812 -3.68456586726 -0.954958964067 0.718191741287 0.225243291259 -3.72967048337 2.50099545457 -1.95251140811 -1.38176426737 2.51572737034 
-11.1120768039 -1.95627758708 -1.99626119169 3.21593552591 -0.411401989903 -2.8319391209 4.08547081245 -2.05131921803 -0.559750282471 0.984748586282 
-11.7273255173 0.332053268902 -4.18294189964 3.84848045578 0.732913320218 -2.53895571403 4.72252113211 -0.712742451577 -1.97681044097 1.97541750678 
-12.6672961229 1.49308877782 -4.47989118432 3.37907303934 -0.125354794992 -2.6848671156 5.46180747219 -0.377106704919 -2.87139137932 1.46420737378 
-12.5557522705 1.98790502608 -0.595542643568 5.70647620535 1.42740097383 -2.84615391545 5.17092050325 0.220940497732 -1.88898098729 -0.163126849644 
-12.9323082444 1.786013476 -0.501845328561 5.05989457904 0.469426344993 -3.52342894504 5.3342280313 0.911797540927 -1.37140492381 0.349641988974 
-12.8737346391 3.40535250417 -0.177453704444 3.88459764492 0.553714534476 -1.64314575439 4.88609214025 0.413239244917 -0.897415571127 -0.0456956288707 
-12.0119916926 3.27756650833 1.25968440652 5.08300304254 1.03306731749 -0.54500481952 3.34189967948 -0.0649760942576 -2.13004827487 -0.466616382336 
-11.6945961917 2.46041010277 1.37250618498 5.50181472498 0.542171803987 0.256424236153 1.59396627361 0.584907737 -0.567678347116 -1.22137051962 
-12.6132453752 2.98207667575 2.27639613371 5.02418105655 -0.690815692348 0.0943013234003 1.25632157971 1.77312070163 -0.0709212282598 -2.07253136352 
-12.7387026645 4.1218661707 1.72139737575 3.45801497725 -1.32373522926 0.798984745269 1.17651476471 1.27811307549 -2.13445725659 -3.09969675251 
-11.8597984019 5.09861299204 2.48307122252 4.45625416553 -2.07531686047 1.16136847735 2.60315305445 2.1206089907 -2.58829101905 -3.58367633424 
-12.3316016358 5.30843531848 2.91632311434 4.89964804726 -1.02640266914 2.2365997596 1.8834478779 1.65119256933 -1.56286335519 -3.31449655665 
-13.1189995307 6.13129843583 2.60269368906 4.41745009751 0.424666629544 2.65435627595 1.23069868225 1.81869046092 -2.08132416898 -2.30076719409 
-12.1734663712 4.63309678897 3.35612395878 4.45988253195 1.20737372507 2.88114785432 0.980092259207 1.14091224435 -1.61240154236 -0.559205727222 
-11.534381416 5.28033325428 2.2076386261 3.45359728278 -1.13372488483 4.11332734088 2.12720917689 0.809081614917 -2.14934275915 -2.13618822667 
-12.4786557864 5.19596507838 1.70569712719 5.37245574788 -0.309515607237 3.63826944375 1.54332667943 1.33097446781 -0.149591342882 -1.41864426951 
-12.0591919209 5.80947510396 0.27374153732 2.78014259369 -1.48755730837 4.34693936991 2.76999599511 1.05219286796 -1.55893401271 -2.45607997795 
-12.0466910649 6.26473309982 -2.1251383585 0.254972755989 -0.329103820266 3.08602386569 4.654871107 0.975573583414 0.205369297362 -2.21924313581 
-11.7405506769 7.53703572143 -2.84720029995 -1.65783965832 -2.06568379838 2.25216826737 3.5536395014 1.29908907068 0.19964397273 -4.25074592122 
-11.2460551478 6.24056404383 -4.93538483191 -2.21790130716 -3.13362520636 2.61212305102 4.87043633018 0.0818320007022 -0.233591534746 -4.3201725721 
-12.2826998668 6.30093611314 -8.88358341104 -5.41700716066 -4.54328661877 2.01821564134 5.33062366363 0.0360385156541 -0.0339144382107 -2.72523022133 
-11.0644473126 5.71589350101 -8.05797695496 -4.70739481503 -3.29560740212 1.4565424426 4.59345472142 0.24313681166 0.987770470784 -2.47740292819 
-10.5379901594 3.05344982035 -9.76116976525 -4.41338916934 -2.56455871854 1.18701975235 4.81178379489 0.534334755624 2.4313742411 -1.06349916876 
-11.4017585744 2.5677510677 -10.4423272664 -3.25918500488 -2.3045785793 1.25518587345 3.79737969905 1.59103259024 1.61034168102 -1.16654065077 
-10.1036016008 0.352418909073 -10.6517559503 -0.552481881141 -1.35180144256 -0.350605686808 2.04045208189 4.19664478342 3.49722554754 0.167167034868 
-8.86228561895 -1.64864882643 -9.60145170063 0.239628729455 -1.14650340995 -0.473377831689 3.38260934607 4.93030452962 3.25039702891 1.18824838841 
-7.21157319545 -4.75204512959 -8.92296396586 -0.764814500595 -0.691729457197 0.870019448789 3.52262081871 5.46532843379 1.01433131823 2.47122328886 
-7.34292971886 -7.56918349465 -6.51278853606 0.660431520954 -1.58105423013 -1.24119247676 4.58565963687 4.81325069006 2.662597249 2.63158489323 
-3.69742120672 -7.99438298014 -6.21121199556 0.512242777539 -0.272584459659 2.76648048448 3.87733222432 5.10810180063 0.144295218749 4.28457939863 
-3.30880256726 -7.55033365595 -6.96788331248 1.59769220901 -1.03855367029 1.45445312931 4.69140985595 4.61811189246 1.51269672999 3.77030947042 
-2.63355886764 -7.03403571296 -6.51116078189 2.24754583903 -0.494834430184 0.948179712367 4.57857146352 3.94570953946 2.89687633494 4.77903519061 
0.745576667548 -6.86230634293 -4.68966885028 1.47080659143 -0.709550273083 3.44069940356 3.47735948623 4.18721166763 2.96813598157 1.84996856457 
5.20870098302 -8.50086494707 -6.13250273184 1.0783407002 2.4705423515 6.71556854083 2.98383482725 0.830711020952 3.95617712881 0.335185783255 
5.26633449793 -6.85654795869 -5.82791242364 3.03597972888 -0.518218709113 6.20651284935 1.65625212221 1.06650502552 4.38521620169 -0.562943845801 
13.8103449383 -5.36103650913 -4.48727430548 2.87553767582 1.00831442233 6.30092266786 0.707612469799 1.95815269467 3.43742779346 -0.523227492624 
12.1452217977 -3.80269821106 -3.41144913326 2.74529984738 -0.627421667744 6.06543585005 2.05191380482 -1.06416289177 4.25117465958 -0.835138685303 
15.6347818961 -0.420229395304 -4.8945433383 3.41772326635 -1.6623924559 4.59830984258 0.577696547153 -0.458027550753 3.64575451746 -1.92451542765 
16.072787639 -2.21670052089 -1.53881401731 3.66177431839 -0.539928034381 5.76224145501 -0.250271241856 -3.66855284443 2.76246967028 -2.99909705709 
17.7885943587 -1.39868643372 -1.37802991797 3.39626181686 -0.796942683805 6.10630620175 -0.211186192684 -3.11906217525 1.78438718789 -2.62544538412 
16.3651240602 -0.914982607216 -1.10693406309 3.57144117362 -1.50766802275 5.44283485229 -0.527104578527 -4.12140431623 2.14216877612 -2.74188465471 
18.1273132195 -1.72573568691 -0.38173856543 2.90917841956 -1.29321865831 5.85056377211 -0.565889966718 -5.33900968214 1.08595644653 -1.81819103653 
19.18074831 -0.633278165832 -0.830579440589 2.77829988223 0.0379578726211 6.40400575741 -2.63481643019 -4.69779922378 -0.142029296281 -1.84746385094 
19.8581641016 -0.668234682491 -2.10980120622 2.99888448035 -2.43732762579 6.54994227804 -1.84752796006 -2.67839148539 0.120067108354 -1.39845590119 
22.4292494471 -0.530512725731 -2.28192855609 1.50513014129 1.32447996728 5.77055697659 -0.86816293318 -1.33683867003 -1.01238971372 -0.637381122589 
20.53949214 -1.66526017101 -1.28192013269 0.557288671415 3.08929691103 5.57286294141 -0.649508216439 -0.777870638011 -0.655693898944 -0.834797303857 
13.9038420414 -6.23795953402 -1.43269539648 2.58010454888 0.893575426796 6.69199750636 -3.11337325907 -0.841641686097 -1.42731907063 -0.924409063558 
10.0404528532 -6.92629031571 -1.35131639055 -0.627945011279 0.61800587159 5.69947951545 0.757682312358 -1.85973427901 -1.56996366124 2.37698343583 
3.25984062705 -9.17708525266 0.742948676687 -0.0669950767117 0.532890634265 3.70930311693 0.787058080028 -2.11472597281 -2.14615725183 3.37311961164 
2.41298727176 -10.726781655 -0.757126043042 -0.835294149719 2.02233054191 3.9672992179 0.826514208407 -2.20892154995 -5.59033874955 2.9120852972 
3.61895028972 -12.4808609974 -3.13245306118 0.287210407621 3.57310304472 5.39406945717 -0.961670117534 -1.56767874517 -6.01184543078 2.60970135035 
7.02724174632 -9.47484492534 -4.62781165187 1.31761968299 4.66661288181 2.19492731108 -1.31546257595 3.47969235353 -7.67057395988 1.93442230117 
4.17870219233 -10.9317467922 -4.50379865821 2.24890493552 1.79133156215 2.6298517118 1.36561910396 1.2895714932 -6.20062140498 1.13872329536 
-0.427871770886 -9.26940818524 -5.96164179794 3.45761256475 0.599758319642 -2.5783533129 2.8465541731 1.23216109534 -6.32643087841 1.10832082278 
-2.95045516541 -6.61636647603 -4.52169327181 5.77141552769 1.09917259993 -5.93002230824 1.76732335392 5.20326096965 -5.64652397681 1.03933702339 
-6.59335701158 -5.0665433464 -5.07814438136 5.25232118798 0.433765586149 -4.89393192328 3.19833145186 3.28184588675 -3.23667334421 -0.332285501277 
-8.65129965756 -2.48266922063 -5.44532210663 5.4662498602 -0.990590795605 -4.33527786889 3.15369821443 1.82581407059 -3.15236190569 -0.650989493404 
-8.66787866112 -2.28221043838 -6.18735393899 5.01297338203 -1.53289091588 -4.08065426271 3.04922881177 0.949987274426 -3.46690448097 -1.48094467 
-9.57308090954 1.09143355399 -7.10333944213 3.50261775255 -2.49985145098 -2.14976827832 2.83488777582 0.607186241469 -2.84415173304 -3.46517422725 
-10.0046708387 3.33312706026 -4.36109025891 2.23007533641 -3.0637609714 -1.28027910137 4.82813046661 -0.331042246652 -2.59588143978 -4.92568243321 
-9.80999343195 5.03949531837 -3.78516162007 1.16394012137 -2.43930111549 0.685115882018 4.49242130701 -1.66426350911 -3.9536719942 -5.40522879921 
-11.1274356753 4.84554412273 -1.96463697975 0.756980702423 -2.61411646308 0.805633722102 4.07422651447 -1.45585105374 -3.98471361028 -5.15087353853 
-12.0681965062 4.84541527049 0.172763552687 1.32216546172 -1.22503937812 0.497443149949 1.90953924739 -0.834699393731 -3.42187567824 -3.89412672012 
-11.8672443657 5.50752194852 1.36659170368 1.24063540883 -2.00047846346 -0.47576932261 1.08751106817 -0.0235141463488 -3.96995331595 -2.26031275762 
-12.5403912494 5.51557438408 1.47778480496 0.581355497097 -2.14953553031 0.224523627461 1.82940131872 0.178495359999 -3.10276935386 -2.56190346624 
-13.5000056572 6.6419629599 2.55117415016 0.844830838111 -1.59306162938 0.788666514203 0.424668600362 -0.149368081657 -2.40559627128 -3.80363033208 
-12.8072545352 5.71493946843 3.05461646028 3.27846469564 -2.14077997753 1.05364395592 0.983212974762 1.19907325958 -0.573154398419 -4.03823000469 
-12.7176752547 6.13285946607 3.37091140862 3.131862517 -2.35680563272 2.41371374057 1.39023765159 0.875766754012 0.15944560705 -3.05297880332 
-12.6906220926 5.4862986056 4.1335190013 4.38061417369 -1.37300277597 2.74042749419 1.10794892142 0.43955726472 0.539159446609 -2.55492220643 
-12.6943902203 5.10221635318 4.23883843557 4.18778801769 -0.914006304956 2.84683937113 0.831242646059 1.1802047264 0.859267151409 -1.72484861423 
-12.5820522836 5.6467738936 3.9272459237 3.5951845052 -1.11131693573 2.49286012916 0.374089193006 1.38548568188 0.526513011746 -2.16506581599 
-13.0093064122 5.44266904548 2.87352417467 3.92029475049 -1.26725282662 3.02035474449 0.825514635591 1.17766283714 0.229932177049 -2.05362881936 
-12.8627198611 6.45649948731 2.64382544555 2.87529844951 -2.10941996561 2.94907020086 0.882822539114 1.6702442839 0.341465739754 -1.28302915991 
-12.5088547971 5.999237566 2.10466276677 2.72268097267 -1.75968397301 2.67388930818 1.46304716743 0.815582610293 -0.136318967456 -0.481445740817 
-12.5287929535 5.25319406895 2.04620019366 3.3953088813 -0.240375728245 1.33052078674 1.32364910563 0.589902643758 -0.633720288686 0.898618991104 
-12.3526510974 5.25419104314 0.585080319162 2.39304306646 -0.397541113093 1.78298841555 1.89741642438 0.258061883577 -0.976232692785 -0.582483872635 
-12.2308932582 5.64980077256 -2.26637254402 -0.600356140243 -0.432892749666 3.51995973167 3.13830616493 -2.53596332441 -1.53596979586 -2.75379514992 
-11.6693711356 5.31179352553 -3.88047250246 -1.90402864081 -1.1328721419 3.57122956827 3.45627737989 -1.6755757782 -1.45164953258 -2.63108180576 
-11.7498066721 3.68252914748 -2.94447961308 -0.31401378027 -0.219363041686 0.25249986844 2.5403625323 0.552026453967 0.319427082414 -0.605647442468 
-11.5426385571 4.14784043213 -4.41536622234 -2.62778089645 -0.425289957201 0.187715929384 2.30758079299 0.337224544514 0.337072608468 -0.0313325394048 
-11.7040378807 2.1658588746 -6.26569698516 -0.223465629335 0.409206455112 -0.008426201455 2.66285521102 1.00830696564 0.855159700865 -0.475586514243 
-11.9127103109 2.48063118978 -7.04322293579 -0.659685346694 1.51345294507 1.86500141711 2.89128607778 -0.684349857834 0.513789422176 -0.304273864786 
-10.8405575298 -1.05493020242 -6.55727283903 2.28588766786 1.00519960617 0.340480099157 1.75813351104 0.18621101314 2.19868341767 -0.698817465072 
-9.41177189971 -3.78946779896 -6.01248734096 3.86322705442 2.69536141388 -1.75298144039 1.34334492924 2.62321057088 2.01412283492 -0.0992204443677 
-8.03211350123 -6.22564926229 -5.2542631874 2.07627631866 2.94958463067 -4.48849537559 1.80913257557 5.2716404567 3.00120092517 -0.11282373707 
-6.22381037236 -7.86606797918 -5.88751410579 1.68098076498 2.90213703004 -3.62038397897 1.83261096969 4.85482902892 2.30484167628 0.108546900632 
-7.52632336749 -8.8162865143 -5.5059284008 3.26691134194 0.456354821102 -2.53105746079 0.693429879435 3.58548925716 2.05378908254 0.403889922737 
-5.47790673866 -8.63316085036 -4.02506152297 2.1323757572 1.73503877493 0.37395207824 0.411465407834 2.48711648179 2.41698986309 -0.393424325794 
-3.33558495024 -8.54366866839 -6.6883893652 0.309050832065 3.38547204673 3.12361244185 1.31183904759 2.06036739741 3.46394662128 1.00510101893 
3.42132624399 -7.21456215218 -6.65397758104 -1.56406468383 5.07910261538 4.75420293408 1.33108266032 0.616617126621 3.79772493547 -0.776446705117 
6.85433516942 -6.65392760046 -7.4549898148 -2.30908171697 8.27035744999 4.64559377814 -0.0394929981338 2.34551552355 2.32749766909 -0.874761850593 
14.057934363 -2.69009663795 -8.36619667384 -2.02260389544 10.230457029 3.48390260479 -1.24066248503 3.26090614135 3.19565068596 -0.537799355402 
13.3665255184 -3.79670492307 -7.80391705139 -2.21978424462 9.47921590035 3.9715754926 -1.07833852561 2.78191590053 2.93186157577 -1.42175614157 
20.4006746065 -0.70248618682 -8.42870294631 -3.1318855491 13.1930962963 3.69614333306 -1.01211658172 2.54275605138 2.79394891922 -1.20805499327 
24.0675744344 0.252883476908 -7.07579015693 -4.89714454943 13.4131721235 3.70489237653 -1.04992327509 2.65219212443 2.02148730522 -1.57210640541 
29.0251204058 4.65555476478 -8.22536586665 -5.19612482782 13.8558392691 1.33669793021 -1.33176138194 2.05008898227 0.62291611187 -0.424159150972 
31.5605032184 4.27938303089 -7.65100064594 -3.8592575278 11.4413736774 2.0194078132 -1.23797926634 1.05887861165 -0.363457476249 -0.464367582273 
26.8737701146 3.27957601849 -6.19367971908 -2.06333432619 9.92715970651 1.66438133106 -0.237051343035 -1.7014861585 1.67263537496 -0.801800525889 
25.9119169357 2.90810680637 -6.52656375278 -1.99415678824 11.4230735394 3.60974327025 0.141109220172 -2.68597958215 1.68567053401 -1.20510037179 
24.2521818005 2.30752348197 -4.13625293443 -1.2766849247 9.81629644648 3.16840398496 -0.542885415931 -2.74217627823 1.73873250863 -0.917760150285 
28.696977717 4.34640307614 -5.48080390303 -1.92721982466 9.69463406933 2.16919328326 -2.19866093569 -1.19788017212 1.15176177775 -0.821860979511 
29.8678204214 3.22189520705 -6.11505350299 -1.13163130049 10.6541198228 2.48210892452 -2.36042528608 0.327921507981 0.0611205587458 0.265969294452 
24.6450956576 2.97903413297 -4.1078317419 0.223971277895 7.93708831931 0.552186058488 -2.33231039804 1.05613630658 0.200035308623 1.08849759563 
18.0734151186 -1.0871501191 -1.59062225492 -1.14381596748 4.21109799065 -0.00861331814981 -2.33054742476 1.51446491881 -1.86192237587 0.605046778017 
8.98817460465 -5.045978871 1.44023229517 -2.82111463208 -0.357605921149 1.03193359665 -2.77722725963 0.440462802107 -1.8303695638 0.0721063693006 
5.18063127162 -7.31738599463 2.21135193505 -0.455561089121 -3.35833249972 -0.00777597230251 0.76807571456 1.91303371114 -2.35762439802 1.187629966 
10.4520344725 -8.00597277804 -0.615961550351 2.96575541191 -2.75832364209 -0.373823423485 -2.52805457957 4.43390033376 -4.17627973038 1.32342188212 
4.457952537 -11.1983140611 0.203733797811 4.18364267676 -1.7239459759 -1.41104953145 -3.71989786681 3.9293815697 -4.90767383831 1.94742055987 
1.50866913943 -11.770029035 -1.1000866261 3.17034735302 0.551872036285 1.70841381832 -3.38019580633 1.20505871308 -3.0046297783 1.81301281538 
0.0181950116059 -10.5845388949 -2.154810139 2.76911656993 2.62863635764 -0.203245020085 0.0122202824246 -0.599053095446 -2.12566932502 0.14963908343 
-5.0532537618 -8.5718840219 -0.0681450374422 4.06820050404 0.476337969261 -3.78529831404 1.20790872571 -1.2507908029 -2.02885204897 -0.301329132476 
-2.6660561646 -7.33002033416 -0.913554678565 2.44553902617 2.25446166858 -4.8270453075 0.177624485627 -0.878038540132 -3.02792883318 -2.10714282022 
-6.74137674668 -4.51641893492 -2.53285475849 3.28381861276 1.73297691965 -4.47200834241 1.14890462624 -3.29437910233 -2.25227223218 -3.34849437708 
-9.80836102095 -2.73776139296 -3.01480216346 4.33729054751 1.52510821283 -3.29117411831 2.03223291813 -4.1260484505 -1.21174182174 -3.30748719129 
-11.3557322599 -0.0800661542776 -3.36618073842 4.03265075919 -0.258309934566 -2.99009819195 1.64989350875 -2.55014762167 0.379045430538 -3.49289428159 
-12.8409138835 1.50728237034 -2.38177509208 3.8593884702 -0.456104253228 -2.93880327132 2.34242324496 -1.19038095256 -0.628353549184 -3.19483294326 
-11.2890330462 1.66911056472 -1.11961300031 3.618885667 0.854274136876 -1.6494891819 2.74613447128 -2.37565358351 -2.1287968684 -2.68304771384 
-13.6933246348 4.225403988 1.21474180856 1.56513987941 0.720069190594 -0.840505248586 1.71984521586 -1.41873323752 -1.10512987674 -2.95885549631 
-12.8422503633 3.13005286597 0.40533533918 1.45800006819 1.93932806439 -1.3249918506 0.340328490776 -2.10236785855 -0.449192522108 -2.75204849729 
-12.2159513783 2.27414497733 1.86377231594 3.84485158879 0.741878004159 -0.529377826369 -0.510478347767 -1.82072571831 -0.0604694864591 -3.07896544066 
-12.6745120742 2.34171927705 2.94283005575 4.28354230686 1.68730802319 -0.328540221115 -1.49981392423 0.237813640935 0.394518126903 -0.862281603726 
-13.8628709609 2.5296731336 2.35077745896 2.33117086112 0.996008631664 -2.41747276788 -2.04482913557 2.0252612235 1.77127476796 -0.967542348286 
-13.0251514863 3.42879193403 3.23409030452 2.31710903775 0.581754955347 -1.29588766067 -1.48771361891 1.95154268073 0.0744531055758 -1.86329208355 
-12.948670746 5.28098448279 3.3133309755 0.956169453525 0.0149415489108 -1.90421244103 -1.53928443695 1.89887232642 -0.136797346563 -1.13063566653 
-12.4501136154 6.11396065554 0.505607034439 -0.372911511396 -0.970765506695 -1.08162204879 -0.555202564866 3.39198676278 -1.90780035041 -0.213631932198 
-12.6757594176 6.16430803436 1.62763311265 1.16037065126 -0.896336067353 -1.73808317036 -1.24783895699 5.27279061088 -1.01879496079 -0.181023030312 
-12.9865676948 7.30848199792 0.446428064031 0.67415960043 -0.675136712662 -0.564497808883 -1.0399443873 5.46024008979 -1.51296292325 -0.597188582979 
-13.1681384966 7.2846227809 -0.156120307784 -0.48803312101 -0.494840335831 0.397111825452 -0.866041127466 5.52716576369 -1.40858079802 -0.385514286345 
-12.1715671454 6.51751392276 0.621876805013 0.116989932905 -0.417142545163 0.899277697292 -0.243794164754 4.49287376397 -1.07995245113 0.452832302298 
-11.5873053475 6.43207306352 1.06981467996 -0.189795616756 -0.428432881861 1.37606210326 0.0500319031735 4.4524494214 -0.751740959915 1.72744086909 
-12.0601789402 6.84361148227 0.0231657693026 -2.26246032178 -1.22576534649 2.17503749596 0.101166283919 1.63739765895 -0.570965981598 1.14230330958 
-12.7466560441 7.54038624495 -3.67255918544 -4.18961666961 -1.87721302889 1.65178357199 0.231809164307 3.13329120603 0.0149752703441 1.16898355971 
-11.5839932848 7.4037673737 -3.2552959144 -5.02273428077 -1.65406628041 3.6139807487 -0.175820319879 0.540241065983 -0.646889004156 0.944950450587 
-12.1766429171 8.10752315064 -3.3210308219 -6.0135251954 -1.85872917682 5.7135737505 -0.462862594717 -2.62631205312 -2.46766033237 -0.107733778757 
-11.8402332441 5.66154057429 -1.89227514753 -4.71804749623 -0.15462188994 4.10383330067 -2.04924329413 -2.48289877699 -0.0431256189462 0.817740413269 
-12.4470478055 8.83397658638 -3.58850851732 -7.6015971989 -2.94123135085 4.25716632654 -1.07431705861 -5.15813619666 -1.79442385851 1.21332929746 
-12.5506182813 10.0726263862 -2.93144418781 -11.0338737877 -2.87164671088 3.62220525162 -2.40136209077 -6.21979601415 -2.96662065845 2.59008154634 
-12.3084896947 9.91638696081 -4.02485730405 -12.2467245317 -2.05447663973 1.78033758076 -2.48667590592 -4.53972289695 -2.39433870454 2.1096893977 
-13.5487954566 8.08050886592 -4.69601898298 -12.0293014177 -3.48049664984 -1.52868931117 -3.85014643472 -1.73287031812 -0.0993434256242 0.170672451253 
-13.1180934977 9.80508357486 -3.77715201894 -14.0253465748 -4.99837519901 -3.26219175496 -3.44167367717 -0.940244105674 -0.175319987654 0.607298780795 
-12.801118017 5.13956954332 -5.3736056516 -10.9784693293 -2.95804516723 -2.37570737539 -0.29280677933 -1.23947972369 0.553624607928 1.51686157706 
-9.42795533499 -1.0611022994 -1.21135953467 -7.64907318777 -0.418192456852 -7.09491263354 -0.800518659162 1.24477910612 2.589484734 1.01704555435 
-8.75433011295 -2.42605330607 -1.38331356484 -6.85831081556 -1.04861421679 -9.6768194538 -2.43122387612 1.68358426357 4.45020118604 -0.074689357621 
-6.63808210238 -3.34943278092 -0.30274897125 -8.45687348047 -2.86052332821 -9.69190239478 -2.03434884355 2.0837397485 5.78804054629 -0.909448909788 
-5.35609611625 -4.76607878376 0.143613973013 -9.47947499326 -3.04940037471 -7.00093648242 0.997850161357 3.20137648091 7.46806227799 0.731517131521 
1.54705193407 -10.611698358 5.0692225204 -13.3329287496 -2.43865510208 1.15972143869 7.39564866978 -0.414248341077 6.10473065544 1.73848352641 
7.37636097324 -7.6445377684 7.65655544096 -10.8187432725 -4.58888674421 2.57220484652 6.34325080257 0.104984833545 6.54334231287 2.38002919207 
11.209168363 -6.0304985375 6.66445390488 -9.29929245561 -4.82106829797 -0.357249286662 6.52866751605 2.17759240488 4.90346286073 1.3759040675 
18.7537888163 -4.19862382558 7.73595252533 -8.27282076843 -2.81444558025 -2.31880813773 6.03791650493 3.37024040573 2.57845786487 1.98250133906 
25.9908458221 0.477565581946 6.21345604057 -5.8469180099 -1.53955164791 -4.99758361541 5.33038912175 3.94239937217 1.16290377593 3.82539792397 
26.2639967741 3.28979400974 3.49865942943 -0.699855672705 -0.651601437658 -7.56198850441 2.47587625118 4.03951138789 0.936880285483 2.69581665874 
35.8508503365 7.67255122666 0.904046780281 -1.9649659266 1.50325628149 -6.55820177168 3.84178573003 1.09768175217 1.48882459689 2.63263281719 
33.8986423182 7.65389047309 1.4962675665 -0.635747277232 0.438908396819 -4.77915609681 3.93072253058 -1.54807482561 -0.502549810838 0.912071143456 
35.2783667515 10.5584928262 2.14582378287 0.561529106547 2.35502622344 -4.39634547679 3.07103952418 -2.59237484076 -2.71698491729 2.37485403236 
31.7921073869 8.79609578428 3.18650656211 -0.219956360007 -0.541153926812 -2.20130611594 4.28495630944 -2.23420923719 -2.58182897539 2.40212129467 
35.4376522955 10.1694516833 2.68175829677 -0.932616167754 -0.744624520585 -1.17270731079 3.98923451587 -2.42294092302 -1.86459974093 1.60991424384 
31.1476930154 7.11311121353 4.19409289351 0.782312024817 -2.28775059745 1.16483731118 2.74677893739 -1.76353675746 -2.1878564573 1.91235019298 
34.7920752603 8.75497347256 2.07444387758 2.68375376188 -1.39429505486 -0.781289227954 2.47682538639 -0.671312422705 -1.42776959255 3.58704758287 
31.7952565276 4.42779980463 4.58564282488 -0.390410641339 -1.02734365617 2.05048018468 3.58185344893 -2.0904599899 -0.0484226997872 1.78368699221 
32.122901808 5.03710348866 5.47178024947 -3.88842188299 0.18961509348 -0.703794028659 3.57666720911 -0.0879946655722 -0.817086636404 2.77240775366 
14.83058372 -8.26907211619 9.69107255842 -6.42723026073 -2.63958284775 4.84623637814 3.85999870586 2.34379259867 -1.81363295223 1.1149003543 
15.0437371995 -4.84992100425 9.47569127876 -6.77924444078 -5.13769703058 4.6013111266 4.89540850732 -0.445673902345 -0.359895099543 3.36177710987 
5.54770849634 -8.72142592743 7.89339962552 -5.04174612439 -4.62819893724 4.95471711415 7.02770332894 -2.34047341388 2.89118549957 0.728334818909 
4.32457151031 -8.93445425482 6.99616684902 -6.6999609353 -3.24203821134 2.45786969813 6.49806116141 -1.57454932312 3.69032159354 2.03727658927 
0.166386090097 -9.59622113397 6.02148691238 -3.77105571494 -0.615796463017 1.26141825465 5.28218369296 -3.53158395257 3.32363871293 0.958209206021 
-2.21525380964 -10.1322827971 7.55323811703 -2.75631864785 1.48871734401 0.714297920564 5.75828737135 -4.45613735086 4.52341460657 0.0633568192382 
-6.37542804172 -8.84553670927 5.98402714748 -0.463186281694 1.48661525146 -3.83427162053 4.27853778343 -4.01705330604 5.56947095157 -1.11003346645 
-6.67682867372 -6.51226012023 5.72702962689 -2.03757018831 2.76356677313 -6.14730814893 1.94926443784 -1.76566031506 4.61439433723 -1.10412101086 
-7.30132358502 -5.73337288014 5.01296909397 -1.96225506174 3.98534578572 -6.92285883325 1.06538756095 -0.935530828393 5.4749013053 -0.606426094225 
-9.27593691394 -3.62534006045 2.73271390866 -3.7702710166 1.76854523799 -6.02472165328 1.86273678741 -1.1547998143 4.15184536754 -2.01105981347 
-10.4645169275 -0.0377867314992 4.01719111831 -2.28356085534 0.498808419547 -2.06395090023 2.49974371889 -5.29789738495 1.79052049177 -2.49393373091 
-11.4392669159 3.03778870446 2.69354984448 -0.964999901539 -1.93505345576 -1.59732456811 0.580716657525 -2.0110484835 2.68682128745 -3.52600368141 
-11.1878469479 3.96853964702 0.335947868511 -3.8229640673 -1.93659110258 -1.97589349756 0.059802175369 0.614195622198 2.90333310809 -3.53107837797 
-11.9735253321 5.54464011239 1.0287908001 -4.8674322377 -1.77482992534 -1.02324267113 0.186120923759 0.753694411292 2.71265772906 -4.15700174231 
-11.7491376083 4.90476949282 3.46437164674 -1.81308802766 -0.345668489876 0.79448033068 0.888545889449 -1.06494590868 1.71743551329 -4.3449337769 
-12.6600472697 5.3502792998 3.24512468166 -2.71213729579 -1.4104774262 0.143486298953 1.24420558622 0.0447691765892 3.10515782727 -5.11327680655 
-11.5381341423 4.98578969456 4.96631105944 -1.50828110782 -0.122151253505 1.7335462096 0.392775184238 -0.609931668905 1.84155329544 -3.67465997652 
-12.0711841153 5.02609977608 4.47186184342 -1.62145829607 2.28188876601 2.70097131223 -1.40014648272 1.24718875293 1.93880859117 -1.32009104014 
-12.0859354599 5.43372056775 4.95984150184 -0.715884807267 2.19117505625 3.04351125997 -2.47558728728 2.26512536018 2.35647383189 0.0807883747145 
-11.5596911661 4.21010281744 6.95551857161 1.18239507711 2.11596603878 3.06084258475 -2.56531024477 1.70851136297 2.58510367806 1.30505805272 
-11.8194687117 4.37045732226 7.01351605391 0.468589135053 1.21858271528 3.72521181888 -2.88587213709 2.02871559777 2.97932545937 1.64730416075 
-11.4746621732 3.57470236596 8.06156136232 2.04426776763 1.77942170113 3.89109369645 -2.78821062611 1.62386469951 2.87286509157 2.3912663863 
-11.7434777737 3.69531956932 8.18203977591 2.62815247423 2.83869077893 3.99713120923 -2.19290552611 1.39890313382 3.02204494163 3.0759302327 
-11.3584305644 3.5524968394 7.5237117002 1.61749066217 2.33353199295 3.86219739268 -2.50598027386 0.848228029411 3.24076029113 3.5831001113 
-11.9525666212 4.13835080678 6.34737727131 1.1892296467 2.31268662096 3.27880317022 -2.49383941016 1.81505549703 2.86040436288 3.56313374687 
-12.169384425 4.13017504359 5.39224253735 1.16816458691 2.10129921134 3.83725239991 -1.92069663003 2.00352452888 2.21985083089 3.79039717921 
-11.8510688127 4.36350573564 4.25002599239 0.288062145226 1.0378378698 3.20591116173 -2.76778986386 1.19592012314 1.44961388629 2.39258670511 
-11.4504799966 3.54504343938 2.99755931708 -0.0218855813817 1.53164019099 2.83849451631 -2.51428851962 0.756349417192 1.36141993894 2.36331989518 
-10.6773123638 3.41759027171 1.41453001644 -1.79931931429 0.0756594382723 2.5657979523 -3.46646277757 0.652735927964 0.842814909732 1.56957753403 
-12.8501334759 6.49068984485 -1.13525196605 -4.18122167627 -0.222178415481 1.4348869333 -2.06333937415 1.11756774777 -0.209027360725 1.28237243456 
-13.0333359653 9.23646210141 -6.41869052442 -12.7711940115 -2.69999402385 1.69332554971 -2.47786691231 1.61347360088 -2.34096810928 1.69256138917 
-13.2049506812 6.87844917197 -5.47493984931 -9.25028187746 -3.04743235767 -0.308273328145 -2.91889662169 -0.139136316801 -2.74946833509 0.605482882228 
-12.6144557337 6.40705330526 -5.73485636251 -10.2976348203 -3.615233823 -1.80326187965 -2.81970768532 0.181816753974 -1.20223435174 1.41142721257 
-12.6606651941 3.64287846025 -6.42024471342 -8.37419656663 -2.58040026294 -2.70199964692 -4.43644536955 0.770349799804 -0.432793232622 1.77434565068 
-12.214886278 0.368993543477 -3.65118259702 -4.42550527716 -1.80867534899 -1.83141796095 -3.76930135349 -1.87717389333 1.87685220024 1.11801565471 
-11.4696380229 -1.97706533745 -3.55627903939 -3.38431501562 -0.499945473544 -1.90611389456 -4.36084212722 -3.51226511075 1.00544612753 -0.405808405957 
-8.95090598452 -5.04683218324 -0.977903756225 -3.97454794085 1.15866794062 -3.53359140993 -5.20585943841 -2.87177929738 1.1748009108 -0.313370139226 
-8.20155244361 -6.67110118463 0.494384288953 -1.60307555373 1.0710673053 -3.03793797756 -5.55656219388 -2.19786873894 0.133920390831 0.118601089188 
-6.24570693258 -9.30067703676 0.426702175854 0.222517731314 -0.0851921035657 -1.04863591691 -3.49971555467 -2.81620800119 1.58279848063 -4.71303315081 
-1.80152448557 -12.9315623427 1.24966454816 -1.88927639449 -0.0501246953327 0.949824574612 -1.91818866656 -3.72437776842 2.45787833992 -4.5144333895 
-1.02319458464 -13.0769806341 1.63132533585 -1.24183350663 -0.71988554555 2.60221870541 -0.804528007342 -5.07471839989 1.17763602831 -4.99331016017 
2.33782872878 -9.27049408791 3.04689999376 -0.69689357257 -1.64861933942 0.780688345062 -1.78631704846 0.155449401268 0.829870534789 -3.71714504946 
5.39502798628 -8.99447262729 5.24092423811 -4.16567787772 -4.74282678835 1.52388448771 -1.59816857934 1.08301493075 0.478071191432 -2.79162103925 
10.6179133089 -7.30426420368 4.45621900206 -2.56167573676 -2.26890893523 -0.442853698425 -2.1952000698 0.196177643626 1.2098852386 -4.83462677311 
13.6838190997 -4.07934460653 5.99237284665 -0.203721662707 -5.35943807282 -0.916723287974 -1.15906188432 0.287937416705 -0.619947156736 -2.59960379465 
17.3349384767 -2.27593461256 4.61150980187 0.236463872151 -0.819814620122 -1.23209860929 -2.25107577545 -0.886627431271 -0.530489721892 -4.90793116411 
18.5700719516 -0.317820631886 3.59985386523 0.621770217559 0.100329671903 -2.79553997032 -1.34859329836 -0.125972596336 1.01231783893 -3.75907195258 
30.2777737253 4.95493752687 2.70451928577 -0.51760788288 2.46405826689 -4.04160212914 -1.59457213943 2.2161070268 -2.05937284128 -2.05221873406 
32.0621618311 5.55550717359 3.21545855913 -1.29058022355 2.5456397068 -1.54420676863 -0.93825145267 1.06798122683 -2.66485467548 -1.6135360008 
34.1620758079 7.86931673509 2.88148045527 -1.27055956081 2.20690828026 -3.06947840961 0.331643912267 0.224660756829 -1.94779550655 -1.16384815798 
33.8857824707 6.14641186521 4.44432156591 -2.37308513107 2.39693404848 -1.3875172386 1.08345040105 -0.35580820557 -2.00883989485 -1.02526027509 
36.9198060291 6.19917140766 4.10011947984 -2.58839358944 5.52553682067 -1.97499751035 -0.559502513024 0.939867838164 -4.34642049035 -0.886194886858 
32.2300391985 4.75811668626 4.41734704591 -2.37615565524 3.90353391251 -2.44527908108 0.805951092736 2.25284578479 -2.54581577732 -1.88681294139 
28.034798786 2.00155619094 5.08395003088 -1.35165322701 5.24915304285 -1.74316756447 0.464549156828 1.58662991975 -1.22778851112 -2.73386333776 
25.6374476412 -0.239441547713 5.97414406735 -3.21152108248 2.9839879868 -0.199375968052 1.1743207826 -0.444059526781 -0.713711699056 -3.85698290169 
29.7730653606 4.19552785396 6.26601649279 -2.43291673507 -1.61078492517 -5.72662759263 -0.0675694450414 3.88273285057 -1.99742268707 -0.980808471941 
19.3117114843 -1.77722247615 7.02693541769 -4.0377879698 -2.17313099761 -1.53567771092 0.565342543329 4.37461449159 -2.94998108091 0.240572443525 
13.2442306354 -8.11267325612 7.9553190569 -5.11890142762 -3.51832066393 1.73030257298 0.162349888208 2.64197263603 -2.94597751254 -1.28050500277 
13.9186308103 -3.75719740798 3.1607390805 -1.74807354836 -1.82915651248 -2.0779374478 -0.151987283251 4.19648933661 -1.68837812379 1.58897484093 
3.53093643759 -5.12155938705 2.46396962133 -0.823803944574 -1.90654509824 -0.752410745598 0.213881323859 -0.81087834544 -0.873918477764 0.16125875309 
2.2500806294 -9.01045811329 1.87208985344 -1.36691332931 1.1410588997 0.105643357771 -1.8163794213 -1.00751977108 -2.62635039054 2.0519934954 
-3.25251133128 -9.58365410137 0.866010689604 -0.366382460246 2.35358694923 0.855935100044 0.0433961197547 -4.33216757627 1.40873771987 0.494292982319 
-1.5175258834 -10.55349768 1.85182448543 0.558754995268 2.5631380225 0.846910352385 -1.9144512348 -3.19063447702 0.408994842441 -0.724427873693 
-6.09223801283 -8.82299575162 2.23188700991 1.82861139961 2.17362915299 -2.84226239881 -1.51871905301 -4.60153051361 1.46557561954 -0.11163433593 
-7.17571378902 -7.39812972969 1.86845547167 2.59583571933 2.18356625965 -5.04709518358 -0.088029851335 -2.49558056505 2.3327975205 0.59634562348 
-7.95585413382 -5.44531607899 0.600714598111 2.3304177083 4.27694763374 -7.71042547604 0.621296426994 -0.633436168237 3.25280402686 1.4838680812 
-8.47712645164 -5.16501656815 1.20463862736 1.21272658523 4.12977624189 -7.21299322025 1.97683000665 -1.22402469522 3.42561293769 2.35096040576 
-10.8943801796 -1.46000374535 1.31428106311 2.88376252292 3.9635111553 -4.59261137225 1.44851232971 -2.92448312034 2.04722672007 1.33905992787 
-11.979278845 1.88472571752 -0.45072928493 -0.239091439225 3.42824766996 -5.62716833647 1.45158959617 -1.02255239314 0.787941927341 4.21702886442 
-12.4224277809 3.99642570863 0.59900539419 -0.310446120211 5.03856252706 -3.12315252167 1.33523693497 -2.2772807183 -0.356299208689 2.21886204995 
-12.2953772586 3.76533391068 2.34309087669 -1.1281032752 3.64456308858 -2.08335453939 0.587781390929 -1.94586365243 -0.146301087132 2.98899507959 
-13.414645422 2.91236205021 2.7333517196 0.69071497763 3.82257280001 -2.03755423065 0.688118372286 -3.00620577625 0.965594494437 2.14385755474 
-13.2639853685 3.0415937254 3.41206214478 1.46851910656 4.0139547228 -1.45845400575 -0.915299912596 -1.97307257162 0.544757343627 1.2421068 
-12.9642670807 3.81637634425 3.87480010502 1.30162301377 4.78605003046 -1.0854694554 -0.651666874239 -1.15774245192 0.129224934659 1.83739852248 
-12.1835958256 2.88891619184 5.16844658423 3.95526855109 5.04446957836 -0.0822193542068 -1.33930864446 -1.4533426454 1.7174094053 2.25530405146 
-11.4367164912 3.11564039236 7.4102757792 5.00117118488 5.21170405472 2.14383935634 -1.7744173809 -0.163543396181 1.75092635066 2.67823256019 
-11.5104571363 3.7782801728 6.86871722887 5.38947716147 4.71415312153 1.73456602314 -1.33313845609 0.532343891222 2.71854945104 1.92594260277 
-12.2213557544 4.32981976494 6.62467767614 5.91071612044 3.7806633588 1.11183664134 -1.87269379239 2.13375219593 3.08914297219 1.58160552905 
-12.466078484 4.14765864025 7.07861146702 6.35428299865 3.50727515497 0.891834420712 -1.88301656892 2.62921199429 3.35435747843 2.07831130455 
-12.2226025567 3.69666764003 7.96650100297 6.45506485849 3.50433523599 0.862343183988 -1.98770601555 1.77041953626 3.21392839243 2.51914553627 
-11.963398666 4.27383689573 8.19318039226 5.57028505844 3.25093459584 0.874972062226 -1.93852605384 1.29412926881 2.4330522964 2.57898689702 
-12.2839881112 3.88760120615 7.46590025941 4.39098366388 4.16096689025 0.0902682953836 -1.76427009567 0.908220725877 2.27055679159 2.87499285656 
-13.075459553 4.23229944576 6.04153505634 3.84577404137 3.72115642479 -0.883289389612 -2.53526681278 1.07882425284 1.5054318303 2.7309560205 
-13.2506117238 4.48170761762 4.30874666802 2.66285020786 2.80465885032 -1.82084332541 -1.30164320091 1.87576344709 0.944691667032 3.53856300817 
-13.3409818279 3.08662024587 3.17562449069 3.04622724867 2.85139707182 -2.99333460333 -0.700645169721 1.03812430941 0.467843101408 1.90913416885 
-12.6581789841 2.50502414702 0.890965301607 2.30098755342 1.36467143054 -1.9501796213 1.47391499185 -0.88494453692 0.571988760339 3.21473711838 
-11.2211741398 2.73428957243 0.219885228693 0.339060330046 2.24510638415 -1.42125329043 2.38125228139 -3.37923120039 -1.05941042801 4.15601413105 
-9.04652034221 2.6066257755 0.278803329064 -2.39060557702 3.24783171115 1.59626622901 2.57163384926 -7.67120845769 -2.70181039213 3.51983671012 
-10.3108630763 1.52168309975 -1.90055207435 -2.75484473212 0.630823964461 -0.454688589792 2.52019669527 -5.88409084399 -0.334874965484 2.12612489584 
-10.5944860642 -0.38923407478 -1.10325219653 -1.25522610854 0.611633824532 -1.72442666361 1.21245564597 -6.62578809197 -0.221071640854 2.06501065765 
-10.3408402586 -1.21769424325 -2.48927760026 -0.516094113556 2.62565922858 0.170604141427 0.844838112217 -5.57839634124 -0.329606572855 3.92552827725 
-10.4082863405 -1.54030254904 -1.61087665508 0.548280088085 1.97919368134 -1.40365446206 0.701215383436 -5.18828539039 -0.677332520975 3.15787608348 
-8.82248617004 -3.77403836295 -0.958640544355 2.01287130187 0.991832591586 -0.143155825752 -0.580805733807 -5.29151864349 0.161302882081 0.790025165481 
-6.88041577526 -7.06490308631 -0.0572916359506 -0.335402910973 3.34338780759 -0.742564032965 -1.1256484471 -5.2741500577 0.402657477519 0.592105956746 
-5.47827613152 -7.90931189175 -0.43470207551 -1.35917927499 3.76664698044 -0.756595467902 -0.817860005614 -5.48163028622 -0.547719089286 -0.599376051561 
-2.6530060824 -10.3342376973 0.252556547223 -1.50609759873 2.17195232242 -0.222321406925 -2.1286077945 -5.25157186524 -0.570237937238 -2.47707762155 
-3.65387663437 -12.5863986995 0.459812089508 0.841028065123 1.48355307701 0.746480757871 -2.67476931782 -5.82719805502 -0.401473778678 -3.35389166907 
0.608575404455 -10.8609803797 0.799753733921 -0.299346899709 0.626945123696 -1.57734057761 -3.376385677 0.222516969617 -0.0272376837011 -3.63184513663 
1.27496669008 -9.25952668548 1.23442320856 0.370760583681 -3.66035294018 -1.14032879576 -3.07843927622 1.06449350709 1.08098408675 -4.28956349552 
12.1772862693 -5.87748603387 1.037513068 -1.40208253895 -0.177432322342 -1.61636116541 -1.28993486175 1.97047691266 1.33147370004 -4.7075936103 
17.120601663 -2.24991021212 3.10534376929 -1.81041180437 -3.2262229461 -4.37238640796 -1.28641135401 1.94188339386 0.815756517695 -3.49336675439 
18.658459611 -0.24506078628 3.27245665854 -1.93265772984 -3.26063326543 -2.18534468972 -0.796085913956 0.497328372428 0.875054295037 -3.91908319372 
17.2544079934 -0.793187918795 3.43146551743 -1.42583290229 -1.90445240263 -1.41227093014 -1.10624015209 0.588141655678 1.00564739029 -4.92222472647 
26.4533729061 4.78967833601 0.663020275155 0.364083298303 1.38267354223 -5.28994590885 -0.233398041253 2.66186038314 -0.529838201601 -2.14240311828 
34.2889422251 8.36321665317 -0.697149820031 -0.137192397324 1.88619683971 -4.15536796195 0.639456692421 1.76553321615 -0.845645574162 -1.46210632153 
36.7663166463 8.16555288181 0.986874589807 -0.850459987339 1.67618440956 -4.13759026267 -0.597743172428 1.40591671184 -2.21414723474 -1.14047056371 
29.5284841653 6.35710054991 1.83940360049 0.138985398691 -1.36912102886 -3.73460255859 -0.918801967224 -1.26965192263 -1.25525086917 -2.97726666435 
34.9094942041 8.4569174288 0.106139589787 -0.111128180771 0.908407629128 -3.00325075799 0.42412396033 -2.04770863872 -0.695594986092 -1.97297953774 
28.603603091 6.70665401472 1.74952324548 -0.0503117194245 -1.7831482162 -2.33046872622 -0.513778647665 -2.37752725896 -1.11306411038 -2.66544474907 
30.1229916703 5.85436742897 2.33441700784 -1.07227969847 -2.02651968118 -1.58943833058 -0.18075319413 0.238906707054 -2.39505726829 -2.07671781306 
30.6216187119 7.24834932002 0.730658077373 -1.15820837595 0.886114309997 -3.2405317504 0.473085826311 1.51629049236 -1.1404875847 -0.282338584875 
26.4902786183 2.119491718 2.10969900601 0.402509056729 2.7234265368 -1.31579831782 -0.0215384964422 0.870656804802 -0.48407303917 -1.59511297757 
26.8394593985 1.2789346454 3.9259384268 -1.88998288595 -0.744739795064 -2.7986760069 0.732501151638 1.27619058796 -2.0237880818 0.835405526812 
16.3269300966 -4.99059891373 5.26463258315 -3.56867516004 -0.790826785201 1.27738752483 -0.0980075505969 1.43971522086 -1.665148354 -0.423967895243 
9.99254015021 -9.61421693549 5.49892970175 -5.42273373802 -4.26550274874 4.34801911619 1.81069773038 0.679382595761 -2.82860382961 1.35191873682 
3.08074253754 -8.11791263549 4.8170415353 -2.39044548682 -5.04518596162 2.03620585558 -1.81950297022 -1.40170391358 -1.98180371756 0.383521573502 
1.70516289543 -9.22459005919 4.37211930956 -3.16419180622 -4.25954024755 1.33493205909 -2.23055046749 -0.496224520126 -2.54356508527 0.856882211345 
3.13593838656 -11.1405732568 1.82111336985 -0.876271176582 -1.79566172446 0.705086905628 -6.31626203111 1.93725989063 -5.21137584394 2.31325274496 
-1.66035428999 -11.9202622805 2.02568305573 0.105246675734 -1.86024746103 1.44765084879 -5.94207892845 -2.48220062286 -2.39756185638 -0.969972124168 
-4.89564653577 -10.7273386186 1.52736039286 1.01537609983 -0.362967116841 -0.928105863058 -5.16455960298 -1.69176382456 -0.491581188655 -0.95590240534 
-7.2809302805 -9.82511086507 1.04234150745 2.21020816505 -0.624996175501 -3.13789618861 -3.43080132757 -2.69130603839 -2.16139353852 -0.506410203559 
-8.124518662 -8.2616383774 2.72049341296 1.29498102275 0.502822955664 -6.82154348934 -3.72236454933 -2.78281765677 -2.5325381807 0.61447361524 
-9.15149595162 -7.70533543756 0.858702892096 1.73004909759 1.55371644105 -6.19535617319 -2.93237767307 -3.16391641842 -1.35638254912 0.595011710267 
-10.0181949438 -5.1035292235 0.225978476117 3.36599273214 3.0115248589 -7.04893223442 -1.51579081012 -2.33962611237 -0.801765012777 0.393865617459 
-10.715108042 -3.72231380547 -0.908644223065 3.54094397788 2.21952819487 -5.31628480982 -2.5897875858 -2.43173033243 -1.78611382631 0.0702449830365 
-12.1351565775 -2.21592803587 -0.564703952585 3.80990295712 0.856564556637 -4.39218126627 -2.25882373029 -1.11899442586 0.34541671976 -1.31665597085 
-10.3863994218 0.422677622547 -0.72310694227 4.03140391986 2.9146925947 -2.45121899251 -0.942416554729 -2.27748463932 -1.41371744484 -0.64093963551 
-10.7896730038 1.59479528891 -1.32758115648 1.73185974267 3.54264355813 -0.626716532631 -0.392336428792 -2.1811252817 -1.32680237914 0.889233769537 
-11.8521606398 2.98439320647 1.58871393952 2.55365091156 2.53799877239 -0.568973747539 -1.7962246489 -1.49595377441 -1.63707122435 0.340562735233 
-12.1179015395 2.08311238004 2.739682142 4.2082648302 2.79208625282 -0.738201730295 -2.77120035729 -0.281536914017 -1.27513751246 0.718879615021 
-12.5870511628 2.09018816494 1.70941342835 2.13977469135 1.42465607553 -2.2032077189 -3.0821270714 2.4605794089 -1.0558357072 0.151141567 
-12.3782609896 4.70455601798 1.49467539953 0.766595396913 0.987890416413 -0.662436418892 -1.92698947862 2.64387730402 -0.891675851988 -0.378140831575 
-12.4697212542 5.68450708622 2.05343653285 1.23422393423 -0.00324828207686 -0.860681099018 -0.896052272548 3.35841796383 -0.802902403668 -0.659169568657 
-11.7511725587 5.14673923901 2.08613557048 2.10768915253 0.60832211743 1.7002234502 -1.39706100977 2.66052104794 -0.231911001694 0.820492322884 
-11.8042366704 5.37458753183 3.56807746106 1.26580812756 0.869932794714 2.92957842842 -2.51123621983 2.5295883108 0.176033895442 0.39522493001 
-11.0677494613 4.44921701068 4.40431737991 0.829868415541 1.00438110591 3.35707896398 -2.58688062774 1.32716560732 0.356507121463 1.69903222321 
-11.3328769102 5.04242689318 4.89841635331 1.17042533273 1.31302588985 3.10850158022 -2.72866697243 0.162540936631 0.0754581645598 1.9741621209 
-10.8500322155 5.60159457061 3.97194651223 -0.273101626304 1.46827441941 4.1717424912 -2.38414108895 -0.141267174832 -0.151536017726 2.33259894413 
-10.805476198 5.61560230682 3.39850581011 -0.237037343435 1.66059351211 4.04601309376 -2.91509430286 0.456675610732 -0.00728946102754 2.45438607199 
-10.9045867734 5.65775580866 2.07143591968 -1.27242120214 1.11418097469 4.66436906348 -3.11464122194 1.17218306149 -0.0269771455399 2.79298822251 
-10.999184816 4.70856689352 2.19769860973 0.122299559509 1.23142630461 3.25907502195 -1.52828148818 -0.706316428337 -0.530442876963 2.39898217424 
-11.7500834377 6.18089505711 0.0427629917349 -2.2193156324 0.905297955388 2.69322826465 -1.51405915717 0.20211346184 -1.61842601051 2.69381719886 
-12.8617562712 6.80995381643 -0.987267069554 -3.99805961219 -0.11449063725 1.49705434239 -1.80991780972 0.358403634166 -2.42619266362 1.20771708721 
-11.5532769108 6.96291592433 -1.79450855002 -6.05470009816 -0.888701445376 2.20530430061 -2.01704493418 0.327583545986 -2.46615071452 0.251772038302 
-12.7230921831 5.9671628468 -0.756732985773 -5.44151231377 -0.00823534349278 0.751107214062 -3.01126078857 -1.83338559639 -2.32530076872 1.07432530311 
-12.5164402103 5.36551043244 -2.26521541663 -7.93588407511 -1.55957334953 0.618028270658 -3.25493992356 -2.40229537263 -2.5805142219 2.00388676135 
-13.0972836012 6.11253595648 -5.22411446622 -11.8684422149 -3.80859392658 -1.41942331303 -4.04226164028 -1.77639965646 -2.73378779397 2.93746879702 
-12.6405929659 3.00839127287 -4.83421481722 -7.52622648329 -3.35941654608 -2.35032396336 -4.33878882657 -1.63179453177 -1.50735669489 1.02685644371 
-10.0561922767 -0.260021520586 -4.6708278275 -3.36748677135 -2.56860273538 -2.04513434078 -5.65959794396 -0.413131632691 -0.585923595706 -0.0408614473532 
-8.41899637756 -3.19327039892 -2.81966203447 -2.58883148333 -2.71663917599 -3.55968237682 -6.63519827778 1.33529451073 0.607409187615 -1.62292692683 
-5.99434496139 -4.64463670014 -4.75244599455 -4.87840853979 -2.03820291547 -6.50617865384 -7.03351812191 5.63432885877 0.49032543412 -1.93564793016 
-4.25321922377 -9.04269924606 -3.53673803472 0.166365672207 -2.32417407646 -3.32717569458 -7.20511862421 3.50505005067 -0.528231441699 -2.57199621772 
-3.82412231636 -10.6724143942 -2.09566503029 -1.04331390623 -4.17339574944 -3.0250499918 -6.997756935 4.0301520083 -0.195673773066 -1.46055676423 
-3.64356445106 -11.6513364164 -2.48697296873 0.430283470765 -3.79798903675 -1.22444078941 -5.42623497594 2.67728023533 1.33470598455 -2.13457359576 
3.7852206229 -12.2413356333 0.118815992885 -2.86061651516 -3.11205019623 1.89362889717 -3.38283780556 4.82815300397 0.147231112849 -1.12933778372 
5.36346549326 -10.0705447671 0.584851640443 -1.2487327703 -7.31801128484 4.09293645495 -2.63926504455 4.91344882623 0.109879910751 -0.543643450588 
12.6652635105 -8.69497753096 1.33692857341 -0.0394813263094 -7.74228018565 5.05662127247 -1.62122580868 4.60117131489 -3.41166489562 0.0710739120978 
6.62504225082 -9.1673067908 2.20256232412 2.51814466369 -7.49533277557 2.59488843148 -0.585873219012 4.88657372441 -0.107283721825 0.175877517058 
16.2034411496 -4.57167713462 1.1853912114 3.82247421183 -4.25354423647 4.34862004389 -1.55735069779 2.85262482465 -0.381247097349 -1.47777159604 
