-3.83031896894 -1.21175047525 0.200624661276 -2.05149562007 3.08739050245 -0.0508448343526 -1.91346883038 0.489261522817 -0.724204339099 -2.30114605942 
-3.62726158761 -1.65909362744 1.16517987356 -1.46368088862 2.75518533316 0.11505952975 -2.37536485282 1.26303696252 -0.651468374015 -2.66786595749 
-3.7294845458 -1.46383521144 1.67953114361 -1.34941483961 3.42210697896 -0.632022136795 -1.51028733005 -0.0700642543555 -0.000902162129548 -2.32878275934 
-4.81700919808 -2.24736921088 1.47621652728 -1.49305799797 3.95041675277 -0.0474136189072 -1.18130692016 -0.14488605149 0.894548870514 -2.1988702171 
-5.4496002936 -1.82085334561 0.863015656461 -2.49806363028 3.87016371075 0.477356437669 -1.00164926944 0.431104504289 1.38262800395 -2.04981308817 
-6.71637123824 -1.89437914588 -0.052684745328 -4.79326625503 3.39191689592 1.96022787114 -1.14253883722 0.354974089637 1.24087460524 -1.97435281232 
-7.06142680093 -2.28846812226 -0.625515367791 -4.5764751388 3.7955623228 1.87491989489 -1.50527059333 0.343336170524 1.1535032839 -1.76693222296 
-6.6969314682 -2.21600703273 -0.378645590576 -3.99942149141 3.33818060545 1.06113859267 -0.671505770082 -0.189385668413 1.53910643093 -2.20464145848 
-6.37158102434 -2.73022111293 -0.162576215186 -3.52489006619 3.607761461 0.942011007372 -1.65979851668 0.103568717336 1.90705045223 -2.3723674925 
-6.83500208491 -2.01808443953 -0.619316226111 -3.74713553146 3.5722663473 1.49005803882 -1.94460543682 0.759833122122 2.17814307893 -3.05618739035 
-7.57507102107 -3.09177630404 -0.748237366323 -3.96661544682 2.68271958795 1.73543079095 -1.57347275301 0.676948918266 2.31137931972 -2.85327796766 
-7.25221197749 -2.40747077826 -1.82240809166 -3.8356536475 3.01056453216 1.97413442105 -1.61600580829 -0.239863301478 2.13193966586 -3.06108370948 
-7.32565266308 -2.00953587654 -2.69549197307 -4.52183452156 2.75722466243 2.55037098167 -1.38349248367 0.157784882581 1.9068404851 -3.33132569617 
-7.32406465856 -2.70130018817 -2.50540685416 -4.62832768921 2.71695238267 2.33697700267 -1.34343795691 1.22288866259 1.78608962179 -3.41597691123 
-6.97754111062 -2.22221811558 -2.6231068148 -4.49486687699 2.57468686797 1.97035344321 -1.35210884396 1.09407681908 1.46566296444 -3.53187927689 
-6.64079800994 -1.92176601906 -2.52088197891 -5.10089834269 2.57191022471 1.80704206349 -1.8322586036 1.51685357846 0.594739720406 -3.40967677498 
-7.33857455366 -2.74206217986 -2.00833854301 -4.7096886703 2.06676175308 1.25353096682 -1.82076522303 1.76594280655 1.26146490673 -3.31316041077 
-6.43602191772 -3.33563204657 -1.25822507172 -3.89651489392 1.99894719917 0.207356945432 -1.51347611928 1.05652968553 0.985602061776 -2.62844295203 
-7.08826046103 -2.77672100298 -0.603018433531 -4.13097657597 3.23558272124 0.924824306036 -1.35327632435 0.389845700385 0.118760467069 -3.15623900337 
-7.39135366253 -2.17859878458 -0.100576806103 -1.98111984255 5.44691103429 0.375686744969 -0.871064790144 -0.227625680035 0.207889700938 -2.61629273481 
-7.1753441958 -2.9214608471 -0.855802785858 -1.24796295414 2.8301351379 0.926835549183 0.0381168616208 -1.49258013677 0.878389205454 -2.0104562573 
-4.75183333878 -1.86556761168 1.66751437397 0.873003125034 2.87694316092 0.302046050119 0.107680345768 -3.92386855527 -0.520537955183 -2.33398956768 
-4.66502865737 -0.903054917248 1.72315533074 0.883788802025 2.87911157644 0.596958899478 1.16932668856 -5.30027986159 -1.34818485543 -3.16062982311 
-3.90806710895 1.18375549868 1.18557124919 0.62173667507 3.32625490662 0.319526294325 1.12523574868 -5.97804325899 -1.88754863793 -3.59901637529 
-5.0930522606 1.36551841682 -2.01308622028 -0.277652768438 3.39868741455 1.44060631575 1.58824886801 -6.54564408624 -0.996580193369 -2.47890056832 
-6.43498642638 0.940741611918 -3.47020084483 0.624749602703 3.38413396051 1.91763184668 1.45702991329 -5.8763170285 -1.38671664102 -1.44475909314 
-5.88841279606 2.134424372 -4.6374342979 -2.66923761129 3.2472914875 3.66905083199 0.224274036622 -5.57489299262 -2.12920094646 0.541315448331 
-5.93908851699 2.60655014515 -4.2717216243 -1.64033116293 4.11169960398 2.97284820767 0.412819058428 -3.4987040812 -0.0981460411358 -0.031800686183 
-7.2415934272 2.58615805702 -2.45895709283 -0.836801460809 4.31877586113 2.53190061564 0.606140588558 -0.266180534989 1.11510221672 -0.0117675812495 
-5.99710158678 4.90548777551 -2.55121940839 -3.00590274622 4.63379237578 1.42705350756 0.20211110016 -0.101771987347 0.949231497206 0.713737579895 
-3.82225327051 8.51408654553 -0.908431907231 -2.70446533678 5.26124944016 -0.060324543634 0.588276075807 -0.227704235965 0.807737789777 0.794918966213 
-2.67811978161 15.2480588967 0.0816406763358 -3.67799237095 5.32270903637 -0.12308196879 1.00123814899 0.154022594924 -1.27838892472 0.272852820209 
-2.87569242218 16.198706702 -1.12988648799 -3.87732222601 5.77520195948 0.0464772420108 1.17127774205 0.373957611568 -1.67094794832 -0.47110224854 
-2.73907772335 15.5338064355 -0.310121326291 -2.82486289515 5.48312244318 -1.2792197193 1.09563174784 0.945286369063 -0.839167242261 -0.521430494625 
-3.25966360691 12.5585364937 0.391633953035 -1.73722375739 4.56980146355 -1.77262087139 0.939602484369 1.55613142081 -0.105643527188 -0.712816112594 
-3.86579291109 10.5084124202 0.278618340072 -1.54323781189 4.76040590145 -1.59294334825 1.51913395254 0.991836526661 0.42215735126 -0.16324091478 
-4.07230721333 9.5982875707 -0.427391911398 -1.15025307251 4.7217220571 -1.53247629808 0.9715590682 1.04472005407 1.93048001186 0.586139866656 
-5.4080782012 5.58680255378 -0.505969309177 0.688921049666 2.7393363521 0.714604122784 -0.455100257434 1.60240373874 1.80682903293 0.0277941197275 
-5.2599388429 4.3991879269 -1.38981451512 -0.0447309557833 3.21366515795 2.11706204389 -1.24065494865 0.662531880825 -0.576257204962 -0.550928640423 
-5.64180823545 2.49530931243 -2.48999648218 0.0231687722246 3.46364654011 2.97346536526 -0.575908224948 -1.41043900926 -1.97868571622 -1.04271756542 
-6.23469679261 0.756071395967 -4.02283608709 -0.331500113248 3.34887680315 4.65917820346 -0.692603963366 -3.3247427112 -2.78010781151 -0.543440964144 
-6.48781062738 0.336045979163 -2.92605251673 0.169105079606 2.14939139051 3.78995788702 0.286471381193 -3.87488311935 -2.76877419343 -1.86315846511 
-5.46435496025 1.29601160495 -1.69576467698 -0.0833052765022 3.88078744787 2.99631973395 1.44123590289 -3.66856616803 -1.82909610316 -2.30915125295 
-5.33291812682 -0.115792059244 -0.62058185907 -1.38824351666 2.9589664347 1.52884027901 0.242535831503 -1.6271986847 -1.46041363817 -1.89772191303 
-4.4944548825 -0.415099582159 1.26984338925 -0.273097711219 4.92534805791 -0.0909198562488 -0.859775802387 0.702152579585 -1.35413633961 -2.57703770788 
-4.05439578748 -1.21754533405 0.715204492863 -0.371752404938 4.07188750015 -1.49998853032 -1.77994278115 0.507588016506 -0.373419677023 -1.03742093286 
-5.63999926436 -2.5005384465 1.07349709417 0.307084133632 5.49357534343 -0.708263352503 -0.963621136416 1.50467988492 2.24561178987 -0.98625709942 
-3.64139308635 -3.21772829915 2.85701857702 0.242560806039 3.59649042298 -1.79355702498 -1.015036984 1.96257742683 1.71346318718 -0.217320466547 
-3.38198982398 -4.44796962082 3.09486982189 0.0916271680305 2.73313629015 -1.96166008129 -1.3970827548 1.20800345468 1.24157953887 -0.591844258898 
-4.86081389109 -4.13352014891 2.3088081926 -0.133407912353 3.31943752909 -0.749438109699 -1.27230484695 0.925840165533 1.45469068769 -0.640783152147 
-5.31158578542 -3.22007756136 2.16818921433 -1.0954724733 3.48062518514 -0.203762673123 -1.69883971219 0.740200115148 2.06136476559 -0.68449970676 
-5.74296587241 -3.29309130668 2.03891951868 -0.949332696201 3.25052086996 -0.133897645039 -1.62114882604 0.973295790123 2.85798919349 -0.466149243542 
-5.70464366069 -3.34809369948 1.73237641003 -1.20411410909 3.19576268197 -0.0417640687575 -1.40078026883 0.744802989099 2.80412999369 -0.728693850039 
-6.06087423614 -3.00157496717 0.842293823361 -1.46593572526 3.31508617349 0.43008174549 -1.39813829654 0.205831572462 3.10501678343 -1.00368093287 
-6.57780092414 -3.05609599088 1.24259306912 -1.00070952329 3.91769288197 0.574986694565 -1.60269534821 0.656599599469 3.01324766372 -0.589892347495 
-6.73388407253 -3.13775958331 0.893223941791 -1.10909160526 4.30217830911 0.404583393025 -2.47407235043 0.583880757505 3.1755924832 -0.566817752667 
-6.69393168158 -3.52608930062 0.90969500107 -1.79982798334 1.79013075345 0.28749099414 -2.08415508715 1.5360258425 2.84191885364 -0.19289902989 
-6.89331750048 -3.24203863695 0.537262994387 -2.45398450907 1.86145845115 0.604736101458 -1.79804600414 1.23946999331 2.40599510556 -0.526894048116 
-6.36232271849 -2.5396985734 0.418972145547 -2.39759018118 2.18503773252 0.756282656638 -2.03366330195 0.840187354193 1.78819806023 -1.22960457548 
-5.63990647311 -3.18697984189 0.565830922795 -2.40565781023 1.26457253885 0.336350837524 -1.56855474432 1.6249334649 1.21292761517 -1.42879664521 
-6.71368996129 -3.99707679635 0.701254877172 -1.66848149469 2.30166697858 0.0512618232946 -1.70228039158 1.1921250618 2.14393684348 -1.83113385538 
-6.33263012271 -4.42575897458 1.25251737779 -2.85477807562 1.23399673067 -0.471993042078 -1.08658615352 0.258143212398 1.74250016379 -1.10252257259 
-4.42908989914 -2.51662280095 1.62140678921 -3.08403604806 1.36347447641 0.0206894266113 -0.797342382137 -1.88264604556 -0.995761829684 -1.78217613485 
-4.92407428716 -2.82178575126 -0.297834667101 -0.200014537178 1.98418519226 -0.545569258778 0.819352468625 -2.44529626507 0.38302465767 -0.960996721403 
-3.31555819966 -2.19297333593 2.34916700021 1.16457190961 -0.803369949771 -0.143947379572 0.224767099771 -2.46123786519 0.0223627794991 -1.38569218589 
-4.69004799779 -2.3612498228 1.26406306634 0.629468444885 -1.01070309874 0.0281512341374 2.25271096808 -3.77060314203 -0.318202758228 -1.82580428792 
-5.25516579562 -0.677473063806 1.12914759017 1.32207612756 -1.21188590002 -0.581346243023 2.62779952166 -5.42453562166 0.108493932003 -1.12560532986 
-5.91188853219 -0.809240059946 -0.682477030781 1.50315928301 -0.160190093426 -0.1685129446 1.97139981392 -4.82936664157 0.0373282071776 0.0399634287706 
-5.83264456968 0.894690867095 -0.468465092831 3.05506919668 0.731532114973 -0.800362675151 1.50342795113 -3.02219125581 -0.1479868253 0.44488577998 
-6.18901376932 1.10276121366 0.709691860461 4.37972693917 0.254915541485 -2.55088411038 2.33286357909 1.02983745138 1.92228791973 1.85029093574 
-5.03079377676 3.62884444282 1.34366907087 2.03063624131 -1.73335233961 -4.52018282752 3.57495744973 2.33858603568 2.24083353016 1.34459141144 
-3.474804158 6.79439082007 2.73788329777 -0.184728981157 -3.13831669182 -6.1244692565 5.25519940289 2.16492464036 1.04666182885 0.982116203175 
-2.12204478555 9.42322580298 1.11484565648 -1.81765787687 -3.61773494094 -6.45913243124 6.62464101577 0.146138529312 -0.018613898442 -0.765612218536 
-2.70995582066 12.1537011059 -0.946553813817 -4.88917620482 -4.64807737801 -5.98382610285 8.49731777498 -0.431857137513 -0.894480926266 -1.2351375416 
-4.25105283542 10.2961965544 -3.13464947433 -5.1055365549 -3.48642890059 -3.56468906931 8.35965959761 0.0742952128881 -1.65003218848 -0.915301453912 
-4.95193082195 9.79323494191 -3.04779164297 -5.32587207032 -3.62043103238 -3.86003305576 8.81238251882 0.335647606372 -1.12123851993 -0.833333109186 
-3.94151229006 9.79829168959 -2.22931224587 -4.94517054142 -4.73899675748 -4.36511703933 8.24918337899 -0.0954969984301 -1.40892751652 -1.39751269519 
-3.97535728095 7.75905600648 0.242370818524 -3.15577322109 -4.85160796298 -4.20664385687 6.59366652958 1.32189051135 -1.79739602383 -0.78580201969 
-5.53566068884 3.66552439977 2.11523804091 -0.108569723174 -4.76536386768 -3.67144078681 5.37800558363 2.40823698542 -0.190568109828 -0.488551943158 
-6.86224184612 0.235033973324 3.39311379436 2.63152162682 -3.48279473275 -1.67164148021 3.00486556114 2.95941873106 1.18153678314 1.03244210866 
-5.98701465184 -0.816869535338 2.50144192662 2.95247016994 -2.39253862367 -0.192363640186 1.3976194688 1.76961104041 0.503280264199 1.18788297716 
-7.16504634299 -2.78429975211 0.538048282626 3.44566774897 -1.67679171647 1.08317186551 1.84619605922 -0.0830637084812 0.0198583350734 1.29165612341 
-6.30742376814 -1.72995977012 -0.431797337936 1.38462863772 -2.30575377883 0.778406059035 3.1056535174 -1.86080745869 -1.60924153228 0.315885502487 
-5.37986305878 -2.9004775511 0.712566079497 -0.01265708482 -4.06934851964 0.348334033421 4.34339742434 -3.13516340455 -1.13175173783 -0.631492649788 
-5.15907086988 -2.9115943088 0.973582478739 0.01316196304 -3.64470414696 0.0249368201097 2.9971059304 -1.65978797247 -2.01497610045 -0.843331373052 
-3.52268955 -3.7526492142 1.96181948008 -0.336020352138 -2.87995739284 -0.848860417739 1.30902994299 -1.70831522673 -1.71737377225 -0.576707135238 
-5.29878554757 -5.10733854493 2.46203876108 1.4530517633 -0.843764925788 -1.13894616417 1.92618906288 -0.377451387019 0.986997690105 0.299074236124 
-5.89773364694 -5.02806901532 3.31477795216 1.20792387445 -0.560153915922 0.389066546845 2.07051743079 0.00307644168572 0.786876691145 0.168057027269 
-4.71703410766 -5.75484106927 3.14950984827 -1.25525675921 -2.45719908425 -0.373224029453 0.924002870911 0.0354603288289 -0.294225159305 1.17898051317 
-5.18992103649 -6.22582441089 1.7460429514 -1.25883578264 -3.66783498098 0.596778622843 0.0859692123468 0.117351040942 0.722524147368 1.58540908304 
-6.77147175925 -5.1218876344 -0.0085922992961 -1.14258289143 -2.20252439034 2.20915090703 -0.116742154993 -0.779930248285 0.972057152547 1.65697605697 
-7.16041427796 -4.60575294561 0.0786224968623 -2.47400172123 -2.99579160139 2.62166008789 -0.373787213838 -1.41188025336 0.588925025068 1.95459199701 
-6.22438706818 -4.72611226851 -0.21518104118 -2.5218821079 -3.09679636185 1.65808771726 -0.721212928093 -1.51606766068 0.424882159594 1.55341875694 
-5.50789656716 -4.52727397484 -0.558247953657 -3.46177342145 -4.18088682237 2.23228703807 -1.29034751495 -1.68515758532 -0.925705657238 1.90617517522 
-4.970882779 -4.5199983463 -0.878440984369 -2.90054353267 -3.89455798816 1.20196894163 -0.960257200457 -1.79203436976 -0.294975623766 2.03092628417 
-4.80512391893 -5.42509644471 -0.324444536768 -3.41488363782 -4.58851327284 0.936606728479 -1.35154773562 -1.16025625214 -0.00348513272912 1.57861872033 
-5.61748023563 -5.40394411486 -0.286866947783 -2.61355860012 -3.85268580555 0.980865900276 -0.887976316605 -0.879327796487 0.839286901923 1.28518181368 
-4.63618152728 -4.63290840679 1.4318374013 -3.23020810427 -5.98627341517 0.0080014933574 -1.47108238602 0.52161997736 -0.930294397861 0.330926726411 
-3.50841329496 -4.97748165861 3.85934807105 -3.08036359165 -5.10598814586 -0.474430099659 -0.161686996143 -1.2643287377 -1.30335767071 0.0500849806521 
-5.06571918001 -4.98343985875 2.90749146988 -1.23578078336 -3.42523810604 -0.499046967756 0.00204732441578 -0.721178733679 0.23198397664 -0.049238529791 
-4.80240103824 -4.240767565 2.36642902353 0.216896795773 -3.22790920005 -0.133996030147 0.983027867308 -1.21966705315 -0.459267926273 -0.491582392777 
-3.4340610131 -2.87518479904 3.46085554072 -1.63411419888 -4.07763627608 0.716668951134 0.229063733628 -1.64303420515 -0.82449116865 -1.21828425245 
-5.09676158034 -2.50795471584 2.14954630596 -0.634754449414 -2.68431935306 0.856930555619 1.71238775302 -1.8616401657 -0.627379799771 -1.38181601629 
-5.52186343475 -2.40271522124 2.61124311208 0.741834398663 -2.27722450431 1.3014169571 2.17670901843 -3.28689521251 -0.738386141862 -0.972059849327 
-4.93886200771 -0.866146807465 1.56078358203 0.970180323128 -1.23543934618 1.71899343471 2.04784120766 -3.51161085456 -1.80604325889 -0.218065801368 
-4.17046697716 0.292791378433 2.79841060373 0.761910835716 -2.26872167485 1.44445800245 0.821055715354 -2.59706237322 -0.45331421726 0.544714338755 
-5.45076216855 1.41603988026 2.88980876568 1.56122917678 -1.25883170944 1.09329528347 -0.154123517486 1.29837222414 1.06724037339 0.211684898409 
-6.24137797452 0.734764101638 3.15605248958 0.446147812969 -1.62202788288 0.510437215103 -0.0363662009482 3.4247610978 2.85858535065 1.17535583771 
-3.52817831059 6.97241755001 5.09457647594 -0.939352187296 -1.57268755511 -0.445029118607 -0.929370389679 1.95942765893 1.07153314416 0.576583649567 
-1.77259242757 10.9311436247 5.01778572093 -0.951084643798 0.0194113642456 -1.42964981473 0.330756959296 0.920525148574 -0.336430409508 -0.334679864083 
-1.98348139761 13.7320960459 2.51105178591 -2.53834070539 0.517176542646 -1.71742087086 1.92946564937 0.826018668511 -2.08026184047 -0.883879885458 
-2.69124460514 14.9072765631 1.75166726263 -3.4490111243 0.721609244349 -1.76835291199 2.0243298095 0.583321503065 -2.87806793456 -1.06690422813 
-3.01958516705 14.8026090784 1.24309180598 -2.55779470309 0.832907936163 -3.24121463343 3.14602020217 1.07383589059 -1.24731113908 -0.792883709722 
-2.85876552497 13.0223835373 1.76604714584 -1.98901019516 -0.45990702551 -3.19259492209 2.88781392031 1.20634899181 -0.469307979594 -1.32511120878 
-2.23632303049 8.53854636277 3.01377318367 -1.3442406309 -1.17355736017 -3.18248301541 2.37288107825 1.05887271038 0.12582037507 -1.47465453052 
-4.24594191916 6.00391761788 3.06466689522 -0.0685778440376 -2.33631503463 -1.98371424133 -0.13715432594 2.86764563394 3.12805977775 -0.688361508929 
-4.99070606159 2.33966441943 2.84463473802 1.02884778957 -3.26783068339 0.270196535029 -0.656449285802 2.92525264287 1.32323332695 -0.401886290565 
-5.67707985257 0.376837153437 0.534116569503 1.65060603337 -1.38523244104 1.08942287157 -0.135959480003 0.238320962066 0.44882052471 0.437081458477 
-6.71623490741 -1.42636578748 -1.06933878003 2.10850665785 -0.788483425284 2.01730274429 1.04488769461 -1.17405646735 -0.286788676516 0.100157822714 
-5.7294439742 -0.777946297009 -1.28783438127 -2.09964275967 -2.09256712438 2.90532198086 1.15598225855 -2.48795837165 -1.37461540326 0.101480254659 
-5.94055258803 -2.35358552679 0.442648285923 -1.18008852492 -3.36051944619 1.81349758625 2.11085067388 -2.8602229921 -0.881431287294 -0.690374685415 
-4.28586460054 -3.14251014789 2.91449013182 -1.49772552471 -4.13602213133 0.644643453041 1.02795447538 -1.89066754699 -0.572312911689 -0.328678332448 
-5.3605872208 -4.42668645458 2.52026056844 0.506281717468 -1.75422922984 -0.111606512508 0.585546546933 -0.398908780269 0.0040337357714 0.32505479276 
-6.80477894424 -4.91601686647 2.15551771409 1.85573512826 -0.53129679301 0.655819771033 1.10695917663 1.20923069435 0.0788118831055 -0.133081690932 
-6.54746806092 -4.48369768932 3.28601444606 0.0121610098317 -1.25252268866 0.664329013767 0.369287085592 1.3830861399 -0.647874728125 0.171419694933 
-5.70515693124 -4.24672431848 1.85097308127 -1.19641092795 -1.74650845029 1.18250813223 -0.330079000861 0.49479217756 -0.709976237193 1.13323592334 
-5.64016115214 -4.85942921581 2.17063253371 -2.27791947191 -3.89089201921 0.531488431416 -0.317858252698 0.806030408816 -0.714408823937 2.18917796048 
-5.71299288578 -4.18888107679 2.08621212769 -2.07391816327 -4.77582970824 0.814294204662 -0.698999866392 1.4362840695 -0.307390169615 1.68783053106 
-6.13319726454 -3.61491989243 1.59898713794 -2.20134977004 -3.71420610923 1.2120529248 -1.02210695677 0.927471707052 0.190978286046 1.25358801497 
-5.96104461404 -3.74714997594 1.07099117269 -2.40197761661 -4.57453059522 1.97539516039 -1.17927318804 0.620109786867 -0.0716566290426 1.41743251533 
-5.82247612426 -3.76870667788 1.77366689792 -2.77260361306 -5.23554756638 1.45611422066 -0.957594399716 1.02908807546 -0.0346382069887 1.06348618415 
-5.23123437119 -4.36313516743 2.60531437516 -2.4863861856 -5.76450620251 0.79427053436 -0.787881875491 0.639228441595 -0.380810049528 1.07021315233 
-5.49865137308 -4.80507190066 1.68511816006 -2.62481502125 -6.31346458317 0.388808177533 -1.31693680288 1.29765725377 -0.526327636512 1.55599150928 
-5.20288927284 -4.27105117209 2.19251408866 -2.70436966538 -5.22047847022 -0.225500465365 -0.826499158538 0.427906940886 -0.646476426294 0.954321320902 
-4.09963506306 -4.00013091811 3.43642466403 -2.22786257985 -3.48180416781 -1.14470381973 -1.02468404857 -0.845031947713 -1.12648532442 0.603775246734 
-6.30819124765 -3.26139455957 2.91483547091 -1.20648448159 -2.43742638999 -0.762554301695 -0.0279862700719 0.448723985444 -0.383118910762 0.199617613536 
-5.40042717099 -3.98442898031 2.29703665535 0.331519475125 -2.41908698532 -1.04665044692 0.897255774221 0.0837436299988 -0.33497220615 0.175588605079 
-5.5040698815 -3.38957569365 4.15929210467 2.07878408575 -4.05534957518 0.32670101302 0.0763511625686 0.699276234669 0.223347003127 -1.33109351087 
-5.88065909408 -3.09744093953 3.36538870155 1.41648103657 -3.88843917486 0.792222030355 1.31456710799 -0.329021214624 0.137445880693 -1.19129583647 
-7.1209675731 -2.34653028791 2.33906992303 2.67691878686 -2.28978542344 1.51688147535 1.5408178216 -1.57283164105 1.21010185728 -0.436798203791 
-8.12530157064 -3.20977239343 0.616590243514 2.34937129876 -2.19377859575 2.15192961185 1.80645287979 -1.89171404996 1.76455712758 0.319302752446 
-6.9302631886 -1.15069223727 1.12010595387 1.93269078795 -2.16850285966 3.17318321735 1.80328088817 -1.33601416304 1.45641560874 0.406640778477 
-6.40512909605 -0.414821015593 2.9572837621 3.08757915509 -2.47775664513 1.91539952613 -0.149042194691 0.0406544790173 2.15709841857 1.03777011646 
-7.82340758579 0.570266618448 2.79529220729 1.67103716764 -2.2919220482 2.64890785634 0.200796338693 1.85576435509 3.10795409761 1.55275327945 
-7.68758866741 1.60062455153 3.3306651962 0.788626279458 -2.38489988818 1.45904903817 0.730742758574 3.20806740079 3.06677187569 1.9773270237 
-6.39572202637 5.7257305449 4.52335342546 0.696608478604 -0.834924627359 -0.646994485286 0.379231497998 2.68975227675 2.09363171426 1.56991525522 
-5.960939021 9.50561241603 4.69479253138 -0.931805252157 -0.301708084333 -0.547418111685 0.635736814715 1.90976352777 0.929894258448 1.5315667756 
-5.99331788193 9.98808211248 4.36644069841 -0.688462910483 0.141918285562 -1.10272826073 1.66144608647 2.1038545589 1.48282648431 1.35743323289 
-6.13691838565 8.61418923104 5.11903270289 0.304656087699 -0.238906721789 -1.56445841014 1.59621826922 2.91871862556 1.04264840446 1.25319770998 
-6.4793168777 6.3494282433 6.36923652869 1.5808863881 -0.271900297885 -1.0124833454 0.528010861052 4.21880794244 1.8063653141 1.17492563905 
-6.43343711852 0.97213946841 4.34963776417 1.55305687447 -1.87196934298 0.53850699342 0.0431592899192 3.43165621789 2.13886158926 2.14967146599 
-5.60955958599 2.22839362809 5.12976996141 2.46530617317 -1.69455131021 0.187704649918 0.363104945652 2.69560923691 2.15321527756 1.01119979671 
-5.63992196779 -0.616425065112 3.62933516903 4.0505963924 -0.389808360221 0.823471594383 1.96019341864 0.129094460205 1.72352873589 1.17077721867 
-5.94646262898 -1.49284794209 2.4546720119 2.42165600644 -1.32178694534 1.95909690387 2.20487495849 -1.29793690313 0.768087274483 0.816250609277 
-6.67718627446 -1.11993190101 0.0372822016197 1.62321666446 -0.504896135651 2.11788748149 2.61269701744 -2.32762328608 -0.477117031097 1.14161412957 
-6.29615544469 -1.65877601121 0.360808339429 0.441147826139 -0.065642224022 2.01527438445 2.43183349088 -1.71596697794 -0.950466673729 0.602232360007 
-4.61121694714 -2.04905981309 3.41130870093 0.483465762743 -0.673638643029 -0.0286894797851 2.01565483134 0.286233909506 -1.57622885985 -0.293095263346 
-3.18076926155 -1.15361822422 2.90164156883 -0.397279974792 -2.24874581976 0.883079361121 0.482454797949 0.802971503763 -2.04610850685 -0.512232232088 
-4.82613122787 -2.00146610945 2.28865052864 0.497197792134 -0.29945646985 1.31373364122 0.780619304804 1.40273264114 -1.97320858671 -0.0161942756883 
-3.585090919 -2.72883129212 3.69207149707 -0.0567765505586 -0.091692616774 0.873951862687 -0.718501369505 0.828369049495 -1.96469091983 0.570792317256 
-3.47634450558 -3.64295657307 3.66567891124 -0.53914843022 -1.91654036856 0.411413357801 -1.49526249429 0.301270438602 -1.48092631427 1.74520498042 
-4.21218091573 -3.20164402672 2.17639061017 -1.65058116479 -2.19309414166 1.62368122049 -1.60576441949 0.744854027577 -2.09271743846 1.67994659133 
-5.34037052208 -3.10729684556 0.94145907571 -2.40059726819 -3.18689252561 1.83416745725 -2.17867525355 0.838126969191 -0.629323026323 1.94451097919 
-5.0552219248 -2.66981140571 0.505375560493 -3.2890470123 -3.55187740918 2.26159794871 -2.02593271675 1.48994197085 -0.788969568627 2.07892190638 
-4.37845088873 -1.84099399529 -0.620595849144 -3.29292569328 -3.25297420273 2.01083913941 -2.24389460533 0.866772163197 -0.56976209958 1.77505525973 
-3.85737564858 -2.34495694389 0.473668432634 -3.68231816526 -3.65893123465 1.73859720278 -2.32342245862 0.782464677877 -1.01461622585 1.17736115776 
-4.15802552787 -3.29069534029 1.25811334568 -3.49339424311 -3.26846708854 1.57138637886 -2.11822571566 0.558864283605 -1.02667551712 1.43335227641 
-3.27184603797 -3.53613717548 2.22898561504 -3.40463777974 -3.53093330475 0.858731780917 -1.89004261416 -0.0151312796904 -1.7647312564 1.59146280503 
-2.81277627022 -2.85418084798 2.26257206211 -3.35028904156 -2.732150777 -0.581298305957 -2.17461827415 -0.536787189574 -2.00784518222 2.09927876941 
-2.43163307667 -3.30877900182 4.32192826499 -0.5404641574 -1.37646845753 -2.18515237291 -1.24153234445 -0.79987107053 -1.87265301278 0.805975388652 
-3.93082783348 -3.38356276269 2.87937840469 1.37780085463 0.344230855649 -2.41452155589 -0.273480522606 -0.0707757776445 -0.812274954286 -0.403350183336 
-2.82390741077 -2.15769816748 2.49202457613 0.950733399152 0.209291570968 -2.17401601612 -0.27476879011 -1.06130826172 -1.2959717862 0.00329851508616 
-4.12949485951 -2.21566000268 1.8873056817 0.800474632077 0.775220922843 -1.06953787541 -0.240761228609 -1.33476250041 -0.865649812958 0.0397305011942 
-4.7022377154 -1.95143673443 0.773404945685 2.05649488218 1.90754433318 -0.901397471946 0.0326317197389 -3.08770921844 -0.12007410717 0.76285389973 
-5.2220504452 -2.19756848748 1.24213853364 3.08792183729 1.72268641659 -0.959601549031 0.152666319747 -3.62014967475 1.0615764273 1.4736076146 
-5.93867950226 -0.793953691393 1.62347606447 2.10292458623 3.03754010164 -1.25065666682 -0.00361386908009 -1.63458280687 1.11668836601 3.04429172321 
-5.47017624477 1.10021943045 1.34082244651 1.73037602502 3.84127393393 -0.740791527564 -0.537098050466 -0.582633588714 1.14652947164 3.23932610398 
-4.00242817858 2.17859859459 2.49192995129 0.835433738817 5.03282851867 -1.84883119296 -1.04742972738 1.15374239045 0.0586823548754 3.36636302542 
-2.58544449059 4.95029387687 1.94487888897 -0.395208316696 3.23474226026 -1.98593660976 -1.01165824615 0.129784369161 0.679053800135 4.66845917554 
0.121651163462 11.5173016374 3.1393093807 -1.61535184893 2.56486766721 -2.45981850443 -2.49451358075 -1.32272543226 -2.21093221318 4.57647371129 
-0.574156099848 13.1549740005 1.51997930824 -1.41642097099 4.00371800299 -1.63873670175 -1.91204003386 -0.745241996072 -3.27317923762 4.31853110486 
0.149609306938 14.4101716547 1.18786790989 -2.0168571646 4.02618268274 -2.19646076525 -1.53670536905 -0.3312876454 -3.15576218753 3.29961047948 
-0.171887158234 13.3426993205 1.44624532072 -0.946536379713 4.16074704888 -2.87514245771 -1.30311650772 -0.00282760170761 -2.1357726317 3.89117687141 
-0.59029499389 12.1964881927 1.51032661776 -1.43432111817 3.46667423152 -3.53414742826 -1.84336915729 -0.066144684352 -1.47593246213 4.23777300919 
-0.53357014246 9.39069074301 1.4733858421 -1.44224512393 2.58474732824 -3.85991411634 -1.29280871039 -0.416225377234 -0.261774452933 4.5032914967 
-2.07310175267 3.10833142605 1.55304868898 1.09938410205 4.27661907945 -3.57757664962 -1.19012358563 1.04902182919 1.72691714601 4.5306433481 
-2.49833735336 2.60180187853 0.62737749337 1.98164550479 3.49097626078 -2.20025005433 -1.21555626797 -0.60743012413 2.62857825416 4.33509248511 
-2.27461451067 0.22827412783 -0.891196783696 2.62554726691 3.50030230816 -1.96882244156 -0.722805005142 -2.12797227907 1.48437890593 4.16939972664 
-2.27021048831 0.120131873259 -1.14148828585 1.99231991337 1.96274308605 -1.84689865374 -0.642661736877 -3.86077875774 1.71621709563 4.35887425002 
-2.8426648171 -1.1980497539 -0.128244261027 2.73923508533 2.99360487833 -3.1219082608 -0.745414736854 -2.96607889312 1.32452676065 3.38062850727 
-0.672559444983 -0.873378765591 1.33957435834 2.47596942819 2.79828525896 -4.17903659668 -0.693302071864 -3.60248520964 0.61349147638 2.85673194948 
-1.3449926149 0.0258766247169 1.04902034355 1.62393453865 4.09697560429 -4.4737562869 -2.07160841955 -2.1383934562 1.16017000226 2.12803423072 
0.7013663003 0.284468121091 2.06681136562 1.83580049102 3.6320388134 -6.85272625798 -2.2691897171 -2.25906080942 0.784795021468 2.15884685602 
0.687341563081 -1.50319633883 2.4307978382 2.10858573718 3.89426817106 -7.32436645162 -1.68295113816 -0.469036045049 0.436089164946 1.50517055863 
1.01730296048 -0.494746680833 4.1117556779 1.6284023093 4.32095324064 -7.45558512998 -3.43571365188 -0.0330830135035 -0.677462309095 1.16250259628 
1.37012758829 -2.34487030316 5.59268443535 2.8486472074 3.96102960149 -7.35209705459 -3.6596042067 0.646792050659 -0.877472641114 -0.17930080476 
1.90015181813 -1.73749060609 5.21158642616 0.832478330608 2.45459433579 -6.6538830867 -3.74549722075 -1.13861677336 -3.29423781226 -0.00526868090058 
1.45295694823 -2.03650468455 5.76699230374 3.08722816872 1.35263798217 -7.32133821049 -5.10659665114 0.0521119895267 -1.14671934023 -0.919455569471 
0.730749379163 -3.79559607175 0.5045754823 2.61255954557 0.401730055184 -5.65748696315 -5.21663247227 -0.848228638598 -0.710679977255 0.563662912645 
1.10811613053 -3.55019079402 -2.92493353929 0.734995521537 -2.26985279703 -6.45377834092 -4.35391205172 0.432509731939 0.0353759382146 0.204651792382 
0.676556038432 -3.56143093081 -3.94884063863 1.35040744633 -2.59480491647 -6.61900255865 -4.62598659099 0.429555249907 -0.451914651328 -0.0463932747268 
0.815337133262 -4.65997768812 -4.8598275109 1.62844332529 -2.81778298227 -6.40310804071 -4.6281971027 0.767299156851 0.169646552897 -0.460176775947 
1.87150838214 -3.67693930974 -4.6834588633 1.46149069576 -3.13743324938 -5.78723825919 -5.57786501523 0.315062208649 -0.621777514825 -0.933211266258 
2.43403407854 -3.25600815568 -5.49997564446 0.711262316604 -4.42090808863 -6.1050079466 -5.763567402 -1.05201511807 -0.189363681962 -0.899991714416 
3.35922547754 -3.02812376682 -4.11861004099 1.17105297256 -4.14031889013 -7.60902200437 -5.43280904392 -1.46704417001 -0.612787161145 -0.68129615969 
1.70229076156 -2.1919287882 -5.57462042744 2.48129137709 -2.39413760114 -6.12730920389 -5.07752353881 -0.803857566008 -1.1500199416 -1.26724263155 
2.04618145347 -0.355344548337 -5.19050228239 2.98074826466 -2.12339007187 -6.59076044521 -3.57808822503 -1.49647109651 -1.03136840804 -1.4988752552 
2.73589536789 -0.285963452296 -3.14892055279 2.63934909883 -4.79438722397 -5.91953955506 -3.58394341625 -2.72892855589 -0.782203801074 -1.13676251116 
1.05538019625 -0.56032315794 -5.52847653765 3.00200433168 -4.03074130785 -4.99708298807 -2.13069921838 -3.31386352082 -0.681544060812 -1.47386905081 
-1.31215926109 0.96081174224 -8.06577900218 4.02930674869 -3.06890665126 -2.59446919331 -1.89650507387 -3.70991154567 -0.491922980674 -0.969948782755 
-2.41726585001 3.05808533788 -11.7376504631 3.94878725764 -2.23123375116 -1.46010703304 -1.8214407964 -4.05843987075 -0.434401101033 -0.281509709518 
-3.99106211409 4.01249478303 -13.0698247246 5.64792843371 -3.22381051054 0.334507364158 -3.36577229064 -3.07570546804 0.743939669522 1.31691106255 
-4.87092041446 3.39109349544 -13.5575548052 6.88996028178 -2.52205642933 0.754394677325 -2.68801776565 -0.552611071861 1.52973487119 0.238652876313 
-4.65091981462 6.0699879202 -11.885114759 6.98990882329 -2.81490954652 0.590129383277 -2.98109181697 0.986220221535 2.62544377722 0.674178864848 
-3.83785366008 7.7624330912 -10.8912584709 6.11067043079 -1.84924399624 -0.0161688168752 -1.73221790605 2.26814595911 2.30255428124 -0.53016332594 
-2.18060959164 9.49121892573 -9.65253531543 3.29592321892 -2.38814906827 -2.50766549298 0.445124485079 2.60185129239 1.43138043033 -1.81415289824 
-2.51358865378 8.48312469746 -10.598501318 2.3122946971 -2.33436259603 -2.95160671203 1.81279378146 1.30487755419 1.37822304779 -1.41521445979 
-2.70095434893 10.5958920702 -11.8856059324 0.823767290599 -2.90364270212 -3.06378313117 2.21653938806 1.76036303297 0.745563088038 -2.83039951518 
-3.98091626451 7.69351350832 -10.7184395219 2.99284320998 -3.24401051007 -1.63611497591 0.934615895905 2.59039262858 0.590244983779 -2.22189799019 
-3.53342814837 9.69406287725 -10.4392394914 2.1019120516 -2.20568695625 -1.82972095906 0.192770034454 3.04232033425 0.159773291975 -2.66572178888 
-3.36533987998 9.31480513019 -11.5129223513 3.25292474394 -1.17132885723 -1.62673807075 0.0827735002901 2.70804186894 0.316564990715 -1.98592796593 
-3.4075200068 6.08239173518 -11.067629498 4.65577289422 -2.66215821924 -1.10457537554 -0.20271838787 2.39842172262 1.43303327633 -0.235805982346 
-3.71272682416 4.19809314371 -11.2265539487 7.00437964145 -3.29660146334 -0.0405320757137 -0.749696452997 2.39543434269 0.628814125169 0.827398025305 
-4.46683055297 1.7776460256 -10.4277114855 8.94885103134 -2.32204052593 2.4834472847 -1.52410343151 1.61807190808 -0.586372808078 1.41659085166 
-4.26318103771 -0.338174877399 -8.66151294074 9.0532123622 -1.28839274269 -0.154556815421 -1.4387350289 1.55115396379 0.13106599995 0.960947346283 
-2.39481118723 -1.21370655302 -2.06207657268 9.70556291082 -1.49094764676 -1.26831212244 -0.414010597185 -1.55486466491 -1.71335744771 -0.0928816031748 
-1.56649460979 0.303553690705 1.17810264164 8.02950548648 -1.25726404255 -0.724557833369 -1.07249312629 -3.0893533635 -3.86125735835 -0.140192391219 
-1.52147346481 -0.503289574725 1.781533653 8.17072353654 0.0633701607874 -0.687546487996 0.710148196481 -3.09224890867 -3.3382200899 -0.94869575553 
0.250481874992 -2.78682849763 2.84964552392 6.05995915895 -1.21300084585 -2.55424599015 0.10218396212 -2.06079336904 -2.79290524892 -2.50410907287 
0.696684539336 -4.02101089941 3.75092901729 6.05017852673 1.08340348804 -2.85342438125 -1.6652608563 0.759940099968 -3.02576712393 -3.32787357921 
0.367925577933 -4.66722894518 2.61991860283 7.61846111265 2.09511195169 -2.96951452391 0.0143404099225 2.25991017778 -2.80642355611 -3.09402710792 
0.635040249412 -5.22709384514 1.76734296446 6.13891069061 2.00689111538 -3.05948854683 0.515393566101 2.60793963224 -2.54463374064 -2.11546778481 
3.0560989673 -3.90962946725 3.02845296748 4.01754623228 1.59619130963 -3.66291790375 0.129934033435 2.29464566169 -3.92294036003 -2.42763996808 
2.84724824709 -4.85832783964 2.92289475009 4.55305074196 0.84478803759 -3.96886917374 0.315595908357 2.24350859265 -2.22498999966 -1.61530112041 
2.43775969327 -4.50013207988 1.73424526178 3.44879171838 0.0215936503127 -2.23116964612 -1.32465812515 2.28348743314 -2.90660001557 -1.83223108747 
3.05491220715 -3.71728524158 2.09332231891 1.95006457355 -0.368511647016 -1.95365047167 -1.31965246536 1.39442001404 -4.07811205663 -1.43302520565 
0.813605465187 -5.06795146484 -0.446166351471 -0.718959242558 -2.31763691919 0.499040317365 -0.833085388803 2.56634108462 -3.6600594031 -0.698659284076 
0.563872139954 -5.21297832399 -1.35346575443 -0.444418501738 -2.03144603479 1.59039117977 -0.654196029072 2.64464994287 -4.06394957142 -0.67357833861 
0.285089400185 -4.135383176 -1.58387565189 -0.38462661094 -1.17315837006 2.29051341289 -1.30448487743 2.58175960572 -3.98660643945 -1.01359077392 
0.701937271967 -3.72931224076 -1.68163749482 -0.931831789329 -1.00107541458 2.25225593183 -0.908642491881 3.1465619853 -4.001409554 -1.3526923699 
1.82071784896 -4.14616227306 -0.374967554496 -0.0639344512849 0.243200000902 1.58890849281 -0.13976221164 2.05454701906 -4.00727515708 -1.66241726888 
1.1369235476 -3.37163760504 -2.66202731825 -1.69005438216 0.207873913838 1.84298137411 -1.19201848416 2.82752159133 -4.24900204038 -1.59604275254 
0.863175320255 -6.08393199402 -1.49256515109 -1.65113891922 -0.628659111112 0.187090372859 0.451507694498 3.26062539263 -3.27267111722 -0.0775594415019 
0.864393761123 -4.93889701329 -2.31523767311 -0.951337961441 1.45902418603 1.28334428885 -0.562271488905 3.57213690395 -3.56551943359 -1.15162916582 
-0.00233839917698 -6.20567877852 -2.30795321329 1.03501761497 2.4496762454 1.16371705607 0.237291378717 4.24403711475 -2.58173636542 -1.0333468943 
0.236296603314 -4.03175990602 -1.93706663207 1.74633977857 1.3532110344 0.549808795471 -0.11848550909 4.64576949647 -2.78347383796 -0.204912520091 
-0.681799919539 -3.18884789246 -2.88657769903 2.71203454953 1.99662697704 2.63698043683 -0.156235899878 4.64848389523 -2.51675802218 -0.0507606601708 
-0.380166778442 -2.09834241518 -3.42645751748 2.10852412539 0.880893151486 3.66727047959 0.534344727654 3.20047357484 -2.38664843865 1.08782016332 
0.318368019446 -1.73171140982 -2.44528328459 4.17852087033 2.49539515358 3.42996874615 1.07212147933 1.95022177595 -2.35132799693 2.55735859151 
-0.670937467433 -0.321797491236 -2.91513119123 5.53679203904 2.67283999379 5.81667894865 1.53603424484 1.51547983479 -2.69018191744 3.13113214926 
-0.923182611021 -0.882792953095 -3.83489459606 6.05657299161 2.57157066831 6.77338087933 0.481176585258 2.14497558557 -1.8241721802 3.36337273527 
-0.838402056778 -0.215374239396 -3.06519400756 4.81353002349 2.91516690359 5.37723226447 -1.17818644704 2.74273644358 -1.5382366285 2.54105371632 
1.78714900098 2.97105113893 -0.766140784012 2.99330265556 1.89821214281 4.53903462844 -2.39994754374 4.39244879218 -2.59874122173 1.0114223948 
4.22188074946 6.82375312135 2.38029138122 2.84996758341 1.26754231032 4.46410957959 -2.48869459259 3.87548517686 -3.52006791337 -0.183274061533 
4.85652263256 8.99057271414 3.41954869024 2.57046104467 0.590882882861 4.37549353056 -2.24574981238 3.23532309229 -3.81061159689 -0.808858946707 
4.52183454098 8.08177969808 2.94534633038 1.70753958999 -0.936332685283 4.97299624566 -2.00364290081 2.99324667453 -3.74607062066 -0.492262435649 
5.6030614209 5.30562561133 2.64927247773 2.09185363578 -0.557227926379 4.13973625524 -1.64055570032 2.39847648823 -3.07630052689 -0.0640691235933 
5.442763809 1.30686382537 2.25597175661 1.79965451946 -1.52115277302 4.55769915023 -1.93933414177 1.94189648412 -2.47353019758 -0.161636935373 
3.28885105821 0.750632973943 -0.865740691304 4.77461254074 1.60764743591 5.59706766158 0.0830750352315 -0.185106932965 -1.34891406821 2.0935970826 
1.44154550343 0.359254380285 -1.44146922539 4.9345649997 4.61471636926 5.80923063733 0.906289863351 -0.556593402735 -1.17191629205 3.41720624427 
2.11148179833 -0.42110927181 -1.57856625265 3.51648519748 3.822150418 4.50514171366 0.746155573603 -0.332950135047 -0.470334058813 2.7388053229 
4.28345079047 -1.42907745197 -0.49077234132 0.942586217137 1.71092095203 3.85506155978 0.79805699952 0.876902635162 -0.933531779527 1.34714423117 
5.20919054741 -1.53840800595 -0.854950239148 0.0994740196995 0.864967380961 2.39018200685 0.398323003861 1.18073324126 -1.36958517379 0.725440414064 
6.9589016679 -2.68656698463 -1.83915683487 -2.42060965801 1.38934380141 0.828210946004 1.07784287861 0.908055681287 -3.10240564068 0.92628867951 
6.52286924865 -3.0328056251 -3.2503173916 -2.72818890785 3.51573821092 0.15781264358 1.76148146938 1.65500388538 -3.0251232201 0.646445646319 
7.24225491019 -2.68139791244 -2.58222469932 -2.98180245606 2.9784123324 -0.392352146442 1.00441517784 0.0993623614181 -2.69237067158 0.88847899672 
8.54071454499 -2.85066757092 -2.49011203703 -3.64615031417 1.40422738913 -1.47071493504 0.45676852402 -0.618961247254 -1.70372577357 2.09773195253 
7.44102748668 -2.93751279063 -2.373772502 -3.36054830954 1.13822128463 -0.556666674527 -0.261234080072 -1.30422040462 -1.37569271051 2.46815810945 
7.44502912118 -2.38190200828 -1.94635023546 -4.10322678729 0.758095782046 -0.190844715383 -0.590484964685 -2.06013939416 -1.00013528145 2.87750477648 
6.24025102057 -3.65404449114 -2.37875751522 -4.62037021971 0.463387931573 0.142808225039 -0.694875510158 -0.842678017423 -0.748184126901 2.5040126663 
5.44871473277 -3.550070018 -3.1255580941 -4.32916581132 0.9510598049 0.441823207375 -0.68956567525 -0.0363880669219 -1.23418806379 2.38073216658 
4.8290685209 -3.15452014431 -3.96620144512 -5.24535370544 0.144489362584 1.52441400675 -0.429664871291 0.586197504696 -0.853133727764 2.18385425919 
5.19890359156 -3.6449929529 -3.80736020072 -5.18434334062 -0.363086663179 1.03409112348 -0.572898668146 0.610525303869 -0.676424311781 2.13045760151 
5.71718749576 -3.13629554854 -4.26033167847 -5.86909534147 -0.547506937429 0.996071494778 -1.16704677538 0.732387366053 -0.715845951894 2.33610171915 
6.39385434912 -3.76416708782 -3.11249061243 -5.22053825843 -1.19550975373 0.573236849408 -1.80166270619 -0.0223003087928 -1.091520405 1.93925734176 
7.13043665554 -2.73240987491 -2.18140161905 -5.46578294644 -1.71972431863 -0.0944349590171 -1.09099380537 -0.521676320437 -0.519745514106 1.58933709283 
6.56975549897 -4.11227347952 -1.91915606784 -4.32996428115 -1.86117831346 -1.03883705271 -0.746964497817 0.495415247341 0.0488166986123 0.94768071374 
9.83657576534 -4.50330355275 0.782264938184 -3.39552800725 -1.56502196356 -2.74088224908 0.215428800579 -0.581951799783 0.856868812037 0.40694418672 
9.47724157942 -4.93513735777 0.868535663845 -1.21547727407 -0.0914773879707 -3.29876646623 0.88121718606 -0.934229292816 0.790214290942 0.607894809232 
9.73028225723 -4.373880102 1.97017762694 -0.582733032714 -0.113941407652 -3.46575749177 1.5139246261 0.237639064279 0.474827004979 -0.542952553748 
9.63705243625 -2.32929447893 4.48244707913 3.01132887816 1.34213987458 -4.60732107171 0.869368430586 -0.0766382327756 -0.430015631451 -0.544812489567 
10.189527092 -1.56832567564 5.34651799049 3.31637485709 0.931009010197 -2.82605806486 -0.768861759611 -0.9496749222 -1.64412489544 -0.779379701118 
7.04919249063 -2.31970376947 1.17979714996 4.14331100051 2.11808414905 -0.245124190608 0.645565663924 -1.07623817921 -0.351846239006 0.312737992836 
6.68120659341 -0.882449422541 1.83736196346 4.64287522218 0.566137799233 0.567515827718 1.92966362995 -1.59322096927 0.557511378533 0.794779390178 
6.36394641707 -1.31282902455 2.75184253546 5.27570525746 -1.19329844999 1.95883214037 2.95032810294 -1.79508575461 1.32183081038 0.0775891781674 
7.9941045057 0.262995312613 4.17309006747 5.11845872181 -0.358527669303 1.44514429596 -0.0397844429554 -0.559343149455 2.25569478372 -0.68603317068 
7.58938449136 1.38859865082 4.57688475783 2.62130243333 -2.20143136809 1.81210088737 -2.03883537528 -0.833459046084 3.56393931619 -0.241396639951 
9.05612249487 5.04067491584 4.12077471575 0.212206111982 -2.40972501634 2.03406825982 -2.42974408563 -1.61070338282 1.46500704426 -0.791121145748 
9.24926008364 12.568088897 3.88765648623 -3.03508694195 -2.47573781301 2.53719785528 -4.31728019285 -2.71844384312 -0.954525890508 -0.326030309362 
7.63187054334 14.2851603243 1.86969047765 -3.10899840608 -0.793652420038 2.31635221039 -4.46224414923 -1.26061315191 -0.848144987978 -0.0457129219384 
8.31685673827 14.5030662533 2.68064066881 -3.06038800256 -2.12203323126 2.26776720706 -4.59835784634 -1.35839454033 -0.451663794252 -0.434691431324 
7.28357220939 10.6831817802 0.69608042246 -1.01363317362 -0.458398291414 2.77728965752 -3.56199423872 -1.03942254403 -0.187733195801 -0.576421211939 
7.9151209863 4.53506646205 1.91160622493 1.56409619354 -0.941122331612 1.8835791193 -1.45952910792 0.550778887496 0.722831496211 -1.88109123763 
9.14157850712 2.41190856163 4.1042282929 3.03107617438 -2.15194237586 0.932825087571 -1.57879886253 0.176805924308 2.42272634702 -1.93298061767 
6.17548273349 2.73994206941 0.889840205296 4.4354731324 0.335069172495 2.82085545221 -0.115931031906 -1.41013034738 2.39377370488 -0.380867343936 
7.02158767279 -0.516156962186 1.29579651394 3.8643108917 0.774006619592 2.59646674033 1.00295037685 -0.113357474872 1.81098904155 -0.524205064551 
6.14087223868 -2.3473524717 2.18525964467 4.38325726662 0.492947846587 1.00956398483 0.591263596819 1.76420524191 2.14462164654 -1.03742952076 
7.55177736949 -0.60376222566 3.53075632325 4.28098147392 1.126708735 0.220139435236 0.361633116438 1.16833786635 1.4206067396 -1.67425673297 
8.24425397747 -3.25314907844 3.38074342298 3.3669055918 1.65750127381 0.266946104123 0.530375926719 2.3435917801 0.696832124319 -1.46333245901 
8.75484836379 -3.93131084681 3.19527232393 2.63039061103 1.51993944485 -0.553140916192 1.26411602693 1.74044128395 0.930429178754 -1.44473965161 
10.1939198798 -4.84764359028 3.73167296532 2.77190840671 1.92680101038 -2.00757306596 2.64205910336 1.99737292801 1.13775836238 -0.524660378738 
11.913499456 -5.1171529816 4.86607369561 2.41852419743 2.08382127745 -3.26850934939 2.25579679026 1.98520079809 1.09425659503 -0.721834627792 
13.0495611386 -3.1718903397 4.11425390006 0.202454575938 0.861419192123 -3.12781655141 2.11497948683 1.04243652414 0.65362627814 -1.19258473122 
11.7357684313 -2.91790862456 3.34416921757 0.586465920718 0.927699533074 -2.92249816581 0.698150285942 0.975174423369 1.76070396096 -1.17585095185 
10.5461381042 -4.51393589289 1.15861589923 -0.528189034189 0.47884616859 -2.81370665576 1.71236360897 1.2757693997 0.85833832699 -0.838160812603 
11.2492817506 -3.07626593267 0.883826667434 -2.43318220943 1.02091689893 -3.50829141932 1.59690817557 -0.384080255142 0.626931295396 -1.06580640268 
10.4131696952 -3.09835679084 -1.71258866096 -3.7881207383 0.113080297938 -3.01799818962 1.85031630858 0.34833393045 0.910257666809 -0.627886216562 
8.96787135033 -4.19501726588 -3.92291432753 -4.41967510416 -0.153381181806 -1.31331591896 1.6515720794 0.7559629779 1.01839313511 -0.335797163111 
8.45359616335 -4.02764439313 -3.78701233361 -3.93610653948 -0.0792616720505 -1.65793526285 0.916646834947 0.847081981224 1.28420353793 -0.58453714339 
7.7963888193 -4.33263162457 -4.86677163545 -4.34022851863 -0.1706544963 -1.33543031537 1.08964258827 1.38345158147 1.72089060144 0.171468367797 
7.36569881014 -4.70949421418 -4.77853431934 -4.08018213767 -0.136587001741 -1.3902047137 1.62389076064 1.62069874178 1.93130396127 0.0681897010438 
6.93412112843 -4.54458073355 -5.75469842766 -4.99640121444 -0.409732879377 -0.683365231554 1.45757789909 1.45899607787 1.64808778744 0.353094088514 
6.76813919041 -4.03576242449 -4.73404869889 -4.07243258406 -0.061799144607 -1.58813829324 1.02776617355 1.64491875927 1.61657808743 0.638212946835 
8.06730228934 -3.60463380568 -2.85536584531 -3.69470378126 -0.00339041379129 -1.88092466364 0.807388366815 0.894140759165 1.31486209446 0.151491433228 
7.55084858601 -5.54568447028 -1.95650968346 -1.63986458488 0.611339982221 -2.2358343803 1.39018902731 -0.1655610558 2.06858723986 0.416909489472 
6.18262842062 -2.73983491298 -1.10892967877 -0.351768532195 2.55897926189 -2.25100034642 1.68682060225 -1.01778959075 0.246274852327 0.223633969871 
7.86015324381 -1.85835233205 -0.249440758411 0.0456691202505 1.93031556187 -1.99588113747 1.24694074198 -1.27642874188 -0.57829155073 -0.289902602332 
7.97528559764 -1.86545093565 0.554845721689 1.05126831614 2.41377279117 -0.763459631595 0.820109249827 -1.85057680466 -0.927105629981 -0.438425093354 
6.04572590515 -0.454471291298 -2.20234982556 -0.101981258684 2.48030497521 1.13199452135 1.54798662033 -2.14459065561 -0.112607820064 -0.575246539377 
4.95208432063 -0.979318267291 -1.85684933838 1.79271542041 1.97985706801 1.30696151904 2.18455759867 -1.9491136807 1.54828533023 0.0829055993854 
6.15005194271 2.28463610459 -0.638778522349 3.65911935522 0.78296701346 2.69040482623 2.99061933413 -3.48382041048 1.0280529171 0.441727620302 
5.71061748143 0.33926542692 -1.44794532211 4.06846536733 -0.643693258391 2.30287393412 1.59199459693 -1.60980494874 2.67134643171 -0.206662790986 
7.24427664413 0.768701392359 2.10877370943 3.9132733362 -0.972143057248 0.877521278468 -0.849374325368 -0.39828078303 2.99482842063 -0.875558138062 
8.39254080613 3.45070801468 3.3122148087 2.41776011191 -1.1336587605 1.16559035094 -1.7483409395 0.245706053019 2.17713760225 -1.02615747641 
9.29372630353 5.25436090799 2.73559299188 1.34326501553 -2.34272024361 0.575205853097 -1.96611651089 -0.513209226503 2.14861797973 -1.72764966969 
9.14464323427 6.81442084903 2.06959717066 -0.0592817473667 -3.13641786837 1.93759062095 -2.66833136341 -1.47397502642 2.02768752121 -1.43899710619 
8.95600005047 6.86211816499 2.54084258364 1.06170828543 -2.11481425295 1.73219036697 -2.68569136721 -0.911666164877 2.37380922188 -1.96434042506 
8.96876909525 4.88819820044 2.19209198835 1.92175770689 -2.94691414457 1.76773075787 -1.6794184094 -0.928172626502 2.76518446503 -1.49641680172 
9.36942612126 1.20681978834 3.54788527996 3.26423946354 -2.99081503601 1.9013472456 -1.17935879564 0.170700602289 2.1435326856 -1.87229921123 
7.12110442782 0.0382137439705 -0.0672765620218 4.37106574825 -1.04312653832 3.04846896071 1.50848643191 -0.208054401399 0.999440572711 -0.629058256081 
5.8803395975 0.594324405809 -1.46556741783 4.61840653697 1.59325089057 3.59788372046 2.28289224466 -0.976131867183 0.700267839991 0.296741591369 
6.19247293115 0.00813948184848 0.419871364141 2.68905281825 1.56569147051 2.43840342324 0.921113448993 -0.852465103024 2.27467738517 0.432807336371 
7.79490850862 0.294621519873 0.407129399976 0.704657793702 1.72936250857 1.64370173702 2.7092259232 -2.17934839499 0.693362294908 0.198627517365 
9.52392393776 -0.464934169487 1.36364936761 1.20990847899 1.67850452391 1.22985936475 2.54486983007 -1.57449454283 -0.0842773512512 -0.158166625008 
10.6814349004 -2.45712494711 2.31733980863 -0.188561473569 1.09844885339 0.225248892361 2.10150369081 -0.3714360332 -0.4319379554 -0.429776548938 
10.8000322547 -1.83946641354 1.39017987394 0.397265125803 1.60771481529 -0.693884108197 2.80115952693 -0.969303684713 0.304661222951 0.135524220469 
9.11623221881 -1.98943313571 -0.342724328513 -1.30716762463 2.3324163562 -0.0284810847395 2.06571470689 1.06753215346 -0.32316243523 -0.670531764553 
11.1229579601 -2.02058998309 0.606510904559 -2.78006260455 1.12119037497 -1.22219571076 2.00202656436 -0.488303816983 -0.790731728426 -0.581069114192 
11.054640562 -3.12604048655 0.0832037132281 -4.12294026285 -0.171753431368 -1.57071538961 2.63605527269 -1.00576742653 -1.56087429216 -1.0922228621 
9.61679830992 -3.29839988931 -1.05764870496 -3.29975351143 0.333184460522 -1.152999039 2.40133496991 -0.211937569387 -0.040710019905 -0.187912106673 
6.69126923373 -3.66912636161 -2.81857622322 -3.600619342 0.045828281652 -0.91405494343 1.31315958839 0.0146335407045 0.878640121568 0.418958809701 
6.93055108677 -4.27127532025 -4.39050551816 -5.04740856025 -0.298841116747 -0.0108992088608 1.21349066181 -0.633162677881 0.319308490725 1.03968900918 
5.76894506847 -5.41178899901 -4.78054027506 -3.57614621987 0.907571367051 -0.113378926341 1.08967575769 0.718747343616 1.85400039134 1.30592793509 
6.13652877992 -5.52811059168 -4.15600681558 -3.63323953362 0.581069700063 0.125931898039 0.777666380454 0.0465531396855 2.02845299983 1.24028336992 
4.85067308329 -5.30159847406 -5.3226197346 -4.01120830257 0.874422569011 0.676150133272 0.962826796248 1.16474047434 2.25551935086 1.60561917105 
5.07096966218 -4.87876029671 -5.011344841 -3.82951795797 1.11931249103 0.370332162055 0.855212264313 0.970531250246 2.62511024943 1.55767130298 
6.42905054631 -4.32013357642 -4.11240275909 -4.14419087371 0.817101207512 -0.167663435779 1.14056835596 0.0563066035212 1.983739174 0.857927845616 
6.17235443207 -4.11352249715 -4.15288715542 -4.06360847775 0.778866718231 0.0881486688598 1.30858747909 -0.0532774713012 1.87921736083 1.39645947315 
6.41469698994 -3.98375233502 -4.37169018332 -4.10386858995 0.642780815778 -0.391490495741 1.62116024757 -0.331177378717 2.04669449713 1.09586577486 
6.80410607778 -5.09291886651 -3.42901224742 -3.27163789158 -0.353140263715 -1.18459004044 0.875586854898 -0.254825310164 1.46118700206 1.11810243539 
6.69785889061 -5.34284260867 -3.89011045585 -3.45967621327 0.302693546224 -0.923335101613 1.46004884267 -0.087311851058 2.15576300786 1.72963214461 
6.63231470598 -5.77689240748 -4.02156396392 -3.74956618169 0.0317497845962 -1.0787436603 0.890743206753 -0.809641083768 1.13190635847 2.47676230892 
8.4079041886 -5.00902112718 -2.64825715917 -3.39047822901 0.704519728005 -1.46867371751 1.18064428611 -1.35566583235 0.334069977508 1.23819290865 
6.8873382518 -3.94899435068 -1.68892769026 -0.749313441923 1.71335166198 -1.48225828422 0.221647931343 -1.2250534539 0.524847707131 0.409873648451 
7.11918608569 -2.86908026367 -1.51684804533 0.39783740255 1.53845681513 -1.8580995596 0.791472588412 -0.780813233976 0.140586948849 0.321902058685 
7.56072257349 -3.53512083545 0.198649795899 2.19361838421 2.9392141618 -0.944689343142 1.41787895185 -1.21005767768 -1.1276356163 -0.569400616354 
6.50152735277 -1.74073885375 -0.663063493075 1.88776968972 2.9391770706 0.753502717393 0.844187441145 -1.28189666722 0.26736690134 0.22804585189 
5.22509511438 -1.44052124506 -1.25535606318 2.15493413975 1.95352996722 2.41659341463 1.48398723823 -0.528495892206 1.78073101058 0.293407816418 
5.83536122635 -0.78724952862 0.642292661881 2.62516394138 1.95120981253 2.72188306945 2.20907596416 -0.7520910302 1.53023963309 0.457552402769 
4.71685451247 0.177567661738 -1.62693451342 3.64775051482 0.488257926104 4.58679120829 3.78652252919 -1.19077367035 1.08623916465 0.706339845751 
6.13544072415 0.474810433989 -0.240934055873 4.44222435415 -1.89614599474 3.99866500971 3.0304907233 -0.804131426659 1.68678134319 0.309773851583 
7.72110717404 0.402992840051 3.46677457562 3.73786670635 -2.79143293882 2.60613787798 0.881885285348 0.0895126032606 2.90488978017 -0.886421114833 
9.71106322859 2.88621993135 4.09673185733 1.51154767904 -4.28352317788 2.60776731168 -0.983462306188 -0.596502659426 3.1572766937 -1.22804809399 
11.5590328349 7.77125037208 4.68425993263 -0.449557684951 -4.40904009034 2.47580899796 -2.61883192224 -1.30704463116 1.77963550436 -1.07109822401 
11.0096167237 12.0418107158 3.54288204637 -3.41702637178 -4.76352196979 3.97503029998 -4.4962949583 -2.17235316096 0.141991094509 -0.0572940699575 
9.5697596836 13.8671281631 2.80482443804 -4.75661106924 -3.02860407523 3.47163902374 -4.01414577387 -1.73878940723 0.0545482181565 -1.59519339625 
9.6610504048 13.9873023591 1.90260089001 -5.86866384026 -3.53393460858 3.21131783563 -3.64927882512 -2.28163911388 -0.0814431011372 -0.693322707048 
8.69430248062 13.951073398 1.69757745759 -5.23808762539 -2.97324350007 3.68738805204 -4.05473273504 -1.73278932568 0.00181643005169 -0.727568147986 
7.69788875253 12.9534079461 1.05328128189 -5.0935033791 -3.39184477753 3.74504341637 -3.57888396433 -1.79351605911 0.637068390835 -0.496356379271 
6.73707885116 9.9188218589 0.379731743027 -3.49327152899 -3.46240806292 3.793453089 -3.44748374449 -0.866794511866 1.17621297161 -0.842861611482 
9.30465808897 8.50474231144 1.94821905978 -1.95503321705 -4.12629843131 3.63889782162 -3.15841875455 -1.60202399786 1.25790539848 -1.34480331677 
7.89946202361 3.06003300088 1.35100634432 1.08432247144 -2.38608318205 2.44930524936 -0.505018016444 0.371755961215 1.87150020705 -1.83462274716 
7.97325538075 -0.848754700609 2.55654472378 2.96974592608 -2.22208542517 2.50278909205 0.803784664644 1.53606532101 1.50591325 -2.17829016031 
4.98656183083 0.0751187586041 -0.0572485665863 5.38260405248 -0.114522065544 3.72878923613 2.31989984659 1.32568223911 0.780642598968 -1.00033499657 
2.81475903321 -0.639396399181 -0.979421396671 5.69740815393 1.82242909891 5.16573405426 3.48825667364 1.52679936329 0.559274888186 0.502368238493 
4.59627826639 -1.05940570829 0.820338035252 4.30101704447 1.29391666361 2.69848492174 2.58988296708 0.995313461215 1.01898722059 0.568597713702 
6.87876951666 -1.13383623612 1.20019042505 3.26623043202 0.59354836758 2.40478838252 2.4863418523 0.412860343419 0.337575245175 0.175754110535 
6.92035625458 -3.00189738936 0.795277497346 2.4748532525 0.0239416469019 3.22837196531 1.93718909463 1.12291205957 0.287040906992 0.409457514268 
11.0689611584 -3.78358252458 1.55269871975 -1.10292508203 -0.993906598486 1.83987373658 2.32136172841 0.409632554277 -1.41018541994 -0.153757960068 
10.5818906362 -4.42015250042 0.589652753778 -1.91106701985 0.262154287342 2.20325669082 2.20293371394 1.32083219887 -2.01380610763 0.315301144079 
7.85429174062 -4.73435226282 -3.16628350976 -3.51907523278 1.4518622328 2.06224274946 3.2172890781 3.33405360411 -2.27352528649 0.307940002172 
6.94956409618 -2.60872524841 -4.94457624778 -4.94165487539 2.20102220197 3.5354754775 2.73903873185 2.20698302672 -2.97761785731 -0.0700011624889 
