-22.6862704321 -6.3902253421 0.705009212924 -2.74553677539 1.0261371955 -1.33535067738 0.262913129198 -0.569376008792 -6.84137869631 -2.53782731195 
-23.483202795 -6.70272542279 1.47506252909 -3.74223102586 2.05140647959 0.699911471188 1.87287678966 -2.42741003205 -6.46390882351 -2.04032492949 
-20.2135443751 -8.36369773645 2.71195984371 -1.62686237129 2.16007462406 -0.720218874893 1.95637775864 -0.935837427811 -4.34233998852 -0.675838947435 
-19.1024392832 -8.39447521348 1.88791289534 -0.090530135169 0.716443285915 -0.0800396989524 3.94057038644 0.274535847396 -4.4694047189 0.205193518594 
-18.3884741547 -9.8702213376 3.25376398124 -0.314821869707 2.090027041 2.92316439186 4.61278674454 0.694615170449 -4.7654449015 1.47741807542 
-22.6534472895 -5.68773149485 -1.42476242178 2.73398154199 2.25586667513 2.40658446712 1.71920679847 2.83090480807 -4.45034447212 2.1950488666 
-22.6919245099 -2.96764171495 -7.13323411701 4.17060662043 3.54679441806 5.99800255466 1.82363897048 0.340074826882 -3.67670334198 1.78378680345 
-21.3763583942 6.98464658743 -12.5686606943 5.52944386312 1.0770169293 4.06636094817 -1.80565282196 1.85907480935 -3.86182407162 1.45334240383 
-16.6797956201 8.64828737811 -9.42890524362 3.30280675229 -0.155635618747 -2.66989099463 0.355426023118 2.10298527082 -1.74455061082 1.48027089025 
-14.3624617282 14.6415008332 -5.95474879911 -0.695008762973 -1.00594908854 -4.87345328827 1.21015661132 0.160442879767 -3.78989588491 0.972159313852 
-16.4245087201 24.1679125304 -1.48243503199 -5.52217671238 -1.01848315576 -0.382153995853 1.02801079868 -0.316975837144 -5.12231875113 -0.223270232721 
-2.48628800928 24.5052586321 1.26839719499 -0.324564962742 0.520582886099 5.59947357792 -1.42452487999 -1.15828073746 -0.577971456264 -2.79464867909 
5.49318721849 14.6276105324 4.53468630045 3.0073421118 4.69714839204 1.90666223358 2.37883085112 0.67214642862 -0.98798261974 -0.713768171656 
13.374518332 4.42490808801 4.24404769646 6.82890795089 6.3664664589 -1.68853043049 5.71816478643 -0.790866249753 -1.5610248418 -0.393178826876 
13.4698557708 0.897520824056 5.47614921026 5.53079008897 6.08575411827 -3.36024833055 7.49078609436 -0.198372416596 -3.412463525 -0.933495657621 
17.5224434471 0.0835132264663 0.734063112165 11.0657407077 1.84513932413 -1.33046357182 1.51446005014 -2.47637561614 -2.44469448684 -1.50134666539 
20.8574427306 -1.36223818358 0.568936226537 8.292272529 0.114671457163 0.550904740587 1.85625270519 -0.0672629261661 -2.74066445523 -0.462043293484 
22.5806356842 -3.73012269825 0.661520997579 5.36116710128 -4.29683798419 0.684805897346 1.09856728613 0.0672828840569 -0.928328238315 -1.55680197452 
24.696940163 -5.00406009621 -0.00642454474409 -0.448269032742 -6.17926108929 2.63219201045 1.69536273277 0.713696047296 -0.353593921571 -0.908457931368 
25.7671066135 -5.61740313791 -1.09918383284 -2.92727425079 -1.8870225341 0.993931208434 0.211569355587 1.2037270723 0.758350791168 -0.134204488139 
25.5228362907 -6.28928988041 -3.58744409878 -5.64860503247 3.17797038859 0.409677240273 0.143917394376 0.0820379003428 2.13114526158 -0.82690322913 
26.1285230685 -6.2593817942 -4.17897457024 -5.407842689 4.77158558249 -0.243449506529 0.406228108693 0.158348675835 1.24367239699 -0.715882637794 
25.735461958 -6.30143704213 -4.27253727289 -5.63779067992 5.14433927615 -0.397495929379 0.492168338821 0.384930708947 1.7189205673 -1.24030305675 
26.1329283503 -6.30240783326 -3.78773435097 -6.2663418747 5.78508238792 0.356454166914 0.444984381105 0.966852189469 1.44706578726 -1.24333634122 
26.3132067505 -6.26856418053 -4.09178751088 -6.59412145839 6.40676312322 0.976127910371 0.299952605349 0.991542557135 1.3680975181 -1.62998170343 
26.5244925804 -5.87964202653 -3.52382780164 -5.79558133787 3.57650241388 2.65390260235 0.743025436288 1.10741725123 0.0633532003735 -2.18576007189 
26.7179256934 -5.43009533164 -3.64979537263 -4.26687350051 1.7935617334 2.73450332919 0.222773954814 1.21563454214 0.132349782291 -2.42474025298 
26.0757910904 -5.55792411286 -0.996548144379 -2.58749913263 -1.71588071198 3.71878969259 0.916959126698 1.69773210148 -0.504605950999 -1.40791084217 
23.8895730254 -5.10067231388 1.52889628848 -0.398827077903 -6.88421009899 2.80576906134 0.488250299767 0.901702760438 0.438792944583 -0.800373880213 
23.7306482062 -3.33402983902 2.9985423137 3.78317218815 -5.48424768494 3.18518116845 1.83806554751 0.898344770587 -1.57867376365 -2.01657842597 
21.0650414296 0.0415422109414 4.91503089223 5.81207801628 -5.77836102517 3.13151387359 1.3859545862 0.0121373288289 -0.431145242658 -1.08191006346 
16.4006564441 3.90484189015 7.96821131142 8.13703186291 -3.53526861896 1.23414268496 -1.26189219291 -0.364652025408 3.25501755262 -0.133406107866 
12.7876592126 7.54792562358 9.15251960001 3.2255144316 4.35640784336 -0.195737847635 2.08704803909 -0.797851528848 0.613292231413 0.778115559019 
12.237483076 8.2965160379 5.25834469147 7.56994957469 5.68012905118 1.93630858295 1.72277302687 -3.90379403388 0.696911062188 -2.3618253721 
4.66380424685 14.2827394252 8.23123599084 4.4400064299 2.05554661824 1.45517477157 -1.98118063141 -4.7052748934 4.02717420199 -2.02412945924 
-11.3896610558 24.5573595267 12.1384354623 -7.42818408239 2.77138092935 4.58350153397 1.17549759268 0.243562166559 1.78243548996 0.616585346887 
-10.705326079 22.3052929552 3.85736523802 -6.46323993996 -1.43255151646 0.286812780284 1.68684318806 -3.49546706527 -0.0385013166357 -1.83025837454 
-13.7692160582 18.1772483941 -1.84103860495 -4.09608285976 -3.88308813861 -2.44175681557 1.72919795821 -2.12934526872 0.775385590968 -1.13373287739 
-11.8109438779 9.80435401251 -8.46631362759 1.71837649517 -2.17247700766 -3.99794216525 2.35148790933 3.14744940005 4.40656484987 0.291347740918 
-13.9564321769 2.97851053944 -11.2650044376 4.75240953052 1.05146081912 -0.603592298129 3.16903268154 0.805966688511 5.78208766294 -2.43852048241 
-16.1837330125 -2.51159257203 -9.89972171627 6.13021664808 3.37936899406 6.48783806687 3.76670509416 -1.87937150748 3.81749009671 -1.44335641076 
-14.4838785365 -10.142406533 -1.98774936397 5.67679306686 2.28170627276 3.74575204899 2.04761100146 -0.954301474235 2.50385207827 1.35646469922 
-12.7044633726 -11.6268501565 2.59761428218 2.26011836806 1.97828853542 1.0814349676 2.85376767404 0.549656794408 0.649926831373 2.26450070382 
-14.9864001744 -12.7784110533 7.1434555686 -1.14832956199 0.283136088553 -1.98732694481 5.25764825438 2.89739205063 1.79772855813 -0.37018995835 
-11.4094838815 -11.0339129741 5.88204212014 -0.609014624769 0.0319845620674 -2.8637320581 1.76715085062 0.912787574962 2.61207039754 -1.97265572331 
-16.7945326047 -11.8135726817 7.26844311823 -2.25598290811 -1.79512187884 -4.46376730371 1.13389584226 0.178508084438 1.98418108861 -1.13299586415 
-16.5855233319 -10.717236813 5.32726943757 -0.447580492428 -2.13636702036 -5.07122486813 -2.86051248855 -0.833796447509 1.70305904421 -1.52140126229 
-19.5688426546 -11.4177640487 4.94992012246 -0.380305310547 -1.85721463732 -4.10560092624 -3.54034360949 0.0403372520259 -0.0915591740633 -3.50308884187 
-19.3134897357 -10.6270740387 4.75155328644 -0.327378411731 -1.48646900497 -4.76295114463 -5.63423501128 0.0310288357063 -0.091688948827 -3.55389295223 
-20.1879200068 -10.9176771277 4.28287779782 -1.41834091319 -1.15044446801 -3.58469308814 -4.91283700065 -1.74886654881 -0.0410405230822 -2.73705438117 
-21.0063696932 -12.6296315878 5.19455830775 -1.47394291016 -1.13639163729 -3.34419061392 -1.3906289155 0.657610920517 1.16288379648 -2.8072771632 
-17.7792488464 -12.8427538932 3.35948573472 0.225701175641 1.19487042004 -1.48901806752 0.387706687915 1.86936139227 -0.539084602325 -3.49234795568 
-18.9996332389 -12.9813818302 3.12437704365 1.00690490857 1.83461980491 -0.133301536392 3.6262531839 3.31086338607 -0.212625597729 -2.10318639973 
-23.5891050463 -11.9068318669 -1.01500426615 3.39500488098 2.0966333755 3.00619995592 2.09979388241 5.07660311152 -1.64505957687 -1.94298710304 
-22.3829221731 -7.24285424913 -10.0713643014 8.22665768605 2.52933109198 5.52042795593 -0.450767810692 3.44024537629 -1.5547526121 -5.16407309993 
-22.4230651916 -0.658552613727 -13.0729515918 4.44513276735 1.1679206495 4.73652980321 3.37113073675 2.02961918788 0.147121231669 -3.74041126601 
-20.2652616182 8.94390159499 -12.0258708549 1.70267723032 -1.74000071487 -1.96564652769 0.941086582626 3.63241261228 1.40931407815 -2.16039883681 
-15.2380689123 11.5174829013 -7.71076927494 -1.70123143657 -1.92305860208 -1.80328029431 3.01596080135 4.24878108812 -1.00206009972 -1.83221753371 
-10.1884759491 16.2641270379 -2.7955666585 -4.59371478754 -1.50035943958 -5.53980294738 2.61188840954 0.566339078301 -3.2405969517 -1.2298151621 
-9.24895201776 18.8937254213 5.88915113834 -6.31235611257 0.114406127273 -0.586389117045 2.46645995955 4.13675656871 -2.14604550204 1.86285945808 
2.78083057695 16.1571754313 5.3108768116 0.44493596508 1.7751153971 0.117906576908 0.662585519029 1.40013013518 -0.131554806341 -0.17916520243 
14.2410753881 1.9275707573 4.45817660708 5.98256247863 5.48300760929 -4.95282763961 3.59065191997 0.069104382433 0.168502505973 0.436436478323 
19.1577678865 -1.53179724048 3.44448318134 7.8585422332 5.26903951589 -5.3864148986 4.43318944928 0.434427354462 -0.425523221817 -0.392778860815 
14.6753624835 -0.575049500874 2.73815947428 10.3423498023 0.997371996085 -5.4163008412 -2.21642956578 2.06925760127 1.00554279577 1.56687211767 
17.9904374797 -3.38685770787 2.73354958142 9.00972398313 -3.43908568788 -3.48419981604 -2.11326730203 3.52775728799 0.603585518805 2.14949778319 
21.4180078047 -4.85992979161 2.15920646009 5.59129926304 -8.10881708645 -0.338846667017 -0.0698700268627 2.0756681438 -0.00772043952995 0.0531215882385 
23.2374051631 -6.15743474755 0.295730819264 0.571212492864 -6.92182020063 0.885148899351 0.7353040985 0.301252969811 0.791041070668 0.399944100283 
26.4002143914 -6.37534648676 -1.93475243724 -2.65451660618 -3.3288717731 0.313342051188 -0.48787528756 1.42630625165 0.744591531933 1.11370169949 
27.9857134082 -5.88514756109 -4.1732851932 -4.33043964521 -0.136516381003 0.0239549611851 -0.918569285812 1.17411268704 0.115539047508 0.122037481549 
27.3887239755 -5.40082256998 -4.36336044284 -6.2028119059 1.31516090863 -0.545982841095 -1.4206759181 0.398254484642 0.836726794007 -0.914792246966 
27.3392686069 -5.88597771359 -5.22587265442 -6.94908524442 4.52268284698 -0.454299692053 -1.0117859063 0.389956027378 1.09874285026 -0.886527612549 
27.2767863731 -5.67667462395 -5.09754055019 -7.22813239978 4.11164774152 -0.213152063391 -0.846150257531 0.255335188856 1.07277216517 -1.01102207541 
27.7697939122 -5.20466088631 -4.66727543643 -6.4802149934 2.24870764055 0.829114451692 -0.832277106415 0.315433514288 0.525140919357 -1.10128066071 
28.786866613 -5.47391826078 -4.29725315394 -5.27484686309 0.869622603712 1.38576966788 -0.772106047808 1.41144820305 -0.580321510545 -0.356672511445 
28.1609336001 -5.65255845673 -2.6872991597 -3.09566657685 -0.748816612806 1.13993151415 -0.245163755327 1.87273419789 -0.747900976171 0.432356108682 
26.2135322829 -4.3165625467 -1.57089054374 -0.935414276682 -4.00270082932 0.874721978254 0.162199261017 0.33161704801 -0.533023442629 0.745129106401 
23.8927866876 -3.24039539417 1.89816095631 1.89714368281 -8.23166248933 1.51595369171 0.618659738504 -0.652598431832 0.2172094566 0.259806032968 
23.8432252525 -2.38713581022 2.38447678242 6.23697355925 -4.25223400225 -0.0862201614871 1.18121780783 0.284466467505 -1.26381971015 0.640536616267 
19.5202647848 0.989894030781 3.12382830243 7.46425634751 -2.64295058475 -2.65730942535 -1.90129853503 1.57191522734 0.0328036748991 0.708994241057 
14.3006350935 6.62427463135 4.53681102861 8.1780515183 0.741637349359 -0.828310338618 -2.0406892486 -1.07165665922 0.788292673545 0.331690726002 
17.6104267747 4.52343475414 6.30702541089 4.66727432678 5.81083568722 -2.07233014195 3.79394662057 0.183039977203 -1.10440733213 0.433231007105 
11.8271593335 6.94747781042 6.41088550575 3.18354082156 5.39333182066 -3.55960181129 4.03663602215 -1.10077753821 -0.605855322315 1.21262574727 
6.18518098181 13.8367296918 6.70116828673 3.08083543712 3.73247548108 -0.0433893186032 -1.12524771793 1.19964814483 1.97954395168 0.148459720059 
-4.59639159559 22.2283532508 10.2080577401 -4.26137056393 4.04038600823 6.47333281181 -1.75881197721 4.68940052658 3.25730404572 2.16821681984 
-8.64391882887 23.5762774585 1.21922182777 -6.19421449186 -2.85344853918 -1.54316414053 -0.363380280282 -1.58787543608 0.13360867385 -1.8355352399 
-9.77398038172 19.116718813 -5.28693590507 -2.38734444415 -3.0068615778 -1.25649842268 1.18209554024 -0.598752295206 0.69869658604 -3.32168220353 
-15.5246141606 14.3390664433 -10.8631427961 -0.476093629336 -3.34053376117 -4.32816231993 1.33511880684 0.55462030113 1.11227821571 -2.2069262573 
-16.9731471772 8.28839830546 -11.7646653363 1.60096798256 -0.51436722792 -0.50336870522 2.05723205682 2.12870164362 1.54935284936 -2.11722505514 
-14.9229685454 -3.29862025533 -6.49871470311 1.30518628663 2.28876527003 3.15079532538 6.93267208358 -0.824205760584 3.17926366251 -0.636577697635 
-17.8037735932 -5.25564587116 -6.7249274593 2.6933739896 2.81949337377 4.5177320805 2.31868310059 -1.95651117268 -1.02189750983 -0.87760949371 
-22.7803096735 -6.86668404525 -0.0978403217414 -0.0466210501753 -1.87263582007 1.45334793134 1.29319648665 -1.95373876532 -2.20899372787 1.64978571209 
-17.7950375491 -11.8869653445 6.11673528437 -3.10317136415 0.895456230236 1.68861650465 7.2691591038 0.468052150595 1.25460753396 -0.273578233168 
-15.9624590926 -11.6716298906 7.81635931987 -3.87213928621 -1.30379395865 -1.24008787279 5.93284350629 -1.657114877 1.31634261914 0.512562318717 
-20.6516186806 -10.0832613984 6.22449051887 -2.84213822102 -2.37245500232 -1.64869944939 1.82272805474 -2.34115654061 -0.424315152602 -0.431673723816 
-21.5232416807 -11.6288635865 6.12860514823 -2.99322953478 -1.47906069569 -1.10522918658 -1.78553070855 -3.84694261615 -1.08507614371 1.06508028247 
-21.193111707 -11.4264600877 7.68631666192 -3.35096781176 -1.93569252253 -2.41491157573 -2.43234973901 -3.67547981666 -1.07136980548 1.1660397096 
-21.6726896275 -10.7874477345 7.28700353157 -2.86907395421 -1.90985057923 -2.05026444604 -2.86301801487 -2.65730071998 -1.25669377458 0.521671052477 
-21.903665038 -11.9473272837 7.44634748602 -2.68887971084 -2.03731488447 -2.29299830047 -2.44424027788 -2.60684632697 -0.805815058249 0.69527143255 
-21.1976619427 -12.8066251262 5.96734668965 -2.08555472574 -1.68078429121 -0.369725649291 -1.27357181481 -2.29902177443 0.241548109945 0.436002616131 
-17.557990539 -13.4283637139 6.04335813717 -1.51605479166 -1.25280022767 -0.0628365974887 0.31699661941 -3.08124869081 1.03226918639 0.0346453635193 
-16.3615890079 -12.556475595 6.09242752418 -2.18427734478 0.0502128945926 -0.723761192343 3.57711309031 -2.94506494825 0.873017853818 2.22320324012 
-19.7525266716 -12.0521062863 2.67475957232 -0.630033866581 0.954270529488 2.17782770613 4.69126119988 -2.5956509369 0.164470716783 3.39106157408 
-21.9243898313 -7.23097939015 -4.91787115183 3.61429458854 0.245174712656 5.04758337792 1.72303669414 -1.84012513269 -0.831127845727 2.69312991728 
-23.7523102497 -2.70728864663 -9.84891797322 3.48675817721 0.316267256733 4.25434192207 3.97564543047 -0.0884735102383 1.21151524477 -1.17195602497 
-20.2934004655 9.11155865137 -12.9118604977 3.19595596953 -2.1166427703 0.150458467271 1.24096646777 1.16130696203 0.847394536275 -0.639048818397 
-19.8762721748 12.1044000867 -6.20647184362 -3.42051723861 -3.53631070032 -6.29510767772 4.02811390482 2.27546786827 -2.29947936769 1.84231514223 
-16.0390516719 23.0617958315 -2.63300988657 -5.14069515171 -3.65548621283 -1.31069324089 1.16325582037 0.554445693038 -3.05572374496 -0.585327371635 
-12.6222100814 22.7297283213 5.519879636 -6.50730664692 -0.121093990303 0.346006876114 2.10950804756 1.2671116483 -3.70473626623 1.00928887446 
-2.93092927103 20.341619438 5.56535823393 0.384140318403 1.50019925198 2.55291501192 -1.53096095666 2.63634954638 1.52469604493 -0.322861429707 
9.31925421857 10.2013869439 3.37468543024 5.92938837526 4.1035788435 -0.921535924916 0.985257609482 -1.69284895666 -1.70033262955 -1.29970616359 
16.8695389224 0.922686545654 3.33483340305 9.05863224445 2.36535616927 -1.6510031845 3.2370037629 -1.03905943949 -1.34561866496 -1.18820457743 
17.9959640069 -0.470507251276 1.37607042371 7.62994759689 -0.735386123003 -1.54814930919 -0.268554595111 0.526397060821 -1.32638879902 0.428879173469 
23.8951712463 -1.99325223796 0.689714956873 4.81811663168 -5.47338026694 4.66096343684 3.39469268734 -0.967046899441 -3.79900668342 -2.09136098796 
23.5306965669 -4.63424923473 0.154340123848 1.353433101 -9.22108542595 3.18689421297 1.41910061811 -0.74599573461 -0.447595363433 -0.76530632848 
24.8143645993 -6.32448988011 -0.340386790858 -1.37529101829 -6.31447151523 1.54304903828 -0.229648137926 0.024627605485 1.21332888445 0.188988411779 
26.7642898317 -5.50407948196 -3.14002435007 -4.55913065345 -0.627180660429 1.54184237629 -0.321750334247 0.477299838763 0.415490425809 -0.559133754691 
26.6434417665 -6.1474919357 -4.35880934141 -5.18706325023 1.95161193682 -0.339825274831 -0.415654705658 0.105976852735 0.66709780291 -0.965956500276 
26.3436052057 -6.17050625276 -4.86489075508 -5.32693830872 4.98453153331 -1.35827030099 0.231403865196 -0.220398560732 1.07779264974 -0.665283194287 
26.6704706334 -5.78249390046 -5.30313551821 -5.93678153198 5.35500586792 -1.60702153383 -0.08204620751 -0.690101013424 1.01267250366 -0.272692461742 
26.371357879 -5.88815600312 -5.5165199937 -5.98969989252 6.09506979892 -1.21260259436 -0.315963049865 -0.561913263144 1.45399340639 -0.744378373248 
27.2010583851 -5.86175008986 -5.36746031754 -4.85007274364 3.96338345376 0.152513098437 -0.360281180865 0.454096661725 -0.0394146551083 -1.59602493522 
27.8205246595 -5.86725845632 -4.15714496557 -4.44458431502 1.39668243192 1.14639036418 0.00078063506709 1.41933885373 -0.729943007549 -1.17639680636 
26.5609858979 -4.78055329817 -2.95889291324 -4.11786088682 -1.46173036891 1.78360866952 1.46478927205 -0.106300015799 -0.777451477435 -0.918640249489 
25.0730185193 -4.0435308544 -1.0561096674 -0.62231158781 -4.49430620717 2.07052430797 2.05278607743 -0.733890028558 -0.739489448579 -1.33064329882 
23.3218578731 -1.0741238104 1.97808875746 2.53061367674 -8.59263568839 3.42422308124 1.92398378599 -1.9403041017 -1.1910955809 -2.58961960225 
23.3949194913 0.303333501205 3.45434704472 6.29091111943 -5.68802640981 2.87972159956 1.94158730381 -1.15825875107 -0.699165950812 -1.67994484996 
16.5413988483 3.8624583694 4.92429733902 8.12759535095 -3.96364664232 0.50895130813 -0.32505084309 -1.37178886915 1.21804669898 -0.355436949587 
17.5197115117 5.58539525884 6.09527281764 6.01842168314 0.93967081535 0.581072703939 1.33863830971 -2.92641407342 0.224480368527 -1.47437578964 
16.456110801 5.18458044531 3.01637179978 8.6326674632 5.14846504013 -1.76655527785 2.34039427559 -3.83869607265 -0.680881661704 -1.79658164185 
7.80794218354 12.3795492421 6.91630447413 4.41977654775 3.45161152151 1.21948728451 0.398275967211 -4.14505766721 2.472554123 -2.09843793988 
-5.30926340543 27.1070680295 14.7138065033 -6.0655668085 3.31831504496 9.86455133666 -0.584476038437 0.447456104533 4.23717725006 -1.89384861717 
-9.15391444405 24.6375527584 7.05143545719 -6.38569823278 -0.629248099108 2.20581064246 1.25979720095 -1.63779051044 1.33243438761 -0.851281365648 
-8.57619361185 17.6590105349 -2.39042234895 -3.6413289427 -2.89740514437 -2.8458617099 1.81117542413 -3.14388515249 1.61950893876 -2.32776555484 
-15.2529282016 12.4410158364 -7.06840670273 -2.52970378159 -3.83535270433 -6.58204699932 3.89041513736 -0.755859804511 3.51539774618 -0.75839587059 
-13.016671779 6.48582054073 -12.4407858523 4.84159207711 -2.71922028558 -3.62573474022 0.735724350341 -2.66353355627 3.59674294269 -1.48122412054 
-19.1883486773 0.803454209949 -10.5462603309 3.59964794985 0.632243253121 2.41857498995 1.08258304432 -4.15978975898 1.91048563131 0.283763420673 
-19.1350949063 -5.65070871643 -6.97898383219 3.94754770811 1.17995008468 2.82338462375 0.892237606406 -5.78162167089 0.62540824758 0.989159289644 
-22.5319944138 -9.20918029985 -0.947213955015 -0.0328649675069 0.102885130198 2.60757887133 1.11710509585 -2.05896832945 1.19821584162 1.36422372239 
-19.3476270895 -12.0223658385 6.53182146047 -4.21218008944 -0.635587246534 0.442590223772 5.3562027217 -2.65307614574 3.32145977043 2.42177315508 
-17.5031986514 -12.6044375418 6.89615324918 -2.54430689217 -1.34868120189 -0.455855469401 3.28862570763 -0.796626495709 1.34927035645 1.18397551744 
-19.7654716719 -12.6362523021 7.47771897664 -2.20243085348 -1.10422644827 -1.6850946489 2.18821201912 1.38418381575 1.09476207253 -0.781234501265 
-20.1075864894 -11.0924439341 5.19471528111 -0.581880249255 -0.729569190231 -1.33663037035 -0.754992440202 -0.128796544488 0.18826014617 -1.97269587645 
-24.4319129717 -12.1071875776 3.84020056656 -0.152897798957 -0.241250430166 -0.441376586703 -1.26859922338 1.84599853362 -0.512472246737 -4.48643526428 
-25.5419720974 -12.4644948356 3.32839047383 -0.486383453508 -0.157956115165 -0.406467421063 -2.62587769914 2.01359407897 0.470591596267 -5.61009819372 
-24.8133187919 -13.8018780938 4.61008907682 -0.509613205662 -1.07841170021 -0.408793749718 -1.63518747748 2.29201510042 2.62786435376 -5.4076793658 
-23.6392923929 -14.3509197589 6.24643021659 -0.965487693497 -1.1720008537 -1.949090873 -2.00865737736 1.5967264919 2.98283117806 -2.1785005583 
-23.6877715448 -14.4988960008 7.71747092721 -1.4860003046 -1.63766202089 -1.84694805556 -2.08172673852 0.758895722154 2.7491979529 -1.33515533801 
-20.8286088392 -13.2912369251 6.23711561697 -0.771884189895 0.23155316451 -1.32709801459 -0.744089701742 2.73079046052 1.52854136095 -1.09586636327 
-22.6806601799 -14.1904344881 7.14309980101 -1.38272092517 1.36871270047 0.728322504067 4.09547016209 5.52405968512 1.49860436962 -2.04613397823 
-25.1854532627 -8.08729070821 -2.61701519399 2.46563497757 2.48389608226 3.88679006267 -0.394332998924 0.996927417185 -0.874088701012 -0.722737728131 
-21.3987823888 -3.65948642705 -8.8665414774 7.25796066594 2.75274965549 4.47329279219 -1.92166297466 1.91070887207 -1.81838589323 -0.585202051114 
-21.9057852799 1.81485420758 -9.25363587255 3.59850685329 0.570290441514 1.66947863876 2.92769123783 6.35182091108 -0.511772667538 -1.75866958794 
-19.3295245111 9.79808037522 -9.86398243085 1.29456278517 -1.3852158182 -4.94488509935 2.25817734731 4.42947979508 -0.927733193531 -0.290902405357 
-16.9685657983 16.3592981196 -5.37298812509 -3.91179123992 -2.6493369734 -4.24938949581 2.19491374277 3.01710402908 -1.90593037535 -1.36442994402 
-15.0517032475 21.660645564 -1.19293566674 -8.04476778796 -3.61597058995 -2.73212707084 0.941301277136 -3.43532963341 -0.160958611879 -2.82344239887 
-14.1334334565 26.3189734516 6.03988313158 -9.22503270756 0.339406651766 3.49624890181 1.58994291388 0.671728504677 -0.548813676838 -2.30310202641 
1.22034725729 17.9867554284 4.02445252598 1.63018417542 2.76616625103 0.524795964591 -1.98573919259 -1.72846529085 2.65066844875 -1.90189121464 
14.3337271511 3.24152610062 -0.163084695935 7.72798931774 5.15675564991 -4.38984302144 2.11246402104 -4.32184110925 0.298143507608 -1.28279693697 
18.6416730273 -0.520924697141 2.91741126236 7.18789191296 7.62634151945 -5.43940546199 4.41108703017 -1.29188298702 -1.2078815376 -0.835300054089 
17.069284729 0.876749346541 3.92081158179 8.52677045365 -1.11304981346 -0.0708152226855 0.687137760953 -1.82885000515 -0.772006974147 -1.41172070346 
21.8528755659 -2.22093320953 3.01802758564 4.53897776099 -6.14835553433 1.71997712027 1.11016999938 -0.780261132218 -0.0804789919743 -1.14671319538 
23.2868135158 -4.6248313559 1.35435892233 1.78451846453 -8.3704624152 3.22427289247 1.29544762316 -1.08749630721 0.0186111423723 -1.94218801506 
24.9432169503 -5.52251253657 -0.681499303128 -2.39290054151 -7.46363727263 2.70184482913 0.0131548075066 -0.133945722169 0.790503775735 -1.54330735379 
26.7463881365 -6.22784162366 -3.12989021484 -4.91040753346 -0.950913062432 1.38670015151 -0.741696487473 0.79146022055 0.998141360325 -0.456969260022 
26.7359951063 -6.66356915213 -5.5026076928 -6.41644918747 3.23286150239 0.274062411027 -0.527082256137 -0.106891200047 1.1726423608 -0.818256507275 
26.3770066549 -5.68301280736 -5.35110380443 -6.96607311037 4.32642170874 -0.602057090259 -0.136966897172 -0.704459886194 1.25697237316 -1.03839174703 
26.727671539 -5.93420824962 -4.90508827269 -6.67925280048 5.300947788 -0.395679103871 -0.285315432173 0.174044605417 0.95292376338 -1.29422469415 
26.6112852841 -5.96432645314 -4.86078929264 -6.90423729036 5.83472779647 -0.324263749783 -0.199602937143 0.0415219798421 1.23737544259 -1.10971917593 
26.7605805487 -5.61206842617 -5.11409910232 -6.82007041986 5.01889498048 -0.606437797621 -0.596989608864 -0.471472543303 0.731288641606 -0.914998889849 
26.4613690195 -5.18413725156 -5.07035965161 -6.79030137194 3.29424078995 0.352241103207 -0.421394086991 -1.16280272122 0.146655393575 -1.1874940559 
26.5624888894 -5.50293302233 -4.26479502725 -5.72125757283 2.64378921514 0.612359306204 -0.400629034763 0.33999886364 0.149301456558 -1.30991016063 
24.9538200193 -4.92680665696 -2.26755681701 -4.51360418341 -3.82117863217 1.12544916571 0.587841585835 -0.60986133883 0.660214989608 -1.67215427247 
23.5657167951 -4.21326424595 1.33029796433 0.610188100704 -9.6315351117 2.2421412918 0.276525375566 0.0207112901861 0.529137343691 -1.5704801416 
21.7760198636 -1.3514753132 2.05405379682 4.45346940465 -7.37592430914 3.08596260148 0.702586869057 -0.59951758859 -1.36179395675 -1.67801592692 
19.4377615611 1.22696657579 3.88091946013 6.41293185408 -2.83956937293 -1.29204672138 -1.41883003477 -0.0128911494558 0.998637639555 -0.380914870666 
15.1416327445 4.68648955139 4.41951579877 9.25214287689 -1.09918323552 -0.101172812886 -0.92225756563 -1.5712844966 0.626230657657 -0.886737065904 
16.9303571785 3.91882152005 3.83346986064 7.73060366596 3.49695488422 -3.57960524441 2.32230459284 -2.25232005607 -0.228513196908 -1.84068487408 
11.7044246094 9.7838679945 4.07949489422 6.30669695374 4.22441133734 -1.57372620846 0.553914383168 -5.03160786197 1.34417913075 -1.67340806968 
-2.33618772006 25.4423500939 6.11472377751 -0.00781265424592 2.57924655202 4.73257856417 -4.53403166022 -1.80578474541 1.51881251328 -2.73233513691 
-14.8116966311 26.5548026388 7.52409978751 -7.12822790926 -0.166227529113 2.45024220988 -0.573333050502 -1.0645637261 -0.926305456332 -0.267396065732 
-9.93944896322 21.1026205641 -0.36409898751 -4.4216275954 -3.53278937629 -2.15481392333 2.05130123629 -3.61515886516 1.06146502967 -2.95141328213 
-13.4270661401 14.3748207233 -5.43808888388 -2.43763530503 -3.33812337789 -4.14452496108 1.983477172 -0.526463073678 0.445514217898 -1.11580392915 
-12.8494304616 9.00291856286 -11.4242492531 3.20308568155 -3.70079481978 -5.47568865369 0.593644344705 -1.19091995571 3.15984984867 0.121516493903 
-15.9778556039 3.13723456287 -11.6623154839 4.75902675721 0.268653295773 0.650060618195 1.04686856998 -1.44783169617 2.70876086127 -0.171432089739 
-23.188408514 -1.02727158865 -14.1185676805 5.97971253676 2.46348240679 5.85548734992 -0.695691015556 -2.12099961306 -0.584329559927 -2.40941189356 
-23.4024810256 -9.17787626662 -0.646716608904 0.451816083612 -0.825130895825 3.94226259727 3.92170232062 -2.34862131317 0.263395642282 2.79454215525 
-22.9058944429 -13.2370500444 4.83993637542 -2.50958608437 0.0478180829038 1.45831249994 6.2445745336 1.87528240085 0.515543389919 0.308975780398 
-17.3629081032 -15.0988500553 7.22657472174 -1.59804643575 0.302249938248 0.495467574846 4.85298089146 1.60887730675 3.65493179637 0.708630588347 
-20.1896902783 -11.7644811257 4.05600140126 -2.29443127137 -1.43411979428 -1.43430976993 0.572910636565 -0.660077035412 1.04332366345 -1.41865811888 
-22.5829918525 -9.03893470386 2.30817252543 -1.02112701075 -1.18438569019 -2.24782246328 -3.25166832986 0.036981754521 -1.53112945849 -1.56397691076 
-25.6732332198 -10.2832825605 1.66641156763 -0.625158692877 -0.88902793408 -2.31664132435 -3.87770938686 0.574709619027 -3.84077162349 -4.14912173166 
-25.603765966 -10.2320660994 3.11120409903 -2.34013946648 -1.47582896499 -4.17784967529 -4.17849734368 0.665680892875 -3.91342242068 -3.95395529136 
-25.4887895503 -9.91671966907 3.93170374879 -2.51642366753 -2.50542224115 -4.39683935626 -4.20425181247 -0.0125156594208 -2.91638371519 -3.20284454448 
-24.2584721104 -12.0184090108 4.33364485792 -1.58766980284 -1.63237547405 -3.29652562838 -3.37514361618 1.18002752422 -1.36877225687 -4.30808165356 
-22.25172709 -11.6682554631 4.42309879586 -1.44062718154 -1.45454613903 -3.36254277478 -2.91385534169 1.94460740254 0.53759880832 -2.09332160638 
-21.1462528191 -13.685165003 5.86247105578 -1.61727593778 -1.04539924853 -1.58095760137 -0.0569709750591 3.69137268995 1.79798911169 -1.67390744162 
-18.9383223687 -15.0926382946 8.12809226742 -2.13663082877 -0.926038127276 -1.38868879783 2.4986636791 3.55726595424 3.23792760098 0.813359809179 
-22.1476109114 -11.1841822353 3.45481070031 -1.49745398606 0.90129786564 0.0947634706624 2.95570623667 3.15698230966 0.29197903224 2.79050890335 
-23.4125657121 -6.6827388146 -5.10541661071 2.35631027715 0.744551101913 3.60960883917 0.706136537042 -0.807498661442 -1.10703322649 1.72005640777 
-21.1733510347 -0.304847724295 -10.6750719676 4.81681336616 1.5652494845 5.24803517125 0.734447606312 1.33521004011 -1.05937763437 -0.347898411816 
-15.6979988118 7.20994501064 -12.5397699004 3.72638806245 -1.54217895405 -3.0837914936 -1.61621401116 1.41275526288 1.27082719121 0.539466353691 
-15.8688612415 14.3062187702 -8.45442861611 -1.17138449868 -2.65491855291 -2.70944524021 1.62026252533 3.50052128028 -0.527798998171 0.192957385706 
-11.7886524393 21.0682141149 -5.70948132893 -5.17819602891 -4.01659557521 -2.37934764987 0.935875563493 -3.01367679164 -1.17521875813 -2.55716594114 
-10.2496272691 23.0666304889 4.92264558065 -6.27507586217 0.0120723910837 1.25803425464 0.748374625354 -1.0602378808 -2.38333193439 0.067827527778 
-4.21712653335 28.0902664266 8.38892768118 -0.871937878191 2.91548598309 9.17127809885 -4.84614773832 2.10200087321 1.25668138419 -2.70891405813 
8.82946871218 9.74568398405 0.327580152402 8.17141784932 5.18912831789 -2.91658229502 -1.66102927166 -1.30685688903 -1.18214584302 -1.70528515422 
17.5337713356 2.67615095336 0.88411528807 7.19541265375 5.24505673845 -3.94915913881 3.44320272339 -1.55679726409 -2.20457187604 -0.932412168421 
17.917268467 2.148774891 2.14821319669 9.45630632321 3.30258006353 -0.577131609054 0.76918359078 -0.895467800052 -1.99544527141 -0.578277386273 
18.676196665 3.60585385866 2.64338375282 5.08710259021 -1.87485213784 1.40130006235 -0.815643402615 -0.700657410743 -0.857043353535 -0.433929434191 
23.6765799847 -2.67502367952 1.86708300116 2.74902541115 -7.75223567395 3.71132961031 1.23526008214 -0.0103831145309 -1.99722890108 -0.771903140344 
25.247075636 -4.33522654239 -0.739147546959 -0.669673235905 -9.45686513319 3.96191007319 1.4615759052 -1.73328016734 -1.18317111484 -0.5191281251 
26.8184803895 -4.81937726904 -2.08744074454 -3.48563052905 -5.62379803173 2.71981999784 0.528443727497 -0.126764442355 -1.02994367453 0.452287733474 
27.5715568604 -5.58780933443 -4.01578502144 -6.43341700741 1.03934521541 1.25067657519 -0.442359545033 0.591319947486 0.382933859633 0.367171393356 
26.9474710748 -5.72998018806 -4.8102406812 -6.50355941046 1.64418766029 0.148031536178 -0.87288290564 -0.213440207129 0.415807265588 0.549113225346 
25.9744502507 -5.27681942014 -5.18305460534 -7.45721917003 4.70500659107 -1.08672381872 -1.21740205456 -1.70884239585 0.018070606002 1.13346997292 
26.9634991895 -5.45664007831 -4.93406312242 -7.65393334511 5.16043883841 -1.03023637826 -1.3626889875 -0.778152729429 -0.596240303554 1.02251650131 
26.3649871848 -5.0071948354 -5.08816727201 -7.12261717213 4.12411939006 -0.8668519998 -1.3595230645 -1.57926860358 -0.616628568358 0.888769213081 
27.0432749269 -4.69429252036 -5.38907158344 -7.17500844247 4.0935396876 -0.838325677663 -1.28571447035 -1.68140816075 -0.0415843619138 0.801167055495 
27.8161670173 -5.17325316462 -4.68473983134 -6.22338628729 2.26066627215 0.439771368258 -0.467773927738 0.104760358854 -0.630789175371 0.00116385247589 
26.898356219 -5.09722642254 -3.65502182587 -4.67328918012 1.29530188404 0.639668832761 0.15192312954 0.979823595213 -0.379641278822 -0.218648812021 
26.1011096 -5.57871591782 -1.61695650969 -0.934141829087 -2.13891609087 0.638529273673 0.793503189555 0.660321727196 -1.14793910592 0.79102094703 
23.5549308903 -2.65670678827 1.75222030047 0.980737221997 -6.25122131033 2.87597481007 1.12379191556 -0.07301791409 -1.43811386563 0.138052731929 
23.3097351956 -2.57353061454 2.2807800323 3.5560895241 -5.25615089429 0.899024462493 0.472163760961 1.84653357385 -0.984620630651 1.33870791775 
19.5213636439 2.39698049651 3.40452290096 7.10636293314 -2.70055883577 0.236077359214 -0.959472032814 0.509779704942 0.275156156594 1.19470435073 
14.8076345431 8.28029391608 6.02593829309 7.94055774141 1.50569712536 1.51847893648 -2.64980341062 -1.75849432937 0.477890642057 -0.200208147516 
17.4437028142 4.35251082968 3.66722170213 10.7733219565 5.82720719313 -1.64217552617 0.196654161963 -2.02642045048 -0.952717844541 -0.215352831928 
9.57046486818 11.0803034707 4.53846369369 7.2401743591 5.0098076431 -0.216423041137 -4.06485555569 0.837862497768 -0.27153624105 1.38454949881 
-8.5507721553 26.4990181756 14.8857007044 -9.93042532924 3.74808991668 6.08801518874 0.889866115857 1.37872956351 0.234130884511 1.62119250211 
-9.748512467 26.2651312722 8.37749970387 -8.54189092547 -0.299459833204 3.93658189183 -0.385890326169 -3.08092226451 1.62219310865 0.420904817356 
-9.13690967 22.0335107598 -1.4666452581 -4.89612629948 -2.73655492167 -0.608541624147 -1.78881086161 -3.74930019208 0.180573863016 0.560482426037 
-11.0297874494 12.5968904709 -8.10804748026 -1.03089227564 -3.27705594845 -4.30885054981 0.0187106938945 0.0391864625633 1.62007810588 1.25226230352 
-14.8457244839 5.27297675569 -10.8836334769 2.74170471454 -3.36403958252 -4.50816643684 1.96104070426 -2.81073484667 3.24929795582 2.5248860971 
-22.4717638267 6.5207073436 -14.5100968408 3.05115689222 -1.85897918643 1.41540330347 -1.02548070522 -2.38386722926 0.187295265487 1.71256188714 
-24.5798395976 -1.07912599739 -12.4745494983 3.84300867998 1.74960800183 6.4739972691 -0.834492395816 -2.78167649072 -0.224204741017 1.09273332118 
-24.0375115356 -7.78882743564 -5.07947377907 1.31564542858 0.917957199403 4.87029287428 -0.0839604303226 -2.80868011234 0.219412616691 3.0519895989 
-21.1542318546 -11.0193923021 3.36703534949 -0.185902314057 0.352345851796 2.19930569055 1.05296085617 -0.526264052818 -1.10463720955 5.63168446181 
-21.73835685 -11.2377311916 4.1143455981 -0.869264487754 -0.460163480937 -0.0444480941324 -0.144536282467 0.68474445321 -1.89201214444 3.87490995873 
-21.0897687566 -12.7712524141 6.23977532508 -2.11901080919 -0.311245568105 0.452151579409 -0.421462680811 -3.63545795865 -0.400306096425 3.06159495931 
-23.0036532583 -9.89681111471 2.44101752883 -0.173552824321 -0.262988613937 0.918338381983 -3.25538005938 -2.26029548938 -2.89003666629 1.06762134626 
-24.9976667094 -10.6415892377 2.74503881054 -1.00835924992 -0.551893806954 -0.200665142542 -4.40436358766 -2.71287769875 -2.60645923551 0.548127096186 
-26.4358163468 -11.4068185992 3.1104885029 -1.3095987695 -0.785769245629 -1.1024502145 -5.38050356042 -1.96608915444 -1.87565185935 -0.186521414743 
-25.8873623752 -11.6915312704 3.28473429356 -1.56370678792 0.0160230336889 0.312937193858 -4.79615025105 -1.76852819268 -1.57277391351 -0.372234064803 
-26.1072323582 -10.7095098856 1.89522787047 -0.870807467056 0.170301212626 1.06802745438 -6.0464609855 -2.52981894822 -2.10935172136 0.00730452343024 
-24.426597898 -11.8896830618 4.95819001621 -3.13103667846 0.692974544027 1.44525706996 -2.21012786805 -2.02755546868 -1.04377937301 3.09565150098 
-22.8729503088 -11.4147837904 2.17498331699 -0.764735107262 0.90968329818 -0.704182633831 -2.60752044776 -1.24465670639 -2.74561710408 2.50031234752 
-24.5531784508 -9.24446371428 1.54464445323 -0.76709921402 1.55650299142 1.15209923231 -2.66507887272 1.00497188018 -3.33269467967 4.89152129193 
-26.8011920897 -8.47214995855 -1.66418915693 -0.962709831492 0.269129610943 1.46425404908 0.466797077372 -2.24262765623 -0.840431339139 4.92444172277 
-22.0798256141 -2.42079138178 -8.54640138104 2.30443706978 2.23097282047 4.50338736025 -0.662514552162 -3.63416557444 -0.320262093487 3.89179629958 
-22.5238968447 6.32996205439 -12.9795182717 2.88859897253 -0.0792575666442 2.36753566212 -3.0036652352 -0.457030227534 0.448718365291 3.35317765997 
-21.2209699378 13.7873016507 -9.54816817791 -3.54651913486 -3.81433475561 -4.21667702246 0.255917715649 1.20875214773 -1.03372999585 4.30757401042 
-15.0292688733 17.9643722519 -8.47790054207 -2.90375506241 -4.42129910882 -4.68919214126 -1.45901281569 0.51836917379 -1.45002432771 2.0660018362 
-13.1388826721 24.4940529973 -2.61482620782 -4.89727597969 -3.79791554152 -1.92140046666 -4.2053816372 -1.84845660898 -0.957574875679 0.520902639576 
-6.9581081035 16.7536785866 8.70668157146 -5.00732082575 2.07625954445 0.119293902465 2.17185308131 1.77248412632 -0.912782948056 4.11504442692 
2.17012230317 17.0236079879 10.3221056196 -2.0237858605 3.3483719615 1.83445401792 1.40657990189 2.47935765387 -0.415276525911 1.87231062629 
15.5771006732 1.4229589889 2.77005494234 9.29159753052 4.88803324564 -5.17319760603 -0.285215005632 -0.171998702512 0.271014447385 1.7038298972 
19.482882818 -0.811790444377 3.1032804768 7.1397896097 3.78224565197 -4.7240144411 2.19100901556 1.3867760767 -2.29623574995 1.19353891927 
17.7908632222 2.01425014312 2.8657720436 6.29756020835 -0.616457160863 -2.36716949804 -2.54174508396 -0.723355217015 0.429327923835 2.55338070164 
22.6256022701 -1.75190661307 1.23419096046 4.08536135064 -2.6655536059 -0.390778085946 -0.450496630127 0.954859855445 -1.22315035517 2.92333193993 
25.3727907149 -3.78300967023 -0.0469355755849 1.40840064477 -5.1297616645 1.87183741237 0.861498528507 -0.317069335918 -2.16968227082 2.33234395531 
25.9705244279 -5.53859781078 -1.09697008519 -2.26840613364 -4.57556832435 1.70351018314 0.760900000555 0.124778147147 -0.897260703964 2.29261567373 
26.8942996283 -5.52029242842 -2.71793171798 -5.29306916786 -1.20155560991 -0.650686440661 -1.36913130793 1.15536518649 -0.0591840035844 2.2517368811 
26.986992874 -5.47408417033 -4.97506982186 -7.82043806553 2.88656697458 -0.684308798779 -1.49261393446 0.0852451912205 0.282253613856 1.55545792152 
26.9101045996 -5.15183888187 -4.83560464258 -7.05867712354 3.75325794455 -2.4425402638 -1.51917634026 -0.247593673483 -0.379482707458 2.06809310492 
27.469982691 -5.2803926298 -5.07250074405 -6.94210052103 4.54473663052 -2.559035717 -1.71195688246 0.0485245758538 -0.873678866906 2.09482761184 
27.7532922916 -5.55198956729 -4.94229428678 -6.79315213222 4.0332476693 -2.28482011197 -1.61215757656 0.369628905024 -1.44005972446 2.24166916325 
27.048760893 -5.29582247628 -4.74251432287 -6.68230492199 3.54706926364 -1.97564202088 -1.15204707145 -0.282203657567 -1.41472725576 1.94992407313 
28.184664672 -5.10965645428 -5.43933629155 -6.44259592663 3.29909223624 -1.39212838844 -1.74159057356 0.298208783855 -1.45226663877 1.64434787233 
27.313805953 -5.09364600479 -4.2273750916 -6.46816925575 2.00810437558 -0.883370847768 -1.15163738059 0.332667898751 -0.509086659936 1.5846529299 
27.3142283192 -4.84843843778 -2.84362081949 -3.7283996904 -0.870772886365 -0.200307363619 -0.814915617652 0.533743252061 -1.04345127863 2.45583880086 
25.6679805579 -3.80144089678 0.431522971896 -2.3349771863 -6.72266047014 1.75557183805 -0.595295991398 0.431747722802 -0.0959232149625 2.22208674416 
24.4447471602 -2.40130780327 2.1277393609 1.92742614242 -7.09862493664 1.59522244938 -0.582407949888 0.954088436551 -0.631461397446 2.63108817723 
23.5913688152 -0.817749824821 3.27330505081 4.72990238103 -3.2622259214 -0.586103812533 -0.255973804648 1.25357771292 -0.157716021684 2.9579742022 
15.975973591 4.90951440395 8.56687118904 6.03277427713 -3.17489461738 -1.75647979086 -4.5407891209 1.13423449788 3.31806497857 2.60375601641 
15.2652932517 7.85899427778 4.86725910457 7.40671699447 4.09307223779 -1.77516021098 -2.43050182534 1.11569891477 -1.28876802148 1.37726380571 
11.965737387 7.3512402388 4.64254895331 4.38281535412 5.28444372935 -2.55518396874 0.203825362828 -4.27821063014 0.895366365568 -0.227930177217 
1.25487560018 16.2725495192 10.4151496023 -0.569248439691 2.08015839573 0.338506483428 -3.12379263353 2.16869575729 2.68095483266 2.37080440439 
-10.1920861346 21.6746466099 13.672446434 -6.61293536197 2.25494268337 3.39341934974 -0.339325441694 0.00627577280396 0.49438262054 4.13121952508 
-11.6187606055 23.7175407015 1.09007515695 -5.01332977991 -2.11636963615 -0.848072531159 -1.24691016606 -4.07137669731 -2.50997859976 -0.610779354493 
-13.7251300968 17.9340456308 -3.60759239178 -2.83370359277 -3.01275833988 -2.67211938935 -1.61087944333 0.144120683629 -0.673702034435 1.33651709001 
-12.6369165487 12.9891805514 -6.83576420952 -0.612854883653 -3.58591601571 -4.88190021134 -1.18355283214 2.74387565996 1.9047486113 3.2050251881 
-8.98093891956 7.64178786153 -9.45247258663 2.96526856896 -1.30696901801 -0.973674008171 0.0842311114922 -1.12757419233 6.63577934244 1.27931893586 
-17.6366376898 0.177254472636 -10.7179955037 4.66932864002 1.75498586297 3.71317112436 0.0250990689636 -3.59794278984 2.49122106871 0.916501066952 
-17.5762608919 -5.47570189074 -8.39659299355 5.38276267888 1.54795975785 4.09312900853 -2.87609358475 -4.45364926842 3.33400689084 0.123275935811 
-20.0427507635 -7.77309710095 -0.607660261756 0.539006058501 -1.22338825528 1.37409372565 1.47548626945 -1.75956050584 4.02997052676 1.28979050762 
-17.0592366645 -12.5430536521 5.13383432898 -1.97818103025 1.33910940024 0.855967751438 3.51634572758 -0.268751379561 4.22077577162 3.50471194168 
-16.551514517 -11.4657597214 5.32575218252 -2.7941502925 -0.421059551489 -1.53186366783 1.47460543248 -2.41932133058 2.6120951846 2.89255663081 
-15.8546082198 -11.8096349989 6.0428917202 -3.03222554524 -1.51290727301 -2.54434532853 0.829386679789 -3.82609648744 3.16287527967 2.33611550306 
-17.3753382351 -10.7342127335 5.51849225412 -3.47810673557 -1.02222587477 -2.59678281357 -0.536089493194 -2.7152745871 2.3090460103 1.91665947254 
-18.250843357 -9.16073209815 2.99697971999 -3.20023852998 -1.07396825718 -3.80397068379 -1.66459794569 -3.46320931276 0.235828971004 0.210169408665 
-20.0517596415 -10.0383911585 3.56221368357 -3.64792727241 -0.808125748912 -3.14965672333 -1.11176332869 -2.46785712154 -0.160926808422 -0.42033483802 
-20.7228227558 -11.4240417298 3.77926534506 -2.46817675673 -0.493454600522 -1.48394508352 -1.3690079222 -1.98094126062 0.718911572954 -0.490615283442 
-22.9895840561 -14.1674164882 4.91130299699 -1.80423548132 -0.32975816607 -0.171035534275 -1.67978678886 0.183832807507 2.29895326496 -1.27784555999 
-22.2077844039 -15.0582109733 4.49796627005 -2.04065023788 -1.00784742884 -0.852316398078 -0.445829031473 -0.0171879372892 2.98912275466 0.188210313221 
-24.4474363815 -14.1538543965 6.31078935508 -3.49335441619 -0.319743244538 0.364928815943 1.00512990435 0.266749703085 2.25191328135 2.10439324391 
-29.3937960387 -10.9625455424 1.36947830886 -2.08020442108 0.00900092078581 2.51029690118 1.29423621944 2.22039649488 1.14340808384 0.465267329776 
-27.2374132268 -6.86875713695 -7.71974943238 1.84002542216 -0.0749109491611 3.36201611162 -2.13747921512 -1.42337811362 0.653959019965 0.738772902018 
-24.5153221374 0.930310559369 -14.4524615352 4.60328863953 1.53311616945 5.87254299785 -2.63188085522 -0.0266163786099 0.171765823721 -1.35003606446 
-20.4586381466 4.80615870173 -12.2119205582 1.75316628195 -0.922584819131 1.40771536044 1.00664710731 1.68705281079 1.43113981532 0.0379475818083 
-16.5215355159 8.19237897597 -8.79443280373 0.721132613957 -1.38452383805 -2.25690593054 0.742557690829 3.22897912033 -0.279421040389 1.92321871812 
-15.6583585214 19.2120639464 -5.63010241232 -4.49015955575 -4.40271681516 -3.75666953822 -0.658563251168 1.13301619456 -1.14682520272 0.516610243185 
-11.1938231402 19.7888941014 3.10748516593 -5.83903397232 -1.15828245134 -0.605754499676 1.34659810544 -1.50739304512 -1.81614901509 0.644021790926 
-10.8988297806 23.1018097564 13.9007802411 -9.50541965643 2.34958435921 5.03969808665 3.31694466164 3.59162219959 -0.560556698846 1.71898886447 
0.510042177359 17.5875465197 5.92546910295 2.92937776798 1.27238588316 2.39900319001 -3.30283581337 1.74643540161 0.432980686268 -0.507168057589 
14.3676160138 5.04521801912 1.76376503107 9.32361407426 4.54907135071 -4.31906669671 -1.127030691 -0.569684197925 0.216342573394 0.722289538128 
18.6702238849 -0.431279576643 4.03517661883 8.08558516193 3.96178833608 -6.04490698055 1.29991065048 -0.0845204859413 0.438207161839 1.94975750061 
15.1635033024 -0.112213775117 5.05349247874 8.08229172562 -2.59622900004 -2.67888688658 -4.0014949061 2.4766418604 1.19422466101 2.83480923273 
21.5433485894 0.535704169256 2.43083011998 3.7377821993 -5.54407959489 1.79940502333 -1.78013416409 1.7285681132 -0.683192541605 0.981663546217 
23.0370913094 -4.25283365936 2.01407289973 2.72592501832 -7.80505736193 1.55330629672 -0.830031647003 0.617256915063 -0.17752680856 1.59439794151 
25.949269218 -5.06965612625 -0.96880477471 -1.62990277265 -4.73141625232 2.60716235419 0.918480151642 0.329510494952 -0.936850681824 0.875706953935 
26.6730973118 -5.5890086024 -3.55168430416 -3.6883223462 -1.90755261951 0.800019085886 -0.215032550426 0.182687203156 0.310151170707 0.484096520597 
26.5940288869 -5.26617849268 -4.5469308375 -6.59075435249 0.0894801325675 0.0165979190121 -1.63990194803 -0.656700454548 0.618113696914 0.327766277538 
25.9189085258 -4.97162469016 -4.94382054987 -6.53069504354 3.08041499916 -0.955900502468 -1.6908845364 -1.15221598591 0.0512196858206 -0.0136046901644 
27.2572904414 -5.78349538414 -5.16150017882 -6.18388095755 3.78423277436 -0.997575090849 -1.76984556689 0.291856844602 -0.855954151336 0.286256752117 
26.8986735115 -5.90093021041 -5.04952051021 -7.06176242646 3.81746591972 -0.911347404397 -1.35301301362 -0.0541815649837 -0.589087760759 0.781230016702 
25.8911760365 -5.23453158064 -5.35645435051 -6.47921029896 3.2191333416 -0.887239061305 -1.59285684821 -1.00469901567 0.421943032553 -0.112239794692 
26.3617796275 -5.19679871691 -5.23836740173 -6.33872642476 2.89886912424 0.118648300156 -1.52935577715 0.143391975076 0.970411365756 -0.908520253255 
26.0877567022 -5.07677530217 -3.54195847837 -3.91973630161 -0.553792739064 0.577265319482 -0.53217566193 0.137132331673 -0.341303596049 -0.0511410922732 
24.0015153742 -5.99476207383 0.422165604903 -0.317502764906 -5.73909666671 -0.389194771929 -0.893670095942 0.784149033504 1.2467912152 0.439046628421 
23.2085810688 -4.72840843824 2.74163828974 2.48268415458 -6.71742326282 -0.795584113002 -1.99845391934 1.31180553156 1.16166001858 0.959875827224 
22.2620609722 -2.37869522385 4.11937417153 4.06818655966 -6.84181933895 0.415392231069 -2.30782931511 3.17240377644 1.19490721775 1.03871274406 
18.4254078951 1.89174372312 5.32182411954 6.97381813825 -3.89144881 -0.910020336888 -2.85729742673 1.81268123814 2.01014541119 1.29957290637 
12.6198113359 7.01890984148 8.56747842986 7.9603467758 -0.797411867253 -0.0640026485565 -5.50052790843 1.43400390725 2.09235508181 0.654733457407 
14.9979145833 3.66861230352 4.21197750469 10.6657838573 2.77682966651 -4.14917181623 -2.48414721077 0.857157017568 0.552012926158 0.812819999272 
12.0579787259 6.62085337613 6.19354924583 8.18532066363 3.38002275455 -1.27175294762 -2.96755818627 1.19264497008 0.978316570073 -0.18252313083 
0.944176549856 19.3112729222 10.1227003816 1.55480121732 3.03864818116 6.04963381713 -5.00297902029 5.93034500111 2.1869166537 0.441549403071 
-4.17169328134 18.5382913044 8.53957078194 -2.51465893571 2.24136676624 0.888405424384 -0.907193225128 4.31548361218 -0.137055249768 2.13756426499 
-7.75784078396 17.8121005687 -1.60211847735 -2.34427436695 -0.586893791149 -4.42632534003 -0.668626150383 -2.25696933621 -0.958893556977 0.299554136997 
-11.821608613 14.7401291096 -4.51781580717 -2.06286339593 -4.03073013691 -6.3061338263 -0.324241168128 1.07952493113 1.36336793941 1.88936051376 
-9.40316976189 8.75536414517 -7.54177005446 2.32095279565 -1.69562313146 -5.85798889892 -0.7351493286 4.63461957601 3.76464792184 2.29683453416 
-15.6653692455 7.05304638673 -12.5511260859 5.89168685019 -1.47315221921 -2.41475408267 -3.66162555894 -1.67778106117 2.3047668673 1.74750352233 
-20.6644164524 4.34080290706 -12.5186644253 5.00054021983 1.62405431664 2.89041200851 -2.85757934147 -0.933379407547 -2.08676940862 2.33689319066 
-20.2518537183 -1.49986887346 -10.0532526625 5.231462208 1.56486646349 3.29362455966 -3.98772988733 -2.76077844174 -2.20839163316 1.96400321427 
-20.2782490654 -6.41172776809 -2.17019477797 3.01600159507 0.945391076187 0.762373628281 -2.80689301063 1.35619422398 -0.501704158538 2.31755795926 
-15.8128154949 -10.9833218268 5.8345783136 -0.564828079244 1.38076607997 -1.46216713984 1.35703905747 1.57750278509 0.837368266259 3.36495878076 
-14.1400816687 -10.9219598287 3.27007594311 1.13393879608 1.38126491956 -2.21517874693 -0.678131313649 2.45346103142 0.245561370814 0.60345923711 
-17.4380373661 -11.1852557254 4.55840402983 -0.104123998129 2.48283774229 0.355914913825 -0.145744449037 1.45766532651 -0.242702372633 0.568402044048 
-20.5731109418 -10.6297309907 4.57856410592 -1.99407750691 1.61870153201 -0.957396929409 -1.88209894225 -0.646380727101 -1.64304195429 -0.28794923781 
-20.2895116336 -10.0268475196 2.86299349559 -0.699538706951 1.54626421048 -1.16535409066 -3.12408035848 -0.428095595468 -2.19165825141 -1.77215180305 
-18.9953033213 -10.4610247259 2.21899962957 0.464536920605 2.14374519642 -0.0607266807826 -3.14549341252 0.809032236961 -0.998657421962 -2.42459051905 
-23.1166360148 -12.0657505973 2.63832591866 0.211845605553 3.32258776639 2.86803557059 -1.75158419204 3.42759001501 -0.881253593056 -4.00264038588 
-23.4627661198 -12.074646903 3.84407316459 -0.106167932746 2.64030608987 2.32149776418 -2.73346152508 1.70694708556 -1.6651025115 -1.74026221167 
-22.0846901001 -12.3287781579 3.52872005235 0.0107313702876 1.89663637473 -0.0870410712184 -0.995395506268 2.50303411773 -1.03873703747 -0.868727875104 
-21.523883504 -12.6345970504 5.33799348076 -0.422443007369 2.82789303375 1.89621704028 1.67105070638 4.28449859443 0.574011269044 -0.20598571432 
-24.500941993 -8.84176704012 -1.06802071102 2.20551040505 3.28327152269 3.45005301274 -0.924585294659 2.50534747985 0.864554726206 1.52361075582 
-18.4354947626 -2.94797548511 -8.49451842164 7.7661437826 4.03959448204 5.08940731968 -5.17229949598 0.552230476414 0.662956923784 1.32900601288 
-19.9566143695 3.29121822141 -11.9623991411 7.83382437494 3.95683271899 5.72113717838 -5.26476427031 3.2038908578 -0.0744597644896 0.554119051076 
-15.1048779837 3.05418967094 -11.2584288168 8.16504043181 1.85133128683 -0.724997081448 -2.09038323388 5.94396090135 1.74865585647 0.0553475787569 
-14.5623409399 9.86290429434 -6.06792790281 0.140540514515 0.231483531177 -5.42044201104 1.67656965655 4.63904334749 -1.99006501788 1.33518827112 
-10.2317425174 19.5963752165 -3.96117250924 -3.32567541254 -1.95377643571 -3.66893510972 -0.989598531434 -1.2412547837 -0.845152923304 -0.912413016433 
-8.8926081924 22.1010981411 4.17485234666 -4.96709805619 -0.285739238049 -0.619966114695 0.635014608643 -0.00906943011124 -2.47964308805 -0.425836201296 
-6.44808935589 23.0869187756 9.77804720231 -3.76867843341 2.2807615893 4.2571197717 -2.43166151424 2.31884248733 0.882326254849 1.30078587174 
4.24574466734 15.4956801225 3.19301061058 6.21922904889 4.04100441325 0.375402022808 -5.02702930769 -0.0814303118248 -1.17633430022 -0.688395991641 
14.6261116774 4.52653878348 3.37385824513 6.0667078662 7.13760645984 -3.46924998531 0.606859847474 1.46711234529 -2.24308875503 0.93130395716 
18.8906203339 -0.318202624115 2.52943259834 8.29031218229 4.19268345099 -2.97687345991 0.675537298621 1.53493660223 -2.84561941362 0.44748671997 
20.4027266103 0.835558293598 3.72072215782 6.56972337104 0.572023620088 -0.342713417242 -0.626875441827 0.966306110759 -0.993127624829 0.792525589811 
24.3050072142 1.15219075179 1.40701523581 2.34391459634 -4.98022802699 5.1155251091 1.19285356944 -1.2074189949 -2.3473464632 -0.92378811408 
24.455028424 -3.37350065687 0.401131284616 1.02020224064 -5.51292821795 3.3291610666 1.54552967615 -0.857672364948 -1.73714696439 0.221584037135 
26.2933422072 -4.76061841878 -2.03359713435 -3.11885422731 -2.63611973951 1.27925330384 -0.064956074793 -0.340041695746 -1.63119337911 1.20728615517 
