6.43933383626 6.04742107851 6.26616503468 -1.08077436601 -4.50107696594 -0.447321861736 0.339685601975 2.09838720471 -2.47187914967 2.12001043949 
1.74841523756 2.41576487176 5.63187204173 1.67996067367 -4.46403491972 0.663159792739 0.772775370062 1.56841474939 -3.72632580424 -0.78150004793 
0.79023797063 1.21368330138 6.12574496146 0.853539131943 -5.15329765161 2.90974477535 0.0931433419804 0.741578714541 -3.37987144798 0.085715674401 
-2.31317430909 1.54436599807 4.81393343703 2.58322257365 -6.79512551507 3.10292365191 0.0778023310078 0.400199813712 -3.4362913847 1.385151158 
-4.52450249349 2.90173517593 4.05469869035 2.60020855434 -4.84864055089 2.39832932132 0.408298463083 0.489838652824 -2.60657603981 2.09586934399 
-7.13244085256 3.6474756241 2.74722390931 3.73455197901 -3.39740434641 1.23852386896 0.0602995077241 1.60415248961 -2.05726644819 2.08845035112 
-9.78440618217 5.19635047124 0.438195789005 2.22643159893 -2.55945345858 1.73793695582 0.23692163483 2.74652831038 -0.463448547873 2.19012073861 
-11.2396853461 4.75077094623 -0.57855478349 1.29549451413 -2.12666079086 1.97792606501 0.242830136936 2.0027668141 -0.299874307864 1.39532795187 
-12.8014219739 6.81552695216 -1.46678712777 0.568707767974 -0.909012374663 1.08394437015 0.89706312813 2.03525372661 -0.457642723527 0.716119614017 
-14.5641241605 8.31479445979 -3.46167139446 -2.04496764839 -0.541056274041 1.02858048773 1.86530015416 1.80305396749 -1.23736595745 -0.298341752624 
-15.1327184253 9.09919718268 -4.06649583635 -1.50064892219 -1.44746407304 0.37741875972 2.34801738233 0.540735299578 -0.775665897835 -1.11431888145 
-14.81709622 9.2805972517 -4.88743902373 -1.10284854783 -1.86307184448 0.100518369615 3.8747329035 0.941546603665 -0.923989851515 -0.972890348756 
-13.8994987406 9.65219874381 -5.57368217215 -0.402538022608 -3.00789033398 -0.367490510298 4.74791543913 1.26178931886 -0.484403479454 -1.61509842263 
-13.4924318541 8.52757644769 -4.97373646815 0.192692960685 -3.59965571209 -0.947595192725 4.33153050807 0.989851306652 0.294360725849 -2.23338762409 
-12.718381928 7.32423657077 -4.30616357577 1.02038708877 -3.64789261668 -0.246508207951 4.04460255687 1.07202515488 0.906673536736 -3.05524365143 
-11.7383032561 7.38769724073 -3.64144616303 1.5732315997 -4.18037759772 0.11191969348 2.61410992596 1.94304987563 1.17211268378 -2.10095753871 
-10.8740868985 6.92766625519 -2.60882217595 2.28562491311 -5.38193288645 0.461297592786 1.88476444416 1.61794111786 1.52076706529 -1.29510365528 
-10.54398673 6.59394813118 -1.03990226762 3.00194338667 -4.27652888509 -0.378846186252 0.938588475573 1.72836726915 1.32780214615 -1.6176790408 
-7.79769389837 5.27759687352 1.6030430803 5.06728309819 -4.90956339859 0.559721659502 0.444706993206 1.08541312746 1.11089672978 -1.73508271886 
-4.98047278395 5.7829281046 3.22305305264 4.58163357638 -4.0436235378 0.793810629255 1.13690055099 0.084885748902 0.143734721755 -0.87728465092 
-2.3141862023 5.6467228214 4.50653021405 4.62561207736 -3.14799234936 0.826768572279 2.02403484302 0.460996781289 0.342133742121 -1.40638970471 
-0.172569391585 6.21639797747 4.44031898909 4.28411025192 -4.09631002122 0.343526141937 3.88648158619 0.987125303589 0.902945124631 -0.742749239333 
5.36850636346 8.14698885635 4.57400844567 0.75613808274 -4.24118453934 0.786804377203 5.90017715174 1.16459225971 2.13172079481 -0.131839309412 
5.96851789802 5.17443670682 3.4161774977 0.503423272444 -2.24118549249 2.53389948304 5.96986565791 -0.0352874611582 0.286725378979 1.54165912707 
5.90577436194 3.09032129613 1.01889029132 0.143127168955 -1.69134000707 4.538304815 5.44433348075 -0.454017213471 0.90597410746 2.33525773354 
3.82308312423 1.72300067237 -0.728681683812 -0.0324336376447 -2.29155043615 5.94506491282 3.6115623576 -0.283653787993 1.46979170076 1.71968151403 
2.20521778481 0.0266458733356 -3.4746111726 2.25355877547 -3.7263304212 6.31449377926 3.58382644902 0.313131367539 1.02990251129 1.86026374599 
4.22128110452 -0.131624404014 -6.4286279878 3.23593458868 -3.4617102232 7.12017042353 3.14440602074 1.39359741521 1.36129637515 1.05573712843 
8.27359880438 1.67686380674 -7.02374889842 4.25838193843 -1.41136168472 5.0639086432 3.34034765419 0.0751459613904 -0.4649264366 1.67025965576 
12.6539895766 5.03634364007 -6.64392929071 3.17533855943 0.621870365558 2.65569255527 4.14305807637 0.669885593456 -2.36341989299 0.854518514806 
15.5147902586 5.06064593015 -7.69079678706 6.31946231852 3.58502031107 1.06633741352 4.21284228764 -1.68435539498 -5.31310408423 0.860098433422 
15.469352431 4.51785597551 -8.34221860055 8.34588655513 3.02701848064 1.66170815792 4.83341601236 -2.72727195082 -5.08207059899 -0.283457233911 
15.2757131324 4.26422695471 -8.13279402241 7.78996308043 2.56414991424 1.98620309109 5.08734464601 -1.87442581887 -4.71544652913 -1.48355727618 
14.9420979504 3.5610846232 -8.00674422793 6.8990166505 2.14582024868 2.42181236833 4.60213606587 -1.76192455128 -4.0385758568 -1.75966994857 
15.0998819675 3.67325027008 -7.02636751593 4.92704521375 2.48024296927 3.17000547995 3.10780940498 -1.69631613929 -2.87049607886 -2.42724585008 
16.1838062938 3.93996621826 -7.42412807143 6.93586615834 2.66807042329 2.27770956204 4.51414010529 -4.00603648774 -4.53110625026 -1.63475854325 
15.7167871103 4.57362687987 -8.0572486066 7.2307177753 2.20525612364 1.49599345397 4.92413573078 -3.47903063758 -3.93558139544 -1.46688168669 
15.6178979969 4.41341473645 -7.81421940561 7.27292901553 2.38367619331 1.47608932856 4.25639845908 -3.45385898007 -3.38002120924 -1.08888813838 
14.5439561571 4.61773871536 -6.51708504067 5.94253192779 1.95328103156 1.53575441375 3.9350691611 -2.81964016236 -2.16528588512 -1.20972211848 
13.2554969098 4.01276625878 -5.58208046528 6.01363688141 1.40406618342 2.10235820928 4.01943286236 -2.16413901439 -2.59609930809 -0.738280207257 
11.5623295847 5.78872994715 -4.03963040659 5.88696808533 1.50484758327 0.750337011538 4.75814308601 -0.613713367486 -1.635074784 -0.691321688091 
9.91147038793 7.09240223343 -2.41126502643 3.44676047612 0.536043688114 0.800370090912 4.68220164696 1.79414940883 -0.60349016253 -0.525026380659 
9.45951146023 7.83722673421 0.117012325317 1.1357559581 0.361812656913 -0.899696152189 4.55976738155 1.89734943477 -0.625835129676 -1.15718915628 
7.41599367226 9.02947802486 1.08983205792 0.049623903972 -0.492902786392 -0.0970203940331 4.72650257405 3.16218113122 -0.842168292311 -0.559340797555 
4.61995603817 7.97637228976 -0.0185777950778 -0.798575025425 -1.5817057536 1.30351072412 4.34312298625 1.91991758255 -0.879749014568 0.55872769543 
6.05771343757 8.2222012415 2.82642224626 -1.31861018828 -1.39529535655 0.685265899722 4.26351781069 1.58405574492 -0.478053865394 -0.0561701146701 
4.59486387781 8.0310081405 3.41438370111 -0.667799069093 -1.25238327037 -0.44837457617 3.32257311199 1.27872512477 -1.05958401314 -0.66841443948 
2.9025524675 5.0194626646 4.78661887739 -1.03450678152 -2.11187361281 1.05452821283 2.48132886843 -1.12961721928 0.125000992422 -1.94455625497 
0.466630535122 2.66667591685 4.16488872962 0.796701134781 -4.84436030367 2.11554146361 2.146584465 -1.38918428248 -0.48748796872 -0.924719252678 
2.71778534864 6.11696798735 6.87702160846 1.96935949916 -0.947987500444 -2.10584594792 0.635985444388 1.80047170868 -0.165056713506 -1.18286097535 
-0.471082694193 5.39614460008 8.03280990802 3.91768615087 1.41690077248 -3.44249434343 -0.324758134575 1.40297396008 -0.577136295786 -1.3405854623 
-5.16938419706 3.96710286931 5.6086986772 5.24018281484 0.314429159887 -2.82422190473 -1.52306351471 0.671372062302 -0.322051411857 -1.18858143524 
-6.61380013874 2.69378420758 3.14487904112 5.92512262536 -2.18000026522 -1.60928635517 -2.08530513615 1.41507463349 0.745102384331 -1.37158903895 
-6.65341465287 4.04244348051 2.48072718368 5.39736933771 -3.25027872387 -1.75707395182 -1.75447331493 1.2408911558 1.64958639133 -1.30185967255 
-8.56570534635 5.28050326907 1.78874842655 4.27396474991 -1.78624182895 -2.3054315899 -2.85752177176 1.66236114462 1.78247900472 -1.36450149195 
-9.91814278785 5.76964977382 0.233063849414 3.70673540674 -2.91586669715 -2.29248608942 -1.5268761636 0.947692822276 3.00563260062 -1.59047527901 
-11.6901430506 4.62797071177 -0.157969047798 3.4915148921 -1.52877019148 -1.65457804402 -0.976845219445 0.191828238656 2.47740659438 -2.29982674427 
-12.7456451898 6.24058205015 -1.60876360685 2.32915153162 -1.78250640309 -1.40939069162 0.400428324919 0.010566077567 2.25648308745 -2.64747186233 
-12.1022437194 7.03783152539 -3.55291614442 1.62294623181 -4.10746437738 -0.924289459401 1.84717196551 -0.215892486163 2.63690001811 -3.07485711606 
-12.4084409033 7.45502493353 -4.1976508898 0.715056958393 -4.36949525492 -1.22746618391 3.04389493357 -0.548099639981 2.42183950665 -3.91293173385 
-12.8068083209 6.99090716868 -3.94791987458 0.991377858566 -4.00495894573 -1.26644296044 3.05000403766 -0.564678445831 1.90239472521 -4.20086437989 
-12.6149865712 7.48787578263 -4.1509590829 1.18931927377 -4.1642322813 -1.67768753594 3.2541096392 -0.739378534016 2.28493997012 -4.75219264512 
-12.7586793681 7.24455084522 -4.24404174573 2.10670824595 -3.51651625468 -2.3401189703 3.63059026911 -0.243083359347 2.36356982557 -4.76066257397 
-13.0925833529 5.5098636098 -2.41294702044 3.70627119476 -1.2271343389 -2.8406475978 2.04872407955 -0.253594980514 2.53982827004 -4.54743147725 
-12.4723220308 5.24409822336 -2.87173436386 3.8507906334 -1.95028520556 -2.11125075727 1.96672463948 0.649295248787 2.74620374736 -2.49372236406 
-12.0333675426 4.81859386551 -1.94727128329 3.77727164408 -1.85100840073 -1.48422102881 1.27389571844 0.0376167219037 2.53584644632 -2.46375458102 
-12.2937379994 5.82170167547 -1.04727056452 4.40067100962 -1.37579420776 -2.07961226204 0.654575332794 1.93898132425 2.86489452375 -1.33334678721 
-10.8894662081 4.05882722874 1.24486619031 5.82797276634 0.00666200198263 -1.62883050123 -0.866960820853 2.96882890609 2.0545559444 -1.16422427779 
-8.34819093266 2.70315693534 1.79507875914 7.27573603111 -2.91396800519 -0.686947894735 -0.549014201967 1.31862849945 3.84762794673 -1.96322910328 
-5.36029721188 4.00451457044 3.20039439929 7.92561543964 -2.62630343836 -1.51184523297 0.621817005217 1.23414875014 3.20865914756 -1.1333287162 
-2.94254945105 5.59648087587 4.14038437005 6.86878760843 -1.97380661342 -2.0897360386 1.70876847672 0.280086116267 2.16353441126 -1.03428585538 
-0.320870949879 6.38349029377 3.65323032815 5.74488388224 -3.38437256275 -2.07238446606 3.24354245774 -0.55459838265 2.74949970193 -1.18822211682 
2.92446102934 5.15708053612 4.37890643865 4.25080922094 -1.90954710651 -2.26448950803 3.55191736834 -2.07195859762 3.48806132351 -1.83668309763 
4.53047321901 3.96116320251 4.37303620186 2.49184597722 -1.01526039407 -0.599671358522 3.14039344588 -3.9559858383 2.50607315756 -0.527208689307 
5.65304349873 2.51716048908 4.6352990259 0.57353784706 0.347474852414 1.25616056395 1.56260268111 -2.93848068408 4.06613072234 -1.25420321609 
6.89878408191 2.96080255579 3.39394242797 0.563491680868 -0.045593471046 1.80732355535 1.70778150193 -2.92372738262 3.20283336336 -0.801683248869 
5.81500116488 1.28940477349 1.06297324527 1.01574874524 0.515018054607 1.5379143355 0.756219636111 -3.05782264949 2.38377766676 -0.96049656509 
9.15629509602 2.01816983033 -0.496870326719 1.53109740566 -0.0922583992273 0.0315638822589 1.19553247181 -1.10400314155 2.0341033425 -0.880894003308 
12.124717648 3.72407733249 -1.27453209955 0.323768234943 1.40562256723 -1.00553290842 1.27095359184 -1.40211933993 2.00261739793 -1.06747891524 
10.7715962946 1.06958375844 -2.54417185949 3.97257258231 1.88785925191 -0.293049946825 0.63882140482 -3.56495053487 0.999641119818 -1.426268492 
12.289978117 1.17624524434 -6.31580002861 6.27335771765 1.30018426978 -0.133702043615 1.01381976849 -3.90014892009 0.587674150522 -2.10245636094 
12.9708979224 0.834706551746 -6.74245843568 6.02045849395 1.2607364911 -0.027670913421 0.688807981193 -2.73066813691 0.56348933612 -2.4645707964 
14.1745650958 0.873543890011 -7.21368283574 6.51283075649 1.43865559673 0.38449731247 1.37174980846 -3.76519336745 -0.334506656715 -2.26557019958 
12.3810327701 0.151856968295 -8.20973464171 7.14325588333 1.21520477828 0.484343501656 0.864423569552 -2.77575051709 0.308762355268 -2.57864858696 
12.2848265393 0.191492784557 -8.30128798234 6.90618469516 0.96559802068 0.186865084772 0.654768786944 -2.73432291122 0.430081441948 -2.67821878848 
12.721321274 0.536427563424 -7.34153486275 6.58403465508 1.09143955112 -0.00349564966786 0.91663682847 -3.35874469372 0.63110049417 -2.64421861793 
12.6116786083 0.832052297504 -6.69052685933 5.82866283754 0.510254006337 -0.552237730446 0.454445806811 -3.2311637345 1.25228522094 -3.13674459857 
12.1996822904 0.744551776706 -6.95907715159 6.48136823004 0.386781890897 0.747625007325 0.89144940519 -3.53848962719 1.14416095807 -2.7161132271 
11.4879654376 2.18827914931 -4.61429523694 5.79136062999 0.677042931149 -0.300856310843 0.991760537678 -2.5990551044 1.7850807202 -2.79332537233 
10.4551563486 4.05503843008 -3.07680216939 4.6032247462 0.135445563374 -1.61678041092 1.46414142213 -1.53880326338 2.84970172351 -2.92350980527 
8.08931891756 4.42474364778 -0.877298362124 3.79787166934 0.519247970371 -1.8627813587 1.15921557677 -1.0612604444 2.85361714413 -3.10458116986 
8.7463987673 4.08337851376 0.814617332005 1.29553276239 0.211973653176 -1.26840268608 0.529984402398 -1.44894310553 3.19348888046 -3.35612753159 
8.32416128337 6.38367547731 3.22165246546 0.80433454481 0.964729949126 -3.27113348648 1.45182868327 -1.929141518 1.654862875 -3.28014713671 
8.15567456345 6.6265529088 4.94139775138 -0.0179492970295 1.23091796585 -2.6666158698 1.55808155193 -1.96042557554 1.50494104981 -2.97551331865 
7.11268365091 6.99706506198 5.20386557298 -0.452606095029 1.15065050286 -2.06496802304 1.63310921105 -1.35282365107 1.28481779678 -2.2809879518 
8.48488908172 6.99778034582 7.61816659542 -1.1493825773 2.23790477511 -2.8712138208 1.98609152706 -2.32333627676 1.74326749399 -2.76417952327 
5.42689348851 4.58192477361 6.6697935619 1.68568745978 0.0441839319933 -1.60031682004 1.34542244584 -2.67383312822 1.34859660256 -2.7121318077 
2.02912296202 3.52269552087 6.37663331974 3.95975776256 -1.35782087207 -1.73695786554 1.08550907145 -2.92641655606 1.64530788754 -2.24477812376 
-0.0996435497942 3.06385554842 7.00817716357 4.94773121188 0.675312310719 -2.83347334848 -0.895034174731 -2.48572552807 1.02241676022 -2.43598858405 
-3.60851113401 1.8389061276 6.68470514873 6.52128778611 1.98825256455 -2.37990815732 -1.7447906347 -1.136848778 0.669800311091 -1.62955520524 
-5.91991942537 1.76560710906 5.01581612653 7.38774574447 -0.00712106790377 -1.68559516874 -1.98835995143 -0.126127841356 1.11388368164 -0.544233329165 
-8.31276623123 0.968855241288 3.4163657067 7.53185983348 -0.412192558326 -0.938517246375 -2.9063946287 1.17001861106 2.18800690595 -0.354653163286 
-9.28204723248 3.06744845806 2.21536321484 6.47261062026 -1.23856586636 -1.34269614302 -2.13592256898 1.00485684046 2.12854930317 0.348803915861 
-11.3080123974 4.75780899354 1.50466371165 5.14797506761 0.728486524455 -2.01578102908 -2.14460751072 0.258792984933 2.51115552832 -0.583936101416 
-12.3386767724 4.16224313178 -0.492972989845 4.85165244455 -0.405401427108 -0.807680492524 -0.227874583668 0.696308584814 1.92787647308 0.0143738012835 
-13.0837884478 6.31181480975 -1.7022345852 4.19009958611 -0.226646906254 -1.90390073788 0.833307978261 0.802438830635 1.48613578639 -0.197069966556 
-13.7349042982 8.18264942852 -3.2491750732 1.87709663926 -0.902413201687 -1.9445983063 1.60756979319 1.33787627389 0.853161581564 -0.236638085222 
-14.1584048285 8.20954435627 -4.30136396832 1.0844181105 -1.1512879661 -1.38778675889 1.69462621248 0.574504942923 0.969476210079 -1.18525783105 
-14.3971940311 8.27725629637 -4.79579704708 0.0131121424783 -1.0457342333 -1.03273622705 2.00786322604 -0.432643438707 0.676387631946 -1.79216256771 
-15.1801155754 7.35472496271 -2.21797421706 2.04425680216 2.36967025658 -2.77680013878 0.794365210177 0.976289693878 0.694952442034 -1.87897589708 
-15.9786450965 7.66155698547 -1.87873588188 1.90015211774 3.14816645795 -2.89831291965 0.82070641032 0.980023099107 0.330563175606 -2.16900737762 
-16.5909536309 7.63130701523 -1.11539565084 2.70100100429 5.21816519241 -3.75115596528 0.912271367502 1.84822977214 -0.924982689074 -0.955457428025 
-15.5438267538 4.71185552312 0.927591077559 3.69562277746 5.45075715881 -2.60050188598 -0.961950341415 1.14736302106 0.270380566022 -0.377987461409 
-14.2900793656 5.14782702075 1.36581113984 4.1653643638 4.1528452265 -1.99289057333 -1.37547962997 1.28681981907 1.06564022289 0.327199220532 
-12.4601027236 5.53338818539 1.06848245526 5.18843918939 1.47864597533 -0.911604733127 -1.19245735922 1.96000852532 2.29193206101 0.727936012957 
-9.49863337208 3.76981387171 3.74455987351 7.46309604324 0.64078854101 -1.73441072191 -0.800491684813 2.30800715183 2.10769604316 0.239590655103 
-6.19962230105 4.78367207138 3.23416724439 7.94031949622 -1.844654561 -1.09290803645 0.485702997779 1.75418426507 2.69206226954 1.97644219639 
-3.9506945362 3.64810927322 4.41670499011 7.00930414568 -2.19312776826 -0.716844152854 1.07703338769 0.875034087468 2.20733665059 0.0320466714692 
-2.47482262433 4.03595709358 4.88480608945 5.61389643402 -1.6466307916 -1.01702204119 1.42068549341 -0.606593192262 1.23501417244 -0.0259634228553 
3.62929348981 4.61887108387 5.70648835844 3.83171516563 -0.428514869056 -0.378182743051 3.82117707423 -1.38283338468 -0.108290918763 0.451582063944 
6.53286784402 3.22054163216 5.67326955711 0.565885210353 1.43335566584 1.00265483669 2.04843390995 -2.43260075118 1.78418935136 -0.126260411824 
10.3809161543 5.22139764919 4.56845123969 -2.60376755612 0.106062889968 1.37384049881 1.95548119568 -2.57918797409 3.61069018767 0.136761675105 
7.17391212758 1.56540675633 0.565313710115 -0.94679991219 -1.61022360238 3.22758226419 0.507285335175 -1.44094297524 3.47312663708 0.536491741921 
9.12977383443 0.566985183757 -1.9492870876 0.171071017099 0.0628623856347 3.16712774191 0.0651566643227 -1.13488417549 2.65929596264 0.910166374026 
12.6511013551 1.77154596783 -2.61025778445 -0.323454283869 1.27988277176 1.58899038589 -0.413288169855 -0.682390388817 0.529871350748 0.708027900479 
14.0168593284 1.43497378606 -4.43571572666 1.10799982613 2.65468375976 0.86220387863 -1.44043567986 -2.15232104989 0.476722872481 -0.672778301956 
12.4195631966 -0.0166528228446 -7.17533735143 2.79470263984 2.20625550649 2.00745354122 -1.92656685345 -2.63126124815 1.8409293086 -1.13748514117 
13.9253189175 1.08643607018 -7.5745380398 3.45772933508 3.14102781528 0.787275047633 -2.01653243853 -2.38542167802 0.941843106449 -2.40936159075 
14.0293398654 -0.187338331124 -7.7921020644 3.44744053569 2.78687117274 1.90753289072 -2.48851143948 -3.24268739062 1.10782812886 -2.16008287206 
12.8636667986 -0.0120690057402 -7.7354181306 3.43071583374 2.37778122137 1.5105720886 -2.32016622227 -2.07100231851 0.904273195174 -2.01685572157 
13.1324338142 0.628681243907 -7.90084300422 3.88883902271 2.54804664811 1.14785016633 -2.13121976177 -1.36329037712 1.27636001953 -2.10083551945 
11.6448286259 -0.200456106506 -7.08776095697 2.61086195342 1.96788654707 1.69955583359 -2.24702023305 -1.07844993158 2.40959983671 -2.29549823888 
10.8883224599 0.202256689765 -6.42488010195 2.87684316113 1.29378269513 1.41448614036 -1.82641692401 -1.95964227829 2.26263886843 -1.60121610671 
12.0147435346 2.6368769571 -2.11910962487 0.145302133622 2.40813354979 0.468291538827 -0.777430214633 -1.6315599478 1.56261108896 -1.16090084077 
11.8811159082 5.38135180137 0.866986139323 -1.1362808592 3.95436514436 -1.54902170832 -0.774269764901 0.702591832377 1.58237474428 -1.77453946392 
11.133077551 7.31453993382 3.65039143359 -3.07404875259 2.94596089187 -0.389853839191 0.625254534597 1.83873524372 2.31729960276 -1.27750122768 
11.9198023421 5.82220521758 5.78988681906 -4.02725674774 2.00276912215 0.29033734401 0.785718733015 0.762675566606 2.05552772298 -1.71890882479 
6.17023082991 2.05758108635 5.2548787917 -0.775247848111 -0.0930757421025 0.305226511329 -0.428777833864 -0.977651046389 1.29187698334 -1.83955358352 
4.12341326837 1.31988999521 6.76403809813 0.916586341745 0.354832851923 -0.182335142389 -1.07045623107 -2.03956490883 0.37894181604 -0.996469917368 
0.781841269289 1.11255797053 7.51262093177 2.69690330528 1.23526924017 -1.81536809348 -1.70696770685 -1.28004586334 -0.217085059538 -1.99052841367 
-2.92704900913 0.938698389034 6.87381811377 3.78732787386 0.961155560894 -1.8186230383 -2.58393747222 -1.54928870672 -0.877458356087 -1.18178961885 
-6.73866438548 -0.255287027091 6.56157867288 5.43532069836 2.92815587623 -1.45821680273 -3.82688835004 -1.46686578985 -1.86401265988 0.342935333648 
-8.03203488787 2.0296170271 4.61455867391 5.14830850063 1.30626640117 -1.65326924629 -3.10549651802 -1.49978278392 -1.4242503144 1.06822561696 
-10.6215660439 2.32798818936 3.38697478991 3.96709260381 1.6682833868 -1.24196505283 -3.21509357763 -0.103422590102 -1.52710631542 3.03936059089 
-12.6810742911 4.12889487081 1.00262572792 2.60738659917 2.44829134217 -0.911347023529 -3.05358200139 1.01863359808 -0.0377517514846 2.5812404832 
-12.6789954467 5.28564063488 -2.01662106372 0.984107598151 0.297407965144 -0.171336697814 -1.35285304787 -0.509713157697 0.819165514891 1.33493531697 
-14.310693416 7.08483824246 -2.93150920809 -1.29514693617 1.27640889189 -1.0233740321 -1.16708338031 -1.17832360975 0.0749171778524 0.451129299571 
-14.0515472569 8.42076017124 -4.65796277093 -2.57675084861 -0.0355108449396 -1.21555804126 -0.306466367303 -1.02967528568 0.0390491500109 -0.768065409078 
-14.3147867637 8.30062017523 -5.0661337816 -3.19942273957 -0.107710037145 -1.59639525919 -0.860352000619 -1.65500346358 0.402509157078 -0.762758326584 
-14.5894011206 8.60076403305 -5.40142463946 -3.35155535364 -0.0495266337212 -1.89853549789 -0.93208369666 -2.42727249445 0.476452019635 -1.72602754768 
-15.0471935239 10.4182563255 -6.10536235904 -5.11746554172 0.66843861731 -2.29563806826 -1.20143127358 -2.62602588927 1.12798946502 -2.00413419298 
-14.6107888472 9.45927183348 -5.68273844009 -4.40517857852 0.20345674635 -1.41044068888 -1.09043670984 -2.21950782037 1.62405823076 -2.38928741258 
-14.820074136 9.70122878095 -5.89567615413 -4.52253280581 0.354924376682 -1.57873046415 -0.957691753937 -1.7677395289 1.10276811158 -1.96734206369 
-13.7740587398 8.71057690687 -5.74840429603 -2.78132972222 -1.65480655864 -1.58789236483 0.0470743598739 -1.38613205657 1.10329275542 -1.5503859827 
-13.7117954029 7.80905904017 -5.14509101815 -2.53010444346 -0.939740883694 -1.10121415691 -0.623828959876 -0.250961112122 0.893270813753 -0.799005294722 
-13.663524023 8.33893666275 -4.31902527947 -1.26934804623 -1.04179667174 -1.31733900188 -0.207322878847 0.178554185835 0.894522372384 -0.1431449243 
-12.3075393108 4.98871092647 -2.03998344594 0.672469259766 -1.09460348596 0.95559109734 -1.61499615498 0.508636544759 1.65588386704 1.50248258819 
-11.1837882927 6.07176146877 -0.0127113710143 3.00591782052 -0.846494751502 0.124802148339 -1.81614795499 0.387412807238 2.38047400379 1.50554615656 
-10.4596979722 4.45880691931 3.47521245372 4.51467888137 1.33155670618 -0.790551626225 -3.79300485907 2.00344027922 1.84878335187 1.16368926888 
-7.12714726171 1.2730867435 5.70055028024 5.62553363578 1.72324803641 -0.0711772178275 -3.98542005294 0.295569238004 0.671357800821 0.844891724665 
-4.66315466417 1.79696386834 5.75172443844 4.88018622211 0.751666830352 0.319956087885 -3.16232504319 0.102454535882 0.77920187362 -0.762932562683 
-1.3953137911 1.5977336315 7.90693285892 3.85980204316 0.76099847086 0.856782188348 -2.88161288934 -0.494207903959 0.757933200436 -1.86088797062 
2.79041096772 3.73668791129 6.81220701175 1.67908646237 -2.58783095169 0.881393629268 -0.345267634453 -1.82958813373 2.18904206836 -1.55315057655 
8.04689308284 6.75287720989 6.90617931058 -0.151917409935 -1.67239340847 -0.515637401911 1.82885043922 -2.77475310984 2.57178082969 -0.96459777209 
11.2399015159 6.48010355423 5.63457595316 -1.83072992614 -0.0187753796526 0.891861788998 1.4485617448 -3.3375577498 2.26840829054 -0.615136893815 
13.355448955 7.10809057431 4.65894819546 -3.07255528976 0.728937910587 1.96132910102 0.799686669638 -1.35095029152 3.54903564785 -0.402978969865 
12.8163323624 5.34265701592 2.89001872459 -2.92433904397 0.744792360736 2.88094851345 -0.0952595243624 -1.89812531967 4.09706794968 -0.388009003573 
12.5532484562 3.4312956149 0.88580467214 -3.1215399901 0.157491709471 3.77141794046 -1.26023275571 -0.836813319874 4.86937634952 -0.381086804474 
13.0651464378 -0.023727214856 -3.3930325563 -0.90981204388 -0.156613828525 4.2728146339 -2.14035463347 -2.48262746422 3.0848496915 0.449833831191 
11.5938494623 -0.0825027217344 -6.23470073515 0.438647674688 -0.0882620540612 4.24495031946 -3.49506229986 -2.35272440616 3.50358979366 -0.553125202308 
13.1099945087 -1.41616487903 -7.40383377377 1.02986751081 1.03170911691 5.09698036 -3.34707896852 -3.31467953669 2.01934445739 0.0823412856981 
12.3171068486 -1.57277872532 -8.43038101474 1.39952470876 0.614340732889 4.53865355948 -4.19038429231 -2.01833067272 1.49330201032 -0.0127508784675 
13.4333011266 1.64518273567 -7.61920738425 1.29372522068 1.49810315411 0.977891800841 -3.0174093566 -1.32417915687 -0.635789094239 0.0360788261046 
12.5604473707 1.15358514391 -6.42710562576 1.42107826143 3.08794705254 0.510393690641 -3.84233157111 -1.44983492211 -0.147684559586 -0.675462605451 
12.9879394477 2.56272073704 -6.31740566611 0.680455555238 2.60508933631 0.198163760339 -4.04358136601 -0.63798055687 0.838930015253 -0.650920263319 
13.1425817059 3.1206788814 -5.46023201067 -0.471463931973 3.09364278063 -0.141258269864 -4.42788258045 -0.04679397009 0.982970357266 -0.613583328556 
13.6878639412 3.89366611344 -2.98965885298 -2.92379614887 3.28871670281 -0.68966634721 -4.28506320449 3.32479981275e-05 1.46248047078 -1.03281631395 
15.129626136 5.62153984672 -0.875789975769 -5.11245936378 3.58514432384 -1.14316277801 -3.15048371944 0.605179346986 2.09600782641 -1.26183662343 
15.1649696746 6.67617738354 1.06852319811 -5.70301533268 4.39674765801 -1.55284102612 -3.03217321886 1.40620080916 3.26200019469 -1.77086341373 
17.4083459129 7.68814009258 3.852844577 -6.00909188827 4.20771499101 -1.38172233256 -1.10340459935 0.38614751854 2.43481318167 -1.55822037421 
16.2139043657 7.51731229257 4.21338680214 -4.62849299687 2.87417136149 -1.59229049919 0.056689848632 0.023023552973 1.85970586092 -1.72208863548 
14.0081111787 7.13968970728 4.17387557511 -2.43245977369 0.352679583685 -1.42772250345 1.71439380203 -0.566697117162 1.03684628739 -1.2654620861 
9.61289417094 6.17486891822 5.36301266567 -0.916852943021 -1.17507804071 -0.407823285956 1.68530547709 -0.370434481144 0.598910496573 0.216412510028 
6.21735610086 4.60898218626 6.25891568893 0.768155747712 -1.52510200601 -0.516630233191 0.736159350576 0.286847915651 0.336764319567 -0.674988008438 
2.88137534765 4.08942801491 7.1625261209 1.35032726612 -0.87286873448 -0.0708950277747 -0.73755042847 0.120765232096 0.0867903220782 -0.270075754846 
-0.847747875591 2.69711700302 6.54845552835 2.70966813273 -1.08494602484 0.460532021742 -1.67050085985 -0.103225919303 -0.11378826086 0.332303930945 
-5.46887855176 2.14032635649 6.40357524455 3.98659845116 1.78208588064 -0.45547715809 -2.73743672645 -0.41490717168 0.467455022078 0.523678032303 
-8.41978252286 2.80468907328 5.88201532184 3.62933239064 3.56867220475 -0.884659011321 -3.52019655602 0.014902597614 -1.14514552032 1.18995281405 
-9.81235977934 3.79427765734 3.21894717228 2.9672237909 2.01107769823 -0.703705131012 -3.18051553596 -0.0346503179643 0.264821683937 1.82055504435 
-11.6406403145 4.91447202584 0.243046079063 1.25476198276 1.0825278634 0.0885946141382 -3.28855815825 0.30646527385 1.01327374108 1.67946272223 
-13.2083013046 6.56928338954 -2.15103718957 -0.837703745798 -0.531941363904 0.888738845535 -2.26781678581 -0.154826319803 0.721175403071 1.5890433043 
-13.6217359203 7.99750142118 -4.89254554362 -2.83454675209 -1.95389321261 -0.199821448303 -0.422325590884 -0.136662315409 1.03696290148 1.65359958369 
-13.5968249782 8.89137892037 -5.89958156567 -4.51502389359 -2.59327025577 -0.315221578757 -0.0500643851425 -0.799817223922 1.82793508831 0.145030580065 
-13.0545914743 9.91013784552 -6.86152405894 -5.49835819149 -3.20456431081 -0.17728463148 0.881846738942 -1.86877629553 1.15975501708 -0.380899837942 
-14.3749324195 9.76171068585 -6.43790319641 -5.14707942721 -1.58735693123 -0.964153693802 0.937129696138 -1.60513988448 0.763754562913 -1.00734610725 
-14.8284209909 9.03059314336 -5.91720823872 -4.99370036215 -0.393074417156 -1.43005605142 0.414825012073 -1.23924262283 0.799765172724 -1.17651159622 
-13.36203947 9.8163694966 -6.98937298263 -5.4767053409 -2.51831473269 -1.36783123621 1.19479291478 -2.16470135375 1.65046800292 -0.985759069693 
-13.5145485475 10.5074578932 -7.88941363839 -5.69652152088 -3.04954625779 -1.08269806281 2.08188113075 -2.0777450047 1.24923123583 -0.37902772376 
-13.8410945355 10.2886880623 -7.66324661357 -6.26315347989 -2.36369036405 -0.878240249975 1.75275105582 -2.46102673205 0.999128263253 -0.328149973406 
-13.7262175173 9.53259304024 -6.81980437711 -5.2740959049 -2.70596918363 -0.735336717447 1.17351194022 -2.39943270543 1.34635226788 -1.10444347189 
-13.6694860583 10.7685317613 -6.9842987717 -5.75480449933 -3.0375179158 -0.586784233721 1.77004026074 -1.85211920597 1.27858080825 -0.343437714421 
-14.2542135434 8.52916463001 -5.14685753154 -4.08370484802 -1.52324740975 0.258001653614 0.0812364569071 -1.09032757303 0.585163844358 1.50819673977 
-12.9603478209 7.41663819172 -3.035712986 -1.13383647917 -2.12575700201 1.09988431352 -0.721191771697 -0.347892559161 1.12869492971 2.72727036502 
-12.5324839298 5.94269970958 0.110269510655 1.34602668022 0.266432908697 0.164732669975 -2.41479946421 0.659909090715 2.12664090368 1.09711980546 
-10.1549053129 5.58837711912 2.97287172441 3.46366262172 0.645936976469 -0.757969168738 -3.24938681069 1.28520624659 1.97384683457 1.29429801939 
-6.37024154677 5.53232821706 4.81054648298 3.26047870403 0.000628693190376 -0.432124952722 -2.16412054334 -0.185192084251 0.614298005441 1.17599201587 
-3.65105969309 3.48504854798 5.45898562268 3.53420139575 -0.62706593052 0.870464508511 -1.99847289848 1.07222487828 1.84302604631 -0.060578414973 
0.615774903387 5.23622985639 6.55886208611 1.47769670975 -1.61833995323 0.261862857433 -1.06154085366 0.810417319336 0.921075125035 -0.996138377771 
5.35700544525 7.30098309308 6.78440138402 0.52876763569 -1.90357351595 -0.48702159995 1.59950581035 -0.481016996893 0.718769593286 0.0405686360817 
9.47918186879 8.74576420457 7.13494760386 -1.39959092771 -2.59278439172 -0.740305786111 2.66626514093 -1.89481497016 0.15426046485 1.2466621731 
12.9865358007 9.78726358823 6.86181460341 -3.24383170703 -0.678455287349 -0.292222271416 3.77196799452 -1.85619915418 0.401663852716 1.64631142854 
14.090389932 9.55503700044 5.00784107499 -4.80805328976 0.150493104249 0.000861597200466 2.02868529084 0.511989394871 2.27681751415 0.716705242049 
13.9950108369 7.18387317258 2.54512881264 -4.39677056411 0.150649134263 0.587930190929 0.769284601117 -0.401445649066 2.32184962633 1.4097450733 
12.3908652767 3.33999186913 -1.48209789206 -2.38522238179 -0.59694409763 3.10218935892 -1.02748738845 -0.316205395685 2.48572738317 2.30109325669 
9.4830286706 -0.242643643159 -5.01729373534 -0.067198574081 0.488788873487 4.62075295027 -3.03825051073 -0.0347456084188 2.11884761228 2.64431424066 
11.0846943813 0.152243990585 -6.44190992046 0.685778551765 0.373060963586 3.61091550381 -2.24279138148 0.483559499575 0.594379722361 2.71733773206 
14.7812038142 3.98773972259 -7.8460495829 1.89942866089 2.44685600538 0.521030049529 -0.654978434989 1.61928824911 -1.39014065703 3.01724781333 
14.0638790195 5.0955766628 -9.24338592453 5.06938664507 3.13333148132 0.467880139188 0.766720501326 3.32709688276 -2.50195281649 3.42905292254 
14.983796694 6.1128239943 -8.24831391846 3.88251087899 4.16634192633 -0.603835987842 -0.620193508967 2.81187068987 -2.24013013632 2.17971631982 
14.6115844021 5.38449058005 -7.09041492168 3.68556384078 4.67900659863 -0.0472714004076 -1.05954562101 1.85730321174 -1.62321497893 1.78083780254 
13.2726294448 4.41411838425 -7.00323673883 4.13241225117 4.28717165695 0.275307171761 -1.46575363828 1.89216195597 -0.880319538388 1.34552767122 
13.3657080575 4.78664175635 -6.01918656255 3.32387309027 3.89627939345 -0.39406593686 -1.06166455821 1.60787196297 -0.149701049452 1.17817781415 
12.894671963 4.58668578276 -6.34597356191 1.78191382527 3.2117272807 -0.61227203155 -2.53706587639 1.36431503083 0.575269695954 1.09661472199 
13.6096045228 5.37050434893 -3.77170969162 -0.246872264303 3.59134916635 -1.41205321578 -2.60512546821 0.487662440934 0.48229027671 0.0175228074545 
12.5349315142 5.58638457434 -2.37608056395 -1.82033564686 3.16600854912 -1.31629128178 -3.11477797423 1.93016801389 1.52687659635 0.116078221315 
15.7952891818 8.03752031362 1.48779475766 -4.76737689502 4.75380134846 -2.1095041489 -2.54152354831 1.07030554012 1.98311340829 -0.766691210824 
16.1019517417 8.98780311016 3.67582855831 -6.42951991021 4.76100143893 -2.81255633698 -1.82680320101 1.74807123656 2.09568176632 -1.00310607646 
17.3488012094 10.48636628 6.36527794756 -6.21703838864 5.09645598332 -3.03212270148 -1.33324792329 2.74112838852 1.41560591191 -0.82901150189 
19.4046570122 11.0551128561 9.43055378544 -7.16677294925 5.47675702755 -2.82356172077 0.627747763591 1.73213345785 0.305080852522 -0.78313695633 
13.7619314055 8.19803621715 8.34247132246 -3.37004012213 0.314488499176 -2.27154731145 0.697789850253 0.493762374866 -1.13391847874 -1.03626093555 
7.43776846125 5.87908050003 7.49536657768 -0.151840026338 -1.43143282536 -2.40644187572 0.223665602944 -0.120219126483 -1.47522919866 -0.634790044272 
2.93002068199 3.13140108659 6.65500082186 2.46167153554 -1.52042772891 -1.37471579838 -1.1463572767 0.494767475784 -1.42235913809 -0.0682084331047 
-0.283982914654 1.14826023379 6.40671252269 2.96272164887 -2.47552890382 0.594877916747 -2.01750024324 0.29977060473 -1.24654273864 0.623359860101 
-3.9992810124 1.03482999495 5.20804240863 4.19492459256 -1.92181652434 0.360324974464 -2.26523999041 -0.213727947784 -1.5150746806 1.3841369163 
-6.46393805073 0.923601217654 5.31382808178 4.27507222683 -0.710873002542 -0.00498627117768 -3.53166907146 -1.36768923249 -0.768316200478 1.89261716432 
-8.78312640948 2.93844390017 4.94926310553 3.94532272939 2.01123877397 -1.71022753017 -4.06686797482 -1.1195770533 -1.73987352337 3.03601251631 
-10.2106934365 3.74978952654 2.62646825293 3.13709030373 1.04832581307 -1.46870589844 -4.57266679872 0.254215892056 0.661881191261 2.72004429541 
-11.9011631561 4.71870241988 0.430438139022 0.831267848858 0.236259729295 -0.93932663621 -3.82325931694 -1.24435175214 0.460277156723 3.05012942664 
-12.8849687141 5.54862038897 -1.71921172119 -1.97692124833 -0.529654049868 0.573183699825 -3.15522764571 -1.85133456006 0.546821068498 3.39431475117 
-15.1466649673 9.34122576744 -3.41105278629 -4.53657343857 1.62776249689 -1.3616096969 -2.22132877182 -1.13255506757 -0.647325544698 3.00593062139 
-14.7682381641 7.64027930229 -3.66825282414 -5.15272480897 0.982777993503 -0.868132056409 -2.53353476851 -3.00516292366 -0.305945687417 0.86571540558 
-14.8003918739 6.66279527438 -4.08893546226 -4.77959567419 0.369171974736 -0.334681776613 -2.12739346591 -3.47870245859 0.359689851736 0.117708878443 
-14.4218738908 7.62711270652 -4.75691844231 -5.72904692373 0.152912447279 -0.899809681711 -1.80486724778 -4.08661912395 0.528306785844 -0.621596414062 
-14.3206161114 7.8683803879 -5.31792478199 -6.17728047912 0.0539895502132 -1.10272433266 -1.43887924654 -3.94826209213 0.518809664118 -0.485027889866 
-14.3432821571 7.49924577488 -4.82861874296 -5.55420595617 -0.0187595152604 -0.850639077426 -1.53364994453 -4.01271329799 0.648136233234 -0.526874416573 
-14.0521314868 8.359064038 -4.38110634251 -5.08166454071 -0.0200669909381 -1.29779101463 -1.63926312035 -2.89330697846 0.848061452179 -0.583831327063 
-14.0704083109 8.29842984362 -3.16196640961 -4.90886699884 0.866329373868 -2.04630214811 -2.2145104572 -2.84143667883 0.324403963194 1.13213340711 
-13.672323837 6.16166787743 -1.88331041619 -2.67077216505 0.441918785118 -0.717921494828 -2.59156149368 -2.89064116404 0.57041470257 2.59245458454 
-13.2378095326 5.49944629075 0.393440610351 -0.485051525936 1.71325970815 -1.35691048753 -3.64217804302 -1.18404557715 0.742703625481 3.48587476105 
-11.4638717584 5.68165883023 1.77532959421 2.71605051464 0.629972306317 -1.8308574226 -3.7622227009 0.0257260268145 1.64608252852 2.51303374326 
-9.57192103232 4.72961427363 4.03176497461 4.91912956821 0.869027315583 -2.61519354138 -3.92786266402 0.181381561403 1.15713681217 1.7704823974 
-6.76834515197 3.71664966114 6.56490686439 4.78431872042 1.06556351673 -1.77788587277 -3.76762204188 -1.38601061831 0.823698563159 0.679396633916 
-4.96649653285 2.74368331788 6.45228853476 3.9830102848 0.00508099922244 -0.180345622322 -2.60454076307 -1.35567589063 1.59160374385 -0.543041743426 
-0.722521239256 3.1818700871 6.99748920022 3.3861725649 -2.4013920987 0.95131744325 -1.13072303108 -0.901733929707 0.720627484001 -0.614961534928 
4.50702521318 5.24783084029 6.05731491041 1.09468242201 -4.19807612322 1.21138351686 0.524081143583 -1.75511287427 1.57275469149 0.0910675851116 
10.2167475897 7.47893665267 6.86939553952 -2.36777860221 -1.71830508406 1.19049548924 3.17186318201 -3.47416945065 0.13476762347 1.6259432335 
12.921843953 8.52380432289 7.23092512233 -4.74761216793 0.962647227039 1.23254192985 2.26005629898 -0.882186950943 2.0328025149 0.985547095995 
11.7142154852 5.64708890181 3.63187614985 -5.6511679102 0.767807417233 2.41815069648 0.378049959476 -0.989314888879 3.51165678922 1.51701598128 
11.1203897591 2.75059811228 0.445602359981 -3.97743133139 -0.136601836898 3.99466358857 -0.721323627589 0.166375794725 3.35087268813 2.61216879126 
11.0347014171 0.632694016414 -1.66911029676 -2.65138198205 0.412327927992 3.37931181336 -1.85076367749 -0.679037614933 2.20551067503 2.19448350695 
7.6814396629 -1.1137562155 -5.48260377787 0.87297038039 -0.518410558991 4.30057415355 -2.03571108879 0.643577578922 1.4884195847 2.23488207679 
14.1215282962 4.67888284677 -4.26663553664 -0.350126864318 1.55559834809 -0.739767704043 -0.797316177942 2.82209067013 -0.0465048146627 1.931187122 
16.0989971477 4.69200901493 -6.48390378629 1.70890911465 2.24249015488 -0.946726641923 0.222882254177 1.0845895594 -2.03190013389 2.32530193459 
14.8506040636 2.90000787003 -7.87835317376 3.05119301728 3.26572001156 0.782984540684 -0.823402046967 -1.1663611966 -2.16186940696 1.94748799663 
13.3428815821 1.63042182317 -9.39902780534 4.26544839268 3.19504939249 1.33645542656 -1.82369127866 -1.40860181227 -2.14566280323 1.19396040548 
13.5684194154 1.95176576144 -8.98855532396 3.64647318273 2.76765934169 1.19402624579 -1.59923260327 -1.01819497747 -1.75058957998 1.03559088391 
13.9635246046 2.02655466724 -8.37586314523 2.92270490211 2.64764972464 1.09785228271 -1.75566685686 -1.44709740493 -1.50601517849 0.709079006071 
13.6236546856 2.17085482113 -8.16924733797 2.717124427 2.01501078593 1.09427961247 -1.35363464886 -2.04259469443 -1.63246772584 0.811993849543 
14.3912966602 3.1718780263 -5.52509409449 1.61176816195 3.14075553369 -0.568486202144 -1.89834333667 -1.40481486121 -0.370194574601 0.332720624458 
12.8369045469 3.80377245933 -3.35862804596 0.00718914516177 3.37419523465 -0.282783621374 -2.37021078281 0.509784751712 0.184588579433 0.0532882514272 
11.299396949 4.02108799804 -2.05703970143 0.427184680881 2.92652619401 0.248683119682 -1.56761033929 1.16510860232 -0.117048119108 1.15131892592 
13.6473379446 5.00193816778 0.31437401016 -3.28173270714 3.97103816761 0.0255110222691 -2.10121137302 1.35202964472 0.868522464487 0.395025682461 
13.6103255766 6.38762821428 2.36935174789 -4.24180966629 4.33325452857 -0.404191876136 -1.36693301964 2.1130614023 0.319492055292 0.640299973003 
17.0380726162 9.30477871197 6.17515026988 -6.33510079506 4.83375265295 -1.60265915116 0.358846494075 2.76168411689 -0.0703191773463 -0.301173119836 
18.2037061376 10.8237220121 9.51638175764 -7.40136616939 4.95812469481 -2.2214587712 1.34749410609 1.38652876447 -0.842093100809 -0.77194989473 
15.3544587176 10.2997429635 10.2227074465 -5.80079318939 1.33743522085 -2.11880227567 1.78455993895 0.20243559968 -1.40399872952 -1.3932735394 
9.79716290878 5.87957877471 8.35679368465 -2.07828904533 -0.833600651109 -0.959221653402 1.6460769486 -0.493082893858 -2.94986325968 -0.570206264251 
4.18081666492 3.76036733489 6.69040398481 0.570926841813 -2.98908950511 -0.115848171385 1.07508446929 0.262263545261 -2.84703404279 0.376201659973 
1.65565186471 3.13025004044 6.77465764082 0.973953223989 -1.91016670735 0.04906507455 -0.366642780833 1.52557998512 -2.67994879771 0.384734308928 
-2.58433959898 1.94579885957 4.2332123586 2.50879858281 -4.60543042134 1.76497313366 -0.610464082213 1.33698389475 -2.36588994998 1.09798773414 
-5.09493027344 1.17854200769 4.21777519303 2.66812192702 -4.27347867559 1.80687610716 -1.96803224207 0.907679968895 -1.49025027005 0.91443058543 
-7.40738284945 3.24329748361 2.96375078757 3.33901858321 -3.02688955498 0.779639894259 -0.822284170263 1.65355839823 -1.64247567513 2.47886544206 
-9.83197310733 4.0253073019 0.57340048163 2.80425491207 -3.13772553084 0.865762161583 -0.644429594253 1.71609177603 -0.998900501724 1.85725584156 
-11.4525476337 6.44914748845 -1.05376737678 0.559971857278 -3.12588174541 1.13219371109 -0.711819398523 2.16440224733 -0.195587047029 2.4001893997 
-12.5376244328 7.45403532919 -2.78097874489 -0.221343962455 -3.38927691958 1.11940982162 0.449157683563 1.8294889067 -0.656575559712 2.51430510755 
-13.7783795268 8.96834193641 -5.26219587758 -2.56705529818 -3.18575196323 0.617442350892 1.38608976401 1.62770274193 -1.23534194631 2.45226327636 
-15.4415435322 9.96622295987 -6.52945788454 -4.98551514819 -1.71106874605 -0.0142602656047 2.66919161807 0.0481623341849 -3.41387015308 1.04730723262 
-16.1589877501 10.6301873613 -6.89273817335 -4.95596519196 -0.503342459082 -0.54190595314 2.55325173915 0.152740150014 -3.24255258842 0.846022536554 
-15.7614473357 11.2922071206 -7.07678706371 -5.34048237728 -1.18348686854 -0.354537645236 2.61225389253 0.089222356984 -3.12488435964 0.369239378658 
-16.2178627265 10.3227560048 -6.23413292527 -4.82695369897 0.509865547083 -1.64109098099 1.70806539161 -0.835585917128 -2.93706103742 -0.456286378704 
-16.1200380489 10.4269880684 -6.24452493407 -5.19413215641 0.502465710705 -1.31466588597 1.82864423944 -0.302073158533 -3.46410813348 0.216364633201 
-16.3200890112 10.2263954545 -5.62732723733 -4.79738962845 0.251590851348 -0.861948780011 2.01195333955 0.132389975015 -3.62666669978 -0.248566365432 
-15.3386714372 10.042856614 -5.46232840957 -4.907569378 -1.28534262156 -0.396325806144 2.04780045149 0.18294155519 -4.0670283776 0.759863343921 
-14.9656749426 8.53919082425 -3.76318302933 -2.06317613731 -0.0731834970305 -0.966481012482 0.91567671359 2.35518152432 -2.9037136592 1.83035432144 
-13.2172065744 8.55382120584 -2.17960659023 0.520404075065 -0.756341364306 -0.651673125301 0.391595339502 4.14471877227 -2.47106922527 3.49261619167 
-11.755806896 7.62143223933 0.351841937264 1.56266764813 -0.576458558861 -0.545255885273 -0.263657011206 3.73324664793 -3.62571370016 3.25042915943 
-10.3871156595 5.8930124419 1.67237886788 3.81196982091 -2.26997790153 -0.530164758503 -0.763387305345 3.44295936328 -2.12356308763 1.97315866792 
-7.2046351881 5.03054363825 2.69064178338 4.87181014861 -4.03174673741 0.362516453104 0.301437589318 3.17595859274 -2.73630590072 2.19899399852 
-4.35065509802 4.58783316067 3.21779281636 3.18357293677 -5.68173367444 2.41579352121 0.393136330249 2.96316939392 -1.90834486421 2.0004115334 
-0.270108576236 4.90871892976 5.14275687087 2.27801246885 -4.7631675714 2.17874677836 1.31772037309 2.69312095764 -2.90340044715 0.875121367474 
4.49129205186 6.98043013292 7.72838865477 0.908939762334 -1.79451959289 1.73307184189 2.74478297806 0.633763919276 -4.28044938151 2.19219062194 
8.87946947885 9.24117952128 7.30367159222 -1.71043312921 -1.65027731217 1.32746478196 4.54291143968 -1.56586003805 -3.95146594824 2.40991722721 
12.6036207106 12.2046514313 8.37059197621 -3.89830006027 -0.271948044402 0.621762664735 4.98240653145 0.372214456208 -2.20715225488 2.22508034228 
14.0143000074 9.75994336463 7.23757645051 -5.07401296154 -0.269875555811 1.37441082276 4.12440573808 0.794385253289 -1.15081128734 1.47268740925 
13.5027857409 7.63745512134 3.53647418169 -3.37595871642 -0.00498330141363 3.39064757434 3.37994714715 2.4610723414 -0.524634514164 2.72632292468 
10.8758132644 3.4981425678 -0.117397628549 -1.40934032019 -1.17632817108 5.35813999152 2.24181697984 0.579864750725 -1.12563341875 3.28983061676 
11.0373203822 4.053117679 -2.36554944627 -0.132539144652 0.0828193627152 4.27627037002 1.86556977058 1.89118538408 -2.01898510574 3.15208883663 
12.6921082475 6.54235782827 -3.16561809895 0.0836239505754 1.28724610093 1.43390100309 1.1935377842 4.35847480792 -2.84596609973 1.54887884272 
13.7291461962 7.85578372425 -4.53284973457 2.47221333258 2.70328183717 -0.638689984749 1.72671884092 3.66721341365 -4.66532580828 1.89361926376 
13.0563920657 6.50097777302 -5.66894810028 2.98149439761 3.33793899277 0.531059865246 1.35992630353 2.72757276584 -4.16727684132 1.62155168835 
10.7385412617 4.69899739932 -6.89797666634 4.11603419928 2.93757084694 2.45456086211 0.773305814003 1.69011999535 -3.50802169806 1.29075954244 
10.360396093 4.84511267369 -7.30079252805 3.85646469404 2.93033799646 2.62768431125 1.04321438601 1.73842502365 -3.18260962912 0.968046370253 
9.67448056908 4.43353892647 -8.2577790731 4.15423872204 1.90981437953 2.81321760637 1.14938432587 1.75933941934 -3.17134965897 1.50650457136 
11.2833393417 5.82353172836 -6.57165977922 2.90326607375 1.76630180005 1.45115326234 1.11641511989 2.13707745145 -3.08096311922 0.894999067384 
10.8854171128 6.0271654107 -5.40396136438 2.53114770297 1.66828970712 1.09399965478 0.243447520938 3.11165651667 -2.58790978409 0.636120049757 
11.9311525453 6.80838386552 -2.85050258844 -0.1886614849 1.96840390342 0.92207814422 0.165016395981 3.78886140328 -2.29606814109 0.608776802109 
12.038560462 6.92612552792 -2.02394077707 -0.887204240137 1.91078917588 0.931693064457 0.920548501598 3.27454702692 -2.42952456458 1.20125107237 
13.8138258177 9.5405177615 0.127827035766 -3.87995465206 1.50314347466 0.384450130562 1.52284028828 3.53258324409 -1.85751410882 1.3347372843 
17.7705164112 10.3196058684 3.50472666113 -4.94230927065 2.85877082251 -0.355940362471 2.4891965622 2.71919796679 -1.78467705352 1.02586810242 
17.8575571474 12.3801225078 6.70639533936 -5.91109921197 2.41585530112 -2.19105899203 3.72873919654 2.6987147131 -2.51757060486 0.559010720598 
16.3497182431 12.4030935068 7.90965959146 -5.48858843128 2.24649161301 -1.64454880295 3.8767128594 2.28134283807 -2.92064192647 0.914676788144 
14.8900162155 12.6589051656 8.5481240967 -4.8204576729 1.40975645687 -1.45178360399 3.51558017125 1.00738624607 -2.88038761528 1.03633156132 
9.27016266716 9.19491487398 6.49547408562 -1.720330842 -1.86352898937 -0.530659978087 3.17654406645 1.99512815802 -3.05853333205 0.915949365319 
4.79361252229 7.28300019199 5.46072490461 2.12344827713 -3.58227490602 -0.24794132479 2.96808573202 3.11610492068 -3.16190096281 2.24196035313 
2.15236478002 6.63581022881 5.56997951071 2.44048822922 -3.09251291759 -0.613066545793 2.14764686278 4.04367769564 -3.0052522867 1.50849621372 
-1.22714650517 4.55798721553 3.75957851395 3.44385478876 -5.63323972099 1.22101825178 1.38310045597 3.57684602115 -2.96353854081 1.68836872879 
-3.62892622781 3.32683989911 3.79277047647 3.61019326151 -5.46377819077 1.44241203945 0.424207162485 2.70625184244 -2.72011575099 1.94133523707 
-6.62654869665 2.80883434428 3.04283476061 4.07298090381 -4.51538082847 0.962857430443 -0.408248294771 1.92044738542 -1.97140458882 0.992032225723 
-7.89102735039 4.32331170974 1.35096484418 3.61386777674 -4.09192127401 0.434510574343 -1.26489579208 2.6184667989 -1.16202322089 1.37393147293 
-10.2433250249 5.56562589929 0.475466536864 2.96630594317 -3.03428963071 0.084036866014 -1.411085075 3.05256523966 -0.925314255827 1.4630913124 
-11.6787349908 5.60075102987 -0.855626190172 0.492147694414 -1.83593326476 1.27903423096 -1.58853328552 2.19500990285 -0.864905526419 2.25141399963 
-12.8972205077 6.60709986271 -2.88206790081 -0.884648190848 -2.31325515089 1.30174368657 -0.274377667126 1.54124680145 -1.18992292526 2.75988238824 
-13.6601594009 7.75807068385 -4.99318574278 -2.87270260807 -2.70844325439 0.440482222181 0.375348294445 1.0380469201 -0.895762933473 1.54921015772 
-14.0437170622 8.51967161779 -5.71473731619 -5.73341263124 -2.54538553668 0.242428019946 0.886779901665 -1.67578793017 -1.32692369302 0.312321639259 
-14.5104927864 8.79843539442 -6.51532943097 -5.42122323187 -2.5679842256 -0.346099362913 1.65427550484 -1.6160369682 -1.11336810221 -0.53003096584 
-14.4255017317 10.4711656181 -7.10969238866 -4.99035484219 -3.30746708779 -1.35985346775 2.40863080141 -1.11990670388 -0.984783368093 -1.17659433739 
-14.3127350237 10.0364923332 -6.11357549262 -5.45812913614 -2.52195630763 -1.47212776439 1.76805718033 -1.27609007073 -1.12565713279 -1.59794794508 
-14.5116854469 10.5718703086 -6.18464370284 -5.89114026104 -2.1642372734 -1.79351582359 1.61339442058 -1.20150996531 -1.05392157366 -1.00330983507 
-14.1561108045 9.38333326474 -6.03870149434 -6.26496850193 -1.96693407995 -0.551868338305 1.16401454358 -1.46270366385 -0.951885075529 -0.479010913466 
-14.2832177593 10.2939905334 -5.30033170786 -5.86737492077 -1.43050665836 -0.997523937343 0.765947749018 -0.920161312366 -1.5993572742 -0.253382998595 
-13.9021382897 9.18804563026 -2.7324483983 -3.68996786728 -0.832297332361 -0.372554854495 -0.637340138333 0.520764715708 -0.185098645741 0.299547811079 
-13.248030294 7.93063662986 -2.11093323175 -1.46376275295 -1.4061199522 0.117278481921 -0.709474639443 1.46880835149 0.296981705915 1.94526073019 
-13.0226640116 7.21444942373 0.418585176059 1.05101511304 0.308221410408 -0.810139266384 -2.28337637137 0.842710945806 0.414455836766 0.896528824718 
-10.5909828374 5.76997136399 3.05756463281 3.1413498642 -0.112691416025 -1.73642811565 -3.75433608194 0.905069559911 1.30728069698 0.260368319482 
-8.05115913294 4.72796058522 4.18619416723 3.20738247984 -2.07972163508 -0.261903532579 -2.43124730149 0.182017803791 -0.277419990974 1.10769784689 
-3.15398260309 5.63510297529 5.20149129733 2.45487511564 -3.68009264164 0.565782064335 -1.13616415284 1.03102488227 1.61552861666 0.786470088118 
-0.578635144999 5.2556564948 5.51784682962 0.891579146808 -4.73304830029 1.84847015465 -0.222873548616 0.827684368395 1.61030904761 0.262474192177 
3.70163588468 8.0785495465 6.8582783159 0.495698721364 -3.92738242285 -0.0212751156932 1.52578943446 0.00581073658534 0.396236430739 1.25358860338 
9.3368097428 9.51736792068 7.88661802789 -2.61529377842 -4.47609125552 -0.106361003257 3.73898074244 -2.00274051761 0.528119797553 0.804849177416 
14.3226821121 11.5856866646 7.87964999115 -5.51910151276 -0.85335560714 -1.59357466134 2.7998973784 -1.44250557806 0.74981195092 0.861696671261 
15.559642182 10.4206041982 7.42401505058 -6.74358616548 1.85304470626 -0.868833078279 1.89574577495 -0.617070118019 0.806904359156 0.936447272955 
13.100468028 6.40607782996 3.5875250972 -4.52100256451 1.60197595825 0.943266581956 -0.306757562763 0.495386272915 2.55735274132 1.6766611813 
11.2267990425 2.79727774842 0.259168060678 -2.96703698655 0.631524560448 3.5153743036 -0.689477623055 0.0558028252304 2.25949613667 2.18480756521 
9.13562579553 -0.021510378388 -3.22855420383 -0.468176770398 -0.0654751594722 4.00243204632 -2.27904482315 0.522215834782 1.15353709529 2.21376020524 
13.5392240418 4.11169585951 -2.28148302787 -2.8436023497 1.51676270765 0.410723128189 -1.47894780124 1.63462630689 -0.0589242869002 1.31348884669 
13.8110078989 3.38008689194 -3.83744741866 -0.104340743482 2.18200469224 0.90459561991 -0.722328081997 1.89120801554 -0.826423673531 1.86427877299 
14.6047532834 4.04599801338 -5.65096006884 1.19739246277 1.55153594527 0.591159224693 -0.6831733542 1.18811065291 -0.261422990225 1.5257329192 
14.906851516 3.39627591325 -5.74253863114 1.38112136624 2.59308268567 1.34130427509 -1.62034672295 -0.334456477136 0.503591044731 0.995280856343 
14.6378257693 2.02104878079 -6.03450875863 1.17346838965 2.3351242876 2.0090630183 -2.52708539333 0.182112000001 0.165753207929 0.672024681537 
13.5807214731 1.99788643703 -6.3482238404 1.93465921234 2.3533546633 1.98445940143 -2.27033815242 -0.0215635930705 0.0951502011284 0.710260263959 
14.879583106 2.70379339609 -5.16753575746 1.52201473784 2.8016421582 0.820915281409 -2.65105091751 -0.222234557824 -0.0806701000927 -0.0474015614727 
12.9388189002 3.29938894873 -4.169241932 0.110633146573 1.94291167259 1.40487573674 -2.63259512551 0.805173915769 1.25012155684 -0.386917679684 
12.5910878118 3.49279841753 -2.99691035427 -0.424300131156 1.82427332937 0.458302908796 -2.93681989026 -0.261285647753 1.41353806264 -0.652764335373 
11.7081760016 3.29300156307 -1.40902814894 -2.01844698191 2.58575993678 0.821551338303 -3.44745138709 0.432443396423 1.45362376855 -0.586617633129 
15.9727896229 6.65871327677 1.9771913149 -3.78085993192 3.71965944577 -1.37408721964 -2.47985822894 -0.61169567843 1.27684851567 -1.18337680818 
17.3429044363 9.10262809372 5.15231043531 -5.73554567982 5.22383950929 -2.57609227593 -2.38158255058 0.880219173548 1.31545929267 -1.30107966778 
18.5875585295 11.6255945119 7.4069150909 -7.73908489793 5.87171952082 -3.21407717759 -1.47147350654 0.565526099667 1.89689411032 -1.65842906295 
17.8879401905 10.1120974828 9.00199519193 -7.43809529523 5.40830155956 -3.04829477387 -0.792410066774 -1.7127625373 0.254405991125 -1.62511751764 
16.7475739923 9.51905399435 10.0730003144 -5.59602591675 2.09641191951 -2.45479870522 0.376251060035 -1.86137745802 -0.196514825981 -1.83591888925 
12.270244824 7.48522148388 9.15969248832 -2.35233853702 -0.649200303358 -1.67530829691 0.0212168045771 -1.64766286637 -1.07323270897 -1.51294180239 
6.22828116727 4.73694760624 7.81552810839 0.443600657268 -4.08363859677 -0.831361584994 -1.02325729327 -1.32481900343 -0.121654657543 -1.70967226918 
2.61037221975 3.07498412766 6.35034154336 2.25294090838 -4.07894845684 -0.453113875466 -1.62175137907 -1.07756097219 -0.147508769075 -0.455732281736 
-0.593233621268 0.494390515375 5.7126390813 3.59154717335 -4.3655940929 0.611949224636 -1.79693188098 -0.927778946001 -1.3976865742 -0.592750851072 
-3.36634346177 0.0616225394611 4.93642589268 3.89147765625 -4.330617527 1.16388982647 -2.45663386819 -1.96929686954 -0.320002678526 -0.42382783372 
-4.89873653093 1.18493144627 5.62007130019 4.46683028689 -1.22486550992 0.255413332543 -3.4747044558 -2.06770533497 -0.316054399361 1.63274410462 
-7.01703056429 1.95828611572 5.91611042354 4.85719953271 2.10809733451 -1.87456733032 -4.25439595021 -1.79774730637 -0.626679426917 1.69543822783 
-9.13685281677 3.67944567022 2.65432695878 3.49181929615 0.356023934215 -1.57386987661 -4.17518545219 -1.34664703892 1.10750994709 2.85374845115 
-10.9192891797 3.55793226268 2.35245842193 1.85008807599 1.31219181012 -1.23535539586 -4.36052814902 -2.13067936807 0.255109409381 2.30767452789 
-12.8274759543 4.49672166826 1.60795601297 -0.0259017387198 3.01619804687 -1.19404812819 -4.21233669034 -2.65555612816 -0.415319773092 2.14586089181 
-13.7409908523 6.903843365 -1.71644203543 -2.13557208805 1.37002446951 -0.775482395604 -2.81646828807 -1.35847318606 -0.0841428175866 1.95031490928 
-14.7691971286 8.39248842293 -2.57796519938 -2.80710578968 2.65689928136 -2.12188355349 -2.29291162826 -1.49437953894 -1.10188552917 2.06471950213 
-14.6668465432 8.1329892987 -3.40432743316 -3.03083086352 1.58069189578 -1.89270517544 -2.11309767153 -2.8074220099 -0.609293251815 2.10219660103 
-15.3426188032 8.75103019036 -3.77471541285 -4.00124271703 2.29783829541 -2.29099867787 -1.80835750151 -3.49793681348 -0.306301263842 1.26175915298 
-14.8053400352 7.99704856384 -3.8930725655 -3.17983474425 1.83012454949 -2.05245277732 -1.55122891539 -2.88371207966 -0.295942453941 1.68809507789 
-13.8275611748 7.85652431054 -4.50711101397 -2.88423204594 0.429464356567 -1.48567716765 -0.778135837962 -2.31415872898 -0.517780509177 1.72150400449 
-14.6077965907 8.65190924529 -3.68452361288 -2.86980632881 2.40390837917 -2.36129066138 -1.46453600144 -1.94989969835 -0.97424555564 1.45894391266 
-15.0680676168 9.28222117552 -3.26003930311 -2.04575597389 2.58308102399 -2.92352963955 -1.44542557681 0.308164696908 -0.651322080504 1.81102497338 
-13.5908988416 6.64235237125 -1.62515531259 -0.578976155499 2.24811110217 -0.896724324124 -2.14964164325 -1.11799381042 -0.960983056461 2.80637254116 
-12.5996660225 5.93617653957 1.50666352064 2.60199817122 2.17047556295 -1.78430769554 -2.8651447495 -0.190454738039 -0.234760188573 2.19532041625 
-10.8835349793 5.26164552406 3.33128339881 4.04159127245 3.00567408702 -2.38337743373 -3.73862187441 0.860782905015 0.319891941006 1.57214016698 
-6.24280418115 4.94449327267 6.08844914326 5.23886720642 2.14219921336 -2.18367127341 -2.93920394428 -0.669249321803 -1.30705342838 2.27571187414 
-3.95253558558 3.5538008787 4.49085392793 4.19723627895 -1.54526248503 0.18500687656 -2.18138989347 -0.948424663772 0.749229517895 0.933753605841 
-1.13325647742 2.19944575026 4.38186350534 3.8888487459 -3.11447515045 1.8404308199 -0.87514180938 -0.354562276626 1.18912588085 -0.510750267482 
1.57122908542 2.63972855658 4.81759836368 2.80601117678 -4.02918813897 2.30469153436 0.207453005912 -1.01740660246 1.372468231 -1.03074515364 
6.04027014073 4.81218792585 5.70017265465 0.632592005678 -4.74315210501 1.76111618787 1.64562940287 -1.95101173923 1.72454601544 -0.110218338333 
8.44440936215 5.13147367517 4.96170181075 -0.439194415922 -3.74682309344 2.0087225132 2.88977159331 -3.13957641298 1.99613196697 0.849877966259 
11.5766855749 6.23659700612 4.87679612211 -1.97503050181 -2.23376395465 1.38330951998 3.19762321451 -2.52224487424 2.33150112552 1.27615824794 
11.554003587 3.4058738666 3.57487912251 -3.38578129361 -0.319083471116 3.88044732544 0.830386012705 -0.619580150969 3.4760128761 0.684243075659 
9.89147978017 2.05130919205 3.31041254317 -2.34379636364 0.33309515121 3.91237048364 0.965425918954 -1.63094727517 1.26975746432 0.952372320393 
7.99363382497 -0.0890738350858 0.17091614306 -0.296470153901 0.103719839465 4.87170638614 -0.34652021876 -1.15445522696 0.825015787814 1.15951492124 
14.7882192343 3.37256479929 2.54179269001 -5.13520007434 1.75752231917 2.969684622 0.388675559797 -0.868175422889 -0.652598841605 1.72525129052 
12.7232956317 2.63853982751 0.428346679014 -1.91232879826 2.66648588749 2.1435480777 -0.125845574874 0.15505285005 -0.993206669293 2.26508922338 
11.9756792914 3.2131036893 -0.848340529655 -0.405380510519 2.6399373685 1.84481436736 -0.869908720396 1.98376128582 -1.64607549043 1.65441382944 
10.4154322996 1.75620292171 -3.7173379304 0.233032468822 2.11672945207 2.75420720631 -1.58381701696 1.4901913222 -0.602875692237 1.26621436927 
10.6085112288 0.834571059017 -3.52989614576 0.351548159855 2.84994696765 0.721054931837 -2.99709242314 0.981758522694 0.578354108557 0.246989783144 
7.81134297249 -0.604069910686 -5.97426010607 0.642052039542 1.69340052272 2.11362982879 -3.88486791391 1.47329460563 0.281821696422 1.10246462823 
7.76527761051 -1.08775188882 -6.31517816786 0.103261589344 -0.0222464819784 2.43283213928 -4.59508132873 1.66789208699 2.09893445047 0.427116789965 
7.81729670929 -3.05099953578 -4.78930990947 -1.0973611316 -0.281225526853 3.526900508 -5.79143399572 0.787761136801 2.5980633062 -0.967444272082 
8.53351439147 -1.1799877616 -3.49557502823 -1.48198517111 0.677529379644 2.34977906919 -6.0940326964 2.03659424907 2.69707636366 -0.769334758852 
12.5331232148 0.686077117595 0.181686545303 -4.39370065622 0.551607876892 0.682922662752 -6.08293961978 0.553045783294 1.67821953666 -0.659773606869 
11.2273429675 0.556795900358 1.18999453548 -3.41936045821 0.3189136199 0.956654108599 -5.98670245459 0.897270268941 0.930090262581 -0.375785518313 
12.2184121073 1.46976653755 1.85337516801 -3.56602647565 -0.10115916522 -0.556262402365 -3.95100044335 2.93517318975 0.565463025964 -0.785245517467 
10.575512814 0.622635222226 2.78514259758 -2.20081943753 -1.16335778785 -1.31248609024 -3.4994835083 3.10745652079 -0.0966968747314 -0.391718012104 
9.09993685333 0.573457242624 3.81780085736 -0.846344418236 -3.01812077961 -2.01111997501 -3.22435258246 2.44401978431 -1.81655009151 -0.533201814033 
5.64174828473 -1.68108490386 5.63403643454 -0.986729327101 -3.71410454422 -0.573131053091 -3.66370707754 -0.156522698979 -2.5583407164 0.0333103953177 
3.22900172236 -3.07117824559 7.60976376398 -0.747473738845 -1.46342582026 -0.0829064591224 -5.50084370631 -0.706743039383 -4.58543840538 -1.71660370133 
2.07385384463 -2.11138748829 7.76170761185 -0.37765521582 -1.53469013142 0.419732421848 -4.06166756758 -0.543671453837 -5.10245567126 -0.994402889695 
-0.998634964434 -3.92831838628 6.4001754018 0.330878476333 -0.476372585286 1.25291621915 -5.02899681915 -1.5135132444 -5.43364546475 -1.10304750028 
-7.20019857685 -4.00895167576 6.33703605735 2.19864323442 2.74830392273 0.234486941452 -6.0039575264 -1.37144289293 -5.75095057697 -0.786889865881 
-9.57419232194 -3.36895827977 5.41888839277 0.301668552139 2.60574183075 2.73016907256 -4.41105409178 -1.71160649271 -6.07901185522 1.5333351768 
-10.0688329742 -2.44310325755 3.89319042738 -0.462749634231 2.02258225378 2.78509041546 -4.64488395493 -1.20624090343 -6.46168954717 2.23625653029 
-11.2218427571 -1.52502722846 1.90303380098 -1.68585389634 2.69355748775 2.52005241964 -4.84582495774 -1.81693590727 -5.24487012946 2.66687304287 
-10.8962358333 -1.83556427386 -0.40552977007 -3.74471320418 1.14724088995 4.1311407244 -4.31973128307 -1.88140250275 -3.98429173114 2.67355009127 
-12.5618285366 -0.24535210303 0.448849197222 -3.41743182554 2.26574430646 3.94887938885 -4.11312997249 -2.60617667997 -4.77550722777 1.03164569197 
-14.8931096358 -1.02750181667 3.49499750218 -1.24734304845 8.01788662771 0.980819519086 -4.63925902815 -0.517393739159 -4.14460963156 -2.79414680963 
-13.8536269761 0.390481548192 0.521964227921 -4.07514017454 4.25918655937 2.10903016009 -3.67203888425 -2.25992992718 -3.43692469131 0.162125063971 
-13.6765173462 -1.70602803794 1.99841230249 -2.46141482499 4.87076315617 2.024061478 -2.91191559151 -1.9649322297 -4.20912206936 -2.14080868994 
-13.7078493022 -2.33790350565 1.82062092237 -2.34169166859 5.62036747414 2.67313885744 -2.71396000432 -2.00367369271 -4.88682637745 -1.77631805485 
-14.0637645969 -1.66023088711 2.24540219197 -1.81204335005 5.47660750755 2.00687753691 -2.17549460688 -0.973768878865 -5.06079326047 -3.22106972972 
-14.0041259625 -1.04819658894 1.89452064886 -1.45354652526 4.93447816819 2.06554064619 -1.68500012652 -1.45775083256 -5.35210409855 -2.95371560801 
-14.4393614674 -1.08407381183 2.40472342426 -1.44724293984 5.33486953108 3.01862732884 -2.12551542216 -0.568359056407 -5.53026285076 -3.35168913059 
-12.6717676295 -1.93827562274 1.92079647087 -0.843440155247 2.22364009911 4.36119747871 -1.51105324895 0.655096718505 -3.48752466276 -3.26547861001 
-10.2547306134 -2.69182024393 1.39505425731 -0.460792585152 -2.28719891552 4.41407231734 -1.84824905198 0.800437346984 -1.08863985651 -2.92122893398 
-8.53538404868 -3.7464342695 1.32426891717 -1.53166659558 -4.12419489671 5.96888746935 -1.66752787865 -0.391744144851 -1.54910790216 -2.3643525573 
-5.76607999788 -6.05446465936 2.01503404 -1.85629160305 -6.3898727109 7.58710524131 -1.2742722607 -1.67614953332 -2.37242269649 -2.01148414711 
-3.83793660295 -7.07262615638 2.45471267985 -1.94053872601 -9.15217533082 9.02033904775 -1.18864069113 -2.24280358269 -1.28493234518 -2.60724713088 
-2.99241394938 -7.60481262416 2.5105652342 -0.908507332492 -8.60742814724 8.60440296616 -0.612861765296 -2.48685704723 -2.80932895718 -1.33616972401 
-1.82759589342 -7.23372213319 2.82877714405 -0.870083676524 -7.17932525564 7.57141756793 -0.999253862366 -3.169379576 -3.39016785839 -1.87493716916 
0.7774471606 -7.47541080045 4.27612389543 -1.48431377099 -7.1783831173 7.86540327539 -1.90801650132 -3.34926508825 -3.66159345733 -1.65522225005 
2.96777300835 -7.15308327692 3.18036493059 -2.74027319707 -7.1689863923 6.18987479013 -4.08894810857 -1.3098172982 -0.604272404646 -1.94211587861 
5.71565485843 -7.0281995622 2.57618205459 -2.41162639968 -5.70554899912 4.67428820347 -5.11253700779 -0.662525675152 0.0369847934886 -0.861409939862 
9.55133049393 -4.83513215425 3.15045621374 -4.82671842857 -4.18253127571 3.71513340829 -5.84320264215 1.78116920272 0.742688367907 -1.12773748502 
8.89697364664 -7.37379071308 0.587675488518 -4.34251115267 -3.47767418258 4.90670342239 -6.16775051808 1.66646218874 1.54318156345 -0.880350921517 
9.21004518189 -6.45613441786 -1.38005972891 -3.70170279107 -6.28987154128 5.38210908945 -4.19993538573 3.67925064627 2.55668534725 -1.41135103473 
11.1716314292 -4.87625065866 -2.23752302036 -3.36320841161 -5.53355080754 2.28105497074 -3.88073506141 7.06489073502 0.938868085843 -1.30205807476 
11.342648821 -4.98179374274 -3.15239982132 -2.57987816367 -4.53153300634 1.29579268217 -3.89245491417 7.24966941832 0.912667255914 -1.46051922969 
9.26398563368 -8.07491701371 -3.28372097033 -2.09648638957 -4.6294838859 3.96691403607 -4.90548507842 5.10104386379 1.3208105123 -1.75507624079 
8.21053856573 -9.45548408959 -3.38562525721 -3.24118962176 -5.2082178972 5.29079070985 -6.06141134844 3.20253130422 2.038691579 -2.98372939565 
8.62374430072 -8.25385850373 -3.36880614353 -2.74349665511 -5.50343542803 4.39372326521 -4.28296463516 5.31301329316 0.829470264174 -2.40066387068 
8.9720687336 -8.1612191863 -2.42780776863 -3.08979672157 -5.51093755726 4.25085809754 -3.67795910957 5.06636888034 1.1839951697 -2.42532396805 
7.85673070973 -8.02448373955 -3.58913838986 -1.67187378689 -5.61477219327 4.60610975522 -3.1441158724 4.95853923285 0.482878030766 -2.25145270223 
9.08758902049 -7.42736495838 -1.92742290988 -2.59355677599 -4.12785889532 4.22536460058 -2.85654074067 4.37538316284 -0.618596958888 -2.27967676201 
7.23627635193 -7.3595857569 -2.40285455214 -2.02128516781 -6.11975551918 4.08368248028 -2.70848129295 5.78104367291 -0.695225612865 -2.5592276189 
8.47685974228 -6.25787325179 -0.640213900074 -2.61867830912 -5.31111488708 3.16290284578 -1.52528744008 5.3639553218 -1.7877468928 -2.23148583102 
8.17393007478 -6.57108566391 -0.891032513153 -2.47808063117 -4.95067595118 3.33571197353 -2.01528839094 4.09378336086 -1.88354764966 -2.46003419681 
5.11185759712 -7.67425005874 0.519996272341 -1.41112774663 -5.05020225387 3.66380545318 -1.06015132302 2.40671744775 -3.55631542553 -4.61425190847 
3.29112355625 -9.97768668242 1.9581871232 -1.89375417928 -2.85328584661 3.41242367887 -0.350604995385 -0.115282908004 -4.82123791294 -4.90054684229 
0.533846884476 -9.4809635178 2.78741728881 -1.89124110457 -3.79277804103 4.67379223249 1.21983523018 0.164914332104 -3.63510913502 -4.71947572728 
-0.734298856728 -8.98269317555 2.99010960752 -2.46868777242 -3.87543420839 4.99508241742 -0.370708633327 0.530403481731 -3.28503987463 -4.24813355492 
-2.60121491361 -8.75373903154 2.73734564809 -1.65908593266 -2.48269699998 5.05133398756 -0.376311010246 -0.117036471068 -3.27883568306 -3.99798735384 
-3.96075938178 -8.73998326268 2.08674568479 -0.923530169945 0.22404162641 4.80499652054 -0.504328975456 1.08339498901 -1.46011116604 -3.87911076678 
-7.29494713545 -6.33415670156 0.630987007322 -1.1065907803 2.63561618224 2.93311013432 -0.476270885919 3.13312563992 0.345622160488 -3.60966792464 
-8.44784126189 -6.53932397987 0.533728663469 -1.21659034596 3.49956036052 2.63327930894 -1.1690488117 3.04981193893 0.810285557232 -2.91061800284 
-11.590622224 -6.75262543859 1.12926394825 -1.88528301443 6.7675956965 2.52245968569 -1.64233323538 1.72314322957 -0.460373560989 -3.53220136515 
-11.329630168 -5.91500578828 -0.153999900393 -3.10853478387 5.72170444156 1.90365889421 -1.65230420789 0.305776694031 -0.485662988546 -4.78371864892 
-11.625956699 -5.44040024585 -0.122006297746 -3.00067967039 5.40298603909 3.4132172463 0.0424422426312 1.54127782185 -0.759068487234 -3.15413681113 
-12.1561022271 -6.66310223035 0.473543823422 -0.509304491557 5.32813292039 0.811606834481 -0.0300905473273 1.22342229326 -1.10252913939 -5.54911497499 
-11.9801439454 -7.98474268728 1.23005891773 -2.05368894525 5.70668324534 1.0236930196 0.793086859262 1.21798718044 -2.79596814593 -6.76668820351 
-12.3658742648 -6.75158596676 0.096466954702 -1.47993864819 5.62762225248 0.536422853414 1.31740584344 3.75972546818 -2.45032437416 -5.23654195345 
-12.5517357538 -6.90276244753 -0.102108826538 -1.3892352534 5.58526370533 -0.189519482426 1.05536230973 3.20546483895 -2.07005915696 -5.20050219798 
-11.3215540086 -7.45605035104 -0.239180691681 -1.73362181974 5.75238057996 1.01356411897 2.44772943228 3.94023551762 -2.91023082787 -4.15629304158 
-11.4615494748 -7.68858277934 0.25048240559 -0.715036963178 6.77181038549 0.706576736475 1.13702442799 4.82294765628 -1.76129215425 -3.69686221365 
-13.4712076255 -8.44358382213 1.5036574814 -0.182724541865 8.40043870459 -0.320536664348 1.07676912565 4.01389113113 -2.21772748913 -5.14923573465 
-13.7015981957 -8.3674708848 2.93578208299 0.639126158226 9.32476473837 -0.185726889679 0.0376337535189 4.08166717384 -2.4671989645 -5.9881529914 
-12.8688940804 -8.64877477831 3.71478836081 0.615148867924 7.56957404391 0.275891097938 -1.14161170193 3.10908760261 -1.07317906189 -5.30415620533 
-10.8731626068 -5.96973462787 0.896768145741 -0.485183193672 4.4437647933 0.20871496326 -1.82856061986 2.4093013748 2.87120776312 -3.00132124623 
-9.73630947326 -6.75399267972 -0.4917988153 -1.02748689339 2.98569713767 1.05758716875 -1.22166333362 1.01191102973 1.50907879534 -2.53395035031 
-7.03141220883 -7.02625850586 -1.21279848368 -1.12177859378 -0.153204587871 3.22131192348 -0.0708543000488 0.350141809591 1.99500575117 -1.22416731984 
-5.67885030582 -9.59616601431 0.689009943923 0.630814046878 -1.35089244059 2.56263170494 -0.154291837523 -1.19345412918 0.763804293821 -2.36762318708 
-5.41377797796 -10.8174367369 2.30948705783 1.14807773577 1.99087547549 1.4536915763 -0.248485129423 -1.80954231061 -0.649264684545 -2.44743725534 
-4.43895448027 -10.0958601045 2.10497025793 0.9128032252 1.61011718134 1.08990208672 0.721054303923 -2.85811545892 -1.5798177975 -2.54520331389 
-1.50422776341 -13.0259244029 1.75171233867 -0.45485410684 -0.974687912658 2.52865969677 -1.43314936158 -4.85792356567 -1.20192084205 -1.51169515095 
0.46328095314 -13.5207279265 -0.396410753918 -0.0822426134874 -3.71380067978 2.44588076123 -1.67713726978 -3.60282568289 -0.0383801983065 0.0596151594415 
2.01091508789 -13.9783907143 -1.55597901134 -0.434813666773 -4.5478156933 1.39153424647 -1.96116433601 -2.65259319119 0.321354514291 0.361190079214 
4.0644029098 -12.7313698382 -3.14814228001 -1.98556996868 -5.68911740827 0.00288321235809 -2.31701591163 -1.74204013975 1.32396162365 0.327280829288 
3.35526545042 -12.7609627657 -4.24303118869 -0.816827203275 -6.11411345098 -0.393647041765 -2.0114417937 0.349670240235 1.39273993156 0.692240329973 
4.66700405146 -10.452380579 -4.69741010149 0.870032161029 -4.60449845208 -4.43572548174 -0.639106086581 3.01999074238 -0.391995655044 0.597725786913 
6.86094228003 -10.9554729551 -4.63522082466 -1.15873012837 -5.39014760041 -3.78229182472 -0.0419586136347 1.67356106702 -1.16372098393 0.0244962385271 
5.51427425152 -12.5529912709 -4.96354876724 -1.00028601224 -5.54979929548 -2.14978142856 -1.15096595886 1.47433232957 -0.28132177002 0.111242975685 
5.23336994114 -12.510142361 -4.1472560032 -1.60486653716 -4.26783934257 -2.7031926367 -1.36089289802 1.55241361035 -0.386287445325 -0.314145852062 
5.74213981954 -12.2627432469 -3.65958025764 -1.75932992265 -3.42683174135 -3.5831155844 -0.612618592192 0.962773598341 -0.694824999438 0.00976722055765 
6.77842176008 -11.9763199389 -4.04347955778 -2.28036933942 -4.90523965454 -3.18607255744 -0.863858455217 0.918223206603 0.201471846268 -0.139513867583 
5.1762977197 -11.8972610182 -4.83242351283 -1.09997427622 -4.279002481 -2.80354301491 -0.607108702311 1.94507750461 0.0133137098406 0.657246688589 
6.02785769167 -12.449827193 -3.67495025628 -1.69746885183 -3.10226469471 -3.57151998056 -1.43997976419 0.385006239788 0.366833057816 0.526364939782 
5.67412332769 -12.5385704235 -3.38838866182 -1.89491697512 -2.81006344028 -3.75212914491 -2.07270857808 -0.043305755193 0.631574037467 0.495050552038 
5.06256845527 -11.9762102887 -1.68936249474 -1.37622724832 -1.27429750451 -4.97761744394 -1.92627929027 -1.68411456188 1.17377020164 0.95007308249 
3.55162994608 -12.0633137236 -0.606177223911 -0.885373377252 -0.25050297688 -4.91670003135 -1.70392692392 -2.50272675928 0.433927522143 0.238832207758 
1.17822994265 -10.203253566 0.530691219548 0.288460438487 0.645706423258 -5.35086661449 -1.03224823173 0.149536590532 -0.0466819107694 -0.387677521567 
2.22771454882 -9.50994388475 1.88861946295 -0.644555811603 1.56269522647 -6.67377065075 -1.03547014926 -0.425386816988 -0.841121432148 -0.0822924091291 
1.43447126994 -10.4284885483 3.18402899688 0.353572129743 2.98216227722 -6.14641720016 -0.971300804442 -1.70699107714 -1.5714894658 0.0536471018047 
1.13399313119 -10.3505526166 2.73179767408 1.05021004688 3.0478214528 -5.46475571272 -0.250316711574 -1.28528860456 -0.00971855601299 0.669143413523 
-0.239722071997 -12.6560905784 4.0256837113 1.27472874954 5.21970128408 -3.74001506284 -0.377417116036 -1.60828654374 -0.845009355312 1.1697971067 
-1.61765765019 -12.6334742126 3.63647284947 0.507502894369 4.13845965048 -1.76895548612 -0.0069414722395 -1.04399720573 -0.0677577389867 1.109836905 
-2.45834631785 -12.4105436259 3.17559106882 1.07967607444 4.29384688792 -1.18619263719 0.416099376131 -0.627112285471 0.346623807078 1.30581446359 
-4.68058170683 -12.6941684751 2.69692532999 1.49442929188 4.47412006289 0.714282747116 1.29861039165 0.394215076189 0.356063983669 1.93834456221 
-5.7388545217 -12.453446224 2.31534454726 2.31630842539 4.26003220732 1.51499274045 1.68127399726 1.74645789943 1.12318602293 1.63259638606 
-6.36774333889 -11.4578204129 0.670085845327 1.87098134224 2.24462919492 2.30624705714 1.99266818854 1.90191099137 2.61596347744 1.80711193711 
-6.12837941119 -10.7398166337 -0.755716661865 1.50002421854 1.38889160209 2.92807694315 2.34158546337 2.0016742705 3.79993759825 3.56379378904 
-6.96588888128 -9.87025772075 0.0322185967728 1.47470816302 2.81008406211 2.11548300724 1.80228552372 3.49072671601 4.43600587991 2.69539270051 
-7.39198356013 -8.53568903477 0.00199514991903 0.381967570799 2.51138574856 2.2244692572 2.57974864354 3.9181887175 3.66535763581 2.65643957146 
-7.51957957397 -10.1756424322 1.27259861364 0.910111360471 4.5462163366 2.10353505729 2.9005834445 4.14130974408 3.02480189262 2.25383406945 
-9.03100726819 -9.60339772302 2.25261264298 1.66838539107 8.63761523894 0.0221874855181 2.54959219677 4.39947940161 1.15231436361 1.96776962189 
-9.10833349831 -9.63281505362 2.32368325394 0.763196112672 9.54071057389 -1.01833565422 2.94767016292 3.81543013721 0.157988446265 1.20863019617 
-8.57356794936 -9.49784041916 2.30549099083 1.00030516075 8.95551155247 -1.11320620609 2.47732119937 4.21765808264 0.949719657123 1.01102264456 
-8.1789565688 -9.95426313687 1.72122306565 1.12662276088 7.81182658945 -0.581386350176 2.55224859715 4.36959556793 1.23652909123 1.00222791762 
-7.38190617859 -9.4224872211 1.26813702717 0.508573302393 6.46823772552 0.21835567472 3.51210879319 4.02547195107 2.06385129623 1.9010294161 
-7.2792237611 -9.45497869912 1.14120661861 0.711106741351 5.50956636457 0.405781274014 3.65196267736 3.41839909275 2.09318217679 1.46804590573 
-8.5850704676 -9.79372000577 -0.0915340539784 1.51813584402 4.66142114752 1.63287561623 3.93350325165 3.21419873352 2.1513697029 1.64709972973 
-9.33480159812 -8.45616723208 0.717339869731 1.16703279845 4.29129075522 1.23352794637 3.96734136025 2.74670258192 2.66244253478 1.27371314924 
-7.61332503511 -7.21341560196 0.184824936943 0.964817816904 3.2648347707 1.088139011 2.55649199573 2.52363652918 4.27899790116 2.89391545262 
-6.89918939256 -8.86442319604 -0.524772137805 1.68243648667 1.2578050081 1.76188865413 2.66062770192 1.11500930515 4.29145180299 3.4614163314 
-5.35705236233 -9.28287794585 -0.982555196915 1.48023185133 -1.1344625549 1.78180492093 3.08851468795 0.0167886674198 3.74002463325 2.82735460838 
-3.953426327 -11.7192325713 0.411470624301 1.29419693223 -0.0129809412215 1.79579610908 2.02859877668 -1.79951919609 2.12973582371 2.82052299136 
-2.65670651468 -12.1144512171 1.16704819431 1.0895381985 0.993719306001 0.560012659725 1.90129564026 -2.9780383083 0.748927725427 2.62365011643 
-1.44625696959 -12.1934580258 1.9966935217 1.26818396692 1.94447270185 0.431343084163 1.53056147059 -3.22978964182 0.225384277724 2.44632941164 
-0.0791971712162 -12.6703550133 2.08869456172 1.54595327351 2.15338790746 -0.686829637172 1.08203625203 -3.46189848777 -0.512967652169 2.7623122406 
1.1726112268 -11.8749717408 1.18315773878 1.10400603285 0.898458907115 -2.46284657025 -0.00905617445187 -3.3365058297 0.756012004359 2.87814279919 
3.11379183977 -11.5151858507 -0.106110601148 1.45708284563 -0.197068408691 -3.82409307757 -0.97905316155 -2.63543903087 1.60714575843 3.2026670265 
4.59420087197 -11.2725346722 -0.876596393226 0.517233962838 -0.61608986248 -3.86861794874 -0.531989108692 -1.14131496957 0.754786622452 3.00359506851 
6.34902574926 -10.3149608972 -3.47424739883 0.132037139893 -2.31266182131 -4.63843101793 0.114192331355 -0.360797652916 0.763694053896 3.93030366481 
8.03164220474 -9.54935662385 -2.59987624481 -0.848397864298 -1.33564623789 -5.52716132374 0.776855912652 0.523774261954 -0.512142925712 2.67935052191 
8.22957823079 -9.05314704078 -2.26186728273 -0.701735413634 -1.12970623812 -7.79775406078 -0.465106850388 2.07136287652 -0.611129778182 1.42880186361 
7.57073788853 -9.77464605432 -3.97165435551 0.193450804177 -1.83054703519 -7.33905254698 -0.846008852762 2.93817108575 -0.516431343544 1.52021455669 
7.29040713931 -10.9686210649 -3.994270289 -0.378984769777 -1.99017578556 -5.91989006444 -0.275176713629 1.20247972549 -0.527447867989 1.74310400764 
9.30673372444 -9.42498807678 -3.28323946574 -1.68260642562 -2.21229641769 -6.60615436459 0.564463305532 0.624270508794 -0.613625309038 0.987035811542 
9.249742718 -9.0761220424 -2.95455096624 -1.49738436199 -2.43488547958 -6.73469911275 0.30866864592 1.18274512274 -0.762684943687 0.255637060997 
8.57380215613 -10.4960911247 -3.15840991747 -1.93450769885 -2.98902986091 -5.53056325397 -0.444395994239 0.369636992113 -0.230868285358 0.237953903471 
7.67808699828 -10.6202549455 -2.28779635393 -1.68158107339 -1.80197924103 -5.74674529995 -0.653057800635 0.0818104922228 -0.245625355168 0.37745180422 
6.40398738979 -11.0175776582 -3.07711691702 -1.95324821039 -2.75866476926 -5.26932826467 -1.1284981414 0.123064556202 0.212510889662 0.511713578715 
6.16061569564 -11.3805429788 -3.15921541214 -1.61658441092 -2.50685694997 -5.68869654982 -0.742347759417 -0.764254872622 0.265111013492 1.29123337505 
5.54790338398 -10.5936831318 -3.21198885264 -1.10279234655 -2.95006401084 -5.63169968577 0.164541312509 -0.230915457119 0.0289736387807 1.03553714336 
4.8374962882 -10.0620155324 -1.84346303293 -0.720363226798 -1.86765279914 -6.44117605308 0.0604082939425 -1.01237824713 -0.243629689574 0.910293152972 
2.96061178989 -10.5831904114 -1.4206949923 -0.301040683097 -2.30639435381 -5.25533633522 -0.692719410933 -0.670148146364 0.416024116334 1.45510784221 
1.99215716721 -11.2143051951 -0.16437955723 -0.347923782524 -1.57872068665 -4.24761898008 0.110691191697 -1.50956258138 -1.10714169057 1.41037530418 
2.30837803826 -11.3767398789 1.64500724748 -0.974972346328 -0.223277429327 -4.90200927901 0.262285457891 -2.06401450657 -1.45216692637 0.628606981782 
1.33949283386 -11.609468337 2.65841297525 -0.731153109184 0.704747387279 -4.28228172692 -0.0366634579585 -3.40898288204 -2.40639796647 0.769063869962 
0.389875485284 -11.9000783544 3.53811779871 -0.386697548028 2.88435630674 -4.03916303629 -0.0692053452027 -3.10589302732 -3.46706157663 0.673158062463 
-1.00054877198 -13.1080336676 3.23994809455 -0.946768423348 2.26011412818 -1.62016323323 0.240909986035 -3.51426889995 -2.57543816514 0.46902032252 
-1.10415411409 -13.4337837258 3.06787165442 -0.95903840382 2.58019483527 -1.33796736144 0.266980076974 -4.66745592339 -1.84884825267 0.635381317335 
-2.1555458039 -12.5519921063 2.33512929628 -2.15994333093 1.31243609067 0.54553552396 1.26355995013 -3.77403190488 -1.21205255085 0.901559004768 
-2.95902034013 -12.8270004885 1.63682384529 -2.16874004433 -0.189794547685 1.7194278508 1.45725159933 -3.50236771221 -0.012197929268 1.55158304981 
-4.19201069696 -12.4106399913 1.56097884103 -1.5433310755 0.563144297134 2.89517600154 2.20173516809 -2.81920658825 0.111808387507 2.59223584057 
-5.73731795572 -10.0822646976 -0.247744297272 -2.00998201665 0.145071896428 2.90032004756 2.82415755333 -0.14809965977 1.78370302125 2.58641009269 
-5.79711571913 -9.80995923217 -0.743354501831 -2.12273935021 -1.93654858829 3.65025600661 2.7244794453 -0.734555366149 2.94432983202 2.64257687284 
-6.9593173392 -9.01542424536 -0.133086142725 -3.0834904179 0.466337396497 3.12614142174 2.15658153418 -1.60098678646 2.52174791525 3.52132542477 
-9.58817940805 -8.34946133594 1.09281605577 -2.4286579785 3.1559453522 3.36651134058 2.75558007442 0.620486321771 1.15743196761 2.38794794104 
-9.04971625428 -8.74595473847 0.32061348796 -3.00921117127 2.60020169008 3.71878278397 2.94892102085 -0.942638706346 1.12376890139 2.94626961632 
-7.59432662256 -9.84938976884 1.14376455254 -3.28841520759 3.19621492045 3.89416305721 3.37568680018 0.0922224424899 0.995950004115 1.57252002143 
-8.25185729831 -10.1197156871 0.418222590163 -3.43208487698 3.02498781486 4.15611453371 3.62433897956 0.348307771032 1.20171653637 1.30460983936 
-7.70922001578 -10.040941027 -0.675360350694 -3.68021701573 0.934183798135 4.29310949959 3.79772306124 0.411920138958 1.29398190381 0.443311968133 
-7.54731746442 -10.4025999548 0.0812703787043 -3.45714515216 2.47615012905 3.77826840959 3.64396907886 0.65443848227 1.01075719437 0.0198263973358 
-7.53188587769 -10.2171600758 0.0705681205803 -3.28456483169 2.01299677076 4.0487155248 3.87924002959 0.788506015104 1.28612912045 0.232028629601 
-8.5215373068 -10.0410843258 0.90812115271 -2.89519272887 4.08472446656 2.96083452072 3.27376778104 1.04792617265 0.8714761623 0.101956229345 
-8.54357668642 -10.2870537817 1.13275896488 -2.68631908771 3.10782448029 2.83473174936 3.21231767835 0.462843473409 1.22148369885 0.0239752241448 
-8.61379747048 -10.05450359 1.10624192323 -2.88794416801 4.33691420021 2.30389312763 3.16955524415 0.397045827311 0.988878487169 0.957835917944 
-8.88346579828 -10.5177751396 1.66381807924 -1.98528214006 4.09594393198 3.42480542152 2.94190866105 0.991835162642 1.5309350481 0.501474016751 
-9.90765461338 -10.089933383 1.99890705551 -2.10213532881 4.82340569532 3.27690648582 3.5158796423 -0.43886331467 0.291701065758 1.01248837074 
-11.0684795993 -7.51634372114 1.48537252533 -1.02750578316 3.7039089214 2.23446665065 2.2270903518 1.00864841373 2.47066041758 0.522690615336 
-9.43289124028 -8.9737572311 1.5561110522 -1.94319138092 3.7703714826 2.62932498171 0.811203279585 -1.03984301096 2.38223684901 2.73847337907 
-8.28997727299 -9.25838812586 0.808591416446 -1.40173457269 1.46581292896 3.67134416182 1.62196053818 -1.41959011476 2.82466065138 2.66090978754 
-5.17799398269 -10.1131833414 1.67756525933 -1.00106068229 -0.170573867501 3.18939544189 2.22719898064 -2.44998465728 2.36464268397 2.64930757167 
-3.92180575736 -12.4089228683 2.09565899297 -1.04758447579 -0.598815747879 3.46961593651 1.9625581985 -4.47082344625 1.28090444396 1.45293302378 
-2.92834260824 -13.1792832635 2.23187527285 -1.18974504559 0.218833451709 3.18901984452 1.33756093134 -5.24238764972 -0.395357694629 2.60233237389 
-3.10359043933 -12.8019143498 3.45070362124 -0.320484454131 1.47551868588 1.26391301816 1.43075088976 -5.16974127333 -2.11422201463 1.17886333436 
-0.140703038789 -11.8825106764 2.99287367885 -0.811676687583 1.19349123584 0.50621264605 1.98960291903 -5.66157803034 -2.43357244305 1.25337434137 
2.18050082899 -11.8001653104 1.55430922374 -0.82971133604 -0.990629137992 -1.16376694025 0.894736479496 -5.05574342317 -2.19457713333 1.43697335859 
1.79575971822 -12.0054557086 -0.421363708563 -1.05510833386 -2.12168761643 -1.13175418851 -0.463695046157 -3.79119449325 0.0239415992548 1.39977255798 
3.68209611507 -11.0357769115 -1.03114078123 -1.7449791945 -3.46845123947 -1.49632101821 -0.65988639077 -3.39194444795 -0.323983639075 1.70561546535 
4.83996821662 -10.6653145651 -2.91028427561 -1.77945274581 -4.15377083345 -2.02130120409 -1.8607987226 -1.26286529445 0.547629883499 1.48928195482 
7.01631537617 -9.74569946533 -2.98502127319 -2.18343290801 -4.80932727694 -3.99552427194 -0.14612904345 0.163006671074 -0.576864684359 1.11773078639 
9.75477100863 -7.24842114908 -3.26570744642 -2.47670048458 -5.16034914101 -6.82271520912 0.998044699509 2.11767863744 -1.51917369849 0.530870136933 
9.6102673327 -8.10690058721 -3.49062165681 -1.82904640231 -4.60598659414 -6.68922639755 1.62469761161 1.78884718146 -1.8338065284 0.60414111949 
8.77243513434 -9.39160491138 -4.15606876151 -1.43756894082 -3.69244276333 -6.2305278158 1.07976585322 2.07551615106 -1.38104436283 0.716226190833 
8.27409054839 -8.96161470824 -4.2443421683 -1.08504624125 -3.39856360596 -6.89212082005 0.952994912409 2.57080346944 -1.12453521588 0.618771765816 
8.8990305009 -7.99505623634 -4.33833818836 -0.815970483331 -3.66709815908 -7.58557455387 0.808272051988 3.42260809919 -0.856444588292 0.660341177435 
9.04992031975 -8.15115711778 -3.59662402611 -2.21613751613 -4.31116713454 -5.81251734928 0.611492812469 3.02119963485 -0.759704383772 0.00559045948926 
8.85140391416 -8.86843079488 -4.03618005805 -2.27796619177 -3.97618713689 -5.6114938134 -0.0133018661997 1.86041255201 -0.749465578963 0.386953791016 
8.85361658404 -9.34077383571 -3.99239937529 -2.36378172349 -4.45561871588 -5.87446864132 -0.291558434701 1.43353733215 -0.453255630068 0.198489530518 
6.53178519609 -10.420134427 -3.20234537982 -1.56488435781 -4.45798078151 -4.65953830972 0.283154848014 0.562634900137 -0.953538016799 0.161264061773 
5.58273334127 -9.34349158613 -2.55611642959 -1.16255881163 -3.11584461522 -5.97280791335 -0.942539368 0.963530015195 -0.138527886619 -0.180608136426 
3.29436494328 -9.82091035048 -2.12650183935 0.0963012500113 -2.54750027977 -5.51246267722 -0.601120948446 0.837093631664 -0.174769309548 0.298145265526 
3.09507184692 -9.50998317763 -0.924577729663 -0.853207519096 -1.24645133253 -5.41707194062 -0.528472519893 -0.279655892352 0.303040821896 0.371051245982 
0.438943948582 -11.4847682552 -0.340040976783 0.831729937798 -0.490561457083 -4.85183091629 0.553156329029 0.733285307146 -1.50355259495 0.198481945495 
0.212955860491 -12.2644500263 0.412368797232 -0.18907868933 -0.631296713149 -3.32604781851 0.406206161365 -1.72425374951 -2.14658791128 0.746141968172 
0.176619449275 -11.1493203845 1.60194615546 -0.512739520967 0.692387345765 -3.09561518404 1.51486777754 -1.93049756635 -2.77506777782 -0.300973024945 
-0.441705118039 -10.9621166302 2.83635478327 -0.56071305241 1.92182226539 -2.59151988154 2.55634452903 -1.97811441459 -3.62677753102 -0.52502242156 
-1.44603576707 -10.4950964228 2.20300904698 -0.617355717035 1.44711269334 -2.29546574014 3.19016432272 -1.34984985747 -2.581210476 -0.271992371477 
-2.72921581386 -11.045643331 1.95265044072 -0.78729225994 1.07680213158 -0.39366216177 2.94933956465 -2.18674834281 -1.94319074093 0.469052079222 
-3.50539785377 -11.4765477304 1.0716533826 -0.952745992079 0.587915322029 0.239989363361 2.6869454588 -1.99681568494 -0.601142938605 0.038566600201 
-4.26575619453 -10.0875273829 0.516022513468 -1.2652914585 -0.0524292594963 0.543139930107 2.43060602235 -0.637228657277 0.841410366801 0.475514175373 
-6.52153095353 -9.14018945025 0.089244621588 -0.494307466365 0.472871223621 1.21578376594 2.4730636074 0.230736263855 1.57081903643 1.16747255765 
-7.01970095774 -9.96152331647 -0.243097062633 -1.07822703832 0.484514463049 2.66363350368 2.15347850708 0.310939814781 1.8924365586 1.60669865882 
-7.63884520528 -9.62792349455 -0.623504406235 -0.795140497044 0.72415039104 2.25767239124 2.17199015521 1.07301616651 1.90206383736 1.31563214227 
-7.71997819475 -8.43788108599 -1.08074371387 -1.72643468917 0.521382767589 1.69203487787 1.71625634273 1.08368146202 2.20329843434 1.14090127672 
-9.42459197496 -9.05065332834 1.71643935863 -0.255168274263 4.70233437107 0.598195499601 0.398770117896 2.3593612564 1.95127376262 -0.36869200563 
-9.63969513142 -9.03162131511 1.5243124221 -0.419694630735 5.3580952848 0.504789138666 0.78322529828 2.78719989976 1.51783396002 -0.317881911396 
-8.91863859036 -9.46132946654 0.814766126331 -0.187018909199 3.34648960139 0.916271217278 2.48127897386 2.40696591133 0.930313372329 -1.28412898854 
-9.24907805463 -9.49221062105 1.42841407661 -0.412752689595 4.56769354386 -0.157548918788 2.85398090413 2.71307743579 0.540485613521 -1.79437454569 
-8.65074695606 -9.2186946315 0.246453229724 -0.758824822977 2.73174404614 0.298394436955 2.75163737861 2.98825204542 0.95460453658 -1.17955980271 
-8.78830601457 -8.82712922977 -0.393963922675 0.013243694336 2.32473873526 0.39954958705 3.58014131395 3.80339461301 1.11514345506 -1.31125847453 
-9.07806289781 -9.49361014284 -0.138381994705 -0.277763547105 2.93697652613 0.412831039457 3.37366035122 3.4751981495 1.0180499955 -1.43358958393 
-8.34907758868 -9.78097300142 -0.283717290823 -0.66011768858 2.56071632255 1.01237720263 3.05799328908 2.70511580791 1.36498025816 -0.686534756951 
-7.73435843261 -9.7888269878 -0.777870502699 -0.38688328343 1.00521319481 1.51859976689 3.05683462279 2.88312198503 2.21410151771 -0.37626351939 
-8.10261850937 -9.65832586966 0.202794260648 -0.246957952188 1.78740291354 1.18689025664 2.0212285303 1.65187011205 2.24194076202 -0.662609997054 
-8.78655041125 -8.95268304418 0.705952197721 -0.5052809923 3.44720819594 1.03131987984 0.886223771631 2.12723626859 2.81154709406 -0.157269451759 
-7.69818297166 -9.43660497567 0.408233276417 -0.638830517093 2.17412260113 1.39798407562 0.985039031189 1.50023236598 3.12165413228 0.268226230606 
-7.32752065961 -9.43466947826 0.321192161824 -0.531079799203 1.81776185202 1.32147589404 1.2501454169 0.616135208048 2.67329200524 0.0734665280152 
-7.08176334482 -10.3312613066 0.287556783273 0.128287102526 2.2222747729 1.55830209994 0.73685695323 -0.306850410442 2.7129074003 0.503066727619 
-5.38286553329 -9.70337259707 0.612736109112 -0.57162289304 0.00428340941345 2.22102444932 1.26917315057 -1.5871230751 2.51752359393 0.723667110749 
-3.29744530591 -11.2296701911 1.18961020863 -0.996640059951 -0.477690498081 2.91911280223 1.28518362738 -3.41100046493 1.42764630973 1.13368580712 
-2.2673922308 -11.253769077 1.13531183826 -0.224930330516 0.736134247652 1.56046209122 0.755331500466 -4.05521149367 0.897332260603 1.4674802892 
-1.60458773079 -12.571733641 1.13672193483 -0.320440967019 -0.109222761027 0.720182288918 0.73962629373 -4.00807506123 0.464110217486 0.58358350348 
0.379993933095 -12.2242623088 1.58005056322 0.186844244194 -1.26449127855 0.913433201899 1.58158690585 -3.89497474147 -0.638640676132 0.745203401558 
1.69510878244 -11.5254863568 1.12723629762 0.248413215696 -0.607104162104 -1.02146101085 0.768825452382 -2.91952594979 -0.506386327675 1.10659214336 
1.94350749208 -12.7751953655 -0.175999975751 -0.323645503521 -1.84949136665 -0.75345043577 0.233446650377 -2.71163183724 -0.181296122667 0.920648919106 
1.55810396546 -12.5091867069 -0.203448721702 -0.541905070861 -1.04971617757 -1.11763803259 -0.369285108858 -0.856476283841 -0.0585682658381 -0.128479545912 
2.3988821391 -12.5696863806 -0.944993864834 -0.357090291877 -2.52540116467 -1.43122382833 -0.259957236197 -0.823336045526 0.0731677859461 0.111642642856 
5.49894837637 -10.4695999377 -0.7069375839 -1.72207032425 -3.32656073032 -4.28471038029 0.339302987898 -0.0551712038035 -0.23699472882 -0.353580669583 
7.19911264386 -8.82826129824 -1.68220481783 -1.95677891181 -3.5951213852 -6.13027536811 -0.227332288935 0.961946670573 0.639639496058 -0.159748678727 
6.63229007779 -9.77571929477 -1.91939954941 -1.37932791719 -3.57695801295 -5.44785263606 0.123216756889 0.820999619774 0.218827165654 -1.0002725878 
6.39507557736 -9.40334991231 -2.17813415516 -1.08301473647 -3.69661198109 -5.51094933375 0.429899857252 1.29370763876 -0.0490894844389 -0.845740608727 
5.50712625545 -9.9859394649 -2.17281624567 -0.835511268755 -3.59310327228 -4.88712532714 0.137270820553 1.29480628022 -0.34465431309 -0.923355310541 
5.0162739021 -9.72331436207 -2.51463056369 -1.10655618671 -3.80869258647 -4.62176246095 -0.143912638322 1.98867153814 0.574724211224 -0.80015894187 
4.4560034936 -10.1073541381 -2.60946481203 -0.810883307355 -4.40927794706 -4.0463236391 0.564385462827 1.13356330636 0.598896908738 -0.317969039762 
4.23567950924 -10.7581038336 -1.23659335624 -0.894929382841 -4.18690312483 -3.73494728728 1.02940885437 -0.0983450827066 -0.157598573573 -1.44052470149 
4.1211303751 -10.4169423035 -0.277454599221 -0.48251767272 -2.46378188384 -4.73653378519 1.20148155807 0.435149109378 -0.547213311805 -1.5822333657 
4.02699191886 -9.69999380782 -0.189977246607 -0.464739603359 -1.73868827899 -5.33134272975 1.00014357042 0.578357237455 -0.133280358202 -1.78715585089 
3.3753306836 -9.66535298887 -0.127301722286 -0.287660086248 -2.40632683099 -4.94323656876 1.84420718641 -0.0322226444392 -0.947124186834 -2.04109562967 
3.72747312907 -8.87240535319 0.46779939733 -0.21309057003 -1.76770480879 -5.19954931091 1.89022355497 0.280898709428 -1.18168835331 -1.59736030755 
1.72038621775 -10.1722212768 1.35514338402 0.566698106855 -0.461561134828 -4.17070821022 2.36276486539 -1.01016889535 -1.91112043576 -1.06149513547 
2.00876739779 -10.0373051052 1.12227816121 0.0211279749479 -1.4976562208 -3.39025574746 3.1241228593 -1.59785913458 -2.18600493836 -1.15883810409 
0.716556652372 -10.4511768952 0.893318895811 -0.407599468857 -0.832170584424 -1.91839788415 3.03603747869 -2.25998741467 -2.35108453858 -0.651345892519 
-0.560038545228 -10.50190809 1.39192107646 -0.0651997647283 0.735352252487 -2.37958996896 3.33949526278 -2.25426412039 -3.03450061553 -0.85357411509 
-1.49227115902 -10.4782232608 1.08698300838 -0.0737527263859 0.119393896808 -1.34958295607 2.56447999875 -1.92118937914 -1.66091636334 -0.796884410385 
-3.96239780542 -10.9976548933 1.81925889592 0.666927979184 3.19368774124 -0.254720491941 2.02264703156 -1.58608941264 -0.521277434391 -0.23424562581 
-4.57701296469 -11.0283424034 1.66642350399 0.465340525948 2.53165236105 0.116962780317 1.54661452933 -1.12598457338 0.622884637888 0.218779282249 
-5.63295705512 -7.90307871249 -0.486926390127 0.264706287806 0.278801160153 0.492293818487 3.71418561157 0.634774435111 1.18942810388 0.552050051059 
-6.56485444296 -8.07974868034 -1.19037188084 0.393076775833 0.207314620108 0.483005869817 3.58046014965 1.44749223818 1.30254741275 0.550597367062 
