18.0228187554 23.1522937753 5.77705764191 -2.49598229909 -12.9086156662 5.09778178221 1.35595739422 -9.35316007452 6.20693244419 -0.555939287635 
20.605564704 20.9292064414 3.53015273757 -3.34136836511 -8.5072774521 3.86036005339 1.18440816095 -7.2570858364 5.38240099522 -3.81334789197 
20.0547017418 15.6413685256 2.7213042944 -6.66944930371 -5.53483907793 0.405034486895 4.22263656459 -6.95826111024 5.57011489392 -2.02495509955 
23.425106754 7.63314529107 -5.48517893728 -11.0948984157 2.67914699399 -0.133933637633 2.84324505237 -1.87066543224 4.8699062747 -2.08403680318 
25.5536755672 6.70574640438 -9.10230702411 -13.7177647441 7.29503525875 -1.53626887075 1.08882585018 -0.528324149211 13.1483394653 0.430962311046 
24.2399808941 6.06570898069 -7.07510616939 -14.2423247874 6.07355529634 -3.93541159671 2.02995858373 -1.31703622247 9.89294081139 -0.938128814459 
22.9086201489 5.49045939651 -3.15518408788 -12.5539518766 2.9022681763 -4.19331253826 3.32078444435 -1.60397092373 4.85709118348 -1.1055076667 
22.9473148727 9.71036422524 -4.24693035056 -9.90958341963 0.319139534903 1.30516694355 -0.0414636707756 -1.6044704746 9.29299342498 1.70216802879 
27.1505991466 3.85305038136 -10.8305157169 -3.07128811663 4.83222531892 8.26257561822 -5.76999146859 9.46756681163 3.65212414748 4.18776798201 
23.09552661 6.49729231423 -7.88278077408 -1.95285336574 3.09955892036 4.09377144156 -4.62332911391 7.5349745883 -0.494832120051 0.0683537272969 
19.4815773597 16.4157041777 -1.08513141677 0.391488221721 -5.64726368555 5.0457988901 -3.72710933042 1.9726474341 0.337445567043 -3.08520959374 
17.9608276182 18.9478249079 1.43725865421 2.62865902283 -10.8806960839 5.43803387964 -3.32069202318 0.0337747826108 2.37914142228 -2.84637710071 
18.1793009525 16.0411633251 1.05042212854 3.21040537255 -8.38381422969 4.80634607749 -3.76580361284 0.936862003604 0.642102993323 -3.36187748784 
17.5213386013 13.7120999379 1.23343580241 2.16954878516 -6.77715800702 3.85353257037 -2.46212712376 0.868916020816 0.250082247229 -1.91445484909 
15.9932190388 16.7763054589 1.56241013057 1.33669298573 -10.73466921 3.90010020188 -1.70473838809 -1.28835749995 1.56243566704 0.777125190004 
16.2202750072 15.2662882266 2.53336456339 0.774280317599 -9.77175008651 4.99861117444 -2.4064880979 0.203054755198 0.35266979887 2.94956909289 
18.0225210987 11.4360102275 0.934454558304 -1.3604778611 -7.67099328577 4.83728234454 1.43491864447 -0.922225486779 -0.75882812114 2.71336307304 
19.7554363207 6.90914234721 -1.73677118555 -6.26338489298 -2.01710417558 3.31264201985 2.75672673124 1.68618667463 -0.99262864274 3.14918387565 
18.8933439898 0.835467080122 -6.13315484676 -8.80029961232 1.16534323454 0.396000774754 3.36463877393 1.16924861001 -0.133842298643 -0.293335088829 
22.1640257398 0.868379648817 -8.46565812494 -12.3306398046 5.4187901563 -0.823201586178 1.76023502934 2.32628307656 4.517938344 -0.511157984707 
22.2849406549 1.91366398557 -7.08247277717 -12.08479277 6.04049924492 -2.12295469429 0.207277977954 2.52400170379 4.74434476317 -0.27608164055 
13.1428797467 3.37776509872 -7.36724125275 -6.76923852758 -3.81419528623 1.54217066873 0.292338247463 4.22840745999 -0.683137524584 0.103728176535 
20.2538933206 4.32150399033 -6.34190923432 -5.6237450003 2.49890820983 2.85868018022 -2.56872044773 6.19777177069 -1.60615365217 0.0426141340694 
18.1316283346 10.2249389048 -2.58075805464 -1.95528522283 1.50644924927 2.21304705726 -4.38263682126 6.2002448335 -4.6778772452 -2.53246598373 
14.3628262389 19.087511073 5.3533150913 3.41184593137 -8.21027734795 3.39475949137 -5.59842514487 0.294878010447 -3.04584857238 -4.33786928246 
11.8841727489 14.877809474 -0.44942781848 1.77583982734 -5.21559898191 0.23654081602 -4.16220227175 2.2005722908 -4.74454169016 -2.82752813279 
12.0822694017 13.2744927171 -1.77994095829 -0.100015388399 -4.89266118298 0.642781396685 -5.46121132185 3.87090854404 -4.36968512119 -0.218561292477 
16.6990809305 9.31442450513 -0.0538944056916 -3.1543211722 -1.99326822818 1.78285173243 -0.482919749796 2.80491811566 -3.07535198254 2.60262375478 
14.4457990629 4.65790172402 2.83796198943 -7.17073270674 -2.17042569847 -0.16668113087 4.84755121172 -1.1441361802 -2.63690809156 3.56791492618 
13.7044851688 -0.679477097186 -2.80029018368 -9.36862303359 0.313611405128 -2.99327926543 6.87048476419 -1.24366731033 -3.7554625163 -1.37809857991 
14.1577101579 -0.177067155276 -3.99497380826 -11.3971497388 0.676936681853 -4.33524935557 5.96547353218 -2.40484749338 -1.69845660378 -0.924206599265 
21.0411865825 0.593892016734 -9.83222193387 -8.6300606665 6.83195324581 -2.20875515024 -1.68453909557 1.24163909828 3.4258123907 -1.93128826977 
18.6294431792 0.825062016107 -12.0856857715 -4.77940623571 5.11597401686 1.12776631294 -3.60038381423 3.47456342313 1.61080242814 1.36330762026 
17.8829338067 7.00045062908 -6.55363952719 -3.66726672522 5.49294719099 -2.05736142018 -4.5375113077 4.76474329585 -2.61805630897 -0.611343680466 
12.0786257696 17.8973173236 3.23498678935 2.25092815666 -5.79931932358 0.414196396499 -5.22857152404 -1.09944411701 -1.6796380717 -2.6204945978 
9.87282224202 18.4334214341 4.25351426459 2.8373670556 -7.0052378592 0.372965341688 -5.94548414866 -2.20454323513 -0.731795625518 -0.895126737677 
8.16473956141 12.1615271085 1.80202881798 -0.36998530246 -3.76483264783 -2.35449591845 -4.28827543912 -0.563319809225 -1.88762484271 4.15998646331 
12.1595571071 8.7469400494 -0.237537873057 -3.30658516981 -1.48854083846 -3.62140908025 -0.900747196139 -1.36913825161 -1.46496357276 3.43417895043 
17.0798315186 4.88740489522 -2.4464244573 -6.07739177044 3.02675564019 -2.23372668102 1.65798311964 0.182087404197 -2.10304804309 1.87397791208 
14.7859858132 -3.89462093408 1.51128555568 -6.5439129818 0.781485337842 -1.1137959947 -2.25026005996 3.57137983468 0.360830369409 0.629262915278 
13.5488510915 -4.92897263829 -6.92065873412 -8.91905906118 0.984254851939 -2.28119110128 -0.420172595963 0.91412205907 3.09150254022 -3.38016668311 
15.1305189331 -5.39004072028 -3.61008308974 -6.19208920386 -0.237858456523 -1.6601249772 3.29765017593 2.10431820102 -0.358413549745 -0.705605031781 
15.2464953086 2.33259297885 -7.4177488434 -7.88075711566 3.2804647061 -0.900507925537 -0.218558755699 -1.20506638055 0.237618187566 3.10973613183 
15.5225071916 5.1683896903 -9.60622882352 -2.19040663249 3.67855544971 0.21749357132 -3.14310351638 3.63159088949 -3.11068520558 1.65555413644 
8.18143623558 18.3250652887 1.66309343159 3.04385100254 -5.87171494587 -0.449020629374 -5.65567213706 -4.33831314542 -3.46870194182 -2.76874684904 
9.79266292697 14.5899855126 0.0903819643103 2.08490039055 -3.34328220041 -1.67020319173 -4.69954050423 -3.81399759526 -4.28402534091 -4.0391806075 
9.03056265643 10.6524178831 -0.0327322402338 -0.566245801156 -2.55683708592 -3.05381142904 -3.52529435512 -2.83217233715 -3.47144503435 -0.849066026525 
7.39190653035 7.95912836345 3.50400241904 -2.19586152734 -2.41113514621 -0.535751627556 -6.09407993565 3.62925967202 -3.72425406615 7.73256828509 
13.0583196899 3.02508179889 -0.664474099014 -4.64856472355 1.90722580075 -1.11736497848 -2.04927314572 3.04238252309 -4.15875370069 4.2160767247 
9.33977203932 -4.03886939003 0.477504896625 -5.23496082107 -0.270589664938 -1.92730885797 -3.06949858523 4.15828356705 -3.90180600718 4.19039901062 
13.1542170124 -4.64401205697 -4.2401880581 -4.50026765151 -1.71497125284 1.26651633923 2.67842636239 0.986768967184 -2.65793532262 2.33361254591 
13.2583649642 -5.28803176835 -2.50637156343 -7.46391928683 -1.81559109302 0.598292161033 5.27658948622 2.04263826019 -2.52068775695 3.32936915014 
10.2504498124 -3.81885042617 -6.20234435664 -4.38519924287 -1.45573842688 1.05843633864 1.12053189441 1.46772249527 -3.58081086452 5.35789501168 
13.5742012312 -3.22791592755 -8.37423929473 2.48082865555 0.943211267499 4.12305072958 -0.229999557761 6.70384181955 -4.87756094248 4.48406990154 
10.5317649828 6.95116011993 -8.73516702302 2.33372251827 3.25446233624 -2.17577342585 -1.80763479164 3.67697077758 -5.19200153499 2.24378403706 
10.1339544269 6.75535115567 -3.03729830766 5.0584146461 1.79860393461 -2.84248098848 -4.3995478485 -2.54679057226 -5.67717856574 -2.02134940652 
8.15689824765 5.24611177057 -2.4855067071 3.30510652222 -1.64256874775 -0.566411734354 -1.86835838924 -2.34086112164 -4.22331313666 3.36182523918 
2.16485183891 3.48151658771 -0.68990717274 0.440260751112 -4.83973718829 -2.26431645619 -0.210004960324 -0.165267181298 -4.76286792668 8.60135092877 
5.74052264585 -2.31090600584 2.53025179356 -0.679890293424 -3.94814789834 -3.14050093099 -1.13207382008 1.30517352139 -3.42602198444 5.33722550495 
5.55911721984 -10.3630776998 6.00641645242 -0.886263537119 -5.22654387235 -4.14222250567 -3.78933943964 2.35683751769 0.118803373329 2.36886608403 
11.0979654324 -10.8398437812 -2.98935102728 -0.496037077241 -4.6259764527 -0.236165138594 2.58673433041 -0.828304596986 -0.861404457481 -3.35169286423 
9.62107129583 -8.43805999325 -2.31266088611 -1.80256371213 -3.99749850941 -2.2151099599 3.83599623715 0.628390882844 -0.264101355897 -2.46586362776 
6.6810576324 -8.03496344459 -4.06331648159 -1.23374433923 -3.74461375419 -1.37537848984 1.80907813085 -1.16629238073 -2.09594401482 2.78738210353 
6.34613720172 -3.1963144068 -8.64763932888 1.02080993552 0.120597808736 -3.90457535349 -2.79620498907 -3.33722486255 -1.8292801032 5.81699740181 
5.79016577817 1.4556824717 -9.13270537202 4.00746178623 1.9446135524 -4.41133860064 -2.74404784087 -2.76422707181 -2.49165100855 2.86038819459 
13.5711774648 -0.169954120876 -6.55712712026 9.33271569092 5.79467900662 -4.28871146321 -3.77206217568 -5.20430240632 2.62201694215 -1.78351287492 
11.9131127869 -2.83343528642 -6.16090208568 9.55572038453 3.1262635552 -3.8704129588 -3.06091861373 -4.92377147544 1.59621146059 1.13371103235 
5.9870202682 -1.97687144301 0.645604633348 4.93010147325 -0.471789885083 -6.71411074209 -1.49856801401 -4.64714716912 -0.842541562486 2.08968038676 
6.00581957348 -7.21271840438 2.8679737969 1.96681079323 -4.07798952433 -7.08441379909 -0.143182460413 -0.707694539334 -0.0251769298978 0.245624246679 
5.52207939361 -13.396957407 7.36284433047 -0.641869286047 -5.79354131103 -6.03794986758 -1.01394327417 3.36153686275 2.07477291464 -0.708482895206 
9.40080175962 -13.5917004181 0.322133935544 1.80044685692 -4.51645406882 -3.30796767199 -0.745489589781 1.00857450698 2.29878347361 -4.93558678631 
9.11614109561 -8.69307803815 -3.37852219611 -3.83053185831 -2.07229403799 -5.58752791026 3.10135965093 -1.28835852586 0.49694286874 -4.17440680247 
7.25843925484 -9.60593526318 -1.0952634633 -1.84769417139 -3.00582645451 -4.3200600355 1.39951755296 -1.55607169097 -1.14958103473 0.227526178047 
3.37829303899 -6.63192368925 -1.94278754115 -3.48655033808 -2.21033368189 -3.21450360589 0.243350317179 -6.00363043804 -3.65811845343 2.96200393928 
7.39907151708 -3.51373686061 -3.81255906723 1.70230116567 0.730442730547 -1.94383223661 -3.32886862999 -0.133473782132 -2.24634603936 -0.792394815077 
7.88999984677 -0.0127721122141 -1.24967773882 7.48023574771 4.43410925739 -5.48142862518 -3.90737306963 -1.79044496775 -4.09750477221 -6.74375768144 
9.27365948465 -0.228720664544 -5.11158395129 7.54985053415 2.34200246533 0.196287315952 -1.64762048067 1.75047981449 -3.0446300087 1.55216352594 
7.45399623453 -3.7500458821 5.09402420905 3.3185962734 -0.995476212923 -4.38081822709 3.38404438635 0.0221881798624 -2.93755754184 -0.537673537618 
5.34473776872 -7.32623153467 -0.971419154149 1.77329035552 -3.56048186209 -6.4474119145 1.22970804476 -2.20687025894 -3.12631247447 -3.38729037387 
4.13932683369 -10.0381259352 1.3786686529 -0.994783985104 -5.7236458971 -5.40196289081 -1.02057505118 2.86956559834 -1.34342021766 -5.39180013766 
5.71817305365 -10.6020558175 -4.10348497957 -0.627794916103 -6.1150344596 -4.05475973232 0.32778357065 2.15409919475 -0.188952575701 -5.78443526656 
-1.2885417264 -9.26293229483 0.207258562172 -3.87692773346 -6.35047105059 -3.43143893751 -0.0635064846799 3.00587724911 -0.331613345951 -2.77331342365 
-0.285332569025 -10.7990642351 1.57992426247 -2.11345502243 -5.62897975948 -5.61063745849 -0.753306089865 -0.160807706453 -2.29853744559 -0.883384908605 
5.28415644456 -5.9123922099 -7.65407266303 1.96682985023 -0.796960341609 -3.64253439848 -2.3422916268 -1.74702606783 -2.45765597929 0.759787687278 
3.13240590626 -1.87934074438 -7.63850996553 7.11158265305 -1.18239130376 -3.66021610183 -1.22354901152 -1.06524340011 -1.38225624263 3.07113554808 
11.1674899804 -0.768923944364 -9.09685183254 10.2012748434 8.39862878889 -3.96915786215 -6.29446129918 -2.80166546487 5.10725890813 -0.756102169777 
10.1525083002 -3.3110675953 -6.25670933513 13.1738660777 4.48118824854 -4.94803016466 -4.75410969225 -3.34047182228 5.39309546669 0.792061192531 
9.58914614023 -4.8176408578 -3.81820930124 10.6309195816 0.00142996450991 -7.39723750122 -1.07041111283 -1.70808281521 3.69848315271 1.03304119472 
3.81365489531 -7.19676873167 3.74916076195 3.84157429705 -4.09558917018 -7.72509545632 -0.633444141498 -1.43355921689 1.77249311805 2.27889419903 
3.8975106956 -10.1565611004 4.03462315491 -0.64894749529 -5.37213569182 -6.36040866042 0.539388741103 -1.02844338905 1.09558561099 1.43000493882 
6.7178567659 -5.25249485555 -2.03897984271 -2.25881127133 -3.12468158333 -5.61338322789 3.25275399873 -1.459754201 0.48844320324 -3.96801246424 
10.2321451776 -5.98781816752 -2.48675100807 -1.58560042648 -1.28361548728 -6.26046552329 3.82767797872 0.137634308446 0.61170029182 -4.03667345294 
7.07887333762 -9.53412819337 0.801761705242 -2.22623149405 -3.20848510501 -4.57834885214 4.25264517252 -2.87557246984 -0.453916181038 -0.4819667094 
7.38551303126 -6.62183085855 -2.89302121327 0.0658193854477 0.0590821184084 -3.83018602036 0.233296443166 -3.81722167122 -1.82479151342 0.186427588462 
6.98812368562 -4.98577306217 -2.77688005933 6.23295564275 5.06059807141 -5.53825089648 -3.59932432469 -4.03206003134 1.12170191237 -0.429534121693 
15.3487902385 -3.06726524427 -6.88052609219 8.29099855999 10.2103496419 -2.11452645381 -2.86729042057 -1.01840210871 2.18432961689 -1.87570772633 
13.5452423085 -3.13745551826 -0.655644488664 4.5317830267 6.25402722931 -3.00344698123 1.36918681741 -1.88646886292 0.237503889663 -0.148102146994 
10.8234743237 -6.21062185321 -2.18807484921 1.49399097909 1.17628796058 -0.921414092405 5.01299963014 -4.13952932755 -2.05925377808 1.64754171189 
1.99494074078 -6.12129023236 11.0349244225 -6.46096907094 -0.721158664359 -5.67130709193 1.07072102947 -4.09909577912 -2.38873135258 6.04343881796 
1.79061185612 -13.2638467722 3.60636515761 -1.94703422763 -4.31407770676 1.58832788896 -1.65938625307 -0.75329376212 -3.42105029459 -1.32466470914 
3.55806855234 -13.9416921865 3.56742581823 -1.40314795208 -7.70746018931 -2.73121030804 -3.39320461377 4.68801288122 0.684685056305 -3.79942163693 
-0.326168961009 -11.9827523758 1.38024509038 -2.63049480368 -7.50060068297 -4.66101467485 -1.93341283959 0.714891671048 -2.49940476848 -0.804298211018 
1.33469192276 -12.7720173857 0.527479658904 -1.38560976857 -7.88503280601 -0.297007885419 0.592047263452 -0.601165662058 -3.49353743615 1.5193888785 
2.92378113764 -5.01818356886 -9.27068459389 3.61804567805 -1.91402330568 -3.16514601259 -1.12093694187 -2.41892586177 -0.242908992645 4.26025795811 
5.82146515392 -3.69524452221 -5.87825756639 6.74820785889 1.74147106908 -3.9423160649 -4.68748975936 -0.865543243994 2.49135392838 -0.96447197745 
9.49864576113 0.361772349317 -7.94532502546 11.4419839601 3.26980225552 -4.20224484013 -5.11028465342 -3.12864359649 3.37449393673 -1.39824170486 
8.25712798164 -3.25578029469 -5.31872166101 10.3866688583 2.40154256722 -4.29723652046 -2.91295802939 -1.74051442673 4.89354860992 2.17058166729 
7.18391436189 -4.88453295622 -1.8869978537 8.41004630491 0.0439379308428 -5.56411725081 -0.95027120794 -1.29809277069 2.26191712002 2.19731204185 
2.01926718744 -7.47075129405 -2.34149430422 3.2647900792 -4.14439738377 -4.48287460766 -1.1601775989 0.411234138053 -0.0122424076732 -0.42993412766 
4.27392502404 -11.4785257575 7.9190888699 -0.079986449771 -5.49832348646 -2.80655055397 1.144213546 1.49230225514 -0.722324731013 2.5289439945 
5.9525677799 -10.490628968 5.11928051462 1.66987077465 -4.86621673273 -2.36767373409 1.32697365459 4.70193865424 0.171031311241 -2.69646123788 
4.28125937035 -10.037014528 5.71463168264 0.85842550522 -4.23836929972 -4.44778538668 2.16858783806 3.7907028297 1.18318806647 0.789767319574 
8.11242352701 -14.5667576278 3.50883650216 5.30225870819 -6.05872613298 0.845192572373 3.7049732601 2.09579539478 -0.896269693682 0.997733010886 
7.43246805583 -12.1817463234 -0.303191354532 6.5222755224 -3.96234636911 4.5345065787 5.64202997205 0.741589428437 -2.97147137938 2.0258964285 
9.30007167593 -8.47175286325 -3.90654111422 10.2093971136 5.81043374773 4.77091383255 1.26967092047 -2.18749931093 1.63205700792 1.09038916574 
10.8877010804 -7.80133780783 -3.33961561379 11.7963550993 7.57289215313 2.54214882767 1.85832061339 -3.75952263885 3.46109082298 -1.42842034117 
12.7055930882 -10.6320220757 -4.30117329286 18.0908740603 2.3096082548 5.79140842772 0.382125717955 -1.28785667073 6.23161864313 2.01097181228 
10.3021948437 -10.0701874938 -4.26510726562 14.7775692867 0.870228155369 4.36287977295 0.686476024487 -1.68138679429 3.52821576661 2.45350746521 
7.04535878999 -7.12477674068 -2.15330334166 6.81797931799 -0.75035971779 2.98389591745 0.796446840101 -2.11732411651 0.73373088509 1.36423241009 
4.42759588409 -9.52270860987 1.62032844311 1.26102023594 -3.26955577538 4.33857817939 0.453334635501 1.54635483106 -1.01522046499 -1.23642960255 
7.09654731351 -14.8007804409 7.14646913323 1.97951818397 -5.26049077609 5.81511108415 2.32133837031 4.37899207246 0.264701320045 0.897433236715 
6.31035822743 -15.2933572672 11.1980362469 2.49942686828 -6.78402867491 3.37859831926 1.21434880265 6.16772300537 3.01629378429 4.48953103534 
2.39823329572 -13.2163671733 6.04576449027 0.204977977345 -5.25015681381 1.92975388396 2.14219310396 -0.101642257797 1.50680181322 1.24361025273 
0.79379824693 -11.9910609148 4.41177820321 -0.334429758106 -4.04270823744 5.293617065 2.81514251369 -2.26379347986 -3.10954939501 3.78665664549 
9.32826578614 -9.61555500218 -1.57710375625 5.85403613185 0.309849533827 5.01774508966 6.07144924973 -2.54295018912 -1.72899153821 1.08920846707 
7.72416775412 -9.40344661548 -1.43084666004 11.4716760296 0.443400007846 3.17876380668 2.7415722668 -6.48885644789 4.67631282331 1.84376026683 
11.8657687617 -1.2780187576 -1.54703532746 6.85375573648 3.28524104301 7.77625144549 7.88358270693 -1.07835195904 -0.470428848615 1.34799186658 
10.090957037 -1.2092238831 -5.65279934706 6.99476336978 6.87887381705 6.73036148293 4.47497927216 -2.3854788246 -0.0681538250244 1.61798349066 
10.6631287715 -2.46453888036 -3.49355722422 14.4810014588 3.95742874958 5.52551770911 -4.06353702627 3.77455716495 6.39928436572 5.29258051059 
6.71675844791 -1.98370329711 0.131620628616 5.69196352919 1.96808514407 0.472283994153 4.60004339273 -3.47554831898 3.59442639317 2.652308575 
6.30342276351 -6.02286708806 -0.527574608085 3.10887690385 0.65311973645 0.77299126409 7.23667859891 -0.886299387182 0.876340920154 1.39262145596 
8.18455106009 -15.0369588939 4.65648510011 4.36470741958 -4.27168569382 0.702213611544 4.26501882544 2.40159872145 1.08471004709 -4.06561997708 
2.96838125143 -15.2183972875 5.32571528479 -0.738726265653 -4.26014856336 1.86555530047 4.05929081162 6.35869723984 2.1310016165 -6.9559850116 
1.26236115284 -11.9033826155 7.98191996361 -1.34852913655 -2.02005644828 0.350208664114 1.84929620575 4.4871158945 3.29759584729 -3.61034881683 
-2.34473127129 -11.1204015748 6.62848059643 -1.3703809886 -2.33532038427 -0.383421691109 -0.118104213301 0.655709737142 1.68342154195 -4.03464350476 
-1.02307259869 -11.2959446641 2.84628508069 -4.04799484602 0.263871206669 2.76191085882 4.81513695075 -4.17770256897 -3.23699171137 -0.173524105314 
5.00237948498 -8.67793073734 0.591183759993 -0.406347896451 3.79925758507 2.78714628887 5.38229844293 -3.68160642792 -3.44100179046 -5.89420044821 
9.92939867835 0.314444109086 -1.52477139698 1.78305060709 6.8244202276 6.28261716027 7.4192049233 0.957189072743 -2.79684330619 -3.47998576756 
6.69023249445 0.448280379257 -1.50436152652 5.61873322487 2.77688814191 9.93974001523 4.20852067013 0.262611321291 -2.66959018453 0.619329106781 
9.79154990878 1.95307706233 0.575173294163 3.52352047215 8.8338317447 6.56633097573 -0.1547799418 0.624585702995 0.85007912657 0.359345709715 
-2.62102555422 -3.80929887777 0.8117698673 8.00233620292 0.861949709864 0.523642968878 -1.71715532661 -1.61408389747 1.91219432219 2.05778150015 
-5.07870656684 -7.83521891319 4.85787939218 2.59518025565 -2.12079813319 4.41418591068 -0.003513383588 0.624354985286 1.256245046 3.28368654654 
6.71975183141 -10.2186722201 1.42623146734 4.67652489939 -2.47237954725 0.0534848239203 -0.665953339799 3.97562310579 0.539727312207 -4.33926170872 
-0.191009836447 -12.7404220445 5.36436227875 -4.18078129336 -1.41995050673 -0.312048835823 -1.04104071686 3.22687622735 2.11321442376 -4.04023544554 
-4.4653067636 -13.3570141453 6.94104002114 -2.3022646088 -5.95758536681 -0.551718215215 -3.72232949206 7.07595144479 3.54888857915 2.15841357619 
-6.76605352954 -13.0905852041 -0.572169837194 0.749953515771 -9.56889940022 1.37579144239 -1.7428940776 3.7556203575 2.91011105012 -0.281439688108 
-3.00250082097 -7.18005949823 -2.25854828412 0.115755438348 -3.37934372189 5.72888279792 3.56600321745 -1.48148825571 -4.26304037789 3.75743228766 
5.83829785004 -7.49706700928 -5.30091780085 6.43444694197 1.38747396807 5.33727640629 3.06844319863 -1.15621873525 -1.11014992382 -0.874459823252 
7.25071243906 -2.92910800454 1.28105516847 6.95527742435 1.11831692323 7.64958487815 2.14935969816 3.0251673593 -1.09941316749 -4.45014851439 
6.27330552144 0.492440579311 -0.64659612184 5.12167870708 3.83663491972 7.40462857502 1.07836737465 5.26927556679 -3.13589902314 -6.237186925 
5.53728632602 5.06198611651 2.29849685984 3.34417664568 3.23171507804 8.15729257436 5.00632619334 2.92477887217 -4.02614211948 -1.991628367 
6.5777214301 3.51389610917 -0.811421352081 5.23386974458 2.44808858342 7.9602172043 6.17553260832 3.53752939114 -2.24871060426 -0.634490196834 
3.57754294628 3.34729819989 3.2982904452 3.25583467509 1.04073681961 6.5535018555 4.41214099664 3.94393908952 -1.4572636884 0.776461201213 
4.0929968984 -0.339171491633 7.00312217939 2.26687710865 0.0554295538834 1.81112607944 5.94425788103 0.793795495427 -0.754037565054 0.484777176224 
-8.41090663032 -5.61831771055 -1.76849896249 1.88370556096 -5.86185108661 1.56018604418 -3.61074039592 -0.938829690761 -1.70068538586 -1.95836340771 
-7.28022544496 -6.85445641103 9.57431618205 -2.80937740484 -6.05885913303 3.24400270849 -6.23306139123 -1.40050065721 1.14339432482 5.57277373238 
-4.11722192714 -9.79491709122 8.05542830385 -4.90477635659 -2.91390787997 2.52529724543 -1.16507875168 -1.62898302733 -0.956295748458 3.44250970887 
-1.05102737015 -7.18725619712 7.11945346188 -6.87197761909 -0.131762481468 2.7114312166 3.84232332528 -4.83306808252 -0.899395843123 1.13818353764 
7.34238301486 -11.3504668156 0.000358357826509 4.76529075046 -1.07295774803 5.10374180046 2.30348174351 0.831288661716 0.294362628145 2.2710941287 
1.46196815961 -3.43038903349 -9.21182355171 -1.48150526444 6.75265391601 2.38487970665 2.06412156079 1.41685008327 -1.21159856282 1.2964267505 
-4.28057572039 2.70981484992 2.78371560666 -0.846998101506 4.73026079059 1.88856165153 5.30682489005 1.23331373545 -4.7717528696 0.265987195005 
-5.71411549759 4.8950008135 7.7575337038 -1.05850261164 5.12025496495 3.50601495521 -1.53677107056 1.17375172365 -3.24683699704 -4.61406981569 
-5.80748144751 11.6955820155 6.25533776963 -0.0593857950373 -2.5265723387 4.4561289187 2.21908400543 -5.92877813013 0.671692491693 -3.4056020885 
-5.35709601068 7.1956592582 4.68288412543 1.96775189555 1.54943676836 0.330546717595 0.604405838233 -1.8139050668 -3.46393341654 -5.50438922682 
-6.79669462553 8.310309462 5.25924737902 1.52882755822 2.08581146453 2.75348521587 -0.101621505634 -2.22403538477 -2.37004056426 -2.80158470031 
-6.44749247116 4.71614183063 4.36621067828 -0.374442493566 5.82396216294 1.45364880065 -4.48699554608 0.604056180674 -1.37286546692 -3.91831885021 
-5.408750276 5.23587425501 4.92118933829 -2.39002314536 4.65214815331 -1.07987441283 -2.0988430579 2.42164173812 -0.303856928312 -0.0456262169125 
-5.13879241306 2.81543546841 3.31761131602 -0.70268355146 6.61196258453 2.37000346695 -2.3999151115 -0.159944074422 -2.49930306163 -2.01815123261 
-6.79672926314 -4.51491447656 7.11557295437 -1.99052595315 6.07064122351 1.17993022886 -5.13448523327 -2.4880396139 -3.06241199933 0.0840366101688 
-4.40947517708 -8.58538127327 8.9859993954 -5.17318949278 6.7542336028 2.86177078094 -4.32439689873 -1.26532178634 -1.4305996541 -4.55078926761 
-4.43049660743 -9.26193103337 15.3486205919 -5.42418417309 4.50817013298 2.51607675216 -6.40374668308 0.357340897213 2.60176134265 -1.86668100031 
-5.81982110279 -5.79230722608 8.73824281945 -4.09243086588 5.79255425272 4.10287794163 -6.41052309262 -2.03383726102 0.354792444351 2.24694828211 
-1.01514829978 0.90823079892 -0.960324359793 -2.78303553646 9.18564906662 2.64952978981 -0.836296186571 -2.38778826146 -4.3128089214 0.965263948293 
-1.74279520472 2.69299501115 2.20264931525 1.84151449367 7.2814007032 -0.646766975578 -0.323116651967 -2.02661963736 -3.99140249044 -1.55952535996 
-3.9185881697 4.50871661447 7.45721154618 1.28791626674 6.00419872192 1.98345802902 -0.863100825739 -2.31207971085 -2.94393771245 -3.48517813231 
-3.05149594325 10.8126044287 7.18658063225 2.33771451692 2.30462519004 0.947600467034 4.1069372859 -4.83546918933 0.63709299207 -2.14394108837 
-2.97756666454 8.79646245841 10.7261165564 1.23334867799 2.15182475321 -0.300375486649 5.27040530911 -4.19742258326 0.569662725475 0.16928961511 
-2.90760645012 7.51567238507 15.0845162539 0.745885737791 3.21232031526 -0.85179521406 4.59129693065 -2.91811789005 3.90781322226 2.85599676255 
-5.0515486205 2.36456391243 20.4872834497 0.213404340291 7.52687818058 0.0187794909083 0.317259276298 1.61011821666 3.40673109897 3.47118037708 
-5.53715654795 0.145339116075 14.0467852677 0.334234997308 7.65428511955 -2.34282555882 -1.66013170593 1.86131600958 -0.0127375580387 0.444203254018 
-9.85098695902 -3.47802927769 3.18880643504 -0.448749369913 0.363963149574 -1.02438927116 -3.48497400778 -5.60174005916 -4.97365624942 -2.14638654985 
-13.2601460208 -4.75799809964 0.742213756698 -2.08224648643 1.26470384899 2.32221239936 -7.39788213187 -4.12392010234 -3.43725436983 -3.58567752908 
-12.6170649012 -13.0528122681 9.57988547423 -0.163226428529 -1.82687437876 4.43040162355 -11.8242887661 -0.530637299313 2.5110750879 -1.55379422336 
-7.94560554349 -5.92232950392 0.906228966574 0.251556740421 2.1883839373 2.31385226175 -4.94897004923 -1.51123220166 -0.740782939194 -4.70691017882 
-5.231136284 -3.04530781502 4.80162008851 -0.0754360650137 0.376396430193 1.30619903643 -0.877239873228 -0.641969864913 -3.1490707175 -2.53463275001 
-1.95476170826 1.96248612674 3.07032502811 0.757602133042 5.97530015151 -2.58955300556 4.96330203222 1.69904155846 -4.52964490657 -0.516620267195 
-8.43220687759 6.31343906367 5.70984974911 0.544021347784 7.30799330051 -1.67854993302 1.7217732886 3.65195818593 -3.47036856927 1.23981401216 
-8.77719719906 13.5626057851 9.79291919326 1.67867517459 -1.90554603909 1.26085706068 3.15101438464 -3.11784448165 2.15113084071 3.29114641768 
-6.0977053793 9.9291343238 13.531454556 2.32619564911 -1.16666511216 -0.254577689636 2.45224772791 -2.58810420129 2.39390869883 0.672991768603 
-8.59079551643 10.4315623597 13.704737395 1.26126251052 -0.50507287054 -1.12961467789 2.05634370999 -1.90867954533 6.03854143258 3.65075085678 
-7.3899313099 4.17464258316 15.1544253107 -0.465720244463 5.49796856387 -3.07560160773 0.154034334169 4.31153678224 4.5279935302 3.73894117662 
-8.31035382315 0.963527373646 10.5489167465 -0.0140969334521 6.20644681582 -0.925358509181 1.73612051844 5.37102282971 2.58349664727 1.44490959251 
-9.27210674029 -0.949378941472 5.473681805 -2.41144517416 3.7519100816 -1.59019687361 0.881251264589 -0.295122710389 -2.36970248226 -0.771259486411 
-10.4173498993 -3.89530444629 2.57397343885 -4.29304232058 4.06941349736 0.628209214562 -3.63778622445 -3.79265382346 -2.97972197125 1.36034666812 
-5.99598636843 -8.57659258435 4.17829274955 -2.60366212703 3.51247309245 1.33030225573 -5.17110872512 -0.94375935692 -0.217540827651 -5.14020579952 
-8.30578623703 -7.36032399596 5.57497788929 -3.25183165434 5.90094738534 3.83993159868 -7.55621421597 -2.62287330552 -0.852323204761 -3.35218955703 
-11.4852535308 -5.80055733625 1.7059799527 -2.42891306647 2.74338421995 2.02895334084 -3.45866232872 -2.80765492792 0.449353193445 1.19700625642 
-8.25118901936 0.610848852171 1.19719931978 -2.53247794851 7.38675211147 -0.760058844086 3.6294404887 0.519542131969 -3.35777352804 0.568666093307 
-7.19268549541 7.99331497803 5.67296222246 0.117370408164 5.6589018375 -0.862581543256 1.71874998332 1.17967763774 -3.52638535691 -2.35715350576 
-4.38791647652 9.37124966508 7.60419797498 1.2015145865 3.04247515942 -1.40968600481 3.38676321921 -0.239760163328 -2.04856555126 -4.78217912978 
-2.8254285156 8.58973752556 12.0572987085 0.543722662996 3.21796656901 -1.51439960149 4.38266672223 0.0943785086666 -0.088875438995 -3.48004727634 
-1.80887178729 9.35927966969 13.192989074 0.520822841316 1.909822928 -1.03438297338 5.01086731938 -0.482305394102 2.44277683729 -1.3974567885 
-2.60462861687 4.82863370787 17.3303219158 -1.07216166126 6.22351888435 -2.15770486675 1.8080572593 3.31607390174 5.23308184179 0.406031649465 
-6.04683127311 5.35911322561 14.1448721607 -1.41782991723 8.40470630142 -3.48513156252 -0.870251839638 2.86411053938 3.79865245674 -1.23689470901 
-5.30827050334 4.18616327347 8.76950570178 -1.0991994008 6.4981238701 -3.74499672191 -2.73752319605 3.07091574203 -2.44088934073 -1.23434610754 
-8.8655367185 -4.01576054347 5.9911039776 -5.81082274219 5.14616947174 0.649115577435 -4.06178323212 -3.21442388057 -2.04793030684 -2.26373971841 
-2.69467055467 -9.7673525055 8.85341878262 -3.98193479222 4.61005681249 0.808893377477 -8.16820167407 1.42481963269 1.45421481443 -1.05146693798 
-5.63676957303 -11.8799545289 16.7401944773 -6.60362377864 4.48048432344 3.78549369233 -9.9357618926 0.806527401613 5.13119807099 3.60406464879 
-2.45947597585 -4.17783931756 7.26365559897 -6.80543778509 6.77435308435 2.61308536363 -0.0899657994599 -4.57734473903 -2.25410233882 2.49820057568 
-11.5365717738 0.320853409569 2.21944783608 -6.09187549233 -0.602282091225 0.44963060653 3.36314410824 -5.05996851585 -1.32704512534 6.98322280788 
-8.33012806643 6.16078835718 2.1348863953 0.0599924688028 5.03604084573 -4.35722069925 3.97712881198 0.39861349402 -3.2377199967 2.15438727865 
-16.5069272026 8.78055428182 0.331859119137 1.19676612064 2.76807879705 -3.2548991681 -0.570784440954 4.30943921658 -1.78259106913 3.82462411946 
-11.3425832259 17.128519491 4.32830527846 4.15463184437 -3.89451811782 -2.65812148405 0.25462299633 -1.76086019302 0.118390616454 1.03213296067 
-11.5028416708 14.1432165667 5.18826723122 3.7405265699 -2.9479451976 -2.32627278442 0.654458744251 -1.16880161702 0.527455480254 1.19518442401 
-10.1690688443 12.1102300785 5.23885676423 2.75166208876 -2.94543616082 -1.90834184965 2.56255241357 -0.425980102077 2.26495911269 1.97721380819 
-13.1731995755 6.84027897389 8.75343670351 -0.803467778557 1.54653990178 0.499026398799 0.724842934907 0.969195106651 4.01132850031 5.85420854185 
-16.5801033035 4.74074680552 4.27713764953 0.678888551122 3.34547420625 0.155578495491 -2.10955284925 5.12098190865 0.695314077565 4.66314250177 
-15.1330193621 5.08622886121 4.24210524166 -2.18687957948 2.20506701051 -1.65211796939 -1.63141984391 1.19933966523 -1.80344106007 5.42705317523 
-22.7624514658 1.05179712183 -5.6925473771 -3.06305594019 -1.04258857392 0.0733405307435 -2.99005138454 -5.07971351188 -3.58116752208 5.70853590544 
-21.5528477803 -6.22386507555 -3.31786334674 -6.72500024235 0.319931343008 5.07799481019 -5.18771796708 -7.2117381536 -1.87024297505 0.487108558608 
-16.915497995 -9.31568131396 1.05128095983 -7.91448267478 2.71357893887 4.26895216391 -4.50505226372 -3.05043254738 2.3090479015 0.97456904812 
-16.2617839434 -4.51646053477 -4.8032786738 -5.46883319643 5.54587142558 3.83234746836 -3.19383675418 -4.10043053335 0.55920347142 1.05172191829 
-12.441852479 0.826950515932 -3.46599586295 -4.48794952884 3.41075102609 -0.41129473587 4.42919484462 -3.63010188071 -2.68884517855 3.20613428291 
-14.4073910067 8.30449967257 -4.56751471174 -0.0135451469296 3.58895880108 -4.37415581045 3.91428301579 0.622291893169 -3.77809450537 3.30266521628 
-8.75799216906 10.0076645018 -2.71870892212 4.11604734655 -1.56106189906 -1.62186986462 6.06585345031 1.62523695144 -2.96327475641 0.391419532352 
-12.9784623022 10.8564714308 3.02127446431 2.1124460135 -2.52588068502 -2.42722347456 2.80869997543 -3.44634738637 1.99896379733 -3.05993806988 
-9.01622407263 7.82886915246 4.86959712027 1.12978659712 -0.422093687919 -2.57536310363 4.75095786777 0.258875989402 1.80753156755 -2.75092617597 
-10.2551030088 9.17698261595 8.71426478314 1.2827254377 -2.27239798554 -3.18241298246 2.31755795303 -0.461588713733 4.2686147778 0.270603925417 
-11.5963863948 6.44388040946 2.21332708099 1.08954197268 1.91664960569 -3.68651051429 1.80487137589 3.20168646957 0.783952197323 -1.63002823396 
-14.3265759437 5.79341830445 -2.90475537554 0.0282244214902 1.83166791801 -2.74431249375 0.0791941126327 1.82824659781 -1.73628267812 -1.19399151953 
-18.8696406191 0.395775086197 -4.98866583948 -2.68899424076 -0.812737200152 -2.28065069484 -0.387653865291 -2.68209356041 -3.48909126151 1.27013226601 
-19.686101241 -2.47256624245 -9.18975199954 -5.00980638032 -1.00607498949 1.72366557696 0.204706171849 -5.02744104241 -2.13816064795 -2.46386984158 
-13.1737924951 -7.75724437809 -1.42170864968 -6.59979864944 0.438080471355 2.10277199392 -0.108690842852 -3.58919358515 1.14181884618 -2.89678009635 
-14.6102976851 -5.28637487661 -6.74106726907 -5.98396843365 1.00239831407 1.45277188432 0.656768122998 -4.77777074351 -0.840546594943 -3.4215820809 
-22.8264017524 -1.89807937506 -10.1631536901 -5.3102548649 -0.818339116579 2.56639918825 -1.88535684978 -4.54097795724 -0.705079648674 -0.295728266862 
-16.8074610409 4.05685815425 -8.01332817067 0.291981393048 0.480465798751 -1.41849979275 0.888571961685 0.753443347447 -1.38049966658 -3.43901759878 
-19.8083299067 7.88886287851 -8.65345686974 0.61878579881 1.51338498739 -2.27833444798 3.97908758811 1.04313793705 -1.55943836976 -2.60073177506 
-18.5898029911 11.8956668829 -7.55167260107 4.39158084392 -2.42439350289 -3.23893537346 2.16667662926 2.16010432754 -1.02213459919 -2.89053107169 
-24.4900342879 10.4964920666 -5.25238110993 3.96597611607 -3.65605732298 -1.25200348159 -1.61695522044 3.38740359262 0.682200331541 -1.32159873169 
-23.3445540951 10.4790046255 -0.763838124966 3.52003248544 -4.3705796843 -0.0670097573555 -1.53711137921 2.39000396738 3.5822095401 0.147540070501 
-25.0061696843 10.1458821998 -2.73321564219 3.57888049122 -2.99218772353 -1.05173966064 -2.97401576919 4.30734419522 2.57193923187 0.761265900068 
-25.3194000378 8.22999242426 -10.0097929799 2.84652193939 0.140378094985 -1.29992999843 -1.27494281904 3.37787661294 0.127230535239 -0.713401422049 
-26.8409297389 5.44013676371 -2.03940354099 0.316994576526 -4.02656453415 0.105125264703 -4.33113491782 0.48027227131 1.35593395303 4.57395647992 
-26.2885855707 -1.16850219271 -10.8918267642 -3.60676292191 -3.86444311294 2.36358383004 -1.57284333963 -2.40409870693 -0.928907547591 1.89755839077 
-22.8913117396 -5.6265453434 -8.4383900597 -4.75296787226 -4.13460395345 3.81421026637 -1.35976065537 -1.84857112906 3.68179746347 -2.8098612836 
-19.5562906961 -6.35539902586 -8.84648994701 -5.85481726329 0.712375217554 4.54326903635 -2.30129947683 -1.4043724289 2.65093769436 -3.15075629771 
-30.850061658 -0.470715332579 -15.8767188755 -4.50457962199 -2.95825855366 3.94645323805 -0.754573626627 -2.16058108433 2.11825554643 1.93314887005 
-24.6557139337 0.805532671496 -10.2065658971 -2.04400325575 -0.0648888503766 2.65349172302 3.27831506718 0.135641655269 1.32247480693 -1.30364855807 
-22.3660763548 4.82962466439 -6.57193434824 1.55682057555 1.24647036917 -2.52038825959 2.20146106365 3.65437724376 0.143691051711 -1.16695095481 
-18.9132494757 6.22554229915 -3.50908168122 3.26681652937 1.58813667494 -3.19606511255 2.53551066976 4.36305390471 -1.50504266899 -2.09178969099 
-19.9222932434 7.63142114639 -3.45425590943 3.52342496222 -0.897120810356 -2.86040684578 2.5631106857 1.47991653797 0.507995526995 -1.87128223549 
-20.9343709465 4.63811424414 -4.04280696356 1.16526533936 -0.0358826396072 -0.670033081058 4.33056069647 3.04790537844 2.30740567783 -1.2151779974 
-20.9395917827 3.98460649184 -0.352097769478 1.38470726917 -0.323990389225 -1.48801677866 3.14051033017 3.38206122506 3.83254079064 0.132639238187 
-23.4086253551 4.72066967293 -5.05243386733 1.94017729257 -0.958360956081 -2.26945341309 3.06167000867 2.69343412499 1.58677994261 0.412705392532 
-22.7028983697 4.30587348286 -4.25186839204 3.28472986106 -0.330475507918 -2.91581598332 0.227477888039 5.35546162523 0.171750656666 -0.577051294658 
-24.3874749912 -1.48515647646 -4.0838345559 -0.402874987483 -2.41944753198 0.284430051467 -0.282237273512 1.1279816323 1.83162773312 0.774786873266 
-35.0424379174 -3.12116658171 -12.7368013016 -4.03695718494 -4.45104291313 5.73690719995 -2.3026145658 -1.36321141839 1.67614199458 1.51183385988 
-25.4096236896 -5.74665381315 -12.1598384025 -3.80751618271 -4.69685156701 5.07436958791 1.17020031023 -0.45555391205 4.11911639771 -3.96840743632 
-26.4646790905 -6.2544643092 -8.84241124092 -4.26179570099 -3.73794114878 4.93414349491 -1.20703826116 0.493778266169 4.23650728919 -2.49560930742 
-33.1888194372 -3.97118107985 -13.8334623224 -4.90322070326 -5.0833594854 5.59622088851 -0.822828524295 -0.645033221516 3.39937795661 0.0968314927823 
-31.8149868704 -0.216506358604 -11.302069537 -2.13887307743 -2.13793169103 3.04101669116 2.09226580171 -1.58537305544 2.52758627654 2.56862832582 
-26.9904767827 4.98855411573 -9.94053799058 0.375564062188 0.0382332875639 -1.79444574 3.75142136188 2.49976602112 1.50699377092 -0.501245589197 
-21.4234088937 6.28139385202 -3.66287594575 3.14175266873 1.21506399007 -4.04713113099 1.70705110073 4.60082645869 -0.264291932645 -1.73198919982 
-24.9945912933 8.89989348607 -5.20912153556 2.66086201042 -1.72922124991 -1.79965979516 1.64081339339 2.24049776818 1.86608831328 -0.335606709686 
-22.8254397827 6.59866736867 -3.45632456339 0.788947521121 -1.38717050105 -1.52080106668 3.1884350401 3.48615000995 3.72995825185 -0.361209228865 
-24.1886184909 6.12350268425 -3.51682196099 0.729035829922 -1.29467466912 -2.32430155348 2.28866317106 3.43845083514 3.41465477478 1.63318667241 
-23.8353313876 4.87792442747 -4.67200797937 1.29762335597 -0.474769572378 -2.85198606843 2.05512063013 5.00451472676 2.35638857657 1.73953425945 
-22.9762080231 4.61109944189 -5.17850996592 1.83985845219 0.787687697105 -1.58635329347 0.88752896235 5.21813677218 0.773139035181 0.238029787037 
