11.3035119759 10.2181831884 -3.46734085316 -9.78977641707 10.4285825776 6.71942001174 10.3572291509 4.23913386385 1.14651411052 1.94875348182 
9.26488860693 11.72356574 -1.35929782641 -9.32706612193 10.1124909498 5.99712123903 7.43862459955 5.21764009124 0.411951849556 0.579499120741 
12.0922567278 10.3989329721 -0.549488508534 -6.66724641617 10.6521818132 4.85392811116 6.73666273896 4.60591209979 -1.77499837792 -1.17225812491 
10.0815934877 10.4286898071 -2.12835074712 -4.39488127062 9.36414932795 5.56399209803 7.78214347 6.9168626419 -1.42071215654 -3.92401220107 
9.83068596592 9.54800014194 -2.15777628763 -2.32576634646 9.49040083333 4.70702960455 6.67976016051 6.82022985716 -2.2295686996 -5.53240480936 
11.9945267635 8.12742257444 -2.1031761954 -1.56204545329 9.9791199463 4.46937312564 6.76200476075 7.16624112622 -1.37309236509 -4.93339452235 
9.93413091736 8.3034757055 -4.25559409328 0.477355707188 9.30068656185 3.32809089712 6.56857223009 7.012918077 -1.44583980384 -5.45838394578 
9.57595372783 9.97890098267 0.306522981562 -0.84180577902 10.2228594161 3.81271551403 5.12514186713 5.62329851214 -1.36104982444 -4.27732345816 
8.90447906841 10.7311520935 -2.59283209551 -0.0359927800089 10.7180231338 0.121463788933 3.19146553596 5.53773568056 -1.47869192292 -4.32668091563 
11.1738114536 10.3352917159 -0.786468736691 -1.94266135742 11.9650191043 -0.924414656055 3.87286314386 3.41506043962 -1.51166115443 -0.69804806733 
9.90513556524 9.82049673716 0.0493981959661 -3.72693552656 10.7668486143 -0.968061771248 4.05217470123 1.84334611366 -1.88620473288 2.49478226181 
8.83599059303 9.91239184206 -2.47228568139 -3.61880544652 10.3519869871 -1.64876520622 4.19044651096 0.721068785863 -0.902888081102 2.8853504141 
6.87854365333 8.45729803498 -3.03503443709 -3.68019185558 7.1984184225 -2.18435348899 1.36436349865 -0.615555347264 -0.668583987966 2.37730772011 
0.636728997361 9.58008441711 -4.09912907189 0.678200140335 6.45660283849 -2.52128237237 0.504969220678 -2.35053398742 -0.0590046453651 3.52059269672 
-2.31651462421 9.05071587276 -4.41778010238 2.98099296228 6.19241310165 -5.01162727636 -0.677365916713 -1.12896973027 0.955022347634 2.08219321542 
-6.80658415457 9.96897874474 -3.55537317039 3.33341849793 4.55280861495 -5.93685259072 -2.46087568429 -0.114963486113 3.84730204239 -1.10677348454 
-6.18232989257 10.1347509185 -4.25064909368 3.57476789637 2.25672573835 -6.75768440969 -3.91423852072 1.18473399001 4.43079341339 -1.28425388286 
-9.14409271727 12.8619476761 -1.10699194842 3.63155674546 2.99072670593 -5.4878658332 -4.3438286442 3.57089305242 3.20463761378 -1.24343320598 
-9.36305496762 13.5644658022 -2.19311960579 3.3054783892 1.73068870243 -5.07646023777 -4.06793430685 4.365102569 2.60914873308 -0.826043442479 
-8.32770806867 13.0121384812 -4.31821270058 2.74371925011 1.16537788645 -6.36444540052 -4.64742364135 5.43993494033 3.3673470501 -0.882815239788 
-9.32302522434 12.4089647437 -3.31947400987 2.14524234591 -1.15266694635 -2.67956940691 -3.64713328111 4.80294646049 2.39205750078 0.986543355931 
-10.8643281617 12.688313342 -1.79755182061 0.958639886991 -3.54062252268 -0.594946744019 -3.93384375952 5.15536606676 1.56172358528 1.61001803425 
-10.6184249063 13.0342273878 -0.0832826319394 0.823951052762 -3.96879107629 1.58377337674 -3.88170400402 5.37659744702 -0.0666820761221 1.87600895275 
-10.8406281733 12.5691606912 -0.332577837053 0.734029787156 -4.40026644703 1.76726031315 -3.71099891674 6.03824036965 -0.54048730812 1.57828507226 
-10.8563322758 12.5883008292 0.600610940361 0.147679388428 -4.9885189761 2.4860917875 -3.97940247119 5.4048398154 -0.171228450568 0.452456025025 
-10.2008298318 12.1755568327 -0.515328034134 0.320058933287 -4.50264192427 2.24648346704 -4.32286689176 4.56723767009 0.475284216756 0.227406755929 
-8.53784626272 12.7297188957 -0.239568156888 1.28298416662 -1.22349957108 0.00630620302281 -3.91949699856 5.12692515214 1.75825854558 -0.138114868311 
-7.92758573209 12.693797748 0.276861260209 1.96620103874 0.143482118009 -3.00476952483 -5.19324469851 4.14679205138 1.99531495892 -1.23042109089 
-7.43509275017 12.4450121088 -0.809672528727 3.13819878085 1.68837805138 -3.92501131509 -4.31111030145 2.99712931983 1.84689454339 -0.918385016123 
-5.46376808385 12.0264611593 1.01504080247 2.93427528788 3.13979559788 -5.72341241356 -5.25274470873 1.03822862814 3.12151155005 -1.46846210284 
-4.60297318794 12.5447434665 3.06858063826 2.38740584149 3.59884285701 -6.17673406005 -4.30902264298 0.193962870746 1.10024701852 -2.83830114041 
-5.76726278688 10.6846309814 4.02047035183 2.26925035738 3.16188318667 -6.06728099985 -3.61531736008 -1.50494699493 0.520221696481 -2.72267991274 
-3.22767693052 10.3576912583 5.36145382931 3.39888684453 2.8460824731 -3.25801734217 -3.60665106038 -2.2158261388 0.145787581138 -1.04347620214 
-2.58995629893 9.86653581449 5.26669918865 4.08192796453 3.98960620312 -2.17546203901 -2.49346920318 -2.54826902103 1.00963651664 -0.332298667784 
2.83242202614 8.63795797703 7.1031160254 1.60414453294 7.18254790329 -1.48939842009 -0.72344768842 -2.06601896266 0.0937686556061 1.35229712504 
9.83099326529 5.60454134223 8.93884980804 -1.48606423229 8.36389070152 -1.94875352215 -0.6591510996 -0.593363067023 -0.910238338424 4.12102637813 
9.17850755817 5.84906946507 11.1920808386 -1.90041003394 6.00177510366 -0.407785673916 -2.07681735156 -1.07871744163 -2.22108107108 4.16511184614 
14.1307777454 3.07942766932 10.4563950493 -2.63199524731 6.81833299334 -0.809537931211 -2.2870556299 -1.23902854746 -1.75952320971 5.32208698985 
14.2221012567 2.60563816331 9.6245723862 -0.900948279819 6.99151530412 -1.91114334103 -1.49071964449 0.583790843279 -1.6549105473 5.83372248475 
14.5041659421 2.70764011158 7.72153456417 0.712284899119 6.5872026187 0.0151742979804 1.39217722333 2.53197790816 -0.460866624313 5.20945930929 
13.6921349297 3.04766034139 6.41041649357 1.2327610562 6.16517343861 1.45582414772 2.91995159851 2.70279512654 0.408001712156 2.89601873296 
13.6474696925 3.9726374881 8.81122263433 -0.814076189503 6.83759583237 1.4154803489 2.35810515983 4.17103742191 0.00124980955549 4.18619721498 
14.6567152802 3.78467525696 7.39312110946 -1.73430738032 6.83289202691 2.33166850649 2.99911527115 3.17251294906 -0.0108381792251 3.53472207638 
15.3079144729 4.01001839461 8.25590450694 -3.32762048908 7.88412311416 1.63332018524 3.88500692612 3.00872816279 -0.144319917597 3.37692678013 
17.4918372557 3.71014855709 7.13376664712 -2.85628570564 9.20913089428 1.28676667392 5.62180460006 3.8587524796 -1.46771944242 3.31145060528 
15.4240839304 4.28664968517 7.5434894715 -1.67213020843 8.77953327132 1.47876158454 5.18468227047 3.93669628388 -1.30886612296 2.21520395144 
16.6775744381 3.50422979422 9.40568178197 -3.04261428332 8.80577193031 1.12216044991 4.13753781528 3.14614425834 -0.603812236093 3.19916179607 
13.8450511055 4.78396583606 11.2279396738 -1.66244808956 7.82771519555 0.462634592647 2.2740928718 0.327997720831 -0.876699714538 3.3010968844 
16.5573548009 3.09813729213 11.0166582654 -1.60078429271 6.32447104168 3.22750584819 1.27525552607 -0.203934801759 1.91489542448 3.1172511177 
10.4854754602 4.91740733877 7.24703978597 2.64584812773 5.07462865162 0.773508947438 0.656290713331 -1.62148208675 -0.645785552369 1.86034202053 
2.20699751104 7.77589900255 9.19660899122 4.51874278804 3.37029634469 0.189254299594 1.1646100455 -3.24534587249 -2.06782942799 1.67286513533 
0.776411680186 8.44586562409 10.7303465297 2.69507640148 5.37698167488 -1.27932861497 2.41254407994 -6.42472800313 -0.917238435029 0.801108296543 
-1.05515976164 6.64484808958 7.91973196328 3.10405604946 4.18786155569 -3.51563166488 1.20558701859 -8.14091083212 1.51850366766 -0.416721413945 
-5.93572321327 7.73112515623 1.16291845558 6.98387585801 2.52078401034 -2.31908554681 2.86750671322 -6.93098459633 0.523116109339 0.356133025835 
-5.27092286293 5.85904109478 -0.157868994156 6.84463982843 -0.172877279081 -3.88577562505 -0.739445064358 -5.25579180461 -0.645977703639 -2.34451098464 
-3.86683622729 5.96815873236 2.48973336178 5.88446281182 0.80958194188 -5.91225400964 -1.05359519408 -3.61871285608 0.670065902856 -2.09555803076 
-4.83170538607 7.20519498801 4.63278473186 5.52837534263 0.308792270129 -5.56358296016 0.0798426064846 -1.00992630855 -1.1276364709 -3.67864390356 
-6.31423448874 7.50374632845 5.80516181816 3.88540905101 0.947201361024 -7.56624838783 1.67288260787 -0.143557920687 -1.05654965411 -4.63487633254 
-7.97366194769 7.83014597427 3.98438064921 2.12009389969 -1.34268658715 -5.25773561896 2.59588510201 1.13917449776 -1.14922578071 -3.78946203982 
-10.3368542162 6.76771927719 4.4412673806 0.873760458911 -3.2113537766 -5.25018773331 1.53020054508 1.2908572549 -0.44672252231 -4.21243568127 
-12.9200394353 6.9550711276 5.51124492255 -0.745553077668 -6.69566984333 -4.13029047323 0.120916473345 2.86696938412 -2.86345519233 -4.7511876897 
-13.8285604584 6.32738813987 6.05384391699 -1.55138698532 -8.60886393039 -3.32528129859 -0.163904166424 3.8125179377 -5.64049170641 -3.97393462857 
-14.2463350508 6.70135451099 6.58895920343 -0.277725583729 -8.82911190417 -2.78647826223 -0.926353271625 2.80321287614 -7.53704260085 -3.92294630495 
-14.3271800027 6.17301711943 7.18070909067 -0.507660041427 -8.70845405273 -2.37449337045 -1.33570250792 2.55228741662 -7.82823020549 -4.12963524482 
-13.8378671958 5.73969053313 6.89042155216 -0.272358847772 -8.67256659201 -1.49657920812 -1.76902843252 1.19758798804 -7.29075177491 -3.97380974403 
-12.8924532608 5.68684444882 6.53075723881 -0.632706289044 -8.23843391224 -2.16156281637 -1.80180284387 1.25955741607 -7.33761925098 -3.39428038241 
-12.4320629292 6.26454136889 6.6218942594 -1.0963031803 -8.15968469416 -2.07104966259 -1.52944999299 1.74936404826 -7.14637298202 -3.40432661698 
-12.3127243428 6.57883586465 7.51307129895 -0.832891053184 -7.67876865908 -3.19441871313 -0.831131944347 2.0326904442 -5.22687747343 -3.03979067491 
-11.7917908284 7.32247326708 8.40646424199 -1.56094417269 -7.41071783725 -1.34430806165 1.98531385213 -0.652416188911 -1.13707352513 -4.60332304397 
-9.28826620286 6.82054659649 6.58444036524 1.04049584322 -5.36886115778 -3.43194329237 1.5796614708 -0.853201300626 -0.134267183292 -4.22405014527 
-8.40208743842 7.52446102343 6.12449203196 4.0897707701 -3.49690050489 -4.24078886879 0.759042476282 -1.78914390626 0.203754952143 -3.50998969567 
-6.05971556215 7.42294471902 7.16211309079 5.91784698059 -0.647336906533 -6.84321043835 0.141135081325 -2.42152090995 1.36686991017 -4.25046480843 
-5.74495854744 7.37862602773 9.15580339039 5.25735823633 -1.47286984547 -6.71817658786 0.067612434129 -3.90460854719 0.787983800071 -3.52382464039 
-5.22477186763 8.5708668859 10.4446160399 5.01715398468 -0.236841973417 -5.27692105883 1.49990575538 -4.45343530656 1.02189931046 -2.96123202596 
-3.43029477845 9.20757665213 11.9466550896 5.30604230394 1.92233986188 -4.14682381279 2.38915366306 -5.06249403572 0.356304272141 -1.87068159278 
-1.50406078272 7.07272988002 12.5716014115 5.93399812291 1.60297913085 -3.74902795341 1.15703788949 -6.17163069137 0.743217479027 -2.15732692833 
0.000118947914201 6.83287742981 13.1565057039 5.6759505017 1.02557018392 -2.40427570055 -0.197529724145 -5.46938140331 0.725154147298 -0.675375294513 
5.39068150994 3.83194247881 12.4163174745 4.7791850107 1.92692436008 -2.22511629923 0.302151435215 -4.55346804326 2.58564381029 -0.744587130647 
4.70462105811 4.11565768654 11.8370418604 6.15375569606 1.57008749364 -1.01381985894 1.39711843399 -3.40499121787 3.01911263244 -0.437974645102 
8.06358020436 2.22748368567 11.9351603095 2.32355539962 1.41197748461 -0.765484108165 0.928626956932 -2.14321694127 1.99813944664 0.719738018949 
11.1361632605 0.5534724245 11.1653143439 1.95854073922 1.76548794163 1.08326967897 1.43399367332 -0.94272742517 1.5664966841 0.568802501706 
8.50657791795 0.457244121983 10.314020114 2.5125876809 -0.0600264603597 2.03443227362 1.78507132312 -0.415577844948 1.37734116666 -1.03781357903 
7.7308027306 -0.701141169167 9.41503820149 3.38724288673 -1.15604372932 2.81809864313 2.1948489499 0.86871366151 1.04349126227 -1.186689297 
6.83508689367 -1.69924704586 10.1883955207 3.97982489254 -1.51575013685 2.77337215445 1.89574824663 -0.393649194754 1.01185051043 -2.44439172066 
10.2065396986 -2.78192185962 8.70079843163 3.90709015693 -2.09644317219 3.82167644962 1.73941605993 -0.385469777013 0.918686960519 -1.4666884092 
10.8204252552 -4.06994371028 5.31926449034 4.8175689257 -2.93875181101 1.99403174302 2.65824997609 -1.02373149428 3.50915910217 -3.51340056976 
11.1440746075 -4.19119941186 1.65239763063 7.40585458258 -3.65028826971 3.48271932185 5.27576135492 0.935780582083 3.87139322971 -3.41376303451 
11.2648871263 -4.16246969145 0.798675889222 7.6094498802 -3.59926927869 2.86537106798 5.29453803996 1.07167923004 3.38136143053 -4.20947240227 
8.48175638067 -2.26533985722 4.06520959907 7.26625869824 -4.62765742017 3.23359882407 1.9900083993 -0.966004575974 3.03833003231 -1.79992230965 
6.17506447414 -1.7094737151 5.5837050941 6.15944193139 -5.10906426385 2.24871966589 2.1898826928 -4.67696726014 1.35663919248 -1.44823510318 
1.42631682015 -0.398070960676 4.97102597691 7.57993163888 -6.14919704557 2.1225809169 1.44622167469 -5.3844899058 -1.92907495541 0.310292073311 
-0.352183477775 0.14984139103 2.37211164884 8.28931528441 -6.60015531303 -0.147956930986 2.76269432853 -3.62061770284 -1.07270789068 -0.931208731447 
-6.42293173606 -1.14486190768 2.08143169792 4.30571602682 -6.93891141955 -1.32453602572 2.75095866308 -2.10166318292 -2.30054008451 0.202969418027 
-8.58669622556 -1.15556707794 2.47216200981 2.48267397219 -6.27868363309 0.073576909538 2.01919796106 -2.93804512573 -3.07850613457 2.44536402321 
-12.4311555498 -0.448684149585 3.62961841732 3.77119196709 -4.08538865877 0.210076595916 3.99753888845 -0.318373293811 -4.20207729976 2.2984825956 
-11.5913864251 -0.248485994271 -0.616681039505 4.41283818737 -3.84567999606 0.980566069957 4.95636670824 3.48678820993 -5.19686179952 3.24378706222 
-14.1497718571 -2.1721912247 2.19449296118 2.51946830749 -4.03760106847 2.07704556349 3.48215319722 2.40284823257 -6.03389903015 1.56038826312 
-14.5739703614 -1.7991063007 1.27547169932 3.08738170193 -3.57995783744 2.92884728522 3.23193741499 2.52736124107 -4.82955021331 0.372918455773 
-13.7182213181 -5.07068184374 1.71490302961 0.95321659942 -2.3245274055 3.41870031142 2.70405939486 3.49349424281 -3.08636948947 -0.711231063648 
-12.0778964853 -2.6432034843 4.04746368927 -0.903022081572 -2.05239294198 1.26568175102 1.16576967749 4.391084069 -2.5551977004 1.07362275437 
-13.9652680612 -3.63419430162 7.10896065962 -2.28858757686 -3.28593695709 2.98802245999 0.36722892397 5.09154424119 -3.29291990967 -0.686339254021 
-13.3782163424 -2.76207469916 6.26499155572 -1.85696942114 -3.82127452254 3.30194554938 0.60681121042 6.31150030857 -3.03122235271 0.150542551297 
-14.8139659934 -2.29856957415 6.66001351179 -3.05320446523 -5.57302108382 4.00895383795 -0.0379462937244 6.69180892578 -2.93586773952 -0.899337278219 
-14.360519151 -2.79753514445 5.40634058854 -3.31190450499 -4.3165756281 2.78504093549 -0.0744085073966 6.6320547156 -2.74577191776 -0.102024154818 
-14.1005386897 -3.88547210756 4.52515030117 -2.81976612989 -3.20030450227 0.0706411633288 0.491875269843 5.3797882365 -2.08997320338 -0.350038614289 
-12.8777438858 -2.54322916332 2.19475272576 -0.450172503363 -1.61236062058 -0.671911355798 0.770971531457 5.74718146001 -1.30645906566 0.0533887389737 
-12.3509705983 -5.21072085606 -2.81383980631 -1.10240868208 0.558873401139 -4.58008550473 3.33947439449 4.21355107169 1.29276113696 1.11073240617 
-11.7156622576 -5.82459180071 -6.51461592427 0.54736789773 2.85177303084 -6.75238796639 3.92927340941 3.273174479 3.10545562298 1.70582965957 
-12.5260064549 -5.58988347212 -4.14426686994 -0.625512765877 1.96659693015 -8.10751961301 4.18509392685 1.21691307849 2.68626695891 2.57314120544 
-12.4681090984 -4.66175682922 -2.42015393022 0.440269257561 0.7010317344 -4.91104128607 4.24328927856 0.190485259778 1.69065913246 2.93005452851 
-10.184281481 -4.70153941289 3.18044849182 -2.26690252803 -1.14467141848 -6.387245366 3.14290884214 -1.78219866858 1.73159863676 0.198479996648 
-8.13298941036 -4.46885301414 4.51185980258 -2.93548642312 -1.9979401872 -5.90671695671 3.5486421818 -2.14355515008 1.50704200547 2.61526296059 
-5.34456949529 -1.9243513079 5.1125063948 0.425447247971 -3.07486905792 -2.88403860487 1.09443442097 -2.2051503018 0.318686207563 1.66537917446 
-2.61772540855 1.49201376339 6.15188707962 5.6548777801 -2.48318462284 -0.0839569333029 0.544205400712 -2.35434487022 -0.567931545512 1.73841778674 
-2.39032000377 1.32957788496 5.00361346222 6.73687897075 -2.33958836498 0.0358660118015 0.228415444659 -2.35372428109 -0.426770171345 1.28867732131 
-0.10262883838 1.88084527534 6.58121864499 5.54119878185 -1.89364801152 1.06735537321 -0.154839230619 -4.48024114138 0.322613285119 -0.307096266191 
6.61352353878 0.112525176184 8.05574470596 4.90935244615 -2.2898242942 1.06211337715 -3.62946441103 -3.90164349361 0.939013018205 0.302916735736 
12.0253792907 -2.3501511311 6.24624371293 3.40596207629 -1.82981949412 2.09901994606 -3.64154414608 -2.10884000051 2.69328705092 0.823179112082 
14.435760224 -4.16946852672 3.66205018104 2.96429709256 -1.33439744817 3.25311219103 -1.1041606085 0.189341425563 4.56759542096 -0.042380128193 
17.1653458204 -5.53526295362 5.49580963503 0.939339833635 -1.78450951643 4.41588716163 -4.80081429803 1.88217186441 4.48102454282 1.61021547696 
19.6328719215 -6.21301920908 7.20622127083 -0.487450468591 -1.08524111682 5.16360382801 -4.64968951808 2.24616717946 4.30332107407 2.82552959036 
19.9172558694 -5.59627192765 7.98240343277 -0.530982537311 -0.152471735732 3.63848623155 -4.37512418373 2.62643381906 3.5253351199 3.48236610626 
21.7153269554 -5.86542068686 8.85372686656 -1.58417106173 0.285207611373 3.82080756124 -5.60190911211 1.81564199543 3.84101854605 3.06883169478 
20.728104515 -5.49856832361 9.62418960907 -1.73383438488 0.231164087734 4.372768551 -7.21960967675 0.914307820863 3.36023153219 3.7640132253 
21.3867492901 -6.03985413313 10.5751370205 -1.99934590766 0.360000017736 3.65564960121 -8.77010871212 1.0779767479 3.72307618543 4.61782967459 
16.6660728333 -4.81433507765 7.74243091779 0.936899502206 -1.21951454331 2.346909829 -6.9421394363 -1.06656215514 2.64947682832 2.31924361837 
11.9886500596 -0.221190205306 7.53547703595 2.96163675786 -0.346925916281 2.72218129429 -3.6857392038 -2.06030887301 1.31838743471 3.0960879528 
7.28677176397 0.106403148646 3.91590198213 4.21299528819 -0.728207749766 1.22415827051 -1.53737424598 -1.41188933137 -0.41929523267 2.90927943996 
-1.41169392941 2.17320815994 0.404315968793 8.51382285747 -1.08755697145 1.62229655068 2.56897821556 -1.4971635752 1.30910158763 0.624027108702 
-3.58202749149 -3.47492077078 0.417937182795 3.98302640331 -1.29264633485 -0.230175805639 2.36704002916 -1.74214844974 0.554696121553 1.74856269274 
-6.70454608386 -6.64324415668 -1.37007399936 0.191682834123 -1.93268183906 -6.18329163259 5.70812181479 -0.547345590638 2.26979519532 0.708073054886 
-12.1510685277 -9.08892000731 -4.62446313798 0.491402195412 0.0376025186433 -5.97137107635 6.90855009678 -0.458110722534 1.85725067591 0.770991801052 
-15.1262120395 -8.73742078482 -3.15122097662 -3.39303459316 2.53545340229 -5.6782067232 4.58241698817 -2.15146872843 5.25940121281 1.11629691389 
-16.4380382034 -9.80035265587 -2.82778111438 -4.60642713986 2.85654808281 -7.1281169523 4.26686769076 -1.98373846292 3.86421042813 0.873686609707 
-16.5164218853 -12.4416617548 -3.64196246793 -6.17125756702 4.78278890616 -7.36541305678 3.8092124972 -1.09266485306 5.59659690977 0.64287882075 
-18.2746424778 -10.9023343512 1.30255416239 -6.63666635563 3.5068563564 -3.78319770366 2.20186134155 -0.733829896139 4.32132271487 0.111842917855 
-18.1964181786 -10.7353523327 1.4679900817 -6.30086591344 3.54837471241 -3.81058523509 1.02995935991 -0.361896944913 4.1857910009 -1.48743105355 
-18.4681206176 -11.2273659312 2.38533397946 -6.50146041764 4.04068305376 -4.0314057044 0.25403745873 0.389801860104 2.89916483843 -2.13577441147 
-17.8474526712 -10.5227697601 4.11640224623 -7.12122173703 4.54076549537 -4.03874313687 -1.58707949536 0.360937696054 2.87561112471 -3.39723930707 
-17.5297456933 -9.39870479708 3.89146531588 -7.47465847419 3.95573707944 -3.36041290155 -2.81429763268 0.25993633511 3.54684460902 -3.82456414695 
-16.3554525941 -7.83432898926 3.50402421151 -6.16301314471 3.0321014822 -2.78117093759 -2.36363302105 1.6685914872 3.23949005577 -3.73733522319 
-14.8318032227 -7.73212053573 3.52712218193 -6.0539094137 3.31910422798 -4.16593016206 -1.73841187105 2.14741670045 2.67490560366 -3.93017520997 
-14.5932005335 -8.17125531636 3.30742045306 -4.88334887829 3.24897609517 -3.82665623066 -1.3137412031 2.31028377698 2.45603771866 -2.53370993798 
-13.9792272853 -7.67620731716 1.3726350077 -2.89421717958 4.43868095265 -2.81761925481 -0.796967630835 2.86317059278 2.8564625014 -1.65703760357 
-14.6738931533 -8.58168325924 -0.163560705856 -3.28835946478 4.8906738804 -4.98203522699 -0.249017794184 1.55743163217 3.72504181164 -0.694881686562 
-15.4003780701 -8.56698951612 -4.40137175059 -3.54700670087 5.81031620696 -7.22941451524 1.0634774535 -0.916228135372 6.13108060405 1.43487463228 
-15.0680254768 -9.63677144186 -6.27645218338 -4.98209832599 5.4374654713 -7.33062443362 2.07800711756 -0.977829645427 6.44551104944 2.56794842641 
-14.6644734368 -7.99844752382 -4.24649266032 -3.57317682308 1.62753603409 -7.20976813618 2.99756418962 -0.725167741374 3.44180709688 1.41649844849 
-12.7173429931 -4.70288419483 -0.788955002905 -3.26746703471 -0.877580900385 -6.6738263341 1.59768547483 -1.10570155632 1.34823966478 2.58321062854 
-5.93150450559 -4.02466694306 0.524885956623 0.215155128604 -2.6103396718 -5.29727130664 3.83723432699 0.739758304101 -0.456696211426 4.02492135645 
-4.78097610941 -2.85782920731 -1.78449863134 4.49483487388 -3.30767547909 -3.60370976286 4.39415429511 1.13294197394 -1.20930576885 4.21598608925 
1.47126310976 -2.08395059483 0.799367959805 5.76921968867 -3.53243103164 -2.75371750811 2.29689700309 -0.693939324749 -1.01692954181 3.24044289036 
2.53606604272 -1.9939606574 1.13311813856 5.86720817971 -3.42736863399 -1.40292011712 3.44182884584 -0.828840744169 -1.17191664097 2.55805268962 
7.05150313897 -3.47526878294 4.40200690424 3.70833949684 -4.72501847277 -0.993584129358 -1.1352027619 -2.18945918156 -2.34313976203 2.79117187596 
10.3997354164 -5.07054161336 6.48219601481 2.5551601142 -4.89127317157 1.65759211755 -2.79685418308 -2.0113868334 -0.489301278216 3.28726745579 
15.8020223092 -7.25395684679 4.19905448986 3.12430622415 -3.32951518141 -1.00800391277 -3.48931881596 -0.120529962907 1.38673501393 2.45755998273 
17.0218119987 -7.84317652495 5.89854511822 1.71956732364 -2.91388307574 -0.31457871064 -3.95965247465 0.924810730327 2.50822462537 2.63826018707 
12.4779731221 -5.37847297803 4.532934447 4.27684380044 -3.72321757958 0.300894030185 -0.508200576248 2.53467225751 3.4923144411 -0.190356087498 
16.0073744552 -6.6361363174 5.25237997193 0.622637651799 -3.39580002302 0.404866679959 1.20486650407 2.70993917422 2.33778265253 0.186457367572 
14.3938371515 -6.02908527409 6.58780035681 0.393546206908 -3.78300023742 2.49834111963 2.12987248144 2.22161505604 1.67939903461 1.32934174784 
12.1493847787 -4.91488145158 5.95382692714 1.3596384649 -4.26320017699 3.21934952883 1.85828271996 2.50827237311 1.89666325342 1.07899362703 
13.1447211627 -5.78365727176 5.2141041907 1.09089021729 -5.05919593802 3.46528614113 2.18811253848 3.11450045262 1.96798114181 0.615705028981 
17.0377939631 -8.50760484032 4.79632643818 -0.566284286201 -4.91854165648 1.10307892581 0.268897449687 2.14850832737 2.29918258485 1.51117279293 
21.7601182821 -10.9880917846 5.67408936195 -4.11186405481 -6.70489960523 0.572626516829 -1.79508544283 -0.316540625693 0.741378456958 3.81772596391 
24.9616341899 -11.7874120848 5.21927810732 -7.19622081955 -7.266976392 -2.40239097484 -5.46837203916 -3.08243525279 -3.5114106886 5.16397458799 
15.7793193391 -4.29529518122 5.80017348684 -7.57345831043 -5.55110884497 -2.67173399043 -1.3166183179 -2.63740660858 -6.10647665168 6.65419524128 
-2.07474703763 1.57682836746 4.46346197831 -1.53380658356 -8.17392146331 -0.332544978981 2.98355640789 -0.431082731482 -5.4843222683 4.70806222563 
-6.09582619829 -0.163963759374 -1.93903833696 0.305122914018 -7.19872507461 -0.959027895124 9.06000704167 1.21519269832 -3.25449839137 3.87935571898 
-10.5511351428 -2.37307937533 0.161006012984 -5.04098408784 -4.93266115613 -3.65675890381 11.7644988048 2.32544899885 -2.47108814852 3.71268184259 
-13.9300755972 -2.40415509315 2.2465473664 -5.22675894874 -5.26762206162 -3.66151395678 9.15452092125 2.59755172177 -2.52813092587 2.17238905622 
-17.4547711518 -5.52731790765 2.72047039119 -6.86436451912 -2.91328533079 -2.67877485167 7.34075804901 0.62447203887 -1.32856960082 2.43394707621 
-16.405789394 -6.42401373535 2.69406222901 -5.94601265002 -2.77154013753 -1.83309904021 6.50176724576 0.943462762484 -0.886073976146 1.87686634748 
-17.8391154323 -6.76356956615 6.06880503065 -6.05397260934 -3.53364379157 1.35863660075 1.93076296046 1.51418106648 -1.91117065149 -1.27031473747 
-16.3192354353 -7.5649589318 7.29268790689 -5.8044425245 -3.2764518491 3.53225452652 1.37932535456 1.34937428223 -2.32080291498 -1.79074071637 
-17.1810785173 -8.80253180045 7.21511543755 -7.56402138845 -2.93199675703 3.87063352898 -0.742942271743 -0.675152232985 -1.12690353324 -1.51525958569 
-16.5911025499 -9.11976539413 7.09048563775 -8.51932053336 -2.55530601999 3.85644120518 -1.96102424643 -0.923327655216 -1.43015742756 -1.9371434393 
-17.5323600113 -9.34028714386 7.14335506282 -7.70149442064 -1.34274214914 5.98004641188 -2.67164223582 -1.29817569812 -2.6481351253 -2.63690462676 
-16.8031949531 -8.67023600603 5.68053306563 -8.61590161286 -0.68642162174 4.13359070014 -3.22413056529 -2.99037000831 -1.07275997087 -3.09771287178 
-15.845860719 -9.44233485384 4.56261459795 -8.37955241979 0.999675113074 1.87989032387 -3.17132942345 -2.12882186471 -0.830836294084 -3.54351294224 
-16.8098241239 -9.77494637113 3.71049242389 -8.3129605421 3.13956867323 0.357923823346 -2.223449858 -1.26075475089 0.160834867063 -3.24313760928 
-16.5239733071 -8.72933662504 3.71156202306 -8.53669924587 3.27497967034 -1.08683062036 -3.19954214539 -1.17084761364 1.12707467297 -4.34002394996 
-17.001139937 -9.07895290786 4.84817461259 -7.46753049119 3.74824647447 -1.84958041416 -2.80859736207 -0.62099755844 0.893095955982 -3.00792092245 
-18.1139451067 -10.2288943445 4.29771433937 -8.24767344786 4.20201970565 -3.14653410159 -2.56317563992 -0.258083031845 1.40522059273 -2.20987964522 
-16.8048335935 -9.80309184585 1.05577635841 -7.48085190027 3.86375701597 -6.46520962344 -0.810905624038 0.407247019165 1.63259492126 -0.737794277503 
-15.6964547079 -8.60634000573 -2.57593965731 -4.26082249755 3.17122822942 -5.97379749457 2.08502728729 1.12792789312 1.32784433305 1.89639199852 
-14.9250078618 -9.23204953001 -5.4018618843 -3.54251971237 4.34463154823 -6.33394226563 2.71173886431 0.460586153105 1.8057501008 3.64176276365 
-12.1796140681 -5.99397127489 -5.72975832098 -4.41253011064 -0.402001455278 -6.90656701262 5.58023514973 -0.604260793007 1.28656050138 4.58571737118 
-6.83615526799 -3.95695107323 -6.06631729927 -0.757328527543 -2.79220441354 -5.1021803998 6.50268691829 1.67079551803 -2.00432032202 4.66865136857 
-4.46208528534 -3.92904873102 -4.37036313902 -0.098096353311 -5.65361129913 -4.53330486542 5.88634135211 1.03145655171 -2.11689871348 2.53748145373 
-3.18411475823 -2.35352738361 -4.81112934909 2.67275023779 -6.14276172757 -2.08879143635 6.54503971476 -1.9838542617 -1.99998733386 3.35764013174 
1.35903965712 -1.85479784881 -2.67060846088 0.963494512161 -6.89425702733 -1.35508860509 4.19470561885 -0.985912857333 -2.8034312772 3.12076545987 
5.86587663793 -2.80710261802 1.92739213136 -1.6306583236 -7.13273686132 -1.2589308083 0.128011811747 -3.4828496566 -3.13959755946 2.87606014203 
14.984733806 -9.84795133433 -1.17663052634 -1.2760617802 -7.61936657606 -5.67927256242 -2.5840157394 -3.5114284167 -1.97117031879 0.823827120843 
20.7435091148 -12.470600189 -3.67811659308 -0.253630939727 -5.77097006629 -5.5755603157 -0.521698081671 -0.376005311253 0.917902579224 -0.118119493039 
21.4148642423 -13.2563865301 -2.41780442004 0.330366607504 -5.62815031775 -4.03363061169 -0.989076648375 0.805708490336 1.7090520482 -0.722788169557 
20.6272271013 -12.6028396867 -1.31406160627 -1.26567159331 -5.97058130566 -2.67137764315 -1.14673710327 1.58724966726 1.21269966978 -0.630670363871 
24.5479856685 -13.6751787883 -0.433737452415 -2.90881491516 -5.23001612022 -3.02990293786 -4.60048517637 2.33694843874 0.38743750396 0.0581526612371 
16.8589879786 -7.77960123423 0.815530745675 0.661251183667 -4.3633372424 1.8384590581 0.689067974988 4.15586678564 2.64848302398 -0.600084908261 
17.2932194518 -8.23225742835 4.73759605697 -0.750220224052 -4.90351884964 2.35274350596 -2.49282137713 3.07652231635 2.3850281377 1.46248065562 
21.1567362526 -9.40839289524 1.7212564385 -0.0172090714781 -4.82508361685 3.18089335566 -1.99281207751 4.37349789006 2.69047659863 2.05508306459 
20.9264531818 -9.14937324025 0.417592829532 1.34362153648 -4.54033034128 3.36689864528 -1.40989211317 4.70126764199 2.96303859772 0.921396121006 
23.0280678131 -9.65140100208 -0.752945769975 1.24637243852 -4.0101266882 3.41956363638 -0.616189712795 4.86241581322 3.32339165104 2.30976823152 
23.7840998146 -10.4029177494 -2.15968360878 0.94984640521 -3.60751775068 1.70526148406 -0.642853904988 3.99985422581 1.48933142848 1.82696336896 
17.8514810657 -6.38953401013 -5.31670074809 5.89658520891 -3.40238348998 1.49788506505 2.5352160422 1.85585461647 0.708202455486 -0.713676535941 
10.6795941635 -2.95348226149 -9.5813483797 9.20257133503 -2.90494308337 1.05570769466 5.01994829669 0.800599165953 0.636185783619 -2.47534291289 
3.89798350302 -0.0816193668963 -5.11079020129 8.21828561057 -1.9935460587 1.63243230762 3.12948300391 -0.984737328867 0.125277056879 -2.28035166213 
1.55401109625 -2.72524866392 -8.65731258705 6.99770095432 -2.61913332365 2.10609996338 2.34181884844 -0.860098636846 -1.01788952349 -0.0632292410988 
-5.80309243315 -5.46136708883 -6.19771795019 2.31340092467 -2.07893658519 1.30864202058 1.98640770133 -1.83498742303 -2.17630245251 1.35627103543 
-10.5535778946 -6.46757388104 -6.05780236485 3.07282738502 -1.22333933857 1.51702499298 1.98989683405 -2.27441511843 -3.21256591348 2.42326000693 
-8.70795739341 -3.71215563577 -11.3338631653 8.81820738404 -0.284272538468 3.91247614511 5.01808665713 1.11027076136 -4.75954823629 2.67301755719 
-9.39671937313 -4.55836042943 -10.7393339221 8.83325902259 0.580274729728 4.73153158717 4.57497790715 1.47495006846 -5.62910931443 2.5746788638 
-14.2582107824 -6.18141107366 -7.90869794539 5.74503580937 2.9485597355 5.58628965498 2.39675930268 -0.0442012974007 -4.88871324918 3.374665678 
-15.6681602234 -8.79577618422 -7.33490811009 3.33686259754 4.03987721149 7.03756287448 1.36100831362 -1.21123348365 -3.00193714797 2.58260251343 
-17.3009592253 -8.03330669371 -3.85875578716 1.81000337796 4.9486283194 9.17359189547 -1.44299951673 -1.09359935025 -3.45657468369 0.0494553261712 
-20.1680633758 -8.81565267173 -0.551740301322 -1.7369208374 5.90672548689 11.0279831815 -3.11323308086 -2.84065763884 -2.32482565964 -2.40818482732 
-20.4447564271 -10.2265829843 -0.605537935509 -2.89484307478 7.39432432961 10.7383197812 -4.66181538807 -3.81735675806 -0.251991064924 -3.68486143496 
-21.2599293126 -10.134947683 1.03113159193 -3.83457663161 7.26999593662 9.84418433412 -3.99614009921 -3.66416288903 -1.10701569085 -3.78163548913 
-20.9778977222 -9.20260953535 2.52940013533 -3.9228308551 5.62334594041 10.7443067395 -4.38630978985 -3.21896470933 -1.42670371602 -4.66443552213 
-19.6160974805 -7.45942534347 2.07130810448 -3.20377786191 5.12020953333 10.7998272609 -5.24183136416 -0.864409962078 -0.551587373011 -4.71919948184 
-19.1851116801 -6.86495068842 1.8131466966 -3.03062777332 4.71582274221 10.438954112 -4.84781743397 -0.487789644104 -0.046318504905 -4.09764118117 
-18.5668714124 -7.13894643074 -0.425659922309 -3.01153386859 4.35323576528 9.05653935218 -5.35112900606 -1.65400869219 1.75106718568 -3.66059652282 
-17.7127224384 -8.04394671262 -3.16192961514 -1.75731292044 5.69794216751 6.67581490952 -3.83129290911 -2.51016347852 2.39126056187 -1.58339648439 
-13.4939448249 -6.45947184577 -5.97291437987 1.29209358339 5.09511456877 3.88260307758 -1.16388208927 -2.78268955839 2.58666828928 -0.585519401515 
-13.1157087368 -6.81807661027 -5.76323556969 2.0235070053 5.99973838035 2.4669095391 -0.292937882885 -4.17204033252 2.52297704321 0.340140697138 
-11.5120049117 -4.52057721655 -2.58218747866 2.30019672465 5.7543293924 0.702347642204 0.335707547404 -3.42464926008 0.697858393857 -0.0778983034206 
-10.7319901663 -5.55447108923 -4.97719844154 3.5675088311 3.38229072285 2.37748802782 2.46279914326 -3.25882332111 0.10645615497 -0.512381750584 
-6.58900769791 -4.61929720411 -6.75780956908 5.27067625316 -1.11015035206 2.32746702717 2.90941166411 -4.20040087128 -1.3220828837 -2.33044254681 
-4.41537026781 -2.9976605613 -5.91868320841 6.06532183267 -1.37320099503 2.43030614232 0.445059398458 -4.23822260377 -0.900111315807 -2.41977861179 
1.19380616421 -4.11919973626 -8.67845251939 6.1922356335 -2.02815990319 1.99132779083 -0.404180817126 -3.67720248689 -1.41337419688 -2.49938598355 
0.704374380413 -0.447118057309 -5.03549306202 8.95366283987 -0.987976019837 2.90532419101 0.203597106069 -3.81545647629 -1.02863731892 -3.30998222001 
2.86921652765 0.611584326602 -3.8792477732 10.1783056738 -1.63778252946 2.58768155581 -0.815058695792 -4.56935398765 -0.872260208493 -4.88228015739 
1.54338582409 1.15657651998 -4.73638920997 12.0802963777 -1.97746755614 3.54951761483 2.33672248139 -4.18664554629 -0.836155741981 -4.00588774355 
8.06944860315 -2.5861208177 -5.29878290694 8.69666531869 -1.9401392316 2.95750536433 1.15421142242 -6.19383514697 -0.345703538625 -2.48118308956 
11.5892847196 -4.236452873 -6.00075802423 9.34206513961 -2.56944363139 2.7993478229 1.56233489572 -3.33367363977 1.05384423544 -2.93332684043 
13.3548000814 -4.62689859331 -4.53077061995 6.7996348373 -2.24771141252 2.10486415983 0.520267596626 -3.45111920322 0.40621940179 -2.55179007462 
16.448824985 -5.39406501018 -3.2063844283 4.7551921577 -0.761239700541 1.07265802074 -1.28800010015 -1.07117801727 0.949513161081 -1.60901539436 
16.8048190824 -7.12937684211 -5.60686804807 6.28887291219 -0.085427969026 0.17189021595 0.940532872091 4.06915080652 2.66309347664 -4.31700951131 
19.2083259432 -7.44383159946 -7.21453733199 6.05066460971 0.322814969506 1.25991518934 2.34260027598 5.13998397638 3.91432459637 -4.9572336493 
17.3562961347 -8.08181014987 -5.90172031057 5.3883573801 -0.487451268814 -0.294911915835 1.90169884842 5.09979940098 4.11265005265 -5.8077925606 
15.148167918 -7.65443572516 -5.0281301686 4.60850627175 -1.79923525575 -0.913136708527 0.768136093014 4.68567348628 3.21655400646 -6.99459610252 
15.3018950366 -7.64410355785 -8.5645087989 5.53064994199 -1.74452329997 -0.426279200833 2.65975888486 5.27317404513 3.55755234331 -7.66088909759 
17.0644430719 -7.60956277609 -8.62942211792 5.85107361201 -1.0028844816 -0.163252072219 2.86097787785 6.87203563655 3.62347180909 -6.14435257283 
18.3231755598 -7.66672698672 -6.9481828467 3.57444137806 -0.349950200508 -0.280079193274 3.19885377997 6.60864149439 4.3718712696 -5.15319625004 
15.9715600018 -5.55419093283 -5.45611362751 5.32003632592 1.06309846147 -0.294470477911 2.62020545407 4.44916785018 3.93137280304 -4.84108108045 
18.2731196248 -4.74170564278 -1.52576712108 2.29691625998 1.44911543511 -1.48171411193 -1.87279585786 1.3586791842 1.42122591704 -1.91816066574 
12.3253470124 -1.59505478802 -4.07523755368 6.2541745129 -0.631305414664 0.907649569446 0.0708357566716 -0.467151706881 1.0914815105 -3.50380928918 
7.13739022164 2.000289232 -1.96265082674 8.05086461607 1.00938302875 1.36337281789 -0.306383249292 -2.69977117205 -0.142683452869 -3.05236862148 
8.3169313869 -0.0162989160733 -9.00196538459 10.361831005 -0.505367180356 0.66878636772 1.93839417867 -2.59297085424 0.0657717193835 -5.27518906705 
1.35090265181 1.94436514114 -9.57094428947 10.144203757 -1.14831114351 0.0409640351405 2.21750566103 -2.89580546798 -1.06084419924 -3.83563463464 
-3.43295302865 3.14567892177 -4.24575683425 6.86656056892 -1.28456745998 4.1206760709 0.516870440728 -4.34496081555 -2.48796281724 -0.0666922902474 
-5.83129628697 -0.366045433213 -8.37280347804 7.92101939841 1.21282368221 4.38413370396 2.69029340019 -3.07832566089 -3.78935485197 3.74772412296 
-10.1938681162 -1.9668621793 -8.9525689021 6.3102704643 3.11614841989 2.94169172395 2.59571762827 -1.74636989849 -2.72987515675 5.38755141481 
-13.5540440896 -2.51968367197 -5.20998869857 4.41361735271 3.91611819363 3.86895526354 0.670682276394 -2.38919082454 -3.23385618361 5.44782023079 
-16.0159266805 -2.52668496972 -3.03452990439 4.39246988681 4.22155554905 5.15447319687 -1.94264050706 -1.58351398513 -3.52729172455 5.10433793585 
-16.2792212304 -1.46988273983 -2.3689195664 5.36011954854 4.89303633415 5.95774091633 -2.55981920045 -1.32072202154 -3.55686950979 5.33435444263 
-16.3067965689 -2.92151184188 -2.50869276376 4.36184513191 5.23759871874 5.50479150943 -3.45234858151 -0.580755909778 -3.06227125271 3.85925338347 
-16.0275792196 -2.17144906278 -3.22057154064 3.22226426592 3.75770463969 7.16099811145 -4.00929505735 1.04039494433 -2.64242639255 2.72138892192 
-15.8930385664 -1.0424318042 -1.54402103274 4.23985452709 5.84809249168 8.76270724461 -5.97726292005 1.62007322897 -3.14810219646 0.647464937897 
-15.5142627025 0.253808003328 -1.53098641311 3.18706728803 5.06604268782 8.14454171243 -6.19546662338 1.36319122959 -1.27937752081 1.10096344622 
-14.4833886969 2.78570934623 -1.28369568786 4.70638984588 5.05704634908 7.24922635489 -6.78425492153 1.95410279311 -1.32374490927 1.05980945279 
-14.5151912828 2.85492009091 -2.15997696436 5.40939613802 5.11722469398 5.7807673237 -6.01080231088 1.69937377096 -0.914820256627 2.16822504128 
-15.2230909684 2.53203114701 -3.62978954653 5.82120819977 5.67267900928 3.7723467425 -4.91283711084 2.55893097865 0.208790230819 2.89741445445 
-14.9961769677 -0.501794877346 -7.67730068112 4.64257191947 8.1187425378 -0.734067246616 -4.73249188614 1.56861016303 1.32231338909 4.32532190026 
-15.3302190382 0.574325923052 -6.33207977883 4.24720632369 7.91346651245 -0.522351084586 -4.46774491882 1.38878015091 1.33874140414 5.40414021156 
-13.1426553977 2.29169854515 -6.25608782822 5.91047456257 6.21868140191 0.826741500809 -5.11606089239 -0.824309445561 1.12720768364 6.05181614673 
-8.90615552551 2.4888515483 -9.04220171285 7.7619180193 6.53364781262 -0.682073614772 -2.81218449525 0.679058594359 1.13934263381 5.02602369131 
-8.10724262297 2.894633815 -7.01959325781 6.59736806992 4.83982899699 2.03784186823 -1.25870212085 -0.323335042862 -0.243865618564 5.8634983737 
-3.39141161069 4.04622543422 -8.21370428404 4.22975971179 3.35750728183 -0.567551780338 -1.63168715735 -2.01516653194 -0.333411043127 3.95517938142 
0.612239181774 2.64337967026 -7.24933503224 4.33408947035 2.69966751618 -1.10451430534 -1.94309898655 -2.8637119207 -0.360451998852 2.81392540827 
6.229801416 1.96903929386 -7.1143826318 1.65328161805 2.55023174935 -0.569791585977 -2.05745671634 -2.66323526869 -0.483047203835 2.69321952996 
7.81421973441 1.4128600871 -7.02246163076 2.14971352531 2.69125723753 -1.69285377852 -1.17986893002 -2.14647771392 -0.674106387228 2.40108745125 
11.1899410339 -0.844906817764 -6.83855749364 0.818622948375 0.180570957905 -2.04752677855 -1.03852156753 -1.47814832753 -1.77178617371 2.83566009756 
15.1549420945 -3.89316618521 -6.0107496283 0.249439150229 0.010747727072 -4.06488548194 -5.34402157472 -2.49392227898 -4.15719617303 3.10044539683 
15.5388279819 -3.1551299629 -5.60839206398 -0.0466881986631 1.21841104576 -3.37301419104 -3.26260926222 -1.66352331064 -3.91219849685 2.3898361493 
21.6033187837 -6.66093833766 -6.51734763944 -3.70442192541 0.450482143195 -5.65474040518 -6.92811045537 -0.677029168536 -5.5020930504 2.00518983732 
26.408841651 -7.58565926582 -7.34938454942 -6.74555851146 1.5835049691 -7.38609774449 -8.43451608214 -0.153504973426 -7.63614011057 -0.106719629261 
21.7052639141 -4.16624643911 -7.99077289152 -4.19059460287 1.92244809766 -5.7241538835 -3.14344300174 0.560805781637 -6.13025383732 -2.47017683995 
23.1273472803 -4.01381973417 -7.24593824941 -5.37465500629 3.84636810491 -4.98644331259 -1.99332833212 1.87254876296 -7.71439145379 -2.8699880373 
22.9010684142 -2.39553784327 -2.95097464327 -7.38442760269 5.35273436493 -4.11015871716 -4.48433160523 -0.678208344111 -7.76766516634 -3.36976578197 
22.5344529554 -0.908140541927 -3.67650235631 -7.30306282113 5.8273154603 -4.52021475454 -3.73141667639 -1.43334871458 -8.05069163082 -4.5333699264 
22.6918648887 -1.17400750256 -2.881666764 -7.47425283254 6.84295224772 -5.00063848483 -3.21574507357 -1.02729633515 -8.56994879395 -4.63421110722 
23.4567524186 -0.516897831371 -3.19489007537 -6.22138230362 6.67115169394 -3.92776256159 -2.26347045985 -0.949315772995 -7.71812842785 -4.1031453897 
22.9128224949 -0.409176303706 -3.95699814319 -5.77490144816 5.70759220239 -3.55942069511 -1.46599373897 -1.44323161887 -6.95283764241 -3.88720403037 
24.0330794059 -1.86041716861 -3.16619076841 -7.2494217232 4.34367716335 -3.66287611765 -3.03602587095 -1.58966065849 -5.60364406146 -2.36347687945 
26.1525741132 -1.93616285936 -4.95543853484 -7.16557289797 4.86124381518 -3.74869831225 -2.00373438549 -2.27212394328 -4.72754941528 -3.73670859713 
29.4550337633 -3.05555034553 -6.96902629253 -8.67638227629 4.26254858888 -3.31626234816 -4.31375001911 -5.13908851781 -5.28184934365 -3.49727180905 
26.1404697945 -2.39267677287 -7.95784639381 -7.83231486003 2.30070601862 -3.07740958038 -4.22914143322 -4.66574017513 -5.52572015357 -1.8779354912 
16.7126666487 0.589510135416 -10.6800638993 -4.79714640085 0.392016628785 -2.36321742444 -2.13980338845 -5.51871232735 -3.92041102338 -2.47420583645 
15.4191291872 1.22533305353 -10.7794989996 -3.18647320113 1.07532501129 -3.08868843395 -3.15947218768 -4.75367186414 -2.56718969361 -1.32035860043 
10.4147306102 0.887321802817 -13.1910737496 -1.25569623927 2.38126861393 -4.54632676302 -0.559762932466 -4.72926036457 0.331413258925 0.0180791053723 
1.62761519552 3.84433784305 -10.1253053132 0.833353088339 1.94742867287 -3.81700899136 -1.09741474654 -5.11757576878 3.13586788737 -0.152872460785 
1.40727526802 5.69906299275 -7.12727886481 -2.3707154785 1.92471321537 -3.64551361746 -5.97291271555 -4.29356639763 3.6558185156 -1.84804387078 
-1.00501468999 7.23916201803 -6.25883511539 -0.299720195498 2.12154085389 -2.45901726353 -6.19456296052 -0.616420876354 3.92912695464 -2.88861671357 
-3.60371226181 8.0459828186 -5.62218081121 0.228323383467 0.941261424823 0.637411281053 -3.29141156945 -0.840393982601 5.96757744018 0.70242379492 
-4.77796174473 8.65958609812 -6.19615189071 -1.39747965519 -1.48425682889 0.520813464706 -3.18237685113 1.27591989282 6.05569146423 2.17418555573 
-5.72737073938 7.54156248352 -6.79893600395 -3.54713681853 -4.40563250579 0.311754225459 -4.2975485833 1.88387639026 5.24290403513 2.6738799269 
-8.30678839803 9.02173101328 -5.24827786731 -2.61578353304 -7.04143541387 1.26610104973 -5.690460553 2.99977782318 3.90679539693 0.816354721989 
-8.30156398819 8.21913540207 -6.95317698587 -4.39325250266 -8.45109477034 1.65376937428 -5.77565349989 2.59522742941 2.15304648036 2.97845570728 
-7.12764835954 8.25435343425 -8.17228222906 -5.09053992607 -8.57686518565 -1.01785019804 -6.95270215055 5.38715698067 0.440903839554 2.10323801941 
-3.52172561007 7.29893831273 -9.69261931315 -4.08725881828 -7.69662508542 -2.7010743979 -6.02761048398 7.81953879945 -1.9452633159 3.10520266291 
-3.89532848722 7.20605289305 -9.30246549303 -3.96852246715 -10.9317882941 -1.07926600425 -8.23924626099 6.61807177803 -1.31370850504 0.848665449717 
-4.08831393446 6.78638560047 -11.425532953 -2.29985476213 -10.6452589277 -1.59356234859 -5.39543205167 8.14912567089 -1.34261465436 1.97875274708 
-2.61322359041 6.88730335369 -10.1432920373 0.111526235022 -10.138880876 -0.830598210253 -4.79237382139 5.66737578303 -0.708820935266 2.44663843215 
-2.40733288196 7.46543801597 -8.65416833656 1.04542551438 -8.43897321461 0.900652661091 -3.94174503472 3.76759722273 1.795417251 2.03860487533 
-1.9942703444 10.9615984585 -5.90423455529 -3.06433007475 -7.55711182144 0.44782596642 -4.55045151622 1.29796579219 2.28940214472 1.50116070101 
-1.7689314187 12.1476581802 -2.42120903214 -2.2630612838 -6.17522106817 1.02503315031 -5.00052500784 -0.423615081998 3.77469890745 -0.00398727591378 
-3.10377195874 13.7330560012 -0.360127423689 -3.36109833285 -5.53800032427 2.12754373474 -2.85479688918 -0.955528540169 3.98326557897 0.29300216272 
-1.45087222759 14.7515900063 -0.429025542081 -4.1974043719 -4.49991960202 2.95291261974 -0.838224330358 -3.68224161556 4.44647643943 1.36751762279 
2.88726355499 13.1927672057 -1.13939303429 -9.5965305441 -4.1142874952 2.35494366124 0.379032080282 -6.37103534586 4.6888050079 2.41311049242 
5.44589730842 12.9219255557 -3.49585606319 -11.1334808617 -5.72066393402 3.77377412041 0.116922309796 -5.7830921587 3.71385295855 0.24789258431 
7.37427372983 11.8160242155 -5.51874236721 -13.6235023973 -6.25724398074 2.36378283285 -1.02373497147 -7.80251443186 2.99051289839 -0.151619878348 
8.13439763366 11.2556397552 -7.22287617274 -16.067928208 -6.50329146242 2.14598699652 0.167736097021 -8.36340177354 2.39744827061 0.196674977046 
8.65066100936 12.1232646365 -4.70990884808 -18.2554276369 -4.86741638913 4.80761450609 5.77920127608 -7.32563267955 2.6241820471 2.12954212502 
5.83871836046 12.309342145 -4.1616124774 -16.0969565999 -5.16385185804 5.53967232637 6.89533472517 -6.52123141154 3.3390052747 2.49154993345 
7.83817190282 9.85075057482 -8.40928954621 -13.1376709272 -5.91678786135 5.3299438937 7.90593315689 -3.69808856604 2.83098678525 0.103035512976 
8.29224528961 8.38530771885 -10.0961081221 -12.3809639683 -7.18733121575 5.65678994073 5.10738195078 -4.60400105211 1.65919778863 -0.129716057584 
5.57180664221 8.397780619 -7.25534054936 -10.6703333477 -8.37096481957 7.26299391381 4.69867127022 -3.25385798549 2.37651632401 0.257173513128 
5.2074835647 9.05185877348 -6.47604348272 -10.2058601823 -8.36107903653 8.27876919174 4.52074552491 -3.06194568993 2.76770186156 -1.22166453087 
2.9132523941 10.5249199447 -4.10958940917 -9.81590986078 -6.14768357229 9.05268939906 5.24136233532 -2.58109913432 2.13491160913 -3.24090238787 
2.10113695822 11.0209097145 -2.87993552361 -9.8173669961 -6.02540535722 11.0823941072 4.56411877542 -3.79913998882 3.2725354804 -3.15019723044 
2.4263534368 10.8959319118 -2.91993848796 -9.60343535766 -6.13589810956 10.5370116014 3.93125485279 -3.80129445951 3.17948332421 -3.28254584675 
