-3.67267982146 6.18820555733 -5.19492141062 7.61630622232 -1.83071293154 0.576963167943 3.59624001551 2.70913013701 -2.24317363313 1.31218947081 
-5.29345480726 3.03590324417 -4.4868080085 6.47606385877 -5.01962035438 0.682857919762 2.51176788852 2.50584818653 -2.49775366427 0.217547090532 
-6.45202480689 7.8660233947 -2.66549433971 2.21004098838 -6.83612859972 0.431976565572 2.75421249481 2.41971849145 -2.49036302062 0.212346149764 
-8.37470184236 7.66113029016 -1.54131292711 1.84555738266 -6.93688787928 0.568348577109 4.09705914412 3.2300774798 -1.15951801362 0.106763774633 
-9.19761537128 7.48838460179 -1.00350933552 1.07432728138 -7.05481331181 0.258051374481 4.62548082889 3.1593874577 -0.322174826999 0.41417481008 
-8.60896801353 6.92788897806 -0.486259043994 0.768604666955 -6.41138380653 -0.320593266247 4.33281680296 2.19753205274 -1.25777233731 0.465736399157 
-7.98024556086 7.02332124101 -0.252416222829 0.545472177567 -5.40950941945 -0.406287185511 4.08880813062 1.08989255076 -2.12577950998 0.407943626962 
-6.46564007605 7.08195734356 -0.490084746694 1.0326708778 -2.95210051245 -0.419061805927 3.89135726721 0.821252784811 -2.79216676252 -0.211175572084 
-5.09436384025 9.16674778672 -1.19996884869 -0.666403037278 -2.70298930317 -0.296016752305 3.84345969525 1.93792911131 -3.21065592161 -0.176855112826 
-3.82557098614 11.488734928 -1.74796184318 -2.0841540053 -2.92093217638 -0.831682228146 3.40346738479 2.79856634062 -3.31397201153 -0.206361392531 
-2.7551313502 11.1277589741 -1.64777620354 -3.24673877393 -2.65368765444 -0.968490123646 1.5955827011 3.49388570896 -3.08559025606 -1.14145534013 
-4.88046529504 11.5078157958 -0.747161301894 -5.29392411534 -3.41282357782 0.15957184554 0.619023739365 4.71658443009 -0.875176903426 -0.867892656763 
-7.3513078765 9.80032271746 -0.397170804251 -4.25330422447 -5.18770703446 1.27963123994 -0.214738767801 3.61995810127 0.0755643900986 -0.0453433628825 
-7.37129742058 8.66708314458 -0.379973644609 -3.8130483077 -5.24606236517 2.33156099965 -2.35150871961 3.3511998176 -0.571761063859 0.0449370712856 
-6.16081936145 11.0407983533 -0.680132064096 -4.94723689751 -4.2102059238 3.3651495376 -1.95079657074 2.93945606403 -0.623337980126 0.186205553263 
-5.26871269145 10.1515527749 -0.933708955985 -5.81606496091 -3.38562642877 3.62568258529 -1.53721853807 2.44214644412 -1.65351867666 0.280691176614 
-4.02296664063 9.21679127213 -0.0243905100127 -6.49950478689 -1.73047456661 2.92979026202 -2.01161930148 2.52211946639 -2.79136834357 -1.42890464515 
-3.99262544688 9.08447895725 -0.186883278028 -4.29088927795 -2.08403873578 2.37616725884 -1.88129717132 0.150618816885 -3.12853368667 -1.93022513018 
-2.80335065289 11.3815738657 -1.02582373786 -3.71588222134 -1.60039513907 1.00336682895 -0.70623496355 -0.803754399645 -4.13224890079 -1.99733406702 
-3.79272441667 9.87999170661 -1.16658000157 -2.55922709687 -0.777445907309 -0.236747588573 0.289326882606 -1.20649208976 -5.32642571231 -1.06544171084 
-3.3539673214 10.8647573385 -1.54770471877 -0.44405406692 -0.701162807241 -0.974322975529 -0.199251123632 -1.99675103346 -4.44984624022 -1.35366737847 
-5.09193499195 10.9908277101 -1.81776159615 1.37862973663 -1.30451105543 -0.674621303741 0.767440909585 -1.30003674845 -2.68960516145 -1.2976797351 
-5.6739106645 8.86310493011 -1.42376369677 2.06863526593 -0.346909157864 0.292435432962 1.10024054307 -1.09957902263 -2.91060571232 -1.72610198843 
-5.85793538583 8.8569810088 -1.4694422524 1.89816193743 0.783037689934 0.116325575902 1.82721110895 -0.980164525588 -2.8199543155 -1.21135824462 
-6.06016321069 7.65592119547 -0.923679692397 2.14180640252 0.902622329549 -0.254034604522 1.93439031428 -1.88547154076 -3.05306951668 -1.41060929239 
-6.46535565933 9.15611424442 -0.791099095892 2.20126281841 0.968457528821 0.377419281246 1.32627098709 -1.97942019817 -2.13530605905 -1.02656991365 
-6.39007739994 8.5343260842 -0.708990608202 2.04923502436 1.43209494953 0.790250149713 1.4712387865 -1.91851724188 -2.47988099688 -0.992160800372 
-7.76157234726 8.62399464612 -0.290747483161 1.85322986044 0.0948160197499 0.36248936386 1.27612085379 -1.20558044475 -2.30704221947 0.0838272160143 
-8.56770970066 6.34976164848 -0.014982623015 2.51637594178 0.279138031008 -0.295094918914 1.6868358156 -1.1485896793 -2.04890507587 0.738006964629 
-9.79209561185 4.07025412614 0.43352625271 3.92748823702 -0.0594842051721 -1.83351590858 2.3500147539 -1.31845119598 -1.70338980211 0.480899022901 
-7.7642091373 7.14838742641 0.0880292651423 1.58797077471 -0.300785590059 -1.4052158617 3.0142979508 -0.923583580878 -1.51116910904 -0.344277700785 
-9.25613597888 3.59191269914 1.41439050741 3.04123230953 -0.807701940992 -0.423079518558 2.59250040572 -2.15805797616 -1.7886184194 0.33415900244 
-9.95139012833 2.64990621282 1.50357665014 1.57244404954 -0.844618082308 -0.749064537221 1.29669520727 -0.512770206528 -1.70815227743 -0.0543673651438 
-9.77095192938 0.640406900679 0.690567145182 2.67775119092 -1.30775520559 -1.60970450624 -0.848436113737 -1.10237390366 -2.40568918267 -0.0632724981314 
-4.62124895555 5.98116768025 -0.42399460903 0.010032629512 -0.126489968634 -2.21976804537 -2.75350883973 -2.27337105713 -3.79849515814 -0.274256657821 
-1.74939310146 8.37909541098 -1.33663308994 -5.62837648599 0.36324927139 -2.60324563139 0.569838694893 -2.6876069961 -3.21850936047 -2.34576640306 
-2.63960686526 6.51940144996 -1.7447650295 -5.97722449018 0.13277166228 -4.12934859611 2.0403768217 -3.57753093002 -1.28832472437 -1.80332275459 
-7.68746751305 -1.7564550766 -1.44889933773 -3.14627194768 -1.40811878926 -3.30062830657 1.93993338334 -3.9149171842 0.937935068243 0.113004875562 
-6.3215485373 -1.67336891834 -2.66119384641 -3.96174283584 -0.0252711515313 -0.691305104856 -0.156236042884 -4.64931696759 0.909596534665 2.64375140793 
-4.95371962007 -4.17872440151 -3.40952207584 -1.44835418874 -1.71355171332 -0.509576303658 -3.30999572272 -4.1056385822 0.718251852807 2.88612560951 
-5.97315053948 -14.5240400683 -2.21169921069 -0.64528426228 -3.08113622156 3.12587859974 0.260283476543 -0.77918427276 -0.137313111223 0.944595609938 
6.35946564415 -11.4126611387 -4.99116541823 -1.19833437819 0.279101924036 5.46301596435 2.35847617565 -2.84966434053 -1.41714972652 -2.13172691005 
8.92199218186 -7.52945293126 -2.55994372528 -1.21994285423 -0.946118262763 5.76310134883 3.6442874171 -0.804888829723 1.37475291316 -2.69280243133 
15.4912086501 -4.00947313648 -1.98482075621 0.826317658312 -1.50406011997 5.02475182906 2.24708438682 -3.69405405498 3.42572584386 -5.10805551945 
17.1842164699 -2.1236430462 1.33923245895 -1.94725677503 -0.643285323464 4.49074903438 0.617845049166 -2.82590260161 1.8954997314 -3.02801391084 
17.5075623425 -0.853597929197 5.65637248993 -2.89105020174 -2.49139426287 4.62377681692 0.692589059332 -1.12782036896 1.51497924674 0.624117865667 
17.8827955666 -1.68749693272 6.73474342073 -1.69398264477 -3.71084572553 4.61653536506 -0.591342948349 -2.66430810451 1.63033065143 -0.505881171071 
17.4038248561 -4.10814224336 6.80356841736 -0.9641213918 -2.59718280758 3.38897688858 0.21268429438 -2.94566246289 0.840749838603 -0.967025849052 
19.3618157207 -1.96491056056 6.00578185603 -0.441552235734 -1.24883600829 1.8509577812 -0.918271289878 -2.45299307761 0.708921702441 -0.779301630056 
19.1999422598 -2.60115211751 6.26062608266 -1.18172327458 -0.678130077399 2.02263654298 -0.683219459556 -1.97418295484 0.345998574427 -0.645543498945 
19.1155635347 -1.95843171418 7.5419971281 -1.84727338837 -1.84314275278 2.86923155948 0.129822123698 -2.18512863061 1.20053879821 -0.772023933847 
19.4779762291 0.256101785602 8.99463969742 -2.82468370158 -2.06502510088 2.31182481937 -0.0772124535529 -1.17398553788 1.49628713376 1.07130662319 
19.4052158072 0.587485457015 7.63259489779 -2.66945814497 -2.41483786995 2.46328871147 0.0287457285746 -0.117645192426 3.00863075696 0.508848016645 
14.7763573651 -1.32513966947 2.6650580916 -3.92916410745 -0.928481797576 4.62873513452 1.63153942449 0.875213955301 3.01036827429 0.02076730653 
14.0288335823 -2.53592357937 -2.47358096298 -2.73748510915 -0.295209630365 4.67585826043 3.75171884108 -1.52882630352 2.84635200747 -4.47770851523 
-2.15054103015 -18.5007928379 -1.47290976907 1.53755806025 -4.97946502998 6.01044091832 2.83960092887 2.67429409883 2.88641884237 0.597758436054 
-5.82184879469 -20.8849968648 -3.6336272016 3.28785540579 -4.23412810084 2.15074709564 1.05070903772 0.214134749387 2.03784552685 1.31537270711 
-11.2743539122 -13.2111302307 -0.556304580998 -2.20615255378 -4.52584627848 2.65085048041 0.50983158596 -1.38452742936 4.0391432565 2.88804277728 
-6.80833221777 -3.89964268331 -1.26535244498 -3.92223613362 -2.69872654795 1.5915694286 -0.313824061093 -3.12585249379 2.73028241583 -0.507835065548 
-9.50109979037 -4.00852810076 -0.947593146955 -3.78762337915 -2.10066300237 0.212451035546 -0.80849171192 0.0936048707999 2.79992259958 -1.94090032107 
-10.9805637801 0.822540795091 0.87646192844 -3.97894029992 -2.50370756009 0.383908463331 -1.11586518822 1.14135995317 2.12154965778 -1.57866302325 
-8.76919108299 -0.914481154745 0.350438984329 1.94521772793 -1.34468023973 -1.97490935108 -2.26340951474 -1.20046565329 -0.389110962653 -3.00352730445 
-8.29343602969 1.35951002523 1.36896529449 2.95982313087 0.400017807111 -0.962793326104 -2.73307203394 -1.47101126229 -0.656896158843 -3.28646049064 
-11.5710761493 -1.43226644423 2.12782875735 3.39474213572 0.631693514678 0.403777962809 -0.218173504407 -1.20530032281 -0.232726919808 -2.17225061921 
-10.0773700088 2.91043041385 2.16937754177 2.47122335427 2.28451855903 2.19146723683 0.430692335089 -1.28636945023 0.186089770138 -1.09288362798 
-8.81443271535 6.55706847304 2.14184331777 2.42095925928 2.50285628802 1.55796444736 0.861174526171 -1.27292836637 0.532086933407 -0.386480331224 
-7.61245162651 6.27019671035 1.60432528391 2.90334353476 2.50891914726 1.5957993367 1.51417129841 -2.7496411218 0.108251907942 -0.803963728929 
-8.20702977375 7.57813522665 1.81917246011 3.03439666093 2.82038886925 2.1066246039 0.830700167784 -2.0558895566 0.787304583487 0.233185328715 
-8.93203495154 7.29211092622 1.6217962638 3.38162927212 2.32910912093 1.91386669952 1.62013198066 -1.71426523474 1.11885835387 1.10792394871 
-8.78952605296 7.19754760123 1.58033028942 4.60515961188 2.56818004001 1.65231335591 1.09340412396 -1.81410418814 1.07543100989 1.25809163751 
-9.6821961541 6.72723966171 1.79834043923 3.26319910116 2.08548652482 2.46351697706 0.907197227946 -1.09435160039 0.311906919035 2.08960664552 
-10.86150851 6.7446959869 1.73727797372 3.63552810058 0.999590820584 2.37220291415 1.47683364753 -0.107581196546 1.26052582543 1.97353947462 
-8.8412558874 4.19942581241 1.6113897722 3.14895920634 2.96232362486 1.86436399173 0.703096958483 -1.19367704844 -0.743481719646 0.49222176846 
-10.7444723732 2.90772942454 1.97229260532 2.73620081557 2.39902177428 1.40253969188 -0.574767956933 -1.0555209654 -0.502656710829 1.16668752813 
-10.519007564 3.59245724276 1.42312714634 3.286084544 1.11417628595 0.285366212598 -1.46076658615 -0.920926784128 -0.356933150304 1.56279203808 
-8.39202234173 6.9786678596 1.22622954752 0.67856704814 1.09276827434 0.64385200534 -3.30523397373 -0.710967085074 -1.78977307662 2.08152001529 
-6.80990770638 7.28487174529 0.548896812201 -1.17814117865 1.46687766159 0.339271267944 -2.11572025005 -1.40245601652 -1.50656591058 2.01183872284 
-4.7708169656 6.98428365749 -0.306431842334 -6.29688775514 2.30303936519 -0.313512426649 0.365100800719 -1.790308176 -2.07386028544 0.0273671904684 
-7.27849333461 0.928024365371 0.328500967152 -4.30264282043 0.418415178878 -3.73567884156 1.76410584675 -1.53828424559 -0.366725413826 -0.962879502806 
-10.9315850277 -6.07485656235 0.431097705599 -3.43122178478 -0.0237432841844 -2.69804065439 2.40820747968 -2.23446399267 1.11035496293 0.30411851 
-8.11012010464 -6.46248415403 -0.91841338254 -2.23410233175 0.0802512909593 -3.38242375666 1.22099995608 -5.69748102962 0.231281600239 1.02277730467 
-3.86137300492 -6.01574547537 -2.94271229237 -3.4371718581 0.260302713418 0.426895284838 -3.86526547991 -5.90530185855 -1.22829499173 3.21167963527 
-6.12093577322 -13.3400331306 -3.13477359562 -0.787245223942 -0.957540842769 0.399207874035 -2.95263697503 -3.92366615287 -1.4347278084 3.33217204469 
-2.07804351092 -20.1043232235 -4.46640895012 -0.207395455293 1.68076591419 0.20633359691 -1.14270340547 -2.32073705699 -5.16240146468 1.2434923803 
2.41821027906 -16.519963975 -4.19234387774 -1.75729059205 2.46787827994 3.2899384592 -1.29250285589 -1.34554005411 -4.12778313496 1.32035595827 
17.1754196403 -5.59919135091 -6.50011443802 1.17272627824 2.57862971332 0.870123457124 -0.517628773616 -1.50627139108 -0.844588782645 -2.56516751514 
22.335572791 -0.938664285016 -2.97776558553 1.58523977596 0.774840495557 1.63582644552 -1.73769500095 -2.00209781748 0.0284065840536 -2.7315304176 
20.772538471 0.274104553231 1.32430755624 0.467545047553 0.0811164938229 0.104038894088 -1.57487846707 -1.85597814968 -0.364234615487 -0.472554622173 
22.1061113589 0.926072199357 4.25635687805 2.25129523282 -2.6332110388 -0.216273666096 -0.654461935571 1.26258791163 0.931726546931 1.42439451332 
23.7554473943 -0.465533045765 5.94903365204 2.8405601416 -3.37005183036 -1.5536985824 -0.652222771344 0.584103507234 0.747775183709 1.36503915663 
22.3300213652 -1.76845524747 7.02804089609 2.98958091169 -4.1972330248 -0.839461074891 -0.120777255444 1.05649599885 0.865045654158 1.91015859651 
22.775376983 -1.83896158727 7.59497949007 2.74758927326 -4.36080707784 -1.13080105265 0.659711825238 0.372313885339 -0.0354377982874 1.82091938224 
22.8470089089 -0.631799243049 6.11425688162 2.11955494043 -4.43955185092 -0.923511881351 0.152968334507 0.317213809861 0.167624130869 2.22238487771 
21.5618281672 0.952213504156 6.77249406383 0.740237345343 -2.5687957607 -0.161822745831 0.968446420443 -0.495796556803 -1.17573055661 2.82041168305 
21.9915509404 1.62730925384 5.65636022221 0.599539234769 -3.33363722506 0.975467110616 -0.0201988239493 -0.684377677589 -0.306199783449 1.87252345421 
19.7384114651 -1.99215066244 2.76907521175 0.944933255792 -3.22922920131 0.974747870987 1.80547436908 -0.809894376939 0.146722221858 -0.821238982527 
6.61646245252 -9.89924020047 0.278098443491 -1.83664466851 -1.61199174663 2.50137786808 4.04066310939 1.4609791732 -3.72355604547 1.89942912837 
-3.1247595167 -14.5115711863 -0.647580754553 -2.47374383936 -1.59996622355 2.71507798889 2.48643883073 -0.151337511552 -4.10988222582 2.97833016631 
-8.3437938535 -12.5853916256 -1.47389551635 -2.07281939526 -1.90629588822 0.692149352952 1.87769986812 0.297393683992 0.42269754329 4.90016299742 
-9.52449557161 -8.44364218477 -0.108418241399 -2.76797504548 -2.57316784919 -1.3925975812 3.94562383989 -1.94933468678 2.61006302726 1.87707364667 
-8.37392867013 -4.54016829818 0.614142526825 -2.4113670145 -4.25437964498 -3.39963889846 1.61841072711 -1.92930770703 3.22211088187 -0.932052936251 
-8.49429810541 1.26670440098 0.210897729569 -4.97106074267 -3.67620370525 -0.939916229896 0.837890305664 1.4343974533 3.08506817863 -2.01602199342 
-8.25126753041 0.786458900317 0.691507606079 -4.09948305402 -1.97688619321 -0.486364771359 -0.620108795502 1.34944566827 -0.411922451916 -1.33539573934 
-10.9682237099 1.18718602464 1.72863761057 0.967410665776 -1.69392075846 0.65234306384 -4.11821887716 0.036333784154 0.381277382115 -0.0308250533432 
-12.2109743643 1.23641452625 2.42090991574 1.24799025052 -1.59750805449 1.57009282195 -5.39154766134 -0.611810916049 -0.106344253775 0.986153926169 
-13.500751618 -0.466621437141 2.50146860111 1.06670653032 0.467904092012 2.90720157367 -3.19168738464 0.254163579697 0.526023732995 0.246654589877 
-11.456169155 0.138725290528 1.76433375422 2.12610625629 2.01253344782 2.57608022038 -1.56070657681 -0.773339955966 0.210625828311 -0.738964852705 
-11.8417521747 -1.47229912734 1.93782654862 3.17926474051 2.05003300128 1.35814166005 -0.180497434694 -1.62612644016 0.299147699267 -0.823625290514 
-12.872179137 -1.08768724251 2.28212416478 3.5765403285 1.25211379578 1.50267811867 0.525945894311 -1.19331142051 1.57580079211 -0.671282225007 
-12.4034414999 -1.07469048978 2.02482292887 4.44511339791 1.26832735952 1.00949576308 0.632696398116 -0.7638373 1.76932315975 -1.00142482549 
-13.0314507933 -0.461984739228 2.27099642231 3.92465795982 0.980552292071 1.07541183381 0.437398839961 -0.178109035166 2.30766255576 -0.402763610392 
-12.6084898133 0.825985303896 1.93481989862 1.5353387668 1.32408980095 1.46449442607 0.616531915838 -0.420025571344 1.41297238387 0.351509551432 
-12.5102993142 1.02026316583 1.85779920756 0.606878096017 1.35945171831 1.30274388848 -0.733580180367 1.11226909228 1.48449263524 1.02769639942 
-10.4328987695 4.47121315021 2.17312053624 0.189234011159 0.622647534731 0.0295300410422 -1.79801032599 0.309604382093 0.326682969304 1.69747403417 
-10.0275557979 5.65189167642 2.17524576385 -1.86158984355 0.645176248697 0.24408442163 -3.51094843411 1.17960657249 -0.427016974244 2.12963910172 
-7.85926922472 5.60763341785 2.48801154866 -3.47301016386 0.452201426891 -1.20318440363 -2.01354797346 0.626648266081 -0.19354520814 0.84665212316 
-4.67740874309 5.4682708175 0.188661178235 -5.76569491998 2.02545131457 -4.15351673723 1.33203044058 1.25157094727 1.19551638536 -0.788028197632 
-8.88017596839 -2.2740476579 0.529574721815 -4.26731359131 -0.251793991744 -5.0059838725 2.52352511342 2.9905709822 3.11340032173 -1.30955459137 
-10.6540381462 -8.1930832067 -0.0143578692247 -0.910804864171 0.200541303087 -4.78622500821 1.94169081866 1.36932475228 3.64091269779 -0.145079539389 
-5.77278417638 -7.95324774413 -2.55743960007 -0.731699932293 1.39763046537 -4.76543732646 0.478380783814 -1.86026917457 1.84565104554 -0.499313621531 
-7.33049759745 -14.0549842371 -1.78950969432 -3.81901205201 1.64393661421 1.0851085055 -2.23336796406 -0.783941191701 0.369876018638 0.403738594356 
-9.93728683033 -20.0030517404 -0.260314136141 -0.294019957203 -0.112359221978 0.525841772706 -2.96556080483 0.681368980895 -1.01956131933 1.82253573718 
-2.3848908423 -21.5004668286 -2.17131162381 0.102925577741 2.77660603507 -0.553469274986 -1.03164996797 1.97157393497 -4.43837921361 -0.513907340096 
3.69002852738 -19.3036044639 -3.37142240543 -0.81031427438 5.01512598117 2.5048708252 -1.78285718865 4.02124073879 -3.32709881456 -1.24518843849 
17.1715214645 -5.15048235612 -4.4147124033 -2.00289125252 7.28651286025 3.42206172107 -1.76255578198 2.23011018939 -0.23738783832 -3.14682292156 
19.6596468408 -0.637298948578 -3.68435672791 -2.00363155232 3.28870822235 3.76216862951 -3.11226103909 1.45516109065 1.90238172802 -2.98649122778 
20.0310365145 1.1428237995 -1.14538967973 -0.96945812754 2.27150544038 0.723912425614 -2.91776514738 2.22510895938 0.994802061739 -0.87021568945 
24.1221435488 4.02617476888 1.25571325369 -0.604746356482 1.77660425155 -0.597051071495 -2.47105206369 1.79680734313 0.808094818794 0.231797834128 
26.3686008202 8.69212387917 2.33703752739 -0.923645957339 2.09673777115 -2.69425209482 -0.307769056064 0.945296319816 0.794193438699 0.959185344834 
26.3178354941 9.79578145596 2.93572777559 -2.38723628747 2.3795586203 -1.93450066512 0.674521500263 -1.25586231543 0.356604058612 0.0620871277806 
25.7864370511 9.65444808413 3.75354374469 -2.43983541344 3.3160755078 -3.25788924844 0.358416866658 -1.40690421112 -1.04085721157 -0.380078606164 
24.8108433703 8.32648894308 4.08149256251 -2.57053867333 3.99791533732 -2.43644310993 -0.509073142632 -0.927945133729 -1.36687178999 0.264110180886 
25.1376803459 8.46035924515 2.42049874047 -2.6420306747 5.37634968656 -2.65907216843 0.134408123634 0.00410675249314 -1.20039279224 0.739080837759 
21.4798527216 2.84937346902 3.00164110014 -2.85379908345 2.79511881621 0.470320045239 0.0949156098647 -0.832932340915 -0.82186347116 -0.00455651782263 
19.5127819589 5.04461184851 -0.437884533499 -3.34445075925 3.00890259986 1.04040151912 2.80905360258 0.87635954345 -0.0193400974861 0.67179826481 
19.0204162689 3.81988679963 -4.76262458802 -3.00214224833 2.75055237745 2.34940508819 4.33913229314 1.39988269908 0.641187927536 -1.24804692184 
12.513091391 -0.506332753152 -5.17782404242 -3.53989622494 2.51507259086 3.23726538221 5.70340915021 4.30891813955 0.139970248827 0.641299824299 
6.24589152994 -10.4000727412 -6.6809674987 -5.43570030753 3.799508926 5.11631124711 3.16060569996 1.20410517822 -2.74122107017 0.496944278187 
-3.01628104983 -8.27832689547 -5.06385855905 -3.73386285626 -0.31020240363 1.86234135922 1.04741283801 0.375937505907 -1.3308035755 4.27803652391 
-7.01777823863 -4.62566437144 -1.95436742452 -5.01948167972 -0.390440563132 1.70198266734 0.414431728946 -1.72119644699 1.90761229059 3.86806243865 
-6.14795991047 0.794101363521 -0.590267916146 -4.99353154447 -1.86949147033 -1.26162680802 0.915697653811 -0.892670747689 2.09239368267 1.55314324683 
-6.39482203189 4.30115441057 -0.382121270229 -7.31034778355 -1.78513623958 0.333922583698 -0.0189808938028 1.65622584017 1.52389985135 0.330198081206 
-7.69572788508 1.13913370231 0.363764140355 -5.44671596657 -1.61573697418 0.759638035634 -1.15251960722 2.14593772671 1.35854042126 -1.53852517961 
-7.14955435581 -1.05377186278 0.707701265081 2.16019849679 -0.0665112186054 -2.594308786 -1.75805390258 0.108092664648 -0.330810556532 -2.92373902895 
-9.21651028484 -2.37359749919 1.02015980684 4.57953239679 -0.757124474725 -0.594839714171 -3.12082513795 -0.714980241517 0.412523280707 -2.66988807291 
-11.8470847373 -2.79913160548 2.0616143752 3.96657717768 0.246887965931 0.478476820076 -3.2177159989 0.518691021249 1.13192161872 -1.48757027395 
-9.95381854207 -1.73728716535 1.13183720641 4.05759050204 0.932771262282 0.376529019691 -0.644156541538 0.2546963822 0.168875782653 -2.42799195619 
-7.39206673742 3.10373419117 0.947610739654 2.50857510493 3.49631389979 1.94092400889 0.144780728513 0.331733422454 0.309149059364 -2.12262546702 
-6.07051355314 6.94268670531 0.456403896727 2.6147708588 5.1759136542 2.40931543384 0.231270705336 0.392967987048 0.651602280081 -0.68381309428 
-3.63303167265 11.7325021171 -0.248464244362 -0.162115038755 5.46253716902 2.89499344159 1.36945582782 0.570838682065 1.20431955579 -0.154350502091 
-4.02315416512 12.3279933683 -0.228288761732 -1.02515476003 5.67008495939 3.6887682097 1.81821487159 1.83110409269 2.21799379319 0.483314028375 
-5.16547642022 11.1887509198 0.413056210976 0.163698680962 5.00871851103 3.17046227551 1.8231758096 1.29224765741 2.1945865298 0.55796318539 
-6.22988979985 10.1820733492 0.405323863962 0.963787259689 4.97014332295 3.11965640642 1.91236104991 1.2866431928 2.37879267228 1.27924689627 
-7.372487603 7.06313272479 0.00738153383234 2.7998492206 4.35775611734 1.76118714156 1.8639495641 2.11416815632 2.56157997655 1.85192704966 
-7.47530849136 5.51624862702 -0.442064768539 2.24801259497 5.30038264766 0.748533357894 0.942004710433 2.69087293499 2.26909609352 2.07989388183 
-8.10032390049 4.55487931413 0.701063247862 3.34229706363 3.99854081937 0.0828490331511 0.386348212731 1.93534852241 2.19291584015 1.08238580286 
-6.68152982427 7.0195952028 0.658589910916 1.42310820467 4.11794644007 2.13912364886 -1.47819212764 1.40454358171 1.08689914702 1.44322874426 
-8.15330736594 3.29941479256 2.40682139568 0.0164579931659 3.10696000646 -0.258974075219 -2.00411528435 1.23253359432 0.341203814761 1.22523530575 
-8.90673585315 1.06133107712 1.0630046448 0.305115604335 2.25475310622 -2.73588871579 0.025138375384 1.18845358904 1.20963509568 0.624094665258 
-7.20021740414 -1.94311194772 1.11808696294 -1.31356369166 2.70462406783 -5.56065766985 2.96786919425 0.337821139064 0.366928495496 -0.738003950215 
-13.1840375462 -16.8762558971 2.05831846609 3.36374574793 -0.716872526382 -8.77551245102 3.98282420686 1.71864654776 1.09542280504 -3.27598459288 
-13.3922133821 -15.3670573985 1.60221290363 1.84879515595 -0.552812014569 -7.36452630054 1.9760566271 1.33690177696 2.11939491879 -2.30129591278 
-15.3791536768 -16.9946222335 2.4545529802 1.48887327498 -1.56564367506 -4.92736093126 1.36424951009 1.1084315367 2.55938821278 -1.44970234822 
-12.2599961111 -16.6120604299 1.60399127302 0.201924519463 -0.412927261433 -1.96881164233 -0.687908052908 0.435679403481 -0.752970012537 -1.1416625733 
-12.8761652662 -19.6445108106 2.76805897646 1.48105608693 -2.38014169702 -1.26786502743 -1.23277219898 2.17578332865 -1.38017447884 0.602969156478 
-9.54931369967 -22.2322079498 3.1216455137 2.66775630614 -3.58502725221 0.607484556371 -3.85196910079 2.58651789838 -1.57125774955 -0.0350394571864 
-0.124505544805 -24.0659591058 0.598339488708 3.80669885397 -0.587289940789 -0.37103208548 0.339950736399 3.70038956568 -3.04490158353 -2.78904522649 
0.657531052358 -25.992861872 3.21749281671 1.28266211435 0.464904231755 2.1542002745 -1.0509229892 3.61091258104 -3.02424520035 -1.46373351316 
13.3539147477 -15.6559735807 5.64267426625 2.23849216607 -0.0913133906993 1.35807119065 -2.76518391002 3.04230166374 -0.595344829916 -1.30352253746 
14.7060435789 -13.6029439958 4.54829133926 2.33906949037 1.13188706643 1.56344346628 -2.34131440884 2.79027113784 -0.208878065602 0.00454721067722 
16.8028978649 -10.0408565408 3.72946094039 2.67223865166 1.84692769483 -2.90408065358 -0.937198782843 3.09835849431 -1.21789132086 -0.262761579723 
18.3779947364 -6.44096668484 4.71215063818 1.30069045289 1.01806297401 -1.63944434196 -0.933877546541 3.33661415489 -0.958734500774 0.678245906213 
16.1763925073 -7.37830919498 6.13993903593 0.528827185561 -0.188249799759 -0.824360622842 -1.21548285101 2.05582371208 -1.11561950543 1.03573085975 
16.8927999286 -5.27185164452 5.82502546832 -0.41960034722 0.568419666424 -1.25676437992 -0.501840672602 0.429323920828 -1.59160091149 0.290224129721 
17.8282382825 -4.725271052 6.36317887349 1.00472448422 0.742591399638 -3.20415821954 0.185565677592 -0.0414272409099 -2.12517488725 -0.169320147428 
18.3651729819 -2.63918159485 7.17203283313 0.771326642641 0.966909077142 -4.13509287573 0.726447185047 1.17550668773 -2.12555193111 0.93729155896 
21.333328494 0.497839783625 6.65237400358 1.47400621665 1.58464309521 -5.89209388868 1.61482362312 1.57061241667 -1.70323357682 1.33225067775 
20.6240761993 -1.90028141525 5.65355307827 1.47052652609 2.42540634591 -3.94533849289 1.79479739878 0.0643298504284 -2.15621655956 0.675012057228 
15.4440248563 -6.12671398976 2.64749289764 1.53074613168 2.32852170594 -1.60570729076 2.30633732693 0.469369199293 -1.35949617628 0.281798020465 
15.6332268915 -5.72066670089 -1.63880301063 0.18778343778 3.44422336186 0.713424169787 3.42328664451 -1.77015854012 -1.6304693751 -1.51844312771 
5.35089243643 -16.0394321078 -2.45810255428 -0.923892888836 2.88544257052 2.77722451597 4.87918415497 0.609932872853 -2.91368555784 1.17666271542 
1.62624332133 -18.6479426253 -3.78889696314 0.533331847175 3.56710366123 0.677290260442 3.09920389083 -1.26139024776 -3.96324437089 0.431148655733 
-9.36084313894 -18.8546469699 -1.53216784396 0.400839325091 0.177386191744 0.30268340207 1.75854334379 -2.55368872617 0.367960208782 2.30698452729 
-12.0508842914 -13.7777144795 1.41927127473 -2.4367110944 -1.61646812549 0.707499382074 1.94315262199 -4.48700247917 2.39733211416 0.991866961474 
-6.0302199283 -1.24495488632 0.706799889731 -0.722613437601 -2.01207216609 -3.87194168474 1.06639196638 -4.05891270654 1.79948025693 -0.924848046213 
-10.8515935595 -5.77341666528 2.00617765874 -2.18596850117 -3.57422973149 -1.47533974188 0.956525712108 0.31099763395 3.11900574232 -3.08253044283 
-7.69680103061 -0.430798394131 1.0879633328 -1.57074908894 -1.8437270941 -1.6547684395 -0.617376618065 0.0608947736651 1.0073649903 -3.76096870592 
-9.75753561512 -4.17479142754 2.2953707716 1.85292795784 -2.00077461184 -1.21055771399 -2.22404542356 -0.47679497502 -0.0725112303511 -3.83859515837 
-12.5194791131 -3.59581319136 2.85169093947 2.44804944784 -2.5857670546 -0.76870415058 -2.53845698026 0.412081390308 1.8049451838 -3.56749898206 
-13.8487329008 -4.96768433181 3.32660167736 3.40698746662 -2.21196493573 -0.572392720879 -2.16711368449 0.236249832013 0.969968698337 -2.55282501863 
-10.8919087069 -1.17224214323 2.33451096192 2.22605282216 0.345508031196 0.576350429509 -0.468152338739 -1.73798591442 -0.809052767534 -2.11653417232 
-10.7964363144 -0.113718904352 2.92236852738 2.00123018206 1.66091613453 1.59159028209 -0.284048731607 -2.18874632639 -0.619970654054 -1.58022432256 
-9.04024209144 2.90229972791 2.25822983427 1.56260528488 2.60745474717 1.48381193428 0.837586674296 -1.13809838967 0.0621076990705 -0.840029007351 
-7.45613673599 6.85299822489 1.65927125827 0.206460233435 3.65639691812 1.86413701221 1.84317612127 -0.0842348035975 1.10884129643 0.0806297231143 
-8.98468274494 6.78183894406 2.13789552338 0.888025663442 2.12051943606 1.38808699988 2.05576186175 0.955005426236 2.45119517912 1.02695614698 
-9.26602870362 6.03961216556 1.91834280853 1.32604339163 2.1105787464 1.16225680306 2.16795481908 0.876868837181 2.39868392843 1.42884121321 
-9.26779389681 4.45778914782 1.26903491476 2.4027504404 2.28033031874 0.339185690542 2.10271474129 1.10318687667 2.43461056824 2.01518496132 
-8.60405028222 5.02292711474 0.468289955277 2.32905000883 3.27137144414 0.575547743893 0.905004050061 1.60130926659 2.43811471948 2.17556669362 
-7.85908353162 4.56209719631 -0.168312998947 1.16135429908 3.52461602637 0.140902620228 0.874983655598 0.355027378773 1.41435493678 1.37025326431 
-9.1385469495 3.61605026046 0.435072631168 1.35385522778 2.49621527932 0.630134593205 -0.327718384451 0.354008760891 1.62669372114 0.741996784242 
-8.45596036949 4.14005912502 1.42203366602 0.91888888949 0.611788351596 -0.714795516954 -1.06035540388 -0.252826580729 0.0510856311616 0.267719042197 
-7.57332696673 5.24537200587 2.43393223259 -0.432130813917 1.71344770764 -2.20735951757 -2.92527633282 -0.551365211197 -0.58753803386 1.45573649106 
-5.73877247337 4.63832825802 1.28931975716 -1.60684706808 1.76864705626 -3.98548465983 -2.12255523916 -0.178157411149 -0.896911754045 -0.00982892138027 
-3.68951560927 6.11595069313 -0.0539620654366 -6.07104263262 3.96865983563 -3.79143520834 -0.263043735514 0.722591068944 -0.690828769573 0.10718323832 
-4.64273748787 -0.0520826220826 -0.684998958058 -5.41726847634 4.30747012086 -6.04475139769 3.41868472023 1.42084486869 1.15391816127 -0.706624831334 
-5.78204133054 0.378579247007 -1.7035341221 -3.77486891355 3.046437353 -7.00990196195 2.15715583159 0.442596077425 2.94019367395 1.18289288783 
-8.1300828307 -6.7503934337 -1.56739280488 -3.00590668872 2.95104854742 -5.57854941008 0.59635929161 0.869079018926 2.20572299859 1.41230867593 
-6.59266620612 -10.9729140998 -2.3553588547 -3.29734000545 3.90748037844 -2.94726636437 -2.44071230436 1.29135880513 1.19513051846 1.27110903623 
-5.487988428 -13.366312216 -2.92773497375 -2.20207960528 4.05781612786 -2.61175774687 -3.87204643367 2.41013638923 -0.151733048784 2.64931234335 
-3.36394900237 -18.4535737249 -4.96179137349 0.693537105822 2.95882652812 -2.22027754279 -3.80475378345 2.08629101611 -0.500446887454 1.26535900904 
7.45171342756 -12.7916286063 -9.05168646301 -0.739177702714 4.86407405695 0.513519520967 -1.72499429394 0.805311111763 0.22256404852 -0.767898934262 
11.8783835719 -6.97146246947 -8.91306130539 -0.0834013282579 2.93458620799 0.450549673336 -0.196184922665 1.59775404404 1.5995151452 -0.246905480247 
18.0302117156 -2.00445719253 -10.0177051274 0.694944430457 2.06984319975 -0.395705569771 -1.8882572044 1.14650790656 2.50887679079 -2.50272975889 
19.8066262893 3.83422757098 -8.89473324255 1.68116886895 0.0250651266174 -1.7196709036 -1.68113121211 1.44576457754 3.29820605434 -0.764255051411 
20.1832565141 5.79445739894 -7.30936809724 2.30820059206 -0.717866662544 -3.54356274376 -1.00731182055 1.64316461312 2.07961832672 0.64301312701 
21.9087144952 6.42104304643 -7.29830939616 2.09969916165 -0.258962189016 -3.54283178563 -1.19251334997 -0.783794155689 1.20367936363 -0.00690409388474 
19.8042941644 5.92834852766 -6.09315114159 3.26288288301 -1.74845611333 -3.97707144736 -0.377922595999 -1.56034408313 0.719757056703 1.56862868503 
21.2944228334 6.98839228824 -6.04895603707 3.01710146412 -2.72648349581 -3.07764139718 -1.24136079635 -1.23271104382 0.443199753736 1.9270721698 
21.2098830493 6.53147579203 -6.69946497715 3.54729827764 -2.84633655668 -3.76121390379 -0.862465660406 -1.68019645601 -0.0606291710776 1.2177484648 
21.5803449206 6.64009132882 -5.98085500027 3.46818473365 -3.28967751911 -4.55738053877 -0.952713885509 -1.68902953442 0.290526388395 1.22564690963 
21.144122159 6.80557297409 -6.77386351106 3.30760443617 -2.75518109878 -3.68788730436 -0.909938636387 -1.13275677669 0.509631877563 0.728810613153 
19.4250909566 5.45605070519 -7.75050042858 4.22690856312 -3.20832546219 -2.60085751926 -0.00687849451125 -0.238640100807 1.86029884173 0.851518962733 
19.6983401473 5.2000022034 -10.6496736709 4.6737194388 -2.0576745256 -0.406053223857 -0.60066015536 0.776901997775 2.57297598005 -0.258990241376 
19.5262858341 4.88380642777 -11.4487075963 5.67460784043 -2.40675659621 -0.487246795184 -0.778688165898 0.543710521515 3.12504721205 -0.984385807624 
14.71845457 1.40314822654 -11.4833862366 5.40923391601 -3.55327891639 1.19958539203 -1.13324442798 -0.987382239224 1.09354327145 0.164044683981 
4.26745879128 -0.0968944524547 -8.03931461797 2.16017043548 -2.73804183232 1.091125496 -1.25940408212 -2.75406352598 -1.06077269798 1.03764337773 
-3.80047005051 -0.998008027033 -4.91693888186 0.027700897253 -3.78324471057 1.70317767224 -4.11974082074 -1.51948950488 -0.0715929975813 2.41156706661 
-2.65594111883 3.46688662408 -3.94779077224 -1.53484159281 -3.36313727151 0.509578992407 -4.79838113465 -1.4627513204 0.549264555623 0.684798070726 
-5.68674355248 6.00319362242 -2.63056652337 -1.64595419732 -2.55396050431 -0.602796132804 -3.68234978677 1.49588829407 1.99134931399 1.28605981192 
-6.40455881073 9.02040039803 -2.8539232836 -3.141936062 -1.55584594861 -0.282359462149 -4.69204385991 2.68670132267 2.04884137625 0.296339433858 
-6.67271891706 8.8020047201 -0.788232648051 -3.09095504694 -2.21307949521 -0.461139128236 -5.98653362811 1.91276153949 0.307712521067 -0.734210309495 
-4.2861003045 9.54190907077 -0.284403447441 -1.63755053862 -0.147490725947 -1.54422779746 -5.81111478069 0.741751918149 -0.996317443069 -1.06821078265 
-2.97856558133 10.1017793109 0.991411776042 -1.19719748995 0.503524830699 -0.266037170088 -5.7982302376 0.457388378686 -1.56242313954 -0.807544575018 
-4.99061403789 10.9697410855 1.10706213948 -1.34065562169 -0.670507664911 0.834509954561 -4.27385842384 0.105050005317 -0.395148967654 -0.0759344760844 
-4.89649110056 10.7177536153 0.158313528218 0.994381231379 -0.827022005278 -0.0144302450896 -2.90317386726 -1.10904639421 -1.51360733992 0.0395064204161 
-5.68507042472 11.3156971387 0.0294487127062 1.21687282973 0.582219751069 1.40047422576 -1.39573816395 0.490447102302 0.0596630688138 -0.276870106135 
-6.90272328663 11.6194907464 -0.508662386594 3.41060461746 -0.0729300869999 2.48603147507 -2.24471358956 2.48974704873 0.540670346952 1.55132220484 
-6.91559913963 10.6991354712 -0.688343140787 5.14096320145 0.225758574977 2.35973559636 -1.0156839843 2.35157695131 0.117572979681 1.93691870348 
