1.85766803059 -1.31769912363 -10.161744643 -2.56985636905 6.95141427373 6.37687389924 5.25805722952 0.154333819758 19.1261793618 -9.21757396355 
4.32513203684 -0.903342686586 -8.86144321149 -2.03446906213 6.65802229149 6.36558635122 4.27574485391 -1.14819357116 18.5308563771 -10.6777785278 
2.66301152737 -14.5191147104 4.42987713883 0.548801969099 2.58329460549 2.42986905707 -2.13983674249 4.11480998398 -1.09525027785 2.06177089262 
0.809219191597 -16.1153320765 4.6916014974 -1.12694046882 1.67328832731 -0.317661276354 1.00383400274 4.68242628151 2.51046241987 2.47161869142 
-0.195154569703 -13.6029588279 6.68137434556 -1.70328803731 1.50237680907 -4.01850161051 1.17981877084 6.22391942898 1.53882654963 1.64322707302 
-0.0810558387041 -13.1904011786 6.72179810178 -1.79421549236 1.39040751533 -4.11275300593 1.20884344787 6.40207164091 1.32836112029 1.66714584228 
-5.44373496845 -9.76778017814 7.90032253817 -4.87446164579 3.74788601211 -4.85608620294 0.161226906648 5.9379435542 0.144334752122 0.210404660435 
-4.87165932408 -7.67285800925 6.95618972511 -2.5262699252 -0.822851478202 -4.32519458946 1.40899939921 4.91151855468 1.47077103072 -2.08786724237 
-5.88365075479 -6.46464139786 6.19888480867 -5.16223896012 1.67718567312 -3.70986992057 1.54502190393 2.475011097 0.00645625106229 -0.997060356897 
-3.68024819855 -5.17588190863 6.79332503403 -7.85088110141 4.28277802786 -2.73016739881 2.30069592793 -0.175897576533 -0.461380353054 0.923417736788 
-3.9606833973 -5.04276477801 6.77420431319 -7.79048092306 4.45683589982 -2.68093431598 2.45269066446 -0.375573130457 -0.600032479719 1.08996115681 
-5.88924379422 -2.16480635877 6.48538268693 -7.61109572156 8.01179327162 -0.587106493391 2.3674445007 -1.57191776895 -1.97191696149 1.80851805154 
-5.98833183449 -2.2762855897 6.7422300561 -7.66219019217 7.54046903119 -0.0896144085839 2.21096707046 -1.83659596964 -0.377847756544 1.33791939234 
-6.17463504633 -2.62912467077 6.50466165299 -7.76285945737 7.66854818984 0.143091164006 1.98270511313 -1.94145715425 -0.343401783636 1.26838860232 
-7.70249331294 1.79905128135 6.85122525706 -4.73684660617 6.09916504989 0.0941438194299 2.63005832444 -2.41978820922 -0.493419560279 0.597233443457 
-8.00915612716 1.88017308083 6.95753176956 -4.97579329285 6.4279231499 0.124003368527 2.32062598907 -2.40913491033 -0.856772204412 0.627001334052 
-8.73872272317 2.37462464797 7.1047729424 -3.8010957611 2.45622396425 -1.09763361492 1.55153566506 -3.7002096865 0.232762267415 1.03356746771 
-12.1313615376 4.73603385782 5.23361866061 -3.34696562179 1.461510254 -0.804846477192 0.0525009468357 -4.9534579199 -3.17299315831 1.30432338729 
-13.6590986931 1.94611446079 6.4591745658 -2.25382405943 -1.38314866171 1.31221884044 -0.761738241015 -3.68895294879 -1.75278557508 1.17981160678 
-10.6416920819 0.495986761187 5.98583430043 -1.80123419444 -2.64057172237 1.8601586782 -1.09821238411 -1.9660814296 0.689096095184 -0.261876061171 
-11.5941060688 0.833024797245 6.33963303173 0.0748402616104 -5.19719495448 0.800251700177 -0.443179567121 -1.75742703848 -0.287281230333 -1.47465208628 
-11.8188489934 1.13987655445 6.16335223794 -0.0069058686717 -4.94746617818 1.0469184785 -0.44077717996 -1.45177867082 -0.627063473357 -1.63001209282 
-9.65958601216 0.474813656579 7.81782301049 3.70748255606 -4.96660415541 1.50700271652 -2.31273525182 1.57311780509 -3.81326998456 0.540932670307 
-9.50448678491 0.330554289943 8.17781488835 3.72977912392 -5.08529214695 1.11227308803 -2.4203581438 1.67017081153 -3.79463790349 0.701697319784 
-8.18633000723 -1.22749841107 6.9729649388 6.676278949 -3.11298307428 5.33878035485 -5.03606716878 1.63306119453 -4.20614496188 -0.175493928605 
-8.07194124623 -1.34253622453 7.01292883271 6.80622450944 -3.22424270621 5.27215093367 -4.84318757263 1.54398327743 -4.32458273023 0.00293951236148 
-4.93509624093 -3.94287360186 4.20161719585 6.04144846485 4.85019320191 7.80024584837 -4.41119866749 5.42246874423 -3.97885407367 1.04679158085 
-6.24492080851 -7.69758552029 3.51812376228 8.38029312121 5.16829359065 10.577598947 -5.19009694703 5.72757639355 -2.9356198783 0.244096721931 
-6.48929331695 -7.46495453415 3.47790815175 8.26365601469 5.30015003967 10.7557038464 -5.31186139663 5.93727278722 -3.16840088833 0.400974917445 
-3.0870714887 -4.50365095089 1.40505219117 8.23693067172 9.0339344071 10.5603883229 -4.73289037501 6.12923300659 -1.64678899147 -0.694837100954 
1.60019597669 -3.8226924709 1.97972765779 8.27851497049 8.27374181974 7.36588365529 -1.76969617643 2.05823943116 0.593967873642 0.536291097899 
5.7612893591 -4.42624965821 1.6577479224 6.21479600747 8.55340107167 5.92131410234 -1.26324548968 -0.119595391539 1.80372012574 0.152531022902 
10.719753347 -0.302605912694 3.22868025538 3.51717939905 5.73790369006 0.872690533618 -2.11072234883 -0.302050468485 5.21285530424 1.96142947334 
15.8339203153 5.80578002218 4.58820967764 2.93828836536 6.25739289647 -1.14754418226 -4.57467783012 -0.335738820589 6.9549792975 1.39476609039 
15.6730174125 5.51086882422 4.70470456172 3.06095991805 6.39132485036 -1.15335092523 -4.33450698354 -0.396008729399 6.9813731835 1.08901816992 
15.3617301946 6.50729230929 4.67579314572 2.79803734205 5.24700693407 -1.58426457751 -6.04915061477 -3.02558244651 4.45806885518 3.91661633764 
13.9526410316 2.5525128619 5.12219892329 1.31125016404 3.50075080111 2.4828325088 -2.39184103444 -3.27276263628 1.8270517898 2.88848659895 
13.5379277209 2.27146326177 4.62341342691 -1.59741764458 1.60380645351 4.36916925174 -1.31613278861 -0.0545451825445 3.86357919919 1.52184886027 
12.2195200608 3.45533655928 5.36093126582 -5.73500539341 2.21568595583 3.73734336792 -3.79465539202 1.65195940513 2.32272035974 5.69198462979 
12.2672584129 1.18046986746 3.6831447014 -7.68669262248 -0.952849171381 4.27940410634 -4.4046049622 -1.35939487801 0.825833062003 8.31211389433 
12.0673632133 0.760122939775 3.74106987781 -7.67394190082 -0.904613551375 4.43183285202 -4.52128616094 -1.17395937173 0.812475392162 8.11373263489 
14.0882182776 5.01291260552 3.40182307787 -5.54796253614 -2.04736997054 1.6702403544 -5.80657855307 0.845453750459 1.99266497635 5.29448502768 
11.9279354007 3.92430040846 3.94348831774 -6.80393471835 -2.00783021084 4.31587820223 -3.31440944931 2.36999832482 1.40193985712 5.60946026534 
11.4679306202 3.84405060939 3.19937497139 -6.0803485239 -2.30825304155 6.18998445304 -1.83133673432 2.74497095723 3.69000936279 3.83225549352 
11.3772508739 4.52848622558 5.61796062173 -6.03057470719 -2.16968835394 4.84409725655 -1.99122440182 3.64449136453 3.55932067266 3.65632510982 
9.97064580022 3.41341124918 4.3245923811 -6.96667882001 -1.95067542413 3.86117750052 -2.32970087002 1.94956994236 0.800220187057 5.23983450003 
10.0690741557 3.62179893332 4.14769275441 -7.05502593622 -2.1991092323 4.02341832758 -2.13511357136 1.86188777281 0.758165447825 5.35767791147 
10.3657220676 0.682577080013 3.93489764361 -7.30257453165 -0.95319960274 4.29774498905 -1.78059383893 -0.517022616734 -0.360278960283 6.38893024351 
14.13353335 -0.785488808183 2.67819760066 -6.56750326418 -0.267060853639 7.57976237147 1.02110921166 -3.08275695474 -0.14730491225 2.80440530157 
15.9405756215 -0.897394665678 1.10129889824 -5.37400468011 -0.295000516058 10.4274482494 3.70129380926 -5.31443064477 -0.919275308103 1.60686223957 
15.3991645602 -1.59170819451 0.79113797694 -5.01323640138 0.562833931411 10.4602244197 5.79893583428 -6.97338517122 -0.67245746294 1.32286189715 
15.6338980946 -6.13330256217 1.72967589369 -4.83946816251 0.263113856033 9.14159869354 3.15644919479 -5.98557740178 0.27723221804 1.51939194801 
16.3825555456 -4.87063178855 2.07575694898 -4.40379060675 0.960885094948 9.00743337876 2.24238858877 -4.8346718148 0.341000709895 0.724482707094 
14.0483688492 -11.2644418905 1.81642255166 -5.43040347432 0.283015381849 7.95074435998 0.413414752284 -3.31425462796 1.83192956813 3.36150531175 
12.6428914671 -12.0207014074 1.49500947398 -3.92198684385 0.821549826531 7.30206534343 -1.20083272638 -1.74630146094 2.10929268018 4.24866792479 
12.5122611967 -12.1554278354 1.68456231803 -4.12281400299 0.892638418283 7.1937939826 -1.16165919876 -1.54753086764 2.25078938356 4.4095505798 
2.43224942814 -16.3040414583 0.980014746558 -2.45763389765 2.97214842342 4.25872162807 -2.79097682789 0.481413557858 0.452040579066 3.81710935038 
2.25420381327 -16.2149995939 1.16150664534 -2.38918120053 3.04438347861 4.23289525646 -2.87079551452 0.587519897238 0.38766201766 3.72110940297 
3.01927718377 -17.1403793392 1.79068294971 -1.55059764585 1.00709860085 2.75997936754 -1.56035984651 1.23796480482 0.878222237509 3.87092939986 
0.929037397762 -17.4195466677 3.68945846849 -2.68752118474 0.951026463559 -0.463903077891 -0.563821306309 2.80216904269 1.88760036505 1.6654425134 
-5.05803724879 -9.37445832667 4.59276189929 -4.71613644254 3.89282283379 -5.06102282796 -0.703969115626 3.45028913046 0.731522195582 3.19116768295 
-6.08591701392 -7.03474158016 4.81414367133 -5.26515267635 3.14634184637 -4.72214017526 -0.240208905115 3.41823339128 1.23613220808 0.15505921442 
-7.08492784013 -7.25447587117 9.28610621323 -6.6461389634 1.6379741739 -4.19172332225 0.00296168731499 2.87853221882 1.02378671806 0.49027562664 
-6.84946352015 -7.06963515439 9.60096137373 -6.73313636246 1.72854960045 -4.09187144439 0.149521694792 3.07986069413 1.37046225236 0.717361541044 
-7.08473503047 -2.64587004033 7.98587605376 -9.02478698978 4.74680069045 -2.3208576914 0.458353009183 0.258537393247 0.335335279443 2.2177779709 
-8.56572530359 -0.0504525405733 8.50895102712 -8.10694876078 5.83450538672 -3.1402279636 -0.429745117209 -0.711813740769 -2.27951394939 2.42687912998 
-10.2495866023 3.43761095012 5.27883811295 -7.87935807192 9.41253446768 0.0128989940531 -1.4525883954 -2.25711619133 -3.08504352209 1.39960587769 
-9.95904455979 1.56947608485 5.12899204579 -8.24987291909 7.73178373124 1.84426362804 -2.22238351639 -4.69024857136 -3.8931362039 2.20782443706 
-10.3462222191 1.61206717691 4.50734711786 -6.6194984253 5.0056585039 1.87920294357 -3.42991648574 -5.07910793493 -2.52201216536 2.02358332718 
-9.54520783187 1.27084061577 6.06009715069 -5.81583475801 -0.298571575654 1.74186269368 -2.78710982966 -4.74157596214 1.10499111235 1.77056488198 
-9.68112681532 1.64985237691 6.08450932198 -5.98190578537 0.0345175177867 1.71677764207 -2.90360762078 -4.67413677367 0.900447015881 1.85412607708 
-10.1850664932 5.35691728928 6.88231441431 -3.79363971769 -0.742468142331 0.408662158058 -3.37115928456 -3.68258058818 0.497120617394 0.129227183614 
-11.7688364729 2.69592500176 6.05604708825 -2.84982327836 -2.58109549934 -0.247174508442 -3.55681627257 -3.62834054125 3.20700875872 0.161982169257 
-14.2369055396 5.32650538139 5.45059605548 0.532344779806 -0.872757226016 -1.77631150969 -4.81541797789 -4.62806738813 0.236345780729 -0.667546658275 
-14.3235981859 5.05796888912 6.28369679301 0.958967094207 -2.04037182463 0.0988389642864 -5.48445344947 -4.46128791735 1.0846318019 -1.51257860418 
-14.4009119943 1.03488095832 9.34044091021 4.43353613321 -6.80585228816 -1.34807197365 -7.10854481882 -4.90838286172 0.130274002796 -0.465476179208 
-14.2057401337 0.843655424854 9.25367131084 4.29035274834 -6.74824427373 -1.27872599288 -6.91221132524 -4.69126029902 0.321281745484 -0.534270985858 
-15.013199282 -2.73424543633 10.0775625013 6.93855916594 -6.98419437677 -0.111004346927 -6.61518606076 -5.63050491168 -1.86455154668 1.63972588872 
-12.5832586185 -1.59779334597 6.98101590733 6.55275762807 -2.79111419442 3.80890809028 -6.78734749301 -2.44074805401 -0.19324632799 2.04668499829 
-10.8418329718 -3.92143952458 7.57750391908 11.4445715843 -2.21402963166 2.51541621321 -7.69478316706 -1.66740821 -2.99431740692 -0.39790807632 
-8.37751721239 -1.97792000577 3.55702188961 10.3238437823 3.82685643389 3.04120289599 -5.19997988039 0.167892322354 -4.78818091838 0.179425487904 
-5.87088126594 -3.55754828257 2.29870002486 11.3074891456 4.21897453517 3.52093142377 -3.30382374423 0.553293855816 -3.42179484328 0.26359708558 
-6.39570078713 -2.99620646743 2.47363669247 11.6069659436 4.62091845689 3.69638724285 -3.21437376591 0.837753505468 -4.07686638698 0.399699415214 
-7.19232538102 -2.00517024809 0.742271864981 11.3654701585 7.74107197949 3.48100522362 -2.00928542709 3.41264435025 -4.00030732068 -0.529435293615 
-0.506608977824 -0.0292356920406 1.41935174749 9.81317272199 8.90763090612 2.42057593736 0.122908251986 1.17595653091 -2.14204502247 -0.805488325542 
1.91642105528 -1.32071124403 4.791112972 9.92528094207 7.0615639802 -0.695250833766 1.08595561583 -1.91275650408 -2.06918504475 0.857135002567 
6.43799815341 -0.169720186701 4.2050006418 5.47717802564 8.18838602555 -3.18085745695 -1.25377199907 -1.51651841938 1.88928372876 2.2065985815 
12.6493390402 2.01861023669 8.03754575144 5.05011893641 6.70956737391 -4.40668783167 -2.80158218899 -3.46553932612 3.3554040216 1.15042524629 
12.6060382488 2.17322872284 7.77972056563 4.8859347483 6.64133313039 -4.60417486661 -2.70166995512 -3.61955063727 3.23689697884 1.3190666161 
12.9864761001 2.7327141791 6.34436880107 4.73397019123 5.91094158819 -4.25465579254 -2.19747790685 -4.98105704766 2.28299326193 0.0584601598794 
14.4314070031 2.27021941872 8.21157729277 3.88019587909 3.83230338101 -1.89907066167 -0.110189946527 -4.44127546252 0.718439268068 -0.465414899752 
13.2752111128 4.48164435752 6.84771993825 4.13268072603 2.84650489739 -3.49967702265 -1.49492643254 -3.64500245584 0.127939580433 -0.429580085437 
15.1772770894 5.8262836445 9.58467055376 0.611152768037 2.12776799519 -5.48388970932 -1.54072987404 3.23478553054 1.33889872299 -2.92076305252 
14.9122438424 5.76664650548 9.01964090055 -2.69087776216 -0.0465332207322 -2.67364847817 -4.6075198041 3.80767713653 0.0836326946487 -2.36132877063 
15.0864097472 5.88609836502 8.82171009057 -2.72933454701 0.000879359538139 -2.50543432159 -4.51873221667 3.42574173835 0.17375233682 -2.16847623665 
15.8177795022 6.35250015227 6.52163587454 -2.12827001096 -0.27445169826 -1.50787710297 -4.73397369314 4.44226062759 0.424932623542 -5.26679176126 
14.5401188756 6.04622443219 5.29994946212 -2.50047817465 -2.49984923351 -1.85409721407 -6.886360312 4.33777971412 2.55146594863 -5.91667552755 
12.1490407888 5.58259903093 4.17935622669 -2.8511658918 -4.45905490457 1.02802604208 -6.058808101 3.27319129534 2.72214547477 -4.68518965995 
12.2701758692 4.18535729721 4.78220357793 -2.77708205776 -4.33385773815 0.892298959627 -6.14950027918 2.69761350649 2.0092797697 -4.9116219004 
13.8057484681 4.62006075594 6.5125969735 -2.76688138796 -2.76898934269 -0.781920668041 -3.10525531338 3.71193085673 1.16158185104 -4.08846294411 
13.7411296927 4.74242396097 6.75993853741 -2.77418546126 -2.4324524883 -0.924599853613 -3.15325514882 3.57625733157 1.35938607482 -3.78476706785 
13.0515147361 3.49285284601 6.22492880723 -3.2633762175 -3.31851390104 -1.71153105732 -3.87464159796 2.18593446466 -0.721159290439 -2.91625546942 
15.5681446304 0.49722947926 5.01754055111 -2.26766733772 -1.59406201649 -0.327754385445 -2.87160714282 -2.11192970851 -0.28828850704 -5.32073242389 
15.8801819256 -0.468792150142 3.68342087747 -1.45067072337 -1.20771060183 1.8073316778 2.28131513299 -3.68162362976 -1.16054224946 -5.30395691678 
16.6284445448 -1.04921098756 5.26477889521 -0.787686249173 -0.0144603234849 2.46697704838 3.9352534876 -6.66161275033 -0.821728401803 -4.8269914442 
17.393203582 -5.09685609514 6.92159031047 -1.54681803829 0.374940646986 1.18872206392 4.37502279049 -5.17988514298 -0.550862323917 -2.94502705552 
17.3415521227 -5.25671667796 7.01318037581 -1.49682481303 0.461025513165 1.18279885881 4.33742119489 -5.05551862925 -0.434593580702 -2.89633857549 
14.7509325669 -8.51737446779 6.75560697085 -1.53805601332 -0.54564790813 1.95340984903 2.12981936143 -4.00470463847 -0.571456541947 -4.21197798007 
11.9508626 -11.4014199688 5.43452221734 1.20040711761 -1.59663163989 0.50381390968 2.07402603863 -5.76403337472 -0.906880060783 -3.43720729974 
8.88223074961 -14.9249030659 4.24476372891 0.202552746213 -0.801718573135 2.40639024133 0.401643383185 -3.40377689258 2.07961334278 -1.61629243078 
5.14456715728 -17.6130511619 5.63642662442 0.0361212648956 -0.418803218198 -1.50514447916 -0.395342231989 0.0541333194721 1.43128669872 -1.06446741628 
2.57557609312 -15.4554002814 4.99406309151 -0.251932258636 -0.806885335794 -0.704330854913 -2.48885278637 0.403347409457 -0.177949235446 -3.04274354244 
2.32671620825 -14.9577662927 5.81761383784 -1.18001272329 -0.207752574379 -1.88777733023 0.106796991835 2.19695047955 -0.670502139316 -2.10237559007 
-2.20057760358 -14.8037678556 8.92196872186 -0.313556664551 -0.849729964317 -4.56256240099 -0.858627955581 2.85214959986 -2.09634180102 -1.79746689979 
-6.6839034895 -9.01733524651 7.41531280331 -3.89303785812 1.25677944042 -8.06034581788 -0.212031968839 1.94777999719 -0.913233067066 -1.71778197863 
-7.78331980676 -7.90202837071 6.09042411599 -1.7067473909 -0.242389672151 -7.70097366724 1.28668974415 -0.700362561973 -0.118781428461 -0.992922731971 
-5.37238227106 -2.23711361527 4.67865450302 -3.418250618 1.02024281682 -5.66339581458 1.09481273327 -2.38728247571 -1.56915428013 -2.13758558358 
-7.68981804345 0.715423424055 4.86215953744 -5.39539037228 3.32674579028 -1.62729760989 -2.78921157717 -2.83153076838 -4.13679317001 -2.01844877759 
-7.98017440498 0.712529327478 4.70353287299 -5.62360778635 3.38665246501 -1.65436789492 -2.64873575751 -2.55631564934 -4.19134533953 -1.92374800525 
-6.85299911944 3.02443573373 3.51486605748 -5.65373310982 6.14760571778 0.257572824768 -1.68664305291 -2.49188219489 -3.49083919974 -4.12494175557 
-9.66941996575 2.58605131613 2.71187534144 -6.6292385899 6.8419996678 0.848579204586 -2.20383447136 -4.20371419999 -5.37855608407 -3.57789505377 
-9.1693506251 3.60716124399 3.1127648907 -6.87438448791 5.52206361316 0.874040260657 -2.91751940119 -5.68520666509 -4.87762433089 -3.91858333481 
-9.86963801915 4.39641522005 4.22831040154 -5.35800824154 2.46373320284 0.0167791370497 -3.19783827543 -6.1161913369 -2.27000892943 -3.079067841 
-9.51928310877 6.1890761455 5.84915071787 -2.02709991591 -1.35177111309 -1.94437078873 -3.04097721503 -3.64028572257 1.15039216964 -4.56599884613 
-9.87180282119 6.47941485398 5.72108895959 -2.10350221606 -1.17637253026 -1.96103579495 -2.99116481725 -3.64066709399 1.14638577063 -4.44485437941 
-14.1578590496 7.77608287528 8.04615497516 -0.395546573484 -4.71227788743 -1.59786725713 -4.75701970179 -2.84717663283 0.223580292575 -4.67004081991 
-15.107549594 7.53839648083 6.41657905332 1.33802576138 -5.15765290895 -2.66396455025 -3.4970539277 -3.01246330489 -1.29779987134 -5.46398871777 
-15.8903847512 7.15419295737 5.86775546307 3.91143841103 -7.72372370178 -0.54089562623 -2.70039135152 -2.99566400474 -0.617285191251 -5.41314448862 
-13.6191583423 1.88523878379 7.46362515624 5.65275266902 -9.7751149785 1.33549254175 -2.82544272528 -3.5021643835 1.44106457206 -4.07460106455 
-14.8159704377 2.19540335273 7.85619134325 7.76302351767 -11.1099280738 -2.04114140234 -1.1736151422 -5.41172022037 -0.401001188056 -1.75548213862 
-14.8112222385 2.19875131101 7.97362579988 7.67565727716 -10.7370970344 -2.09664527262 -1.05754635796 -5.29237259255 -0.389454271258 -1.95761371343 
-15.4537842954 0.807858260711 9.50093794694 11.899884772 -11.8156888639 -2.5338522817 -3.06649559315 -2.24976888927 -2.22398467819 -1.12100498051 
-9.83332405802 -0.479446101267 7.15423933188 11.8141195558 -7.01460846441 -1.94961525265 0.179762955037 -2.00541964964 -3.19277497813 0.191468052691 
-10.8327877327 -0.093731310184 7.37888166454 11.9320170091 -4.19238896931 -2.5081137345 -3.08442609394 -0.179616430036 -4.33986984127 -0.551464214164 
-9.23092024612 -2.17519880017 4.9555200746 13.3909319001 0.584944901429 0.130219793145 -0.629110463478 2.38187991201 -4.0384888734 0.0271937546459 
-7.40453332448 -1.95653610831 3.35961214709 14.0889997607 3.68910669719 2.88898994402 0.434372284776 5.87086190032 -3.33228587062 -0.623794420293 
-7.35913355654 -1.81434621228 3.34456575096 14.1399368562 3.75305682423 2.93742065678 0.387312064902 5.83140665951 -3.33518621308 -0.650924172312 
-3.73941634866 2.58927441264 3.27366732601 14.3564447493 6.82802466546 1.34625913509 1.04356167594 7.01224474389 -4.58864140364 -1.80562706585 
-0.267405696854 3.99354786208 3.8117290157 11.2920548306 8.80072777319 -0.703361091406 4.18710360403 4.59913990182 -1.9334096856 -0.898260966892 
2.6624680131 4.07054521926 4.02998393848 9.06008365009 8.02393243432 -2.03508726021 5.33600323351 2.27900327712 1.16940557442 -0.803754423767 
6.19482552043 4.23949937661 3.14764175627 7.09499632129 6.16109306586 -3.44298469364 2.14350087577 -0.362342874716 2.65472093177 -0.401198171333 
11.7518436716 10.9417842429 3.22560694708 7.87789221411 4.12944571926 -7.52233653796 -1.01808658761 0.117451207478 5.11992815791 -0.949846853181 
11.7580674279 10.7210380961 2.76244418319 7.92861269347 3.91929464853 -7.82262223391 -1.17942090887 -0.158947069145 4.46695904967 -0.121440034035 
17.2390091934 10.991208074 3.88030686927 7.23048729409 2.99537737275 -8.65871290314 -0.532893703077 -3.73285262029 2.9243112221 -0.907315053365 
13.3927262978 10.6213571811 2.07879972685 5.71469562201 0.715614561575 -6.62200681919 1.26734456945 -0.315591117105 0.282541113656 -2.12618471494 
9.02180217603 9.78606837721 3.45386504586 3.75356503356 0.691107255871 -2.70878340165 2.21394098665 2.10406068289 -0.590830884671 -2.4885519947 
10.7126967732 12.6228919825 4.91228551938 2.44081765892 0.903867161426 -7.09396405615 3.7972260407 4.20471117232 -1.61112480381 0.928902775101 
9.76573036956 11.3053413357 5.52372040578 -2.90576806295 -1.33408682193 -6.82570026965 1.14564852251 5.99304218397 -2.55099280134 4.99373901642 
10.769871642 12.7613737643 5.50076672812 -2.68321602672 -1.38309237756 -7.80405339934 1.36074511019 6.44047810016 -2.63648306183 5.55180690977 
10.9283745545 12.6665200759 1.41856904936 -2.32653282954 -2.65184919118 -2.47760183988 -0.28248511319 7.90648422925 -1.04869223724 1.58938151968 
12.3586059702 9.45056964042 1.47006803077 -2.73588763443 -6.78199534899 -1.17411369276 -1.76589355564 7.88733895595 -1.07522311258 -1.13572211139 
13.7501199234 6.9434486726 1.6400103256 -2.52781233981 -8.20016999713 2.85342837032 -3.076480847 6.83890990529 1.18044925272 -4.3687741914 
11.1451790582 5.14252006133 1.06109109924 -3.22029814204 -7.03930680424 3.69692832548 -2.5547675999 6.58554799115 0.569329672814 -3.83111359277 
11.6976206785 6.09128879135 1.19618640677 -3.99143832852 -5.14319923108 1.49230454713 -0.575125356497 7.82846754301 -0.773713820014 -2.5695188573 
11.3200773467 6.00266447578 1.21521384565 -3.82712503264 -4.97745489596 1.75756255493 -0.631474258273 7.82710984304 -0.657090442133 -2.8437139263 
12.1203920293 6.21348460448 -0.903079856948 -1.56289267545 -4.68171537563 3.93469525437 0.0770955464679 2.82714680861 -0.929778413155 -5.85740679587 
12.7372045196 2.95232557126 -1.59920802038 -0.881915570533 -2.50868643171 5.88222922453 1.82164570439 1.32014093103 0.147757690514 -7.35887997253 
15.2268227489 4.10979088575 0.415568037315 0.559838147161 -2.06851686564 6.49128115213 6.44555796549 -0.735759552783 -1.3438996333 -8.00148860667 
16.4864559132 2.30294613507 -0.444567368408 -0.85060699715 -2.32081715344 5.41261751693 5.14232029379 -2.93172567562 -1.66524576871 -5.9204536776 
16.1790946271 -0.674807990438 1.13257268669 -0.882531940908 -2.11001499647 3.70769057627 5.53073214978 -2.23060434866 -1.46110332234 -3.52881451358 
15.7660091431 -0.890004512417 1.2844235854 -1.06327276639 -2.06603013065 3.61089765691 5.56039399742 -1.9793491804 -1.42222297392 -3.18793500141 
13.2923214711 -6.47016721024 1.14428569672 -1.67020527468 -1.70913037847 2.47809302891 3.31399009798 1.26973250923 -0.732991141918 -3.43033160776 
11.4642329827 -10.1638635621 -0.55292217666 0.233128010981 -1.94564499664 2.80209329469 1.7713258117 -0.206398992631 0.844199318128 -3.19759385104 
7.21651661325 -13.5210107496 0.983830717011 -0.45747728783 -0.900722968463 4.23383655025 1.75252468588 3.04895740065 2.88317664857 -0.164396509451 
5.07554094683 -13.8151203087 0.133097923202 -0.771954789699 -0.34512153304 0.526855863651 0.345145770919 6.51948064287 3.92078374685 -3.71921897514 
-0.646395763633 -15.0788208372 0.347323007463 -2.60887882645 -1.2374989448 -0.422479221508 0.344873327146 4.77503020193 1.81073855639 -4.0664595993 
-0.636346614669 -15.1338370397 0.249327035997 -2.54729254511 -1.20749132412 -0.294382555287 0.52196206357 4.64944098037 1.69683555453 -3.90932513744 
-3.09674465901 -14.5195398688 0.0897036515628 -3.7826234161 -2.13709527152 -2.02080661226 1.71777334048 4.44681653412 2.30888603568 0.402538421516 
-5.78521474769 -10.2129777358 -1.44797586443 -3.96297012303 0.154073530774 -1.34437441005 2.10367812555 4.36533603174 2.83881221376 -1.18606263209 
-5.9258494813 -5.27702912894 1.20192560746 -3.57681643379 -0.68122252439 -3.65653949286 5.17996875428 4.43173185716 1.83494846341 -2.76033579701 
-7.26768513417 -0.831533820736 1.90138502613 -5.99028993181 1.60126075942 -1.11372393779 5.80927090447 4.72312395105 0.607646382821 -3.41132013659 
-10.1361757965 2.43222875301 1.98326056979 -6.56448315242 2.7258721213 0.134994984554 3.52218553366 3.05406612503 -2.36345402856 -2.63328810644 
-9.89797481822 2.20412677344 1.78241520111 -6.58054094436 3.42563734252 0.0421576331791 5.1645222319 2.64689102805 -2.05955380746 -2.38639716598 
-10.1331577968 2.91739832222 1.44359553053 -8.5370249124 4.6548520307 0.956211674913 5.34141024841 3.1671363953 -0.907062199214 -1.40912255456 
-9.55336083064 3.22901548427 1.59948874011 -8.52020876896 3.11893916198 1.60130503177 5.96754516589 1.54084068182 -1.79821430691 -0.174678744375 
-8.49071910145 3.86683069791 2.0577402464 -8.36702519098 2.11840174604 1.95036129722 5.49278418341 1.32393766735 -2.20893165839 0.724473932256 
-10.7512930895 4.84356943086 1.36702849634 -6.83799076857 1.0799637006 3.81732946326 5.28991965889 2.59325226666 0.524790634121 0.617430908052 
-11.207868319 5.29054709192 0.743745453698 -5.09381020659 -1.42222701582 3.14239682726 5.54623148192 1.81830253935 1.67212515969 1.70140565701 
-11.2908751123 5.41213906863 0.684698113971 -5.09451416071 -1.40835499371 3.0781813412 5.69178793907 1.64294094269 1.45550566389 1.77586439168 
-11.366605873 8.37094055534 0.703403743845 -2.44318824748 -2.68935755219 1.61963388398 6.2585785705 1.07249362178 2.10394559041 -1.74195177159 
-10.3726154101 4.15161033585 1.35915919932 -3.13679228819 -8.16204777497 4.23748202914 4.15930051658 0.425933431322 6.7867688912 1.01359704777 
-10.6875881499 0.30885695622 3.3961110457 -0.0779413953209 -9.47344275406 2.2847358493 5.13247079265 -1.44639085154 6.22417367162 1.57483988156 
-12.6010423195 -0.253764458402 3.39884203429 2.79672401215 -10.2701194539 2.10104030763 5.2298610427 -1.29866617035 5.44562200475 1.44203698429 
-11.7269995463 -1.30434050422 5.23964756129 4.60931579862 -11.4614731205 2.01960414729 4.2647009703 -0.970445729506 4.27638175074 0.220270239792 
-12.0705109921 -0.972346171882 5.25249394443 4.9939290972 -11.3390615395 2.06987329918 4.40026655448 -1.00761056409 3.98462506358 0.265894028679 
-9.53685695384 -2.55109220093 2.53625722469 6.17080019957 -10.3615906839 1.35325102899 4.89406295973 -0.579300201876 2.89701431432 1.4895334319 
-6.72598782811 -0.14575894668 -0.0631940659683 6.98557883184 -7.53128144256 1.16570451781 4.36601305948 0.186591089984 0.634266023958 1.53387334684 
-10.6815615038 0.0772819397846 -0.891975646509 9.57780371825 -2.54904567571 3.10803548325 1.40894956133 4.51270473652 -1.34391265753 2.61670536525 
-9.55408432011 -0.971396805982 -1.05013579807 9.0177295469 0.531309326738 4.40356388341 2.89102029403 6.69262018361 0.739921165389 2.33851629208 
-6.82659754878 1.51996058971 -2.74793925015 10.3045299501 4.3802281922 4.0033511367 4.04095301522 7.00363109159 -0.912306874181 1.9418056613 
-7.2590204803 1.95590858384 -2.85468044925 10.7301255937 4.65061395851 3.99903041227 3.58944795249 7.13566965902 -1.07483443097 1.58428079573 
-3.23082551221 2.30689918442 -3.29771724628 8.7671197555 5.67453800165 1.52403495737 3.50517465936 5.06991073273 -1.71270945446 2.71413922498 
-1.20505244926 4.51406803506 -4.04674476871 8.31925707475 6.52058664712 -1.33706321281 5.15619842769 1.99847395675 -1.90132159364 2.51845144606 
0.968103163621 1.75889836899 -3.53215698587 6.63004205578 4.99402385829 -1.70319814863 3.1638108117 0.782293144406 -1.03876420714 3.51387452807 
8.95297185708 4.01453877913 -1.60150175626 6.54767703259 2.10886229118 -3.18983090284 0.82837885663 -2.36164665438 4.11384863888 4.19789990428 
13.207329045 8.67450146609 1.14411321973 6.61143345634 3.07857134478 -6.80225901084 0.248743010488 -0.528335101287 3.7956434162 3.93658396225 
13.1495771791 8.71395817119 1.07002306048 6.47512006134 3.13040320582 -6.70902160039 0.648427583352 -0.466452982108 3.91301716247 4.0044946991 
14.7745860744 10.4562130397 1.92869650064 6.51215981722 2.25906201015 -7.77145482271 0.482497912287 -0.892534725266 1.26506163269 3.32257723028 
11.164650476 10.9069698902 1.91485967434 3.32162234925 1.64168300221 -6.92353232102 3.27865487265 2.57524314393 -0.174001338037 5.08685765072 
6.25724737833 8.35798518122 -0.209384603696 2.17676446633 0.139600772399 -2.99490182699 4.73292320926 4.02723639542 0.799145795455 4.58693822959 
5.06671587377 10.7324114279 1.46853719708 -0.316362845484 -2.220492095 -1.42955433378 1.97579744628 7.85158299252 -0.0901999026291 2.6034771043 
3.80096689229 6.48046083957 0.832283161547 -2.63845376658 -3.56713939196 -1.69884675105 2.1448356744 6.34174559509 0.893367758827 2.31901897775 
7.94478029768 7.02069960137 -3.08385600539 -2.56278061578 -5.92935563836 -1.08927978902 0.705635725884 7.22459741797 -1.79542876391 0.396860879019 
8.138031692 7.1410278418 -2.9513075317 -2.34994213626 -5.89702613704 -1.27398648217 0.80957749427 7.15608109083 -1.7422566197 0.648858198631 
11.0552187927 6.81538621347 -1.79333853047 -2.21011691369 -6.63036945022 -0.254552241817 0.0557979709258 8.04228993743 -0.818369267139 -2.568465582 
10.9622761424 4.82194675074 -1.62231107469 -3.63029169748 -6.57800096164 0.432774449645 -0.383475053266 8.04181811373 -0.540376585135 -1.36090620633 
8.22225082143 3.01443928132 -1.67514045549 -4.18383473204 -4.31043400259 0.175079490868 1.29583785565 7.68463174875 -1.05521311173 -0.386115473975 
9.49317713181 3.02471606844 -2.60794274889 -4.59864939423 -6.10283638192 1.38965965786 1.20930871132 5.16213925117 -2.00090264734 -0.905316576516 
11.1738284219 0.880119207768 -2.5012154284 -1.77684961577 -6.43349263684 3.59816560743 4.35385205804 -0.181564451695 -3.46079697258 -1.76176781577 
11.2151775312 1.32289951585 -2.47327438025 -1.89048450537 -6.74928403211 3.29852287873 4.5818194337 -0.37758567199 -3.81529357612 -1.46662212031 
10.6264844138 0.540763967406 -2.05149221033 -0.349011774435 -4.88327303369 3.10658636244 4.85199371782 -1.03379231871 -4.35884750078 -2.29639322044 
13.067473388 3.09472745208 -2.60563264657 -1.07784674166 -3.61629329477 2.72891169876 7.04472878276 -3.32406634082 -6.13059815274 -1.47441708265 
15.2523749213 2.32684670155 -1.39630614388 2.1760979051 -2.74138981601 -1.77794222879 6.62889136143 -5.67565814384 -6.83493105864 -0.100121952367 
13.3242056532 -2.88790820014 -2.40580118915 1.42114853734 -2.16412756975 -0.469343592012 6.00707554369 -5.006968888 -5.25031806156 -0.477009868678 
13.4495955919 -3.079424544 -2.47772800855 1.00978309532 -2.35604798408 -0.254204515842 6.0700092489 -5.23201950042 -5.21472720287 -0.294316334709 
11.4871253782 -6.63655401993 -2.25830061325 0.931898727693 -3.92508176977 -2.32479075459 4.07575378129 -2.15843575455 -3.78418786959 0.488042811223 
10.2604814633 -10.5396538866 -3.07902598577 2.54250927902 -3.95530379135 -2.00171844575 2.02896505614 -0.0129041012901 -2.00904112969 0.942953099733 
7.89308498043 -10.4998666064 -2.81950256823 1.59298168824 -3.22475504538 -2.22290333511 0.654765317435 0.723579613875 -0.671942423186 2.58202898307 
4.29082269683 -10.8000090844 -2.64794763987 0.72974068981 -2.85645507876 -4.45331959205 1.32434810047 -0.49848999475 -0.90202644289 0.930042017726 
1.37368213626 -11.3370426654 -2.47966397715 1.30874514079 -4.20352510828 -7.04592741694 2.59671086317 -1.3358950015 -1.90323196435 3.02538759547 
1.46026248519 -11.6181823799 -2.53634753228 1.37309930395 -4.30854157569 -7.21775409751 2.60114313968 -1.34262037843 -1.85897761266 3.14238881309 
-2.05796241834 -10.9546642874 -0.911757244629 -1.27796341159 -4.46501051169 -7.71646534173 4.47602084458 0.528747684466 -0.102021067441 2.07688139368 
-5.19210979591 -6.31827862096 -1.67879008067 -1.88180350502 -3.24588059328 -8.33332140152 5.46526461982 0.555610545771 -0.145657840109 3.95270909248 
-9.61509740639 -2.59957081857 0.155242107554 -2.37289935888 -0.166874046172 -6.5282099187 6.56479930062 3.0631013253 -0.00357204885196 0.776148496028 
-8.62325622741 2.57179780494 1.6266245053 -5.21556466931 0.930240740133 -4.94924920964 7.2874883044 3.70009789391 -1.4764849112 -0.269467538748 
-10.7900972885 3.35235611461 0.712671967274 -7.03357947391 3.88361206732 -0.749861257725 5.52577028066 2.56334697262 -2.23611209468 -1.91199602101 
-14.679697019 9.85580978837 -0.686053009484 -6.6191888809 7.14469457521 0.405988328003 5.71761883752 2.62628029789 -3.61485052821 -2.44251662606 
-14.74166735 9.30378269121 -0.488636704672 -6.53695414073 6.69712393186 0.473216164116 5.75866119931 2.26382526608 -3.43362608191 -2.17433989039 
-13.5305330242 7.86177950092 -0.578137977547 -6.72878189852 6.42247562314 0.96236306841 5.7613263496 1.28077979278 -1.83239025715 -1.31014478582 
-13.0603768235 8.64465053675 -0.912248334359 -6.84703199813 6.14862778791 1.53824854785 5.53084315809 -0.68078709145 -1.68482740434 -0.126749043358 
-13.4318290597 6.81179121316 -0.464638918555 -5.74655320747 4.23858219078 2.26341972652 5.7387268355 -2.04010075991 -0.491137537807 0.38390739547 
-13.6620992438 6.7060153515 -1.40109130281 -3.82440135138 1.70122498821 1.52566538897 5.773499861 -0.544495480246 1.83452229502 -0.798601223668 
-14.1710570908 8.13746888604 -1.56657465613 -3.68833736694 -0.365420797 2.01659004156 4.79758925133 -0.288347595613 1.99420982308 0.108905642059 
-14.2335221879 8.12344284647 -1.51889044958 -3.72627792532 -0.372265981789 1.95618151327 4.68129696704 -0.317042624498 2.05014831514 0.104984367651 
-13.7412963298 5.81939225535 -0.529104376044 -0.997747896593 -3.90092401842 4.36831409038 4.17586500401 0.258643474661 3.93688642354 -1.02385652915 
-12.1578696397 4.17225733198 0.242966077712 0.98903720914 -8.64852230278 2.23260463384 5.77712055036 -2.01729587623 4.81790033348 2.02252295979 
-11.6539705068 3.37894273757 0.382880929855 3.49927140515 -10.3981278092 -0.0550625800456 7.23708398646 -1.57850216433 2.6232259138 2.45289713827 
-14.230152046 3.26019745315 -0.892323480487 3.96038961291 -8.23353892538 0.682948996027 6.86234403905 -1.48522900251 1.73069079725 3.82408710306 
-9.06027079453 0.269878321594 -0.872189442453 4.91957872215 -7.17795751513 2.05546229356 6.035570391 -2.34956118413 2.44693843782 2.95853923758 
-8.95867006636 0.290648228505 -0.642241845831 4.90655269016 -7.22234408505 2.14417960075 6.07324405674 -2.51897928849 2.63941745176 2.90945611698 
-6.0466962714 -0.0409429052556 -1.78452462634 7.62360892756 -4.9166359806 1.45574553072 5.84398642323 -3.23958069936 0.487144260922 1.52871264926 
-5.13319031772 -2.00716009173 -1.39661520541 9.87672606496 -0.938963123286 2.85462702453 5.53684451692 -2.76896105337 1.41199700964 2.21926008952 
-7.30101969759 -0.785474597565 -3.88989810494 11.7948150022 1.0268367832 2.60774790012 5.39997067441 0.89348237865 -0.679539142028 3.61302160472 
-4.83982824541 -1.0691865682 -5.11686684588 11.2428872325 3.70457608809 2.56387781433 3.46564164186 1.52658076389 0.245062707832 1.71088786655 
0.0197560062387 0.859881696429 -5.60305027938 8.99603200344 3.94642075454 1.69815633157 4.33969201521 -0.624101581458 0.631855961443 2.21985753152 
-0.304623914602 0.994150102367 -5.67596908926 9.31474341926 4.35610403042 1.87610185842 4.23155548583 -0.378084914242 0.545169322693 2.09992085392 
2.30305639364 1.12330901882 -5.63056107341 8.87681748315 4.64019998313 0.719803289871 4.03394946802 -3.68912693336 1.07868336969 2.76444400926 
3.26358460934 0.906313090176 -3.93395980287 7.93239117576 3.98971063213 1.79384267023 3.36301759864 -3.23411599343 3.89255871335 2.25353983132 
8.89075322406 1.95415818962 -1.21778281324 4.30438124796 2.44809353904 1.59514285824 0.374274022324 -5.60870810834 6.19987960865 1.66699303535 
9.75884311661 3.12811887278 -1.6602215968 4.56373108261 2.68483851913 -0.861770468512 1.12531982386 -5.85015497022 3.78699725369 3.87128676126 
8.1095103218 3.87320665704 -0.235127997345 4.49862765848 3.48964398505 -2.18502507488 3.72208038499 -5.14149159784 2.02826106078 2.42290181323 
7.94461692425 3.82864206635 -0.0169731172656 4.32775485243 3.46841034894 -2.03667358328 3.69767355493 -5.14905026583 2.29792220228 2.51661395182 
6.36397267338 6.06413245944 -2.16169967574 4.20316558523 2.62114330371 -2.01114686352 3.2809234301 -5.1923993585 -1.62313702652 2.69925494467 
6.44319475074 6.09297628117 -2.10096641696 4.20029435323 2.74483236312 -2.00147023261 3.1555467986 -5.09821714627 -1.51556045576 2.49230764283 
3.78272697583 6.09178363457 -3.33859875342 -2.45632855325 -1.02311561042 -2.20414489338 -0.0933997684068 -0.00629675733781 -1.70605183714 5.38007736601 
4.43410864036 4.64536817378 -5.77892830994 -1.88346289964 -3.01858871383 -1.02008754469 -0.483144443421 -0.0491113006864 -1.41454244543 3.75129352351 
4.37491136392 4.52173287246 -5.6662913562 -1.88622173335 -2.88820731543 -0.905094833496 -0.636659898722 0.180573118485 -1.17548209721 3.8695955386 
5.65233778553 5.69736873545 -6.93683146619 -2.05213615276 -4.1140782936 -0.606701130711 -1.2521186229 -0.217430201552 -1.63228142771 3.29710586541 
2.01533889887 3.26868776365 -7.19918532456 -3.54513940744 -5.37204378028 0.334511103395 -0.126837417663 0.0160493959045 -0.890963961466 2.96810245465 
2.57692152677 5.95129219829 -7.06463296991 -3.62184966782 -5.21610485298 -0.213009172869 1.01935355048 -0.624619498299 -2.02405605557 4.361581054 
3.44511409839 4.75667029154 -6.94471698943 -2.3839535127 -5.37371865409 -0.76042886689 0.58843940913 -2.04158475116 -2.29279662983 2.93450817431 
3.8719277734 0.232637437223 -6.94850626147 -1.18078327394 -3.85432832194 -0.773895882963 2.2885107681 -2.15375043827 -1.06274865304 2.63278149588 
2.82653960623 3.31239691547 -7.54395923246 -2.40880139026 -3.25420000048 -2.48514683669 2.95769446631 0.85823470147 -3.05606904477 3.68991158384 
5.52834695356 1.20859225271 -7.85007761807 -0.686945813828 -2.40550870278 -2.84617813604 2.32254046563 -1.48557933787 -4.11171293814 0.8344494811 
7.39646705111 2.58263108646 -7.43125895424 1.3428303791 -1.91741218214 -2.5589533239 2.78122646202 -3.07034921733 -4.66441471522 -1.69392469937 
10.3901994705 1.66868778402 -8.51103280567 1.8003920491 -0.981190304589 -1.26448685939 5.49427364389 -5.69329183791 -5.26701941532 -1.23955797059 
11.2662595723 -0.145686234628 -7.77935854949 0.751186432906 -1.33172660361 -1.39589212614 1.82676749142 -4.06090301182 -5.83439181961 -4.00488871322 
12.1361828482 -3.76208185874 -6.46879295157 2.71827313969 -2.28272588639 -6.16769815975 -0.0915732529283 -3.49973626403 -5.44337462352 -3.23679603563 
12.4241558022 -3.52707567264 -6.52543195652 2.786854798 -2.21633789668 -6.24098491481 -0.108225133224 -3.80061666033 -5.12870927138 -3.35450550453 
7.48682337537 -8.58308171846 -5.0032185641 1.88443960596 -3.01731856815 -3.7428754274 1.0627095672 -2.90746042652 -3.90404510021 -2.45828284166 
1.82304643034 -14.0600824814 -6.6539646946 1.66735429003 -1.80102878996 -2.42659718437 -1.06990097622 -0.191882910465 1.34673490635 -0.30261605458 
1.66829611706 -14.614983306 -6.40572693773 1.82276851424 -1.70913636068 -2.18827065317 -1.48884871422 0.0198576005824 1.54247009301 -0.480812102971 
-0.307501735756 -13.1458007348 -8.77916252294 1.41217592908 -1.03088891645 -5.32549833974 -3.34721904655 1.17202119857 -0.855103288545 -0.628468442392 
0.345512461191 -9.42569288206 -9.16498451525 1.28359259864 -0.939194244283 -5.04441679158 0.42531660999 -0.0874981110733 1.16385809752 -3.38237392768 
0.533008351303 -9.35303830798 -9.31510186711 1.3005872595 -0.958801108098 -5.27661032983 0.769972869155 -0.181846752662 1.10880259908 -3.32874812388 
-4.56682896486 -8.5296056046 -10.3389318182 -1.60453775494 -0.773289385563 -7.61292945387 -0.802366020293 3.0084026363 2.63245849572 -0.724087453171 
-10.0336788302 -5.70665226298 -9.57358883237 -2.14366177047 0.167644663828 -6.02883856524 0.637100480392 2.46060847028 0.728545920038 0.266008279699 
-11.8319757714 -2.15263429043 -8.58118180965 -4.20368366361 1.09685193649 -3.9831294589 -0.850584178994 1.60179596868 1.17871400281 0.0918810945223 
-10.6216563906 -0.687256425208 -6.08447038551 -6.99803204192 0.518561632084 -4.45015231881 -0.730605296108 -0.50533373725 0.471948990053 0.599716289564 
-9.87935503021 -0.764266723592 -6.08366064235 -7.32227437843 0.492988266633 -4.22119673047 -0.566474147852 -0.53328124209 0.667141512149 0.182039830569 
-12.3221129908 3.88509036877 -7.0185303708 -8.55235058372 4.54368226816 -3.88545629415 -0.116832328341 -1.32694787148 -1.50507148861 0.319401162739 
-10.9021160674 3.5004325622 -6.49122115996 -9.07577844153 4.34615181061 -2.043468991 0.0660753867213 -2.65501560414 -1.46835506077 -1.02431640988 
-13.6192750295 6.65920845801 -8.08422169923 -7.84085780709 7.98210332702 0.648644946576 0.61186015232 0.228725243925 -2.08540267908 -2.2775310712 
-13.4616365915 7.11033419576 -8.27551833686 -8.05719322882 8.30561689825 0.907935733596 0.980688303026 0.304798570514 -2.00718755096 -2.11697679465 
-13.1795643379 8.3568019697 -7.53037912786 -6.69319901945 4.29789619408 2.2557969978 -3.44719970793 -1.32899982174 -0.0937678750389 -1.00250235709 
-13.2957555768 7.99793720178 -7.21886259341 -6.74416645452 4.18234648334 2.34118474722 -3.50843069726 -1.60688287904 -0.136569131796 -0.651125107155 
-11.8642525711 7.75212746932 -7.42512339959 -4.83365185457 -0.151860904686 1.68691301961 -1.93923882238 -0.812964889139 3.78019719971 -1.01916376956 
-12.8891891213 6.43615135978 -5.63049765285 -1.93028475827 -4.07435648599 -0.286421487421 -1.61430952303 -2.42699029632 5.26547327756 -0.724704415887 
-13.3009397452 4.04714215762 -7.25211188986 -0.718808150387 -5.16779509996 0.185762640986 -3.48996746867 -0.91799610328 4.37734440167 -0.471197332014 
-13.2021211636 4.1853228559 -7.37056289275 -0.672446820939 -5.00057119811 0.347371176307 -3.34124165224 -0.81634844277 4.40537101148 -0.604076456938 
-12.6167907504 2.36538895478 -5.36676597286 2.07388846693 -7.59741602706 2.61853547153 -4.48877210299 -3.01963300791 5.59453734332 3.38565544947 
-12.6411265735 0.0509340945381 -6.79023208079 3.82670561078 -6.98762518195 0.342724387144 -2.21240330335 -2.85228483475 3.5957547866 2.47276618959 
-12.9257342471 0.623803759244 -7.34723909896 3.56701950696 -6.29556382857 0.609257230664 -1.9952416956 -2.48685992099 3.59810298658 2.83706062239 
-13.6546428974 1.55233959921 -7.30449832654 5.078704495 -3.76521017358 1.02245889107 -4.12518627469 1.1874191187 2.87425913198 -0.210184008611 
-13.5767141492 0.928227078389 -6.58913084424 8.48071169418 -3.13961426392 0.576003113332 -3.21094151325 0.206490225925 2.09154097426 -0.8342979763 
-13.4334826205 0.44363451792 -6.4265701313 8.44831258356 -3.37700556873 0.70938766666 -3.43791896709 0.114967671191 2.13556886235 -0.902773057706 
-9.74614634247 -1.1465648322 -9.3278758829 9.98810707012 0.637405256085 2.32153054183 -1.38022973954 2.54880146649 -1.37646798994 -0.102157992097 
-9.51869385042 -1.68184097997 -9.09119220286 9.82818651045 -0.00875720994214 2.18889465172 -0.993763561844 2.24801792587 -1.26299987917 0.087808695752 
-10.1777865734 3.19178738506 -11.5399117942 11.4618872376 5.5388633511 2.70955911894 -1.33323088076 5.01402279238 -1.65127741452 -3.05763339082 
-5.35328641726 6.19177087605 -9.51545834743 10.9109590843 6.71380982306 2.81916057902 0.456421173665 4.4510814871 0.162087025247 -5.11086639776 
-4.07288303993 5.99952078525 -9.90007846786 8.62270644296 8.82163072746 2.69746777153 0.268291224181 3.58286067826 1.65982301074 -4.35598703162 
0.419940157279 5.74478950706 -9.57690268035 8.23215378131 7.83942634669 0.445319731346 -0.102666633107 0.625214204328 1.37462476829 -1.75368526612 
5.49490399804 4.4374319811 -8.37999623784 6.71851108994 6.02340918187 -2.73163770508 -1.78687264324 -3.49387372961 2.49369308035 -0.239641385342 
8.35754159393 6.44738498253 -8.62125021945 5.75262224407 2.33455748987 -4.35651326506 -6.58288235312 -4.06867754853 2.83969356301 -1.18233346956 
7.88408074018 6.15534779101 -8.58325903559 5.67510507988 2.4295250131 -4.07946560061 -6.48913877086 -4.09243829147 3.05092716667 -0.820072549818 
7.49011465928 6.67279135725 -8.2227400777 6.12884929761 2.56150102856 -2.38042838015 -5.98109965809 -3.66369259512 3.07646056733 -0.848882957859 
5.18858694987 4.30786081263 -8.51437663513 2.66974096731 3.16485323568 -1.17260513574 -4.96638030941 -1.370619311 0.612797090053 -1.78852184751 
5.59600734799 5.20718092623 -9.8510934793 2.98278531244 1.95844824526 0.176806502954 -4.70131553456 0.77659431474 -0.534816158068 -2.54822650901 
6.0105173231 7.83975376188 -9.78282846658 -1.35001033056 0.518840549969 -1.12938373752 -6.28774021077 1.06166624789 -1.14137437644 -0.333462364855 
5.55187215206 6.19153994697 -8.44120353773 -3.93348474723 0.0821290628463 1.3949073738 -6.63722470914 2.18315996225 -3.10409563294 1.30933845624 
5.36263861326 5.92606863951 -8.41048494454 -4.10005518939 -0.0431366291163 1.08466950992 -6.46598425285 2.07792608685 -3.13939391675 1.21816517504 
2.87208327753 5.49265443789 -11.0251352935 -5.57490230516 -4.52641998422 1.34481381811 -6.72690560413 3.7328329688 -2.60216949842 3.19013401136 
2.97054202694 4.14820260642 -11.4471998601 -5.76652742464 -5.76076979015 0.610140957092 -6.31551051415 3.78929088753 -2.63799348058 2.55856132685 
4.93463361885 2.43253812076 -10.4492840712 -4.75258456593 -5.7773074115 0.338858225984 -5.52420204154 1.68484737932 -2.46967665853 1.43944569342 
-0.433002485256 3.53587731045 -11.8565445208 -5.79243302336 -4.64459289544 2.72668028531 -6.1498075049 3.57427328403 -1.70335160112 2.48117309325 
0.86812739908 1.33514934265 -9.65076809892 -5.91856278934 -4.91004966794 3.31142543558 -5.30157127323 2.5016682678 -2.33197499666 1.5190173986 
0.686079151401 1.35362795384 -9.86209097089 -6.02777284104 -4.84590826041 3.18661088585 -5.08860365505 2.53080466891 -2.3973019307 1.55475598723 
5.28469699413 0.387267748385 -10.7710940555 -3.75805174658 -2.98407253256 0.37462272647 -5.69024597265 -1.14633438617 -4.09925179659 1.58089901941 
7.44673616603 -1.72261360878 -11.1916721019 -3.68313912832 -1.17769998988 1.96543268498 -3.28933155262 -2.88701526825 -5.26701636231 -0.0224883559627 
10.2983277789 -1.77418371516 -10.5222464607 -1.63464443767 -0.810001915037 2.56761887885 -0.163202528321 -4.84990280189 -4.95152186695 -1.15454703629 
12.5760705362 -2.75247317293 -8.48306041338 -0.46503104255 0.213054656024 2.27211776205 -1.07357314923 -6.56001818466 -4.30515020685 -2.5965825413 
12.0122229857 -7.94081668816 -8.0574407956 0.394840471845 -0.4436414881 -1.15349105602 -0.886116823912 -6.82466938857 -3.51621187007 -0.74367193663 
10.5213399353 -6.21625396892 -9.11198130264 0.0240624105602 -0.360681035544 -1.32259608115 -0.886853335178 -5.12797694973 -3.59491968872 -0.391570513549 
8.42268890188 -10.0436479327 -8.35566775224 -0.853085330061 -0.291107540624 1.09688938341 -1.8903330742 -2.29502355447 -1.82961450909 -2.70344467144 
6.24838099469 -11.3074684049 -8.45199574292 1.00511884812 1.28225482953 -0.767938138519 -2.38691267325 -0.663982067785 -2.88191207165 -0.985568440145 
5.13472014832 -10.9524235891 -8.4483567877 3.62127699458 -0.273570385225 -1.89578564457 -2.23447849015 -1.27378080245 -1.95166380459 -1.29597801745 
3.17302208677 -11.7952397341 -8.88352240318 1.13718365459 0.714415809717 -1.54021435075 -3.55965307735 -0.597122965269 1.7652582142 -0.308860111142 
-0.737124255996 -13.8131308772 -8.75521081001 0.260480342121 0.0648429665356 -4.72542631098 -2.52526111814 -0.549648702106 1.35431207894 0.959616409936 
-1.01490764596 -13.7433334024 -8.96047237128 0.176354243972 0.161943679037 -4.47970954741 -2.60310990989 -0.393260472073 1.25239340972 1.02813992145 
-3.60693085481 -14.0612168541 -8.38266366196 -2.4567823048 -0.665536182574 -5.30969966206 -2.71384586439 0.593299560544 2.99614099073 -0.190820767645 
-7.27937770687 -11.9773283872 -8.67561147909 -2.62135486202 0.262440491209 -5.11700665115 -2.45964267814 1.89945312341 3.79132238257 -0.238749801513 
-9.17166227067 -8.04145009343 -9.00278584201 -2.67962500961 0.391560470931 -5.7420246395 -2.66383193888 1.80638957372 3.4000120325 -1.01780236018 
-10.5446500793 -4.59904943064 -5.25647946598 -4.73892761869 1.28479959096 -4.69639076704 -1.72320685452 0.0889307417013 2.44372415648 -1.09645545112 
-10.3514439465 -3.58061128414 -4.69960471582 -7.6787610406 3.30809580264 -1.70279323074 -2.10409192697 -0.910830398891 1.81137597975 -0.415176528943 
-10.2739472276 -3.25081349704 -4.75992651559 -7.73648864508 3.24503681378 -1.84293642399 -2.22924080367 -1.00785532668 1.9593045932 -0.147200660703 
-11.5980980213 -1.41287762983 -5.51461633415 -7.41081609893 4.21650069441 -2.31912313291 -3.2108840746 -2.21082926528 -0.53572474413 0.0541347806752 
-12.7765772353 -0.398766136545 -6.51313594084 -7.42795527989 5.81158868751 -0.237799191141 -4.35229170994 -2.27780050719 -1.14188996914 0.126133678878 
-12.0155207856 0.142478558647 -7.11311705777 -6.80132362016 6.7387554511 1.69596411565 -3.60255658066 -2.89003377177 -0.332059893194 -0.357532816795 
-11.4405910233 1.9223043969 -7.02736882679 -6.27769704516 4.10079332662 2.74116849495 -3.86037900908 -2.62823738532 1.19859914344 -0.299225871238 
-11.5012996589 2.02000947482 -6.67615058569 -6.43252474119 4.15217825019 2.70251178489 -4.01729775059 -2.65582227517 1.32837889622 -0.373544396115 
-12.6252802735 4.76368923854 -8.02166641354 -4.70106586472 2.99724328196 2.18282466872 -5.05109235146 -1.31093408652 2.42937968756 -0.180979478155 
