19.4608287143 -1.17605153113 15.6389925781 -0.269169835428 13.8058821106 -10.1163087008 1.24323470036 3.39151480122 -0.667581286775 0.26391309318 
21.8599640274 -7.20413310188 11.276741704 5.73404111752 15.2664253524 -5.86789643571 2.64991067762 1.67837818995 -2.76748965461 2.58730476761 
13.2761904108 -15.1631156776 6.37243466619 9.26631528896 13.021031447 -3.20188777381 -0.539441131391 -0.967471619684 -4.8652022172 4.48121565828 
15.4424708307 -18.3094114076 8.47299842476 9.58285034713 7.49551813933 -2.70703681435 1.06749253519 -3.83789854319 -4.47861002901 4.72354410641 
13.4347171009 -19.8437083084 3.05416958918 5.3047641398 4.54552165222 0.330592705286 -3.52258586493 -3.48904290765 -4.992545588 3.00864968326 
7.48364863689 -18.4602937914 0.489097368118 5.81051584636 2.11709078559 0.430133172629 -4.58399477111 -1.92505870431 -4.40666443382 3.19924557517 
6.10375620262 -17.5954489967 -2.04616587336 3.6333224672 -2.78021390227 3.28917313841 -4.20929040763 -1.87133506284 -5.57841328938 2.19322168028 
-7.17628719645 -13.399046775 -2.17458579524 4.07759132167 -0.693000669769 2.989703954 -5.14591166944 -0.571328716591 -4.04036712002 0.293177819586 
-13.9188335073 -9.25853527342 -4.12710070668 -0.87136935033 5.26164338895 1.37809370629 -1.08272526447 -0.376996814012 -5.06599850754 -1.52261410954 
-18.8403499131 -4.02668887798 -0.886654636828 -3.51045749222 1.11949286135 -2.33562272126 0.620643082061 -1.32709179291 -5.9621979183 -1.73513687551 
-17.3652901583 -5.27257282318 -3.0176161969 -1.33087967288 -1.11381750491 0.368434909502 -2.02362983709 1.00944186086 -3.60879127563 -1.25868030409 
-19.795195489 -3.71515452186 -2.89513144093 0.450711675231 -2.90684411692 -0.599404401152 -1.65802263187 1.61725250181 -3.68402462245 -2.66455203695 
-12.6023477329 -6.9048996576 -4.89800190128 0.445056017712 0.00656688579755 3.92023186998 -2.05580901477 3.19981682022 -3.35139853846 -0.922765856057 
-6.67490800971 -10.7401796103 -4.85530669875 3.43975475981 3.27408252177 7.87390923684 -1.8759542364 3.34925762917 0.470144792058 -0.894671673112 
-6.25825063313 -11.7376659327 -3.71037476059 7.77760335341 1.28045438571 5.36205403629 -6.9143331243 -0.351274279674 -2.20981829482 -1.11202165311 
0.39810483168 -15.6517227015 -2.33057865336 9.2881289168 2.31248376066 3.27764447568 -6.12421635374 -0.65531124828 -0.0837653580757 -1.39247786662 
3.63568842526 -15.666224859 4.84055331228 9.00409686375 1.43849230138 0.0199485556484 -3.87440992587 -3.91853329962 1.28675259598 -1.47594946559 
6.94872034866 -12.9917403444 5.56930705506 10.2664055747 -0.0340272949615 -3.42192981521 0.164100598946 0.0281491354417 6.32155819077 -3.37623181213 
-0.0136123242964 -3.64026868898 2.91918560402 11.7632515977 1.30740628893 0.0444673620168 7.0417968955 2.84768444307 4.59653996981 -3.37295499814 
14.225179326 -4.81664251347 -5.22830980246 5.92903999497 -4.39885122432 -5.87343080875 3.86882068494 3.60471065994 7.6477819685 -6.11341698913 
16.7851741412 -3.07081165236 -4.41632363155 3.80704830674 0.898010728819 -6.24467398764 2.24911007477 1.6638778803 6.22649384216 -5.71818723937 
13.7227904829 0.275389370908 -3.27699954524 3.21632592877 0.296403508719 2.28485710362 1.61865139444 -3.0009198549 0.732890171584 -1.83472644257 
18.4705709069 2.81851757036 -9.37724339233 2.87484711591 -0.851537567552 -2.88748538184 -0.0911136679907 -1.62451242237 -0.0593992019241 1.7388483243 
16.70652851 1.8357944508 -6.33128690618 1.84274208053 -1.34205910108 -4.24557380485 -1.05092863724 -2.2803661809 -2.01124255047 -2.01352245548 
21.3575168604 1.27240768771 -0.727624412103 -4.86481666833 -0.298425645411 -3.720275854 3.09329785075 -0.873749701408 -3.25259615541 -0.417582217832 
28.2415278275 1.74594944142 -0.80346159385 -8.63737696412 3.95033384841 -9.01036602429 0.17668332421 1.45208482754 -0.615846608559 -0.32084151977 
26.6729023696 -1.27400937287 1.1439237822 -10.0668206794 11.6431740823 -6.4640775233 2.41266315976 -1.13721305822 -1.14756182732 -0.605345278154 
18.355587708 -6.47619897856 -6.70742078524 -4.90547337333 8.33676317032 -1.59743419576 -0.663768031338 1.57884716181 -6.81960742309 -1.60869157631 
14.5833391897 -7.13780454573 -5.91548313272 -2.53522137155 7.78357217568 -1.76215099599 -0.196299434689 0.919346894608 -5.73658108406 -0.574165743289 
23.3001178276 -0.46598490846 -6.63414559705 -11.6085260972 9.3029434528 -2.30950003496 -6.11649718768 -2.77227594274 -1.13091003084 -7.74407890551 
20.7158084554 5.95778938349 -8.11136917833 -13.711118695 4.51154470538 -6.67876432461 -5.40380325582 0.358735374173 0.685008794822 -1.56909082092 
23.7093139716 5.2697036297 -10.739694306 -10.8170951787 0.504504979564 -5.19612030191 -3.27942340665 -0.160693881171 0.677680927236 -2.74280407775 
24.0983640708 6.20427384711 -6.67124492212 -3.89282695016 -1.17486949787 -5.52246418546 1.58727665205 -0.910686654833 1.14026488487 -2.33652891416 
23.4619345637 3.59032190506 -11.7104114235 -0.61170036767 -0.913227698214 -5.51617948991 0.794126192484 0.694076363241 2.04602422178 -2.05129503463 
21.9635258344 4.96647907768 -8.60815237838 1.16167892006 -1.38367889913 -3.41336251632 2.43324356012 2.35908830095 4.2960416715 -1.67584365294 
24.2960348916 -2.75941557048 -3.76890171425 6.65408648592 -5.86754094454 0.974139928405 4.88121114999 2.75272763669 -0.0964757539776 -2.82180176279 
20.3449524291 -4.61362475756 -7.11456609767 3.23373966053 -1.60107794395 3.61861804957 5.7945443575 4.31922212687 -0.95960947314 -3.23906144683 
10.0409041202 -6.37822442672 -6.79679887919 3.96445787975 -3.04697245596 1.89180992788 3.55720406723 3.35213821613 1.2956307247 -3.88826036059 
16.9230288941 -13.5252951002 -7.30672286504 -3.34435257397 -10.034829799 4.24090042059 5.00506832692 -3.06240073332 0.145349761061 -3.7221934944 
20.6814930035 -12.1291081925 -4.7037635437 -9.75132256363 -10.4802373947 0.155909882122 0.82702304971 -5.68587085135 -4.22561179033 -2.15289910456 
10.7374940222 -14.1458454227 -1.99906638974 -4.15367467188 -5.64529992647 2.03984353604 1.44523473611 -8.02370973313 -2.26223834735 0.213693187941 
8.045949451 -16.460183665 -5.60992033098 -2.22267390259 -3.58811883742 2.17999981175 -0.836432699129 -4.26681666881 0.204319893201 -0.303533483731 
1.36430956655 -13.8720634663 -7.78835383618 -0.561250730591 -1.44911943752 4.24182516857 -3.05795422521 -2.10227104246 -0.00553128521979 -0.815636186894 
-13.7168386759 -6.20376599212 -5.59880342767 0.21079966532 2.52889089615 1.60397033633 -0.984933228474 1.66620789931 -0.887828461342 -1.60018583402 
-20.8247456076 -1.75597666037 -2.99175682563 -1.8773814252 1.64386300787 -2.34111555474 0.509812403494 -0.0619425530313 -1.29258108425 -1.81907809691 
-22.2047100394 -0.719851215088 -1.21404701481 -1.50548427656 2.08873404264 -2.39007025055 2.81824325495 -1.27835853391 -2.6931042076 -1.94272779069 
-8.8465872119 -5.56641349639 -3.54454340063 -4.14156053374 -5.60866576722 -0.805953011754 -7.92212921964 1.0469215912 -0.676860490392 0.0547709325897 
-14.5698170442 -2.99084214051 -0.799934633277 -2.09193109426 -2.19926937143 -1.01614324972 -3.3608300901 1.04330834298 2.00359490083 -2.84822080219 
-14.7634758989 -1.96872341517 2.12251832505 -1.40514255435 1.08494731146 -0.11852518959 -1.31821828466 1.96628944147 1.43077785822 0.957920112853 
-8.77805262926 -3.33367342147 -2.81494248442 -2.28798033137 1.13001096411 -1.16842856934 -2.13439364671 2.11491088766 3.03848636121 3.93259364841 
2.33900849323 -7.44475400611 6.35020817886 0.501648437084 0.113590035716 2.52665735618 -4.70338200288 -0.133677760921 -0.828655546323 4.99830008407 
-0.401429612113 -7.15448623715 2.23853011913 4.88749553721 3.59946375418 2.33883603849 -4.30974070129 -2.12496855083 3.74963644256 -0.783265953638 
3.35902458479 -9.04680986517 6.48576126597 9.20345604392 7.82125442385 -1.43456430712 -2.58307618256 -3.13553575183 8.29954855314 -2.21993023634 
3.93485668566 -7.86165770744 9.04324995658 8.10615978032 3.50835428529 -2.33258535129 -1.89721515566 -3.2213971409 6.45981056452 1.20989181767 
0.0745624813769 -3.27054358328 -1.23205454368 6.89114260521 1.34662638795 -0.364394903757 5.10277514428 -3.62272635043 1.0555538322 1.97701700615 
4.65978558476 2.65191133139 -7.01724021188 4.26208782701 3.5053609404 -2.62577209013 3.42740575569 -1.77624902685 4.21803489535 2.34981922926 
6.17909943444 7.69323833886 -10.1813429882 6.79639893077 0.615742630846 -1.66841577247 0.939851081237 0.0117916889821 1.05608368358 7.04326862911 
6.59821830692 11.292249776 -8.95082140023 9.48693319381 -1.45230694628 -0.698877155995 2.20957830643 0.324314877037 2.00493919068 5.67621818874 
5.60559133451 10.3988625142 -12.4137084885 8.20209310497 -1.6677407638 -7.48505127028 -1.7871360672 -0.369881904153 1.69109552086 4.07464605369 
6.62866441222 9.84979062672 -7.64856711673 6.65768970456 -2.55115902103 -3.45555750057 -0.979606986718 0.832654309805 -1.76437656442 1.67617358941 
10.5323528893 6.60217574676 -4.74299857782 6.16851418234 -1.24345432779 -6.78263243844 -2.46969962958 0.505186502803 -2.06957482251 1.85212083624 
10.5319206455 4.75955170709 -5.01121555293 5.96388969771 2.43588069809 -7.28247437398 -0.484069290045 -0.0694438272195 0.699980764841 1.78099086839 
17.9248205482 6.09090216975 2.95462740939 -5.53818621239 7.43703344603 -6.51932777508 -2.12189740714 -0.352112301189 4.02315043297 -0.32557855284 
11.5141867556 1.98497877023 -0.348281877493 -0.335446744381 6.96191259305 -1.98887844183 -0.159223373036 0.234789637731 -1.88278872693 -1.32220494494 
10.2156884623 -0.157720369969 1.84710826582 1.43088443405 5.9190457459 0.649662503226 -2.88284156861 3.75865035595 -4.82091254648 -1.70591477432 
8.15789645611 6.2986714909 -5.56814984349 -0.160047588242 3.79300112089 2.06999998973 -6.72700154824 5.16521352515 -2.27903698867 3.02441240536 
1.87589413732 7.98689962952 -13.1990622907 -0.508383653285 5.49030403116 2.38937915884 -3.58012267028 -2.61920463763 4.12309071306 5.41215948934 
4.52052646811 13.7766788185 -1.51319888063 0.581774640669 -1.76324642618 -1.58012155706 -7.214223061 3.64433468702 0.804788650733 6.34143086189 
5.49730033739 10.0622801456 -0.0577246140634 6.19751229293 -2.71777574668 -0.63080712078 -4.75958181056 4.42304221169 -2.43578751632 2.81457864566 
-3.4365425099 6.77223900896 -2.11140003925 11.7028733245 -3.55571832916 1.9344888532 -0.695666083933 2.32310736929 -0.766380990007 -0.635016608303 
12.6524470916 5.44947496466 -1.4846874573 11.6552342067 -7.11310072295 0.795789746905 3.06512788943 2.63264147972 -2.91409199319 -0.702475444022 
14.6917259095 3.26190814164 -3.33684299829 10.4020033808 -4.64075228001 3.47480652407 3.19287376621 3.72925193156 -3.33133396758 2.47714468942 
13.4252582732 1.53686861769 1.13596130021 9.44640832607 -7.26604787759 2.18132714511 1.33652227596 3.65778601183 -3.56281857761 3.48838024558 
4.93790189953 1.15785841354 -3.17668427697 3.34991596486 -5.51403568406 -2.61252585264 -1.36871513108 2.83704488033 3.64266177995 3.90479375071 
14.1522754482 -5.65909457356 0.042108613917 -2.86491756511 -7.7519847382 0.506019119897 4.73129848249 1.6366070199 2.29850288043 -1.64950038556 
12.5597242558 -6.3561732597 -1.5318561867 -4.24481838766 -6.18498722024 1.63299700165 5.20333442903 0.137086173453 0.622059684098 0.379903698541 
7.78764514089 -5.41544563247 -8.19582305069 -8.4799135295 -3.04462412879 0.969863145847 1.72856131911 1.90328023904 2.60155700701 3.01047453369 
5.54747749098 -6.66151446119 -9.03897092946 -7.94496313785 2.06078086924 1.44428696143 -0.0717289153944 2.71109399416 4.13736050338 3.22723650677 
-7.00802053051 -7.58770705249 -4.13044258931 -0.26286717405 0.723025203918 3.70070642854 -1.75941433881 4.35985244921 6.0394670283 0.714576762502 
-26.3876048124 -0.376181930849 1.38944468257 -1.16722165351 -1.33845686213 -6.05454758107 1.77128989235 -1.74449029484 -1.52849070928 -2.42833401895 
-22.4341988259 0.645917975735 -2.85626167552 -0.173065990007 0.913162043929 -3.46730638918 3.55207500187 1.01160447922 -1.30735143647 -1.84611154523 
-21.4474543689 -0.509950569466 -3.46873753391 -1.08421319265 1.18551522855 -3.25863587608 3.43092680356 2.37232317396 -0.836737232289 -0.0451550017891 
-18.5003404407 -0.331959263959 -5.4569006863 -1.4005029177 -2.2022640912 -2.0367036115 -1.42038778232 3.33667212861 3.17792740811 -0.682067943374 
-20.2816080134 -1.24537859875 -4.06200139613 1.47406350307 -3.70425580005 -3.0962784469 -0.454860360215 1.76164184871 2.24023908543 -2.45214301811 
-19.4297475357 -3.816398367 -3.86890558024 0.634919550517 -4.79875292844 -3.27519897633 -2.73307551745 1.95575651063 2.74615258637 -2.4785934207 
-19.6518720119 -3.27548304053 -3.57586990187 0.786075515809 -1.13319085985 -3.78967194384 0.407832275299 -0.883535607366 2.28348758323 -0.125008389774 
-16.9989855571 -2.78550157069 -3.1520189226 -1.43120820625 -1.78322610349 -2.61914373053 -1.72073170354 1.23135617366 2.72341320253 2.4195013587 
-4.50473866478 -4.80623344266 9.36955436553 -2.61428224552 0.277242728459 -1.08068854134 -2.37493702435 5.82985351408 6.38491435298 3.2387338459 
-5.7539851627 -5.3067467832 1.46398136295 0.0104009149764 4.35676110126 1.40662500323 -1.78723470171 -0.799499674486 7.4402030191 2.53553508875 
-5.34340769524 -3.21834816438 -0.292828941161 -0.788237469233 3.38588574377 3.12255254134 2.98438274397 -1.3705748611 4.4269052366 2.84359582487 
0.229338145812 -2.49509572781 -7.02161170646 -4.39145183354 3.04604232799 5.15172355629 3.32381501586 -4.16749366081 4.71622332306 3.62739305797 
2.88370761637 3.88203918722 4.68627709179 1.82453339789 -1.37985730508 2.66643090046 5.90164147 -2.72237753741 0.162140667171 2.29517435391 
-5.87278617123 10.0945543964 3.18462190148 9.8649059999 -2.90552583432 -2.28852055959 1.8315488006 -3.68070428973 2.86009413136 -0.361152007654 
-4.72216464377 8.67215388516 -2.36876559552 8.31075888455 0.728580228958 0.470175732398 2.8850177272 -2.17253224672 -0.918685404058 -1.92006564762 
-1.04301747754 10.5863872902 -1.61555562612 6.00908349175 6.48290544222 3.30147901408 1.37124546711 -6.61032177159 1.58881427244 -2.9580318415 
-4.0145250182 7.9666607443 -0.570203321139 2.49074249642 5.12344146359 1.8017816171 0.0898184866403 -3.49351908814 1.8044061337 -2.82117929048 
-3.51530180382 9.02450408654 3.40715476741 -3.13311732554 7.47649716484 2.32075239355 -2.46606651988 -3.01354936713 5.97264869163 -3.08261630365 
2.01595880127 6.74238710313 11.9944265032 -4.26147101169 4.44086441016 3.31635712284 -1.03364358565 -0.427051012232 3.5616716412 -2.73736524772 
1.6805423721 8.14066530837 8.29052064402 -8.69450973841 7.45918681737 3.45203638382 0.526504041822 0.158376516627 5.28047358995 -1.82265601312 
-0.952734935676 6.06653928906 5.62992310144 -6.18439445721 5.86434270337 3.60287808931 2.82925247122 1.52378208241 3.82261249244 -2.47472059734 
1.78000198928 8.48456865429 8.45648085124 -7.74366194871 7.82962031568 5.79715747969 2.07583149711 -1.59737250783 2.60694124097 -2.32402141857 
-3.81350578524 9.69780545732 3.99122685304 -0.284537427387 6.60156601527 6.07046706443 2.93495569428 -0.0556325174724 0.86267960381 -2.11091080999 
-1.29791324414 10.2805806489 1.19543629644 0.678568825667 1.51178576664 2.1144844623 -1.73570304094 3.68991192029 3.55910056296e-05 -0.439876505285 
-0.195512104183 10.6908571707 3.08903503012 1.93821664739 1.59873299498 3.98579869777 -3.01161577215 4.33713317272 -0.0117979788884 -1.3783062852 
2.64632767736 10.716571074 2.59346282037 3.37677448852 1.04556197035 3.97895351291 -3.7511471117 3.46788637321 -0.497311412165 -0.408025360959 
9.14483012465 9.8128852132 8.48647212106 0.472611745127 -6.58800718858 -2.63485208256 -4.97413747815 5.21202113887 -5.3258769314 0.048965474902 
8.50031739944 3.02533574398 4.41136526827 8.30246683775 -5.66538720429 -0.801879030803 -1.19356401509 4.15107238048 -3.8955257987 -5.41804703743 
7.17162398427 1.11448175512 6.19661417275 4.47847062521 -5.05797891593 0.699131578207 -2.34162220683 1.3603781344 -1.72419230759 -6.13148491815 
4.47149775093 0.433035717128 6.90767402536 3.52263405142 -2.96890200924 0.691668290652 -1.36638565749 -2.04482883863 1.97773990596 -1.80186590031 
5.7302033028 -0.971201531118 9.57533833715 2.44187072789 -1.54765667839 -0.0633284025776 3.06761092704 -1.50311898072 4.25500293004 -1.72144130295 
3.12857311278 -5.1375054365 2.07204346199 0.68208437002 0.634653160392 2.5679180911 4.15574435033 0.802908209197 1.56048913073 -0.184794361212 
-7.6420048523 -4.23980601216 -0.0685837478498 0.441901432879 9.08139154364 7.9039985046 5.96251447952 0.575750718285 2.74535022105 -0.0924127739582 
-2.92794059581 -4.97822626221 3.85112654973 -2.06216185411 1.65652573275 4.30651478307 1.4877998724 2.82434691686 -0.2094481326 -0.67097635384 
-10.330869139 -2.5668126839 1.21213906582 -3.03127209229 0.461099187196 2.94238718562 -0.138998752841 3.54796461969 1.0507855207 -1.97251581026 
-20.0147718231 0.469534729044 8.85004356445 -2.08200392414 -0.457416527166 -1.09873923594 1.36543813087 1.10400096007 1.59916815958 -3.64572105242 
-25.2362658053 -0.113103158068 -0.584265274528 -0.905093980207 4.66414900249 -3.14090253663 6.97606011693 -3.65762716423 -3.6758978357 -0.717154333372 
-22.6004304634 0.023582439065 -2.90417108461 -0.741447744955 4.731772726 -2.07515500977 7.27040877851 -2.21547238025 -5.23602021059 -0.228810310934 
-25.1507412193 0.849258376918 1.08091282164 -1.20574323026 1.05930145641 -5.95269365891 2.76908101258 -2.02332236917 -0.646627058019 -0.491314025554 
-24.8224427221 -0.534307810464 1.69269986859 0.290809692139 -2.01000916 -5.37289751127 1.92588141746 -0.420692261569 1.1181265212 -0.605959463923 
-20.3843289302 -2.91693860289 -0.673213354273 -0.403107183589 -3.44177867453 -4.83195610946 -2.11213173758 0.692221820994 2.32067869339 -1.36640874321 
-16.3050202423 -3.07513791565 -0.0506441106605 -0.0807671368939 -2.42756400623 -0.280050441189 1.4568874818 1.73907044127 2.93278029988 -2.33542867786 
-6.64671758411 -2.13594193606 -0.43520871957 -1.40612303488 -0.460383199156 4.39978069092 0.571714785356 1.42001119569 2.86626003524 -0.831766565656 
1.51288636002 -5.54352626612 4.66770653021 0.145899867824 1.59253539127 2.57274947531 1.51497003059 3.19124725551 1.3578115134 1.25121166615 
4.00430235978 -11.0431045934 6.06942568005 4.04506090046 3.84508875166 1.01484198861 3.71939546702 -0.12275715545 3.24801903237 1.19034005229 
16.5870247398 -6.9329155232 11.1272370492 -13.1080127351 -3.50663957479 -4.53917679863 -1.62826095869 -2.53687978553 0.007291786097 3.73125213114 
12.5765224753 -2.53902104718 1.02463467218 -14.8214170383 -8.57872031301 -0.83333266175 0.467498589712 -2.14272643307 -3.4160998656 2.35384291497 
12.1499894118 1.96126888044 -1.91761279275 -9.67284516599 -6.97118212554 2.82946871487 3.48590525765 -5.07597322606 -1.87405533558 0.588065847912 
9.66078578544 3.67069582401 -0.385320763164 -4.82983781833 -4.91849898829 4.26843743747 4.25550095532 -5.10743187112 -3.65874186702 3.57295937926 
4.53311135471 5.98418357067 -5.00991364974 -0.0597958072321 -0.370668144894 2.79927764265 3.83512784822 -5.07174308013 -4.10863513139 -1.46400176227 
0.0752067047959 6.67065813556 -5.94817531367 -1.48770704625 4.02525618801 3.57007598562 -0.0556176337558 -5.76896050688 -1.86952431016 -4.32550497307 
5.58662154242 8.49387348384 -0.638253069867 -0.637145621175 0.706881371544 1.78610367939 -5.75727001504 -1.7216637463 -3.06726731903 -6.5441159614 
6.88471519535 7.11809278671 -1.3393071466 -1.69377238361 1.27208993259 2.78813252916 -4.79061842273 -0.991861445735 -2.5801476329 -6.11341748601 
5.12975623867 6.20981460739 6.76681938102 0.949313972584 2.12657857584 0.31346840476 -0.941090452899 0.185388802473 -1.03973042583 -5.0242324743 
5.49532738141 5.865566758 8.84924518157 -1.74897602581 0.655000573581 0.886555731697 -0.878873064456 2.06958160881 -4.42439196123 -2.93773532686 
-3.30195745727 6.31077765124 2.80885247938 -2.98048751658 4.32742456709 3.68273866114 -1.00972308907 0.602847235978 -0.805147052364 -1.19006625433 
-0.20856493934 3.65020803332 5.83115520034 -2.05393778435 3.96912367692 4.25316006805 3.03793922711 4.79475360815 -3.70855551198 -0.233449726474 
2.33436860473 5.0031805091 3.70524074739 -5.37699428017 3.45314615427 4.16708794437 2.39002962491 4.30169280991 -2.23923729702 1.23066690866 
1.63514375708 5.89831599399 -3.54009459464 0.0223831852801 2.51088745051 4.83676591854 1.88827523862 4.01310935776 -3.39246677706 2.21144551932 
1.33327219268 7.51915736423 -11.293820961 0.365145854148 2.57685671794 3.56842121584 0.932807498938 2.95085938 -1.84411713312 5.13043018577 
-5.25946332393 7.72653297895 -11.23510771 -1.06828037718 3.9628102785 2.35628081237 0.838579910092 1.95696093792 0.489064490056 4.62719738458 
0.56399888669 10.7016882516 -4.38078305147 1.41146604521 -1.16415956117 2.24599548705 0.775663539998 1.45832396003 0.281327696352 3.91393821362 
7.05096086454 11.9034065515 6.77994610162 2.36597230003 -5.47413841717 0.117938276116 2.06146329035 3.4781194437 -2.28112431769 2.42340326633 
13.2824865258 4.59767522661 6.25029578406 9.17098091763 -11.7135259473 1.06805317216 2.012106748 5.41601202519 -3.62511826018 -4.38993665037 
5.11298954486 10.6560697064 11.7950769762 2.87162145244 -3.12529753238 6.60656047125 4.62090737758 -1.85807229962 -2.52603682289 1.08609394407 
13.6366098734 3.74442279012 13.3418624573 0.372024647206 -7.15541353118 -3.64392922238 2.86326903218 1.76853767651 1.31250061904 3.50512223145 
18.850997862 -3.34203856261 16.3040461127 -3.16911042086 -4.28468210999 -4.04002654881 7.77013558133 3.52353690485 3.35145562052 2.81691755825 
12.8902479476 -6.47186477412 4.71892901488 -6.04736969271 -5.61298680883 2.19973632166 7.58964717948 3.24413646974 0.47470778172 0.791573801881 
10.6919923905 -3.99594504568 10.041348057 -10.943038302 -11.9536959164 -1.36123552932 2.05463695767 4.85600798504 -1.26822533367 -0.49267204518 
9.71369954897 -6.5705075464 7.17082848004 -10.3057615649 -7.07985748342 0.931769407557 3.71356037405 5.15715547637 1.25201893695 3.23730638693 
-9.58663867808 -4.90244958213 -4.67852779629 -3.55421510154 2.00373693215 3.90752423279 3.04429956237 5.59600518924 2.68847487514 2.26649559479 
-18.2417752958 -1.5997065075 1.64030806146 -2.61701523794 -0.281325973029 -1.40895790033 2.34090963985 3.29252346495 1.9306758323 -0.295378767069 
-23.9914552868 -0.524168124095 0.045128416878 -0.502634794901 -0.580118643818 -3.31151426027 3.90156987496 1.77290796072 -2.75524499334 -1.78958249114 
-19.678365042 0.36585532393 -5.12158129516 -1.62506284615 2.43681850416 -1.13100131839 5.67113926665 4.2635671519 -4.37985720431 -1.29502887021 
-19.581404128 -1.7331097246 -4.68033002586 -1.68407005742 -0.875540757158 -1.83433032952 1.88052291793 3.13760223888 -1.22864625166 -1.66194124762 
-17.8775755068 -1.65191081833 -7.61660613281 -0.130647539178 -0.665180454447 -0.407342636658 2.15031225839 3.74127693599 0.218752849181 -2.62592474427 
-19.8704717563 -2.58800031084 -1.87198861081 -2.08454905513 -4.07176208027 -2.24592741655 -0.615831545639 2.16447275885 2.56378012 -2.25224839235 
-21.7592908288 -1.07888145512 -3.74711305058 -1.45562419245 -0.662843832452 -1.70747259799 2.42150881616 0.706244521188 0.857167866174 -1.91369438943 
-10.6303020943 -0.621221112719 -1.90316973827 -3.85217176329 -3.80632571336 0.629367469108 -3.72063667418 3.58796251767 3.44920153392 2.12259475006 
2.96065992034 -1.41657767119 7.48062192744 -5.01835401848 -2.55779496003 2.76180533122 -5.3063965834 4.79902360092 3.85892014429 2.5010361584 
5.40673197305 -5.31415463865 -3.41713192086 -5.27062946327 1.42550097543 6.67749330119 -2.06132139723 2.56700983504 4.83190512314 3.93238625137 
-2.12962050229 -2.58908841955 -6.52464252843 -3.28899185286 -0.357762037974 4.80957865867 1.8344684206 0.208231084223 3.30588208588 1.43636856317 
-0.162532003208 0.412069461676 -10.0227296103 -6.86104333035 0.0452164189456 5.97722809799 3.4241565769 -4.8670800626 2.39350325515 3.52975191476 
11.0303500045 3.54724328065 -5.11781496661 -4.09186502932 -5.36032968147 5.93496907268 -0.607492894684 -9.19170979551 -0.564397239367 -0.762308067147 
3.46161289487 8.18299363191 -2.33248446661 3.42175916464 -5.77382624038 -0.387935898035 -0.828905103974 -5.26717533485 2.3160261257 1.93185251956 
2.64103060373 7.06914046232 0.5996099829 9.69648086976 -4.6619047636 -0.644546739769 -0.410656604618 -3.48054758556 -0.248205530763 0.603230828486 
1.38132361595 6.82200258338 1.44969680552 8.35099337308 -3.74132144147 -2.05602726417 -1.46385086967 -5.42064855667 -2.66256165254 -1.28005048546 
4.85006898779 8.37431315586 -4.65110757648 -0.367691389154 3.61751731315 1.45452879812 -4.53516185095 -6.19773937859 2.30846153867 -1.45365087996 
2.70078072738 7.50457022807 -2.34578928122 0.484122453019 0.521837565959 -1.58970919358 -4.80361935572 -1.81356458374 3.43786009494 0.0870835859548 
2.12188840145 7.53568565106 3.15572365082 -1.3279763353 2.64649477404 1.4553548979 -4.31144135918 -0.944635591677 -0.0432145398368 1.50615623941 
-0.437352723843 6.01293160742 5.66161196834 -3.65069079658 3.11569980848 0.345913929913 -5.55516525824 -0.409697071149 -0.428624109317 1.60743983723 
-0.641154160444 4.66095344279 8.21815657488 -3.56266901857 3.75055922159 1.91628775138 -3.40350877578 -1.06322384403 -5.73044983989 -0.388262977014 
-3.50047578175 3.67692461521 5.13578023023 -1.54932244484 1.28052250935 2.44789671113 -0.989677615119 2.86941464788 -4.41130500051 -0.298320299712 
-2.67025284265 3.88327455191 5.8525270584 -0.908167021538 2.27849963206 3.84842511388 0.212202627046 6.25982331021 -5.11661913266 0.604632939203 
-9.05231065774 6.44520807209 1.24108650751 -2.26999148711 4.19378938112 3.66481700153 0.474356349167 0.068616157233 -2.00975794462 -0.595318599093 
-8.0649159856 7.18758118718 -0.0258119959754 0.0608202532776 1.96108462912 4.52918961722 0.457129749947 -1.20123798861 -0.145591480066 0.650222574512 
-2.29565543579 8.92581104847 4.36045245005 1.70266530366 2.49859458379 6.97053678862 -1.07753721153 -1.84907811286 -0.201702888831 -0.273904490573 
-2.69402791911 7.77001957644 4.38930206433 2.63611555926 1.79278619294 8.81514140989 0.0722236527427 -3.55920408556 0.568365600091 0.576973413111 
1.04768003084 5.31182410568 2.26739138493 -0.0968147443206 -4.67663493695 0.875750070324 -4.68487710418 -3.82973792813 -0.521191482847 -0.575499005798 
-4.3183441041 3.0121031268 3.29381951174 3.63143881705 -5.58864047567 2.13817348027 -2.51698211547 -4.06063230798 -1.62649314049 -2.69217287663 
-5.36685996444 6.41453146465 5.87386373133 -0.317286721719 -5.81835094995 0.767571616559 -1.77097413396 -11.6274870461 0.832173590412 -0.630714026416 
-5.09602790741 3.68675621617 12.2145539032 -0.0359477742181 -11.0331017284 -3.4148514246 -2.18212253157 -13.7553150766 3.44535528894 1.09476841566 
-10.9315536755 1.8255084538 8.10813589965 -1.45903079799 -2.86856593199 0.255826934043 1.6598580864 -8.14237477894 3.03308662143 4.04988289959 
-9.35293164417 0.792204430547 6.91799582661 -4.38780035995 -4.49307740462 1.46394598712 1.79879755425 -3.94192169405 -1.92064278278 3.39305632114 
-2.92914097864 -2.83521224797 4.73775372687 -5.94853239982 -8.32546943538 0.816414071297 -5.22099051648 1.86561968573 -1.74496097725 0.328076645795 
-10.3215008243 -0.0772021025913 4.85242265598 -4.09024737457 -5.00059428067 -0.549509359915 -5.9338226652 1.42877170054 -1.26023281372 0.361056562794 
-9.44276380091 1.39381917178 6.27327579023 -2.67698802993 -6.61162534623 -3.47295866381 -7.21440184073 3.03857939627 0.242308466983 3.63793889944 
-20.1171245593 2.51574835756 -2.39659899688 -0.469982627469 3.3475214262 -4.30477888984 3.46152442002 -1.63179835887 -5.24141296279 4.43810386616 
-22.4188580925 2.60238233647 -1.72029032815 -2.05494905019 4.95423499085 -5.19654579872 5.59844292156 -2.94413599007 -4.67878307203 5.01588323537 
-25.7220255527 3.30768385413 2.94974046586 -0.829764079737 0.920896917864 -7.84235844904 2.67325306975 -3.68973157593 -3.13715422802 2.3527791227 
-21.757023489 0.706968776311 -0.99709500263 -1.03505057943 1.61566911203 -3.91488672566 5.11370547824 -3.07363433271 -5.31914891512 1.74608778006 
-25.2519543571 -0.590919278186 3.32046398495 -1.83501645261 -2.69612044136 -7.33893857606 -0.680999228187 -1.62496732347 0.0113815670918 -0.050977903855 
-18.1405754428 -1.77466836617 0.391127503077 -2.71645207638 -1.83998883103 -5.46892371559 -4.95479921832 0.191736905377 2.28448112407 0.624856124705 
-11.0950231841 -3.55067018929 -2.04982828874 -1.0230664032 -3.93793702401 -0.109978279066 -6.77017977067 1.04448893304 0.407445490611 -0.212964016497 
-11.7148561656 -1.45481884084 6.32000783706 0.870099695797 -2.38957033591 -2.55997994181 -5.85936089079 0.0274807438137 -0.409440464792 2.27616234778 
