-2.6544572376 -7.00671437492 -3.48296168054 5.00025379751 2.35879983124 -1.0496814113 -0.497105205157 -1.71911843219 -4.03110140602 0.437268035834 
-0.368534147637 -7.43894358689 -2.35808040101 5.44592451952 2.37386714753 -1.06001190087 1.75866824096 -0.99915784635 -3.54047632751 -0.0439802917988 
-9.5750611133 -6.92762805469 -2.20309952868 5.63814960876 2.90299456892 -0.634625068806 1.93737268022 -3.31801813238 -3.61038234256 0.242005731098 
-2.9635959015 -4.74956185324 0.373436311969 2.4669809105 5.75321142751 -0.791171623363 3.10636450402 -2.84755902308 -3.8722571836 0.418450102661 
-11.3657860664 -4.93706326325 -0.201090778032 3.62791725908 3.4948137636 -0.721099005396 2.66395187098 -4.04565042341 -2.16491970752 -0.459841207261 
-6.68334015454 -4.35309117703 0.749774902299 1.29934291649 4.26717453366 -0.657731626648 2.98103994624 -2.64170194705 -3.58499755177 0.844420135627 
-5.9646997383 -3.44426850713 1.65272712521 1.04635541001 4.65158630682 -0.2010646649 3.15470187851 -0.666972123364 -3.09602004055 1.54813833717 
-6.89664125503 -2.50386347357 3.11990631261 2.13498389459 3.62492650632 0.0278786675275 3.73011739368 -0.287251656759 -3.07723075051 0.458627075694 
-6.84843186598 0.121271944425 4.46357154738 2.01127588823 4.69375600984 -0.313705811354 4.22964201633 -0.0701434846331 -3.66375264734 -0.25926461617 
-14.7122683105 1.93598138465 4.50228537074 4.45412911909 1.49026453653 -1.4600139372 3.32385592669 -0.697604014515 -3.7828827913 -0.253155857592 
-16.7966145755 3.69652593351 4.09828368531 6.02175831239 -1.51454263294 -0.645686531402 1.47938248059 -1.98344701264 -5.60900652804 -4.02124313705 
-12.8528596365 5.55373853218 4.18748712114 7.73677437172 -1.25814208289 0.219931900895 0.513256486584 0.90997444803 -4.59781549654 -3.25175194664 
-10.6951748859 7.75888267898 2.73873048991 6.27628971375 -1.04396750554 -0.529925257883 -0.27966359103 0.0736066220542 -4.13508819619 -1.93660108657 
-3.74680091898 9.96805690656 2.90391534528 5.18160978057 -0.747101023087 -1.5956806089 0.707235372866 0.981414789904 -3.75697559698 -3.21740437779 
1.90673458701 12.9711746596 4.03444311052 5.2312934823 -1.27162852639 -4.50584401114 -2.20805145522 2.06333744427 0.653586547667 -2.31984015454 
2.71452795943 13.885841116 1.40721041861 5.01750496468 0.652884093291 -4.02031381632 -0.502818630155 1.42713138827 1.97926568068 -1.05125335519 
5.96155016771 14.0422403428 0.77581379614 3.49737942053 3.7166127914 -4.58688904748 1.47383677535 2.76431161099 3.7103118273 -2.18454806398 
6.83043901686 14.4503336754 1.13390458472 2.79348647932 5.17826525819 -3.6411180611 0.283922753572 0.0426021169059 2.6076612163 -2.30414631421 
3.7761233451 14.1497835978 -0.142184639482 1.85862334583 5.55621368534 -5.08452068692 -1.61442313331 -2.32948831673 3.92832467171 -3.02966428096 
3.71483857733 14.8743742304 1.27969201943 2.73955784551 5.3727599887 -5.34359405729 -2.59113198773 -3.13297795188 5.32975322553 -4.70627164355 
5.38809676599 14.5096100005 0.115376203548 2.7745775852 5.4304195641 -5.6618667611 -2.18526081464 -1.06431627424 6.05104516732 -5.05055356619 
4.7054600376 14.1854261844 0.395184636323 2.45295450628 6.09771749009 -4.94762958816 -1.56822485882 -1.28790810284 4.86088782267 -5.83727452081 
2.41056062708 14.3305900411 1.78823599284 3.92210975609 3.56126655997 -4.82337236895 -2.7774096077 0.12533469922 4.50581938922 -5.23281677323 
-1.62405989782 15.0672652057 3.0068413521 3.46966401549 4.26395784339 -3.57498600863 -1.9207743742 0.509126020947 2.47180774323 -5.40709963315 
-4.85126360144 13.8191279221 1.89810036429 4.02875875805 4.80286943832 -3.77072616521 -2.95657999653 0.680808216372 2.39915985261 -4.62742269381 
-10.1978086452 12.8630481738 1.04325955082 5.39430558219 3.22354104953 -4.48738085232 -5.50895416368 1.2250889136 2.26496307373 -3.59137844613 
-9.48194284785 11.6303038445 5.28278937932 5.28739077474 0.446838425702 -2.66448912685 -7.4906471627 3.16450680142 0.475686288653 -3.05227925093 
-8.01631933474 7.72747630581 5.16627430432 5.52467570632 1.41156576434 -1.26061060111 -5.46068696839 4.03298255997 -0.780659644794 -1.85898476345 
-3.74265283298 4.37895193145 5.50605581381 3.13370594631 3.09229160483 -1.82715597297 -3.87031389136 5.90775245239 -1.45089557494 -0.149162871251 
-4.69412428485 3.54039661388 6.00852670818 1.5774246973 3.4174131994 -1.98862358425 -4.31310639998 6.97836588182 -2.03314064391 0.23923013418 
-2.26090642745 -0.0635994609007 5.55368649471 0.715204891995 3.58401700809 -1.27539258752 -5.45846156943 6.34406695645 -2.79375747886 0.700728398875 
-4.08002293492 -3.07317106641 4.24789395453 -1.86099448264 3.40492458589 -2.39157315189 -4.53884183629 4.62044877539 -2.14527281592 0.484973428866 
-4.4724601326 -5.71784991689 3.95442920179 -2.62917084783 6.25590710695 -1.80190143671 -2.00247915097 3.57335910608 -0.336687194656 -0.263504495847 
-3.058601038 -6.56094042525 4.01599305913 -3.98689283979 8.69821086929 -1.04395408555 -2.72454500201 2.65640949734 -0.560291483959 -0.377505212675 
0.275778358043 -7.79312552921 2.01788569582 -2.43224353308 8.81424953528 -1.65792306325 -1.38713271423 3.82344922611 0.696151826913 -0.441567259259 
1.00192760288 -8.13047597456 0.0790293017468 -1.44971385607 7.8695994224 -2.43649998247 -2.57541515562 3.02030508963 0.318641086424 0.179419293929 
2.00639539751 -7.37746100676 -2.04592916033 2.01032387552 3.28261968672 -4.93377038144 -2.96850112667 3.16561630225 1.14530906832 1.07767608405 
3.74206841278 -6.37293818136 -2.05452061106 2.99726050664 1.61711452575 -5.8522215056 -3.26227719164 2.52181858333 0.677506903669 2.06734827695 
2.31605971864 -6.20874605525 -3.00780671444 3.56185666689 1.54776486987 -6.28448714244 -3.31088058049 2.20256228702 0.0108818271561 2.08861094037 
1.47477911039 -6.12770565416 -2.96169576497 3.60800633165 1.08972232134 -6.13617813784 -4.10227968109 1.92819201704 -0.559780427157 2.03102518556 
2.3832930078 -6.43977275485 -3.83163038381 2.71703696744 2.16524590999 -5.29951483007 -3.74433267566 1.22892228638 -0.617436788058 2.72255768062 
4.99160895644 -6.39271733774 -3.33221912306 1.95783888044 2.40563091685 -5.20992171601 -3.93808516298 2.041483117 -0.822763355632 2.98683878232 
5.45871025855 -6.2753850101 -3.55620458693 2.15721503943 2.26891849001 -5.31534057018 -3.98580107455 2.39708063089 -0.411901855706 3.48850554665 
3.21034724181 -6.18131546848 -3.35316356627 2.58002880423 2.11947162666 -5.68601933114 -4.39189493207 1.93213845145 -0.349289200152 3.14619965948 
4.36839289323 -6.01420112954 -2.99813461563 2.93598310516 2.45341882931 -6.30483467749 -2.77050928822 2.28738096666 -0.0911513152277 3.13551006325 
-1.88751027653 -5.47275021456 -2.81747702302 5.21785749677 1.24008589972 -6.54281850345 -3.32818563086 1.68797789666 0.342620972507 2.97074516177 
-2.78892083108 -5.89360179644 -2.95697125117 4.8029900161 2.99579160144 -5.70031366597 -2.36765730365 1.19550832124 0.593513567349 2.82978698811 
-6.2176858083 -5.90323376657 -2.80565078799 4.24883957208 5.17042774618 -5.37652552661 -1.4157107729 -0.163074778123 0.948459771957 2.67013202084 
-11.526663378 -4.81994369987 -0.424457454274 4.16032034353 5.239212287 -5.81822275208 -0.1333461435 -0.445940056879 1.01802838543 2.11737062787 
-13.8038950363 -5.4821487118 0.570718966225 2.12913921587 5.55952355595 -4.05660651973 -0.375272502702 -0.707804731734 2.04010691791 1.88648327331 
-20.0536161023 -3.87336009357 0.69217217526 2.26781992029 4.875895146 -4.18303231075 -0.316224491334 -1.41622469884 2.39433947805 1.66944148293 
-19.3316548374 -3.44225331394 2.69471697871 3.76729780558 4.41525604947 -4.24181358876 2.59069249579 -0.232485531005 0.649875796814 0.75608367973 
-25.0270759055 -2.89708672054 1.48701006391 5.15588260762 2.02146825828 -3.84061249479 3.17569039719 0.224948666785 0.804785220186 2.31761144024 
-27.81686184 -1.48836913209 2.30368499353 4.45138242295 2.64050316091 -4.50899309078 4.22669812691 0.0416698430027 0.911400111654 1.56131156384 
-32.7747689388 0.578682520434 1.4810715646 3.42131384951 2.59218416055 -4.87919963736 3.13731502865 -1.59714273825 2.34647875586 1.82319423303 
-28.8980548961 1.05457307631 1.21491682658 3.4613857568 1.5949694408 -4.5050627641 2.51392310321 -0.900301029029 2.37152150698 0.271929681319 
-26.5605342476 2.5646383402 0.301747837237 2.0861148125 0.450620501127 -4.93649496483 1.9664720863 -0.247595558967 1.56508837154 -0.370286045765 
-25.4545884584 4.6574525613 0.604101895882 2.38431458663 -0.644801058003 -6.48267933331 2.26890419629 1.5614340704 2.35324227167 0.616361112105 
-29.8625035083 4.46329653979 -2.55911560734 2.88519960392 -0.267653557997 -5.36165434581 1.26324919023 -0.541553441013 1.79896873074 -1.27067944276 
-26.0786639111 4.74060763741 -6.14468871676 4.75316539045 0.536079218959 -4.13255317566 0.342236303332 0.408567648263 2.04590815314 -1.3834253802 
-27.0978778213 6.07231911023 -8.36299303975 2.37678253099 0.470442211262 -4.67600863332 -0.750442098987 -1.38139102946 1.2293874589 -0.82674982603 
-28.866095149 5.93582496828 -9.46634116835 1.59375367061 -1.00642388978 -4.96315418839 -2.7087972764 -1.75339899301 0.985053239357 -1.84645316222 
-23.5985024576 4.68025558526 -10.3708498691 0.734304912805 -0.361834499894 -4.04229352449 -2.30558438806 -1.8236150066 -0.0796700136689 -2.55845039907 
-19.8914715071 4.44689063703 -11.8559887563 0.436105055264 1.01785006486 -3.50999243318 -1.16324074917 -1.82766697039 -1.33036876113 -2.33812041444 
-11.0556364828 4.41360837924 -10.9086132929 -1.14477736752 3.64746841112 -3.64229496801 0.00352342932839 -0.76889704106 -1.51694096091 -1.50304770819 
-8.79713943346 3.86215034984 -10.5448409984 -1.96052296038 4.48370707071 -3.66596267858 0.0852484717751 0.0164855914331 -1.20868280609 -2.11704529921 
-11.5771898131 3.67706413343 -10.4046148756 -1.34120999987 4.46090398447 -3.17738530514 -0.330707020956 -0.658913858465 -2.02263648922 -2.70314720956 
-9.11291417454 3.09642714565 -9.31001036847 -2.59316244526 3.62967468945 -3.59184126823 -0.446977038362 1.53976690064 -3.17817863254 -4.2502378174 
-16.5508853811 3.81827434454 -7.48826181278 0.662956565168 0.676560000506 -4.17661932584 -1.35988117486 2.06268723746 -1.97258966958 -4.57406856393 
-16.6020988296 4.11710647841 -7.24404276633 0.173529541432 0.3242796274 -5.24767348054 -1.91562245312 1.36904870353 -0.87591241788 -3.40710460229 
-26.3000967146 2.776140295 -4.32885168527 2.96944721455 -4.35942527685 -2.78820067269 -3.32158327321 0.701467832241 -0.878189511789 -4.1726338797 
-15.4565716317 2.31214304764 -1.25033723158 1.73008665675 -3.31070441855 -2.57835896005 -4.25668541127 2.80160169204 -1.25149470785 -3.88021387854 
-14.3961580538 1.91239333187 -0.97843106929 0.958408759231 -2.33664180125 -3.08703140834 -5.1612678186 -0.390197168383 -1.23500927099 -0.628026739176 
-18.1511868511 -0.693386034235 1.47119270818 0.291806633357 -0.0756617174282 -1.22423111735 -3.16995555102 -0.810018930563 -0.715070872775 -1.49179875661 
-18.1169619962 -2.33505058955 1.35287319866 0.445850614681 -1.57652114544 -1.79475775603 -2.42489312615 -2.3059066252 0.713093108442 -0.248751992977 
-18.4374876288 -5.64168595677 1.16048246317 -0.899007854123 2.80240131928 -0.152364803216 -1.86517711315 -1.10940219161 0.339834048648 -0.807222861711 
-14.9595126643 -6.41327649227 1.38289469658 -1.19293754274 4.60555878944 -0.54849811088 -1.49423371014 -0.317796822396 0.240814337564 -0.885172096974 
-11.4753673087 -6.70271454035 0.628972610472 -0.808107468297 5.85582501514 -0.589978546967 -1.1929524374 -1.02006016275 1.1462370478 -0.651870871333 
-6.25793745033 -7.07945689329 1.88412877804 0.159596107009 5.49902968212 -1.46427141552 0.463720290296 0.54880324957 0.693964500341 -1.31093666617 
-2.72792872891 -6.52848800201 0.741894933634 1.47841769002 4.65469804694 -3.31875415587 -0.0839956816638 1.19830394035 0.8617191334 0.418734614855 
1.27367208492 -5.61521414798 0.0792694585048 2.48873486172 3.6147682617 -2.88458629576 0.0928857638644 0.923317476815 0.160775836926 -0.193749035747 
5.89283597275 -6.33541665538 -0.234760653055 2.0511195315 3.81968253579 -2.72354494426 -0.557867788704 2.14354770652 -0.889921225225 0.0583868719191 
4.23987827514 -7.12983529317 -1.03372683303 2.92232872061 3.84905461848 -3.34380536057 -0.44049868977 2.40634093787 -1.41773045905 0.429076741875 
2.64290374787 -7.13033077434 -1.11938267489 3.49149880214 4.17639597271 -3.1834067939 0.0903236969319 2.0401831766 -1.37191778062 0.638187424399 
4.77887654716 -7.32569760172 -1.32214863837 3.49012507045 4.09247568088 -2.73459449496 -0.480624093091 2.31129219216 -0.968425264491 1.32317571976 
2.90444588667 -6.98229037339 -1.47558701623 3.24829409736 4.23789180149 -2.35317197857 -1.29242564466 1.50405629118 -1.52598365679 1.39354455089 
3.96472953682 -7.15724816228 -1.60387705443 2.83418103907 5.02128427912 -2.00805313384 -0.79150908161 1.21494770488 -1.55366266732 1.12142596849 
-0.0390569703547 -6.71803922701 -2.32042127014 3.45738531145 4.29678084003 -2.42630542445 -1.15207969371 0.699849791771 -1.25359283896 1.37343336709 
0.933727933505 -6.27083469459 -1.92378636237 3.633081287 4.69233330906 -3.1258582539 -0.296662949505 0.647830593354 -0.923400701489 0.952735526858 
0.49892208282 -6.60241732826 -1.24131228791 4.00455211978 4.58064683458 -3.70085827546 0.419417369247 2.02687616439 -1.20473185115 0.345910424698 
-1.39648468897 -6.33192928516 -1.25599185695 4.45174121191 5.25934580484 -3.28499302419 1.0434894409 1.2730715539 -2.14411854311 0.220677830995 
-6.44510580967 -6.66602302972 0.277597894673 3.39585539972 5.20908912537 -2.60380823955 1.1524254865 0.677466665074 -1.32043761677 0.192301157314 
-11.0296753043 -5.58491011175 0.0525478745905 2.94860014733 4.82333397627 -2.71435806024 1.71337914314 -0.733328312634 -1.30960707324 -0.185216769231 
-8.99490863348 -5.47791028922 2.13062788996 0.332463309125 5.34767946539 -1.9857316177 2.59885977371 1.19916449995 -2.20299916453 -0.249850483891 
-1.60180483039 -4.16939892899 5.29278501082 -4.11704360209 4.73355929873 -2.33275212786 0.783031604458 1.17760927908 -3.40994289135 0.882267931714 
-8.43198329776 -3.09101633337 4.49289002691 -4.88594272655 5.31009814642 -0.664248665239 0.373449821446 -0.854390044662 -3.40699263194 1.18753901898 
-8.39896555867 -1.09297516793 3.03638378556 -4.26158345929 3.96275640881 -0.300691399385 0.0899577972261 -0.861178974063 -5.28672906757 0.684074437983 
-4.99818000765 2.43676656571 4.55068479189 -4.807909301 4.31731947939 -0.462817467827 -0.809227097387 -0.700553528677 -4.16066015929 1.72328527688 
1.00810726997 5.64744913665 3.75563648582 -0.774551278855 1.98329762436 0.0953792566465 -0.485147822382 -0.102623317434 -3.04029778148 2.80946573128 
-4.90101212637 8.04985410668 1.4012532349 0.748841208466 0.75101495395 1.35623385888 -2.9986230244 -1.20160267438 -3.11571938968 3.13642974106 
-4.0656919146 10.5319469551 2.01682005041 0.917057740558 -0.14605737971 1.01738009564 -4.87279556837 -0.364107363755 -1.58767403625 3.47141704828 
-3.56055097383 11.9498919364 3.91408016643 1.89461415235 -2.14972045836 0.364990725734 -5.85697698026 -1.12708042391 -0.0357422056177 3.11935145682 
6.05184113022 13.0444977955 1.74503619126 0.876154677458 -0.410947297866 -0.698225250025 -3.66643606793 -0.49722226088 1.02369507861 3.40114042775 
9.79670459304 13.190637225 1.57339690851 -0.690278857964 1.56391797786 -1.15016067108 -2.99831637213 -0.837853648127 1.05390193058 3.52873694194 
16.1869040449 12.0097039348 1.34079396313 -1.47217148481 4.04681858186 -0.891908897719 -1.32467138845 -0.263871489281 1.60332448557 2.61811327251 
18.2534175211 14.1701018309 2.7607667971 -0.622275732589 4.04039250882 -0.297464155363 -1.28799711884 -1.953749447 3.2188768954 3.19130439839 
20.4731800879 14.3425965931 1.27507754216 -1.40434281306 5.56307411295 0.295297726014 -0.840257968782 -3.55735067111 2.54376481348 3.05920984037 
21.8736339169 14.4864944599 0.972181578947 -0.169945794218 4.59846350157 0.26378047031 -1.97460183235 -3.11368334827 3.46700525751 2.58487658798 
22.0113568755 14.8203437863 1.07485757367 -1.2703720881 5.73061221071 0.307957553319 -1.88742865852 -3.45966786134 3.09454515297 2.23778556977 
19.1570843841 13.4706500917 -0.130589363353 -1.49988367492 5.43551372892 -0.0505112037949 -1.96660790381 -4.3854551805 3.85832864869 0.607440310279 
17.1305690475 13.3226478063 -0.49727242152 -1.85068026498 6.12846718404 0.798898087113 -2.00717926565 -4.11865932143 1.68444870531 0.4681292282 
9.74619703054 12.8547381775 -1.39389032776 -0.666296812922 5.42498815743 2.22653297795 -2.67472237775 -4.99549812289 -0.45624955635 0.830542463561 
6.47737393382 12.8037598116 -0.0395779908378 0.940798298059 4.01250948662 1.96592285622 -2.58418175659 -2.08423129896 -0.534287006797 0.619565769444 
5.53838206381 11.9897292529 2.32158515485 1.89762813543 1.70972024376 3.25507445718 -4.4997296722 -1.31189253987 -1.52153449639 1.16097522665 
5.6131526153 10.1457674526 3.63540368052 2.44941776521 1.06290419412 4.55421192283 -3.0096378717 -0.663434218768 -2.54482662232 2.74424036868 
3.35824486598 8.31555784351 3.53511001148 3.43041684911 1.38221880462 6.27525794859 -2.51456712813 -0.387690215066 -3.24198501263 3.77985883807 
6.66916613945 6.62867212458 4.0945071029 1.9031486456 1.56832813271 5.60378880137 -1.63329441776 2.59848276776 -2.07383672169 3.40050723787 
9.68456618231 3.23419019138 5.00911740497 -0.0892346126032 1.55109702788 5.3533632636 -3.14646179759 2.35049111061 -3.27625420281 3.27609109567 
9.0480021729 2.81470503553 5.47162774798 -1.46972712296 1.1960521408 3.26542796189 -0.813427293019 3.71567405926 -3.71223730038 4.0058445939 
3.629726554 -0.187576961907 5.5857144271 -1.99888534304 2.40973941175 3.50199865238 0.5068798511 1.41367574002 -3.13333943079 2.20427288436 
-7.61837504952 -4.67676658393 4.8476121042 -3.92166565585 3.86158740699 4.92433653005 -1.59553954646 -0.770335886758 -0.433429393721 -0.467820590704 
-6.32629885685 -5.13708517735 4.21082801403 -3.81074947319 3.57835239266 4.55037760807 -0.967239628428 -1.02534866698 1.31478041372 0.409373159135 
-0.479235263393 -4.99748711554 3.4206932967 -3.9626295494 3.74470635369 3.61601667642 -1.34110453849 0.652146603458 1.27302896247 0.647496229521 
6.54640325553 -4.77157913458 2.13139075996 -3.31027637661 3.69428668297 3.24115091127 -2.21644577168 1.57163262226 1.34493314969 1.72793006872 
3.04299801732 -5.92360876335 -0.258201393524 0.174928319744 1.67355439718 3.91111166738 -3.20800053726 1.49128973403 1.0060152949 2.22880987562 
4.5002983039 -5.66745323446 -0.410647578504 1.78487917721 -0.112126761725 3.19712019337 -3.71753581772 1.43799630896 1.01980967181 1.58837521401 
3.50274260993 -5.25333798476 -0.710169604618 3.41749007363 -1.3784063024 2.90034863279 -3.93222884377 0.857863245437 1.2448020873 2.36488704269 
3.07784961308 -5.42243139146 -1.44783560092 4.37689377644 -1.93837078709 3.09812596807 -3.85679369542 -0.429231047872 1.02673906672 2.27013749289 
3.46640967978 -5.3231397486 -1.84375338056 4.31925364078 -1.9596979414 3.05628698403 -4.03152634496 0.169826422772 0.899351263609 2.18739733737 
3.00489859674 -5.27989284877 -1.6497244496 4.23527797688 -2.05064979424 2.88863050533 -4.48093928827 -0.328301858991 0.88177706561 2.60100855599 
0.131140640879 -6.31898174872 -3.94833977662 5.51253751353 -2.92308474854 4.02149156584 -5.08679582048 -3.70876019763 -0.525466063731 1.68385446306 
0.130846187565 -6.01079925847 -4.20271895557 6.04380323706 -2.870721128 4.2893855142 -4.9591320532 -3.83611468577 -0.308467677199 2.10419371347 
0.400745903392 -5.44192914645 -3.22657376016 6.29294804072 -3.19048152504 3.66907086484 -5.19784375826 -2.87896478087 0.361570905624 2.55579537774 
-1.71978392876 -5.13778972184 -3.41727445554 5.74565527947 -2.75711140957 2.65624286987 -4.94207765825 -3.06511360943 0.202275204751 2.79702852031 
-3.66793672673 -4.3968826092 -2.22963630662 4.66384082516 -1.25783470542 2.67446845045 -3.38659454375 -3.58595719282 0.204159222567 2.20696234531 
0.028146180845 -3.96334516379 -0.895690041919 4.27541231207 0.700747461515 1.66984793186 -0.314815778193 -3.90095147908 1.437799183 2.83531696626 
-3.79649490904 -3.71742622229 -1.03905353778 3.29510631258 1.27070890134 1.51680991474 1.35855661786 -2.324583514 2.27082819577 2.67804262551 
-4.47692585909 -3.17655186337 0.0238434342682 1.01395122382 1.15653550739 1.14291605615 0.606412224104 -2.64435225606 1.96966683847 4.21650840241 
-2.60391919797 -3.26662260727 1.13247367507 -0.904577273337 2.02591006959 1.58545409597 0.757338680029 -1.4897271876 1.69316822923 3.11564640394 
-6.77033198731 -2.82611101629 1.61512457183 -0.864297399449 -0.0973443671262 1.23461153185 2.06604229113 -0.909213468235 0.837627185002 2.67380835938 
-12.6322638805 -1.69160692541 2.75807381193 -0.186602623893 -0.997527487283 1.56251514804 3.05002587042 -2.25346806824 1.23792046266 2.22781576965 
-14.2577572517 1.42237406082 2.22358603709 -1.51939994672 -0.241728991686 1.16859781918 3.90436694024 -2.37022943499 0.582955516311 2.52853995731 
-19.7065291071 2.49282578665 -2.84113178956 -0.105824837134 -1.99493874598 0.770408212135 2.85123426597 -4.42481654683 0.0984166931074 2.52673134335 
-11.3264647226 3.93309136948 -3.10269028278 -1.04208415406 -1.82364563373 -0.0841723247223 3.84711461117 -1.09961481138 0.993275432765 2.34340817259 
-12.2997570559 5.57934190939 -2.99068006966 0.593157485659 -3.37987007188 -0.279426167167 3.2646174748 0.939280074228 2.39599860451 1.74936170809 
-5.59595680351 5.34070854881 -6.16942255572 -0.0375767019477 -2.93427550351 0.0418073845718 3.45392953988 2.32579922029 0.352035325436 1.37529595667 
-1.74461908412 5.90199812 -5.09546837327 0.241931044608 -3.41879387085 0.0526187359325 3.19673096075 4.98908712597 2.08812288582 1.95247495873 
-8.28579751193 5.49513595593 -9.28120109182 -2.84794622087 -1.87326937228 -0.151473686465 2.3496143081 0.282662301057 0.175913358344 0.421399039977 
-4.89539199715 4.36434099149 -12.1072195432 -5.47914901492 -1.29307463152 1.47771952368 -0.285669830243 0.324307821257 -2.14242254472 0.213287718617 
1.10556407943 4.76261837435 -11.8803426511 -5.86100059799 0.594983235171 3.01836632872 0.422571619993 1.29908934069 -3.07402527079 -0.899052965778 
1.81264996777 4.95308347252 -10.2370831136 -5.27287231032 1.12533757775 2.50887004233 0.988426656258 0.872887745227 -2.77076530775 -0.783082937094 
7.02772516786 5.6555281324 -8.68050333864 -4.39814256715 0.697194665379 1.76378746133 1.32694505405 2.44959300581 -2.42026124376 -0.606591980409 
5.99562359398 6.52117386677 -9.32839001676 -3.25742205481 -0.377651084836 1.65413523822 -0.155147210527 1.66709743236 -2.05338113234 -0.674560734235 
5.25067141233 6.66233310309 -9.36137227821 -1.84662835777 -0.290747723535 1.35899771571 -0.301182794029 1.71425966166 -1.30188500528 0.594324940785 
-1.27579350672 4.96105366308 -10.5473799637 -1.24521886723 -1.51674393839 1.83002998437 -0.607281992893 0.827965918298 -1.87872052566 -0.395800243484 
-1.32813440828 5.95214161126 -6.19450506062 -2.62357296777 -1.87157161417 0.374156410881 -1.49566949799 1.75537830214 -1.46344170643 -0.637260238896 
-0.714739566135 7.13659815611 -2.23495186325 -1.19208786962 -3.84213000839 -0.932078619384 -1.86905817749 2.21485726398 0.407947900387 1.13065871679 
-7.61639680584 5.38863470842 -0.26509068284 -1.56696507861 -4.52407795641 -0.740110056713 -4.70079493814 0.159241267765 -0.26264274193 1.95075555564 
-10.5882993801 4.6929968971 0.145045796654 -1.67407400928 -3.41893658567 -1.04579502378 -2.50591851922 1.08394050366 0.247787808404 1.25088503591 
-10.6653859173 2.29105411919 1.54979979951 -3.5011903543 -2.00106410266 0.085772811805 -1.86708501229 -1.66672696649 -0.0935585892012 1.80950127382 
-17.7141337825 -1.11580776289 2.78713755571 -3.82438427485 -0.643739425742 2.19870184098 -1.86139248042 -4.13657363791 -0.0699552580957 1.18994409774 
-21.6693010654 -2.94032959159 3.06916821261 -4.4930466867 -1.65329361179 1.28068080809 -2.5628279699 -5.21988423177 1.25594305856 0.627769512339 
-12.7609904926 -4.16857363748 3.09847297135 -4.77483209375 0.158860429281 1.37861420011 -2.98064424293 -4.03966230927 1.40652599685 0.730233459472 
-1.21156856251 -5.10319541765 2.11128566345 -7.74330138446 4.18536357794 2.35986850431 -2.63355623856 -2.29942141969 1.09560771904 0.323203192991 
2.3721911691 -6.16835502276 0.671068592867 -7.68811334852 5.3310111007 2.49065801106 -2.37535584694 -2.30843128224 0.092001592476 0.86205115466 
2.25510602179 -6.09170662341 0.624536405822 -4.6253889727 3.25225443708 1.55548774732 -2.50965343478 -2.77726558883 0.784023283874 1.15073454317 
7.13520304329 -6.04435982969 1.17210727273 -1.71198580466 0.878812023535 1.48793504322 -1.24892780407 -0.866807443292 0.816163673269 0.234577018645 
7.76616250477 -6.80413157717 0.406541830298 -0.134857587823 0.902185088443 1.88424935528 -0.210327830005 -0.298803469606 -0.604439868918 -0.0671691254707 
4.50302753375 -6.63478494074 -0.592856235609 0.544367957205 1.26421624232 2.45905627756 -1.26556231911 -0.238135847994 -1.52917707012 0.346627528033 
3.45818581946 -6.39692180869 -0.737232720649 0.48776941687 1.8785188578 1.94147066345 -0.956359924139 -0.169673940373 -1.25485633625 0.189582415846 
1.24745674286 -6.72593338966 -0.836531953248 0.722327782862 1.46712520573 1.99927795987 -0.803092006038 -1.05757833988 -1.49844281258 -0.744891126431 
3.30123589408 -6.61710125111 -0.508246179978 1.79367854102 1.71665957171 2.22888341856 0.0299757424384 0.170768367062 -0.837855115302 -1.02753443167 
3.91208397201 -6.58502966153 -1.13835613831 0.89422992575 2.31382550506 1.55670376911 0.337051959026 -0.243051296197 -1.22460930557 -0.639046705084 
5.60278786075 -6.5227994902 -1.01001895746 0.888315138656 1.40975771962 1.033979663 0.263638040869 0.454994388611 -1.3508291995 -0.284611740255 
5.43895179658 -6.54934940486 -1.69519213929 0.711675833799 1.88393588665 1.05106933037 0.301146342532 0.221108779087 -2.05478121061 -0.2332425966 
5.04300669329 -6.40805347472 -2.5197254067 1.67429969359 1.76166650631 1.4927091393 0.770164614391 0.972869604272 -1.69100199005 0.273077268033 
4.12389431413 -6.37580705336 -2.12534046005 2.10256210909 1.86983249852 1.76460995175 0.913540612261 0.735902164929 -2.15945783921 -0.154047691425 
3.6072292533 -6.01837293832 -1.21200668949 2.00917586843 2.64680841497 2.05561621472 0.451507085024 0.304970926298 -1.62285303498 -0.31301537264 
1.31768438609 -5.51977633602 0.0466110390439 1.78314315553 1.79029138986 1.23191907197 0.755389863596 -0.630873286356 -0.887636044175 -0.232923911394 
-0.656719765799 -4.83377457058 0.319656940863 3.60054560093 1.9362927231 2.16692035237 1.47139992821 -0.814543195301 -1.21364040312 -0.605732061903 
-3.00242666928 -4.35416442961 0.36287305352 2.93577536684 3.12686211524 2.24811163134 1.46672273889 -0.543958443175 -1.25563775044 0.425005000838 
-1.3948837858 -4.2183044886 0.498805051392 2.66960974698 5.05088731498 2.96581904849 1.21908004983 -0.2745381428 -0.494971471263 1.87108793041 
-2.0261668144 -3.49539444563 2.8985830442 1.17325764099 4.46553699151 2.73681742954 1.59651543854 -0.556899606369 0.427096091969 1.58975118373 
2.70436452641 -1.98215405306 3.89539211957 0.13845212077 2.8706042944 1.31153246765 2.04755764807 -0.469589868073 -0.292163026388 1.84256963521 
-2.72626521433 -0.741176083178 4.06548442476 -0.552798385394 3.14854894252 1.02530599966 2.23083712628 -1.73469825207 -1.80968661641 2.41324423389 
0.762613552818 2.19063960772 3.92275425555 -0.0326870814154 2.78621009146 0.0576944313715 2.63645890516 -0.0144094026118 -2.30739761275 2.94627032097 
1.51016063189 4.8342664429 3.4079679328 0.406757114321 -0.077116192788 -0.744277807897 -0.0597001647899 -0.292254425198 -3.42271153423 3.77598054296 
-8.35809597897 7.02732075158 2.45257642662 4.38277728481 -0.426718453867 1.62252686609 -1.53147660836 -2.60344378986 -2.15193827877 2.21241920463 
-12.5764032714 8.62775929953 3.60492901514 4.28929802099 -0.0635632148331 2.20937750948 -1.02190555501 -1.87987025495 -1.65029905561 -0.250470371739 
-6.08482583838 9.32557308911 2.05041517456 3.84666852628 -0.071315291219 0.846920871731 -0.203070718663 -1.13871730632 0.145337262493 1.38240011828 
0.0512265780138 11.9927003119 5.35837922178 4.45500148242 -0.308114676061 0.661330497453 0.153014265063 -0.369420154362 1.01762508692 -0.139459628867 
3.13545358006 11.713557174 3.102848712 4.32711360893 -0.678107500556 0.640320702532 -0.650326533468 0.68673542154 -0.182346536272 0.808132849105 
7.93813656521 12.5032314036 2.24150774044 2.32324582592 1.57786209521 1.01289030382 0.190807538216 0.904779038832 0.0342105268563 -0.260845763553 
7.68978317972 11.8815088097 0.464905186427 2.26263640015 2.29416776562 0.635806352364 -0.077896854531 -0.508837435901 0.505002124525 0.230787517094 
11.2141169211 12.5003171849 0.263915059544 1.88755309653 2.7840835872 0.912495217529 -0.0570987092032 -2.57811530381 0.448896271162 0.0807606488312 
14.3055655242 12.1736360871 0.258744123597 1.25526672143 3.71934977592 0.949637272727 -0.386627646123 -3.78258809774 0.11593506397 -0.576145361141 
15.085228095 11.9516398517 -0.536188272236 1.16661242869 4.00680991128 1.12049214109 0.0447382122842 -4.10452599853 0.302860813582 -1.24362929448 
11.3831683256 11.7208030707 -1.58501018775 1.87106722309 3.61155485863 1.09409264197 0.213639359038 -3.09210301702 -0.191573720263 -0.837929216332 
12.0942680042 12.8714759746 1.27827998825 1.95899348509 4.76944526538 1.7484010896 0.118084422638 -2.54742800641 0.0161051730787 -1.87972911091 
4.82944309405 12.7525814746 1.16703487464 2.40041603294 3.61125172048 1.53273808313 -0.240533826531 -2.13162673936 0.158818567916 -0.67766415963 
0.259486578983 12.8240404415 2.75354450632 3.41500789295 1.03845225987 1.34204512267 -2.40345189912 -1.70398180946 -0.866135217242 0.257965341652 
-5.64746026694 11.7433892692 3.41939294879 3.55150438262 -0.164978817322 0.86392227808 -2.79096564014 -1.40729090129 -0.3597364959 -0.451132387514 
-8.22822866385 10.330792205 3.1380245843 4.1177528574 0.21847660904 2.33982660152 -4.15221670348 -1.97907722619 -2.20640765746 0.805098115186 
-5.75577509255 10.8828279778 4.27351235894 4.92422357565 -0.972230873561 2.55691011865 -5.08826063596 -2.10010138479 -2.0156271954 1.82045088589 
-3.4521535644 8.29767440117 7.65766423765 3.4219576748 -2.04850030537 1.08717600208 -5.11121213301 0.250880855813 -2.16015456356 1.2949864723 
-2.41398575245 4.15397579838 8.103027563 2.61163382065 -2.35857594298 0.440623600814 -3.18494834049 4.36472189246 -2.25935830923 0.917863751131 
-4.54745821832 1.46001969677 7.4806546547 -0.187248361795 -1.65450498813 -0.128467611468 -3.51656759864 2.98933131904 -1.64677961611 0.291269193419 
-7.39363936457 0.277782768732 6.00124030799 0.0243523937412 -1.14295256198 0.484525299324 -4.76717055888 -0.687325746229 -1.34768092005 -0.299780743484 
-3.09838496468 -3.01801073892 4.51079372236 -2.17217517553 0.847196262763 -0.265541841093 -3.9195344109 -1.10784209573 -0.784902397124 1.08457213706 
-2.30927630121 -5.65102230964 2.99945261601 -4.31482532817 3.32728250252 0.236573852768 -4.14195326716 -0.186884771784 0.0438661266827 1.04970327425 
-2.28682526704 -7.03457244596 2.14415333382 -5.38847397853 6.08721739842 1.03087356499 -2.88363566681 0.22926583391 -0.31033665349 0.344382792285 
3.1403503207 -7.38340872982 1.26006923743 -4.04140989819 5.32158630772 0.704804496063 -2.29256279777 1.76463457324 -0.594507163632 0.0641216983265 
4.64822459761 -6.33930575184 -0.660291714448 -0.177631461873 3.33665883638 -0.801190529406 -1.34536145398 0.957313460031 0.0919382357249 0.679765647976 
9.44698285302 -5.73964773398 -0.694818550367 1.5160492403 1.27589519394 -1.52676580894 -0.966702136987 1.96489164078 0.800939180769 0.857950971306 
8.54067963488 -5.63959451817 -0.226205835785 2.70089124839 1.43399706074 -1.28140707653 -0.0135099883518 2.39065244873 1.12789042429 -0.0858287321326 
4.80938857148 -5.28907973473 -1.28951085027 3.39594971454 1.12991398901 -1.6495549792 0.827266209435 1.02172123427 1.44870327024 -0.603444358166 
3.84378262735 -5.84502339018 -1.74757632474 3.11369964557 1.18097530171 -1.85129350135 0.535379809969 0.623234557394 1.67177108302 -0.393973003689 
2.29550015866 -5.59260164115 -1.4186380283 3.09659483877 1.01712023237 -1.78731970924 -0.358939052193 0.218125827488 0.933808496199 0.188886267838 
4.00987813178 -5.83400713277 -1.10239266797 3.00885396228 0.971634765735 -1.91767057978 -0.383147505939 1.32507170186 0.916839972501 0.0605636265222 
4.07424762363 -5.75862442854 -1.05373818788 2.23628438658 1.57043552593 -1.41800519051 -0.983839761005 0.688747156699 0.0820994445904 0.554249646688 
4.10238715231 -5.32630618786 -1.03847839725 2.52876765578 1.59272087766 -1.43859834372 -0.00279505549207 0.651568321302 -0.631061252765 0.419278663321 
3.9341965283 -5.29826982183 -1.02627263682 2.04437929919 1.98613010671 -1.81042242452 0.0651461742645 0.312571392891 -0.627202922549 0.975796781825 
2.03891014091 -5.32534194129 -1.41773670631 3.20446429057 2.37975793834 -1.05664110226 0.11714604822 0.0298471913217 -0.00504559855419 1.26351722532 
6.82943139143 -4.64426118503 -1.12457075825 1.14203637033 3.16448411175 -1.97744454033 0.0420866531391 1.72028450395 0.335841948974 2.61146377263 
1.18413286493 -4.44290160433 -1.29153790078 1.784566344 4.1153141495 -1.58253449306 0.866655823149 0.312341083666 -0.0308728784318 3.03376276394 
0.576553714627 -4.42974899883 -1.20535229406 -1.05801772379 4.6927318579 -1.59212106774 0.462630584489 -1.17775166083 0.23776678532 3.82328458579 
-1.69817352339 -3.46430220621 1.16455526752 -1.69222206978 3.64479550606 -2.69733800839 0.21051896325 -0.31130287954 1.77548164035 3.9869218355 
-3.84633258658 -3.92478242655 2.86496974984 -1.82318761555 3.75895892316 -1.98674271115 1.41951000927 -0.470830127609 2.07385653541 2.18833711079 
-4.29732460231 -1.79404986825 2.40922990904 -0.756059594554 2.97877464607 -2.89689503959 3.14311606353 1.25661358577 0.804155717892 3.86286711285 
-11.3798294252 -2.03409313575 2.28960469491 -0.292151896899 0.817243761501 -2.57013658347 1.9794842125 0.0254351712903 0.929160564595 2.28243018605 
-14.3863035347 -0.609717377779 2.11594794112 -1.09292208216 -0.368330996755 -3.73646156903 3.88462042729 -0.270762333532 1.23660980215 2.00530567483 
-6.61810321276 1.90187998392 3.09406416743 -2.72190932168 -0.138590710553 -3.93580247868 4.78414587956 2.86159869726 2.08808744535 1.52252135219 
-8.86440752204 4.14857994381 1.35653865882 -2.16768154824 -1.16988583398 -4.04328744566 3.52677395835 2.95099306532 2.18332780825 0.761286021746 
-5.33077043027 5.45818572702 0.0273555218742 -2.66514589134 -2.36862661509 -5.60011033207 2.27395155401 3.21266802049 3.68749963068 1.74882466097 
-11.9775361716 5.73840551364 -2.23788482257 -0.674064103864 -2.62067870385 -3.34363495606 1.64704137888 1.77999264927 2.79694296444 -0.452744186708 
-19.058917744 5.4519337507 -5.74180543037 -2.58869493393 -3.32885528104 -3.12987622406 0.076999411251 -0.689348044562 0.690340837344 -1.73311331771 
-14.7276225206 6.05096739328 -6.88224743024 -3.90303298763 -2.52708770414 -3.60018973435 -1.17569724848 -0.108650976732 0.794893353177 -0.68452784914 
-10.9607594207 5.63879964763 -8.49560255811 -5.11810824394 -2.19975434001 -2.64408019069 -3.91973525386 0.177668003116 -0.284450467453 -0.89783897573 
-9.6042010722 4.48963248691 -9.96424277331 -3.09675946883 -0.143232996735 -2.08524496762 -2.24461277834 1.71835853337 0.950186549277 -1.98776443653 
-6.43901251421 5.43617638352 -11.1984288646 -3.56944877348 0.60535616949 -1.34669286463 -2.12825550267 1.44532066099 -0.222293110805 -1.33258167839 
-5.11881096335 4.7929370864 -14.0458482059 -3.46816140212 1.96958747146 -0.548766433024 -1.66793513226 1.24152739644 -1.41348920076 -0.50013324155 
-5.9157945557 5.07621345498 -13.171672925 -2.72555016491 1.28765192318 -0.79098130464 -1.71207771673 1.18489163824 -1.77830762305 -0.498499420571 
-7.72099700387 4.97539057345 -12.3632416151 -2.72071273967 1.23434110964 -0.753490616536 -1.506865613 -0.72881088715 -1.74444849946 -1.68574284815 
-5.21215749686 5.1030452606 -11.0292090219 -3.5829159126 1.91152244329 0.0331006414198 -2.24907998426 -0.46068608139 -2.19548895616 -1.31532091165 
-12.2602019181 5.84151298712 -7.34005370407 -2.32704412776 -0.58602195766 -2.28427357679 -1.90827155654 -0.72504956425 0.19973907312 -0.882839873903 
-8.62511374288 6.41836893958 -4.74131885857 -2.02498137031 -0.378114941 -3.1651817616 -1.23815381131 1.18921832686 0.812682437759 -0.962621880411 
-5.0971426194 4.36125349363 -4.21546622494 -3.52191289435 -0.215618399195 -3.7034387427 -2.02122053628 3.05155610954 0.571527590616 -1.28577539188 
-9.35231594426 4.01849347033 -0.95195789715 -5.13277971674 -2.03364513718 -2.86962421008 -4.74025108961 1.72958294984 0.912671024599 -0.515456908012 
-6.9292037381 2.16937279613 0.435348963275 -5.51678226957 -0.870592261533 -3.91065024869 -2.41311273894 1.77581781698 0.457887264435 0.807148246952 
-7.93678653893 0.0839583442945 2.00247808936 -5.51903537681 -0.477254772779 -3.45317054882 -1.84635822201 1.28582505248 -0.43164217926 0.858443392212 
-19.2227983782 -4.27580492192 3.30606157598 -3.77026986026 0.106055086541 -0.959426343589 -1.48498152409 -2.02809014008 -0.206740242829 -1.97123429169 
-15.7518741649 -5.61371347933 3.93116164015 -5.84243763395 2.53555438093 0.239509495225 -2.0891301052 -0.515170886914 0.148245516323 -1.78810106894 
-9.47059994631 -6.61853932485 4.46252838007 -7.08038245722 4.0883473115 0.129356425794 -3.19325778367 -1.19683608461 0.0266570332575 -1.22498268763 
-8.58895915059 -6.87258446924 3.5765183322 -7.03459764308 5.00110590047 -0.446500633735 -4.1461248798 -2.54947095732 -0.147946745542 0.0426786257214 
-3.70509294049 -7.54802662113 1.5474575056 -4.60032055164 4.93462949484 -0.142729929455 -2.25479932317 -1.70486512478 -0.380880941123 0.129728739399 
0.420722171018 -8.00458478017 1.40231383378 -1.43316309225 2.71608708716 -0.451252816313 -1.66540353674 1.0409359413 0.350730559075 0.155470983376 
5.40507431706 -7.40665705104 0.175635114779 -0.783710873943 1.45854804989 -2.38588828987 -0.641375570908 2.11584097382 -1.16835328624 0.514009098891 
8.55299304174 -6.43948783893 -0.0210116786156 0.429301016196 1.97840124428 -2.99216460414 1.76706009202 3.27330786201 -0.873401788176 0.642119489141 
7.07151985744 -6.85354148941 0.00491984937263 1.7354030633 1.79456998393 -2.8312750339 2.74132830568 3.72557652715 -0.819653830759 0.0236879157676 
5.13935349564 -7.42637143396 -0.353609007825 2.29449720252 1.8127547969 -2.09109814271 2.59198450659 2.73047702851 -1.10546373883 -0.567781771647 
4.78999486069 -6.94813210776 -0.224621580139 2.06295362977 1.94605664805 -2.36111650216 2.85060079019 2.424044942 -1.179335199 -0.20418489798 
2.25680279659 -6.90319023084 -1.1464354 3.04365474079 1.94836462398 -1.7543782102 2.25782403454 1.64711118281 -1.13527479609 -0.900575475091 
1.09009449784 -6.88161491398 -1.79285184247 3.48609124266 2.15739744735 -1.87403032486 2.29583967182 1.41644808641 -0.991045814882 -0.617280888555 
0.562942195921 -6.74705269273 -2.24562905253 3.81205981312 2.09786089239 -2.19761063449 2.39902994645 1.13176032105 -0.651579450738 -0.919151328092 
-0.0217684739841 -6.62082531332 -2.0687736844 3.00575053713 1.98113731281 -2.77008832634 2.17449882734 1.02415365076 -1.01584177901 -0.0495805542871 
-2.26156430102 -6.84566980188 -2.26500794597 3.3464681184 2.30124840221 -1.94024582458 1.81917619221 0.474961640036 -1.48730605196 -0.366085780898 
-0.335975127994 -6.5783885995 -1.48744989202 3.28145019981 1.95018256393 -2.47299245312 2.68204129946 1.54054676718 -0.785164127634 -0.103667100542 
-1.8284457573 -7.21195300992 -1.55872200186 3.55673687071 2.39232569385 -1.22392722345 3.33267943144 0.691232069278 -1.01524633712 -0.974026998493 
-2.707651866 -7.23153534059 -1.71346955288 3.64547587744 2.09841361891 -1.40643103045 3.30887269516 0.659677752518 -1.35967008666 -0.801226120761 
-2.23968364985 -7.32563379129 -1.04038042163 3.00752228264 2.59367019955 -0.756192587962 2.4660168312 0.73162140264 -1.66720633647 -0.44771347304 
-9.21220354222 -7.28550176191 -1.03087531191 2.03955285322 3.35978989329 -0.33436655344 1.87135944488 -0.813743404571 -2.68455105914 -0.758432996838 
-6.96643372071 -7.31494683527 0.345937872461 2.47645018689 3.33935768949 0.615393656471 2.2372986252 0.199452310599 -1.31193276516 -0.347289153904 
-6.61767102222 -5.66767197212 2.22708710449 -0.33098173547 5.16555896681 0.47123063242 2.20295963898 -0.831417592001 -1.83097202534 0.583759335999 
-1.30614963174 -5.8906462658 4.15599582926 -3.25091487532 5.62433029183 1.03075322594 1.73079868798 0.312456067989 -0.949131319777 0.48111266685 
-2.4178795638 -4.30763918471 4.69622542194 -0.584320771725 3.0814375045 0.442368191787 2.59450898509 0.15757235912 -1.57472100169 -0.174018909685 
-1.83097268589 -1.55516221394 5.54953761478 -1.40163694065 3.44866502732 0.668980248306 2.5709270324 1.29674432148 -2.58435402288 1.03288575849 
-0.669163232735 0.78153424531 6.69169378432 0.905469973149 2.55620053326 1.90483461897 1.76777051455 1.2785264734 -2.27394331259 -0.171926596141 
-1.76894524556 3.66202513006 5.68935896453 0.976019399394 -0.303874186443 0.662954161875 1.60315016764 0.0468932447045 -2.62144737693 -0.747628980053 
-8.45812988692 5.89606238349 4.23240686963 2.45739642459 -0.719164358467 1.89752469176 -0.160916242293 -3.01888625565 -2.07710486033 -1.39340081815 
-9.93386391826 6.48978074573 1.53965924953 2.30917672147 -1.01283925784 0.861259457411 -0.645833377953 -3.28300157039 -2.08984743731 -1.07925335905 
-9.94441755291 8.72290818233 1.81134404794 3.95048777973 -2.61006661569 0.734745035854 0.18425446693 -1.37646180827 -2.14861106782 -0.675096443612 
-3.73742549594 10.4127601376 1.73235231176 3.89723886618 -2.7019877086 0.898508369352 0.236742452656 -0.557505936709 -1.87537173078 0.530763962316 
2.08794316751 10.7787606556 0.33640816251 2.60563818755 0.184945758778 1.21623895188 0.231131381514 -1.36487847694 -1.64448821061 0.315856228656 
11.4828181647 12.6005169169 2.55141475057 1.89152974141 1.5670480155 0.165489078852 3.07036709322 0.406208882412 0.474718383556 -0.641389034325 
9.1825678966 13.2739669245 0.431379611638 1.6353673284 1.69795698805 -0.573979395858 1.78846207991 -1.40679577292 0.783734639321 -0.172479587045 
12.3926619534 12.8116876658 -0.281236103347 1.69643036457 2.01755263589 -1.59216944526 2.16486248374 -1.05798402583 1.05877341752 -0.327522700966 
11.449975625 13.3729503887 0.342157462626 1.61234751058 2.54775199124 0.379654651157 1.60999140413 -2.4952350676 0.898540208431 -0.696741484741 
9.78294136969 12.5386414496 2.17679446229 2.5505744931 1.29125230529 1.32632157559 1.89812999878 -1.97054248677 0.250583749601 -1.76869271911 
10.4827478989 12.3142397524 2.57936539668 1.93045817675 1.13305578093 1.17209223309 0.840356524829 0.121027326413 0.492953450329 -0.437344294573 
4.52554078033 11.6516569469 3.62854121289 2.87440775487 0.293949176502 2.44153249755 0.586650363665 -0.557846989375 -0.682287156043 -0.505443389246 
1.83117064415 9.14913951846 4.0721950471 1.60276953122 0.813378876563 2.95984548964 -0.45960291281 0.370913870895 -1.97630842743 0.314848128802 
1.50275002057 7.51725994664 5.0556648365 2.86181938083 0.54293895107 3.04783686061 1.47532114544 0.607718218331 -1.80845034992 -1.29468238085 
-2.35307258847 7.25442151717 7.59159346453 1.93787059037 -2.04870625982 2.47106516978 0.738760884572 1.91226926976 -2.15432785862 -0.587223341999 
-2.6873140111 4.80807062645 8.58915082012 1.48574780971 -3.06146948797 1.14463313012 -1.41831058394 1.0935517081 -2.43341414978 0.0599700938454 
1.30113849047 0.440571307582 9.04937964028 -0.420754296292 -2.56217939208 2.6401412119 -2.60236483742 3.9689422468 -1.7336380963 -0.923379304412 
0.0417702968493 -0.529557951969 9.30206121279 -1.67213503814 -2.43792992525 0.182466747273 -0.0171746694061 4.99234100512 0.00336483887859 -0.632445343589 
-4.73107661832 -2.26045803599 7.22748565455 -1.4119746593 -1.89423420916 0.883241665209 -0.5268479881 1.61649453301 1.30084583985 0.361333471814 
-2.44747850951 -4.06261569994 5.68240498166 -3.84720160631 -0.537231856306 0.579909750008 -1.11716117857 1.24288995351 1.28744718211 -0.0522163162314 
3.77121835 -6.62664352256 3.61314125366 -2.83499410325 3.10392688619 2.35030168307 1.54786516756 2.98886393267 2.09223263915 -0.158503701488 
-2.83908771283 -6.83737838206 2.69019873836 -0.48055054438 1.13683763601 1.91583334194 1.23452376051 -0.090434783615 1.5123514217 -0.721439498197 
5.46932896702 -7.19873791648 1.5744709176 0.549408091866 0.315259690974 0.475509740462 1.84305657492 1.6757648342 1.57453650463 -0.489694173128 
7.72358303186 -7.88210418734 0.305868952742 0.327161031819 -0.961504673353 -0.0576341883053 1.34466359789 2.27755845154 0.836871841837 -1.32444477238 
12.574857707 -7.54116842649 -1.28552904407 0.11803199391 -1.58576991734 -0.947544567617 1.3781715686 2.51872377412 0.326783633859 -0.575479338056 
8.8733386057 -7.04055747459 -2.34913069735 0.629547507112 -2.1144360778 -1.59471725784 1.34754591792 1.56326498871 0.614622291459 -0.350394021703 
2.35290569453 -7.40316919336 -3.46965120345 2.14770939699 -2.15274354669 -0.552388698915 1.21465704879 0.666563122128 -0.0621932993021 -1.45002713037 
4.52038596723 -7.73422982388 -4.19654037406 1.83214057564 -1.82331816093 0.0710242789631 0.311527653343 -0.325586629869 -0.127152849966 -1.21247864637 
4.35844985659 -8.2778730668 -5.12526104968 2.13470844941 -1.59098584931 0.809439655896 0.267247993039 -0.281438525973 -0.420172326271 -1.16445141234 
4.93334575458 -8.53058551511 -5.10686804305 1.63731537076 -2.06587520626 0.897495395076 -0.413994576567 -0.0994839330936 -0.595656740738 -0.0307276600761 
7.36364354116 -8.5570903438 -4.63368749887 0.770476369191 -1.3849790012 0.556069959497 0.497853459318 0.795209935577 -0.42573279044 0.179497664848 
8.72780440036 -8.65069283173 -4.20126391005 0.855924155317 -1.91937368168 0.801657423457 -0.606384595929 0.624089574917 -0.522574642478 0.2289876026 
10.0958862189 -8.25814362484 -4.27554708215 3.17587334197 -2.58287428078 2.13553944161 -1.77860940309 0.463845352105 -0.284177962432 -0.269021936761 
8.00760929246 -8.12402599528 -4.45082801943 3.36508592401 -2.48493068441 2.23900237145 -1.72193785091 -0.268692413986 -0.417654602605 -0.707682600853 
5.53264250723 -8.08225680244 -4.82874255084 3.3871411322 -1.8882574547 2.31612620105 -1.76783358103 -2.12954209061 -0.104449929478 -1.10388944786 
5.74460513516 -7.9074513705 -3.79112956311 3.31897720325 -1.8562171495 2.63173998056 -1.94528153008 -1.87921762745 0.109781108988 -1.08788791264 
5.03392907597 -7.86519120996 -3.2871505417 4.67843792531 -3.51433543358 2.98968297051 -2.970427974 -1.21761951757 0.575454672777 -0.748906957909 
4.45406944119 -6.72469013196 -2.58233339985 5.05589882707 -2.70832379849 2.75438328741 -1.56798976699 -1.33459926475 1.22493197246 0.324037299222 
5.27803359597 -5.85137595266 -1.45055945243 5.25693433807 -2.74510082981 2.12513106845 0.57526895379 -1.66105189191 1.63461781972 0.988122333879 
2.01515147015 -4.77140878135 -1.1446140221 3.40852005412 -0.0678693819165 1.98999990076 1.65197091418 -2.08933278594 2.36116568283 2.35862554158 
0.905825967938 -5.84993156017 -0.891777109958 0.213239804653 1.3926494637 1.63945272492 1.13623546703 -0.970538442961 3.19981364217 2.7092577747 
-1.06634793397 -5.5405171652 1.10340205708 0.431582763635 0.0937897627236 2.03246705647 2.080719916 -2.29188087595 3.04731546415 1.85628432116 
-9.21411143559 -4.78791193292 2.27623554418 -0.422952076739 -0.232478938362 1.35246697898 3.77421907306 -2.49499551042 2.80698845925 1.5448173984 
-9.64033008378 -3.42005757914 2.3991739164 -0.510416674056 -0.83669893605 1.15052319534 4.25012378558 -1.20111832671 3.63426052803 3.3289291494 
-15.7943919779 -1.58315466715 3.27540578585 -0.499589275696 -3.21466147328 0.257639785982 5.28397525733 -0.964382453554 3.10962881108 2.67143914385 
-10.9391690941 2.39017251381 3.39687934681 -1.38559312249 -3.47205378093 0.0579310139511 4.01650634746 0.190849666965 1.68908576341 2.80064253251 
-8.49188756423 4.40251450639 2.83028528724 -2.66541760652 -4.08329874933 -1.08180030641 5.05144873356 2.09380545568 2.20647315512 3.17728595355 
-10.1899769485 4.06756654133 -1.47945562638 -2.91931580974 -3.12962253283 0.652632526887 5.43891492006 -0.203986603587 2.10944582825 0.469093003426 
-10.6675909946 5.23068723635 -3.47340982006 -2.30967718431 -4.63659286624 0.0779753300382 3.43878469026 -0.439301819918 2.90842136995 1.50669540782 
-8.67051597409 5.17261519872 -4.52805690426 -3.22590678177 -4.83314590045 0.266583883276 1.68191406408 0.753884536038 1.79282588774 1.8297198953 
-9.17914062584 5.58057988258 -9.01927728986 -3.82890953019 -2.82616441962 1.87596020187 1.78807211347 -0.0340234522218 0.508340139476 0.738780257091 
-4.7092308535 6.03637326793 -9.91988602251 -4.62579059198 -2.93852965786 2.41176881708 1.11302026678 1.11890437209 0.127256925864 1.02051529998 
0.621480161802 5.9996831161 -9.95313590242 -6.14697450934 -0.311473681558 3.27769387382 1.58892907365 1.10134782441 -0.174302702847 1.08020787227 
6.21263986299 4.73809903122 -10.7939035601 -5.61458465985 2.29662774016 2.92821348539 3.25178822875 2.47139481931 0.14943600588 1.22862980079 
5.88313058533 5.78205026422 -12.1023384325 -4.72796570488 2.19739350344 3.50826306394 2.66519362747 1.71564188318 -1.4954245986 1.53048921454 
5.31631831382 5.45854015202 -12.0271336398 -5.64556108766 2.92872188363 3.66711137902 2.24385320714 1.39035767334 -2.0846786126 1.37371095699 
4.82918127565 4.99368677073 -13.9855205542 -5.60331126125 2.52552360076 3.5628891172 3.57907557056 1.40145335777 -2.96577528843 1.68029191588 
-0.672260419093 5.5641665182 -13.4184773909 -4.55738866827 -0.435057885456 3.63008165193 3.51200815959 1.16981780393 -3.06667363864 1.07542250969 
0.727606895944 5.90903773741 -8.09942892734 -4.71606462068 -2.2690245057 2.52423631436 2.43765592963 2.55243770858 -2.51663019004 0.996022366146 
-3.38079526297 7.04269843148 -4.41823829841 -3.50614513708 -4.46463138787 0.88323927795 1.02713837313 1.49180684518 -0.246948865788 -1.43288349959 
-6.05174546903 6.71385198434 -2.74867423061 -3.07131538457 -4.80833995585 0.0408657676396 -1.83597908313 -0.718424323221 1.03704196946 0.242281525981 
-9.46157059489 4.74310306591 -0.150985782239 -3.95236024638 -4.74595422197 0.526747890597 -1.47662775102 0.0247534070098 0.739304505696 0.227997666985 
-10.4320461801 3.40969875973 2.14067283834 -6.68931560875 -6.41519506657 -0.325652920849 -2.64085883748 0.625813064961 0.613234973318 0.0205532994945 
-9.55027578501 0.454483034133 2.74920893282 -6.69073076189 -5.76214371899 -0.451765944088 -2.55703206425 -0.942581925696 -0.178400182474 0.985053840202 
-9.88589169731 -3.31817123749 6.29300154253 -9.09276031014 -1.92813012977 1.45212181968 -2.15131418497 -1.06576225178 -0.247206923184 -2.05097027358 
-12.5428146619 -4.6047028331 4.18945551672 -8.64410189785 -0.0557668097713 2.31695544599 -2.95113650909 -2.58139404991 1.67503224568 -1.52119004321 
1.34921790462 -6.22808785728 2.99378742464 -10.7757486396 3.48018722429 2.98298840905 -3.16935007632 -0.430281911639 1.6217303657 -0.726435075748 
0.595479993079 -6.78120246915 2.25987724919 -9.70744071713 3.05795542997 2.23101495673 -3.45902696385 -1.8728120426 1.77104458316 -1.21518380158 
0.444310097766 -7.51377647886 1.81534672911 -4.8384517746 0.39365330453 2.03187997261 -3.12327736605 -1.99575771151 1.9430166579 -1.10134619793 
3.72073728864 -7.36444734194 -0.0410393883599 -1.39475563519 -2.86738936574 1.22186529845 -2.53719625863 -1.13760593216 1.11363297282 -0.309015731356 
5.79637934778 -7.27019532381 0.75857362536 0.300186707517 -2.39606717494 0.383871439445 0.137089380668 -1.02601777438 0.957495085891 -1.9323554133 
5.62800144895 -8.40125893357 -0.103627476208 1.15503156278 -1.3950078264 2.23761501839 0.817394748179 -2.01037239494 0.324310617351 -3.18778040714 
4.83001798009 -9.22882136217 -1.01676346256 2.45902356136 -1.98402799175 3.05292993314 0.624193135667 -1.43824862442 0.13676258081 -3.83910730082 
3.88543566215 -9.4513472973 -0.591622889576 3.47328464741 -2.76944166762 2.81650647261 0.242718474225 -0.788616695265 0.728423025121 -3.66036148063 
6.48229655087 -9.21584713441 -1.70535656503 2.75864116603 -2.44371347429 2.50184302577 0.624091509326 -1.05739200195 0.481092684152 -3.64677372015 
9.50332041767 -9.15330807428 -1.38891585231 2.57450369766 -2.25918216629 2.90092079699 0.0935044728297 -0.308216446545 0.199638429554 -3.23057012695 
6.4361891698 -8.38947548521 -1.43411154792 3.04904016758 -2.02357218375 2.62117497092 -0.0765576214042 -1.8976565704 0.275226636856 -3.06476864624 
4.54606012831 -8.13156383176 -1.98025755735 3.65058000395 -1.64068446874 2.48024465532 -0.0435047165444 -1.77936427385 -0.0719242427039 -3.14519716777 
4.56533473767 -8.08949158885 -2.44033740643 4.03418061467 -2.08018112252 2.24097188612 0.999804206704 -2.35208771852 -0.10862214134 -3.15826001667 
5.53632870283 -8.2673692833 -2.37434015723 3.76034467903 -1.73834974275 2.55753449159 1.29761341119 -2.29102464816 -0.063944524754 -3.20771347431 
4.79891536227 -8.03265412299 -2.81441408626 3.9935461004 -1.91805398523 2.26138560542 0.466721288982 -2.21748142432 0.182092009081 -2.70685043122 
4.82554951314 -8.25280510106 -1.99631434482 3.62529814616 -1.62758250246 2.73327660691 0.524759449038 -1.90264548142 0.206233328027 -2.70907119447 
0.582638224997 -6.74558348638 -1.13220973371 3.63431695611 -1.6528554244 2.03978571875 0.679193675221 -2.03223268956 0.000506788487782 -1.75438509909 
-5.36457444291 -6.17763593876 -0.180314775083 5.368602213 -1.58165842558 2.62032879043 0.839155246181 -2.23846280553 1.0286855528 -1.99756618981 
-9.73253807172 -6.29733673498 0.428844017168 2.82227012068 -0.366261112521 2.20275434553 2.42857329672 -2.39612393845 0.969807611214 -1.20349284884 
-4.69337085797 -7.45251979 2.11567072538 2.2499897622 0.634952264152 2.66538396001 4.44234948286 -0.218095674191 1.63206893641 -1.80858926586 
-6.52656026087 -5.22726534684 5.523908176 0.621769321117 1.15027790269 2.56585833589 5.56050647456 -1.45780523335 -0.216122280812 -2.56671331499 
-6.19594279683 -3.3172743168 5.64086935241 0.614778420472 -1.37778901622 0.74718237005 6.49964175481 -0.347523780716 0.0265303176744 0.0322048119558 
-3.32926255492 -2.11361268757 6.34448038693 -0.693263805754 -1.51248756844 1.17666277817 5.91167493974 -0.0533490536056 -1.96571057304 -2.30520087791 
0.977193295263 3.99945288827 5.38100783747 1.28864837646 -3.65903933251 0.0193679543635 4.71056475754 1.01657554271 -3.55051029284 -1.02679107776 
-2.15598656103 6.47826725679 3.78483062972 1.52596491168 -3.4452869825 -0.248797228348 4.11508985866 1.47745008276 -2.0713290142 -1.04585300919 
1.25677886567 7.38869011334 4.06616012256 2.3175834338 -3.46952503856 0.402038820124 5.57111823473 3.47196590509 -0.198257688466 -0.128205588404 
-0.729799569345 8.09246262481 4.82663941915 2.48310758868 -3.9947369379 1.07396639908 3.86812340755 0.97448576841 -1.16624362741 -1.06467693524 
-1.26801593164 9.14324040691 1.90968845721 2.81296260991 -2.92815533608 1.58812804002 2.29570372496 0.595746956057 -1.31592403207 -1.00979659441 
4.68953192787 10.5161545159 1.22503577707 1.85055628454 -1.78184992681 0.560625863397 2.32189532135 0.484382631434 -0.200697519848 -2.27531528886 
8.77209593324 11.4433078491 1.67479114905 1.48173290324 -1.40909789775 -0.307185719352 1.38732985001 0.687849883763 0.59494592781 -2.29452980196 
14.4132007482 11.9434620643 -0.202065384574 0.483100480284 1.20835031314 -0.1065667043 2.12511428752 1.234824972 1.25804220231 -0.418937184942 
15.04366405 11.4559529258 -0.838108629343 -0.280820758972 2.27177460352 0.962120776567 2.65144612071 0.116971467525 1.91450674597 -0.947147591563 
18.8899846836 12.2599979483 -1.56298823246 -0.406939799053 2.44135463745 0.769719587439 3.3132524313 0.466834021211 1.48199654025 0.0290660348896 
19.4932574252 12.2756216757 -1.40986651131 -1.09753598279 3.10507021029 0.88949733596 4.10895751736 0.0803990754729 1.07490124407 -1.0966942149 
19.1945089476 12.1279054748 -2.01251735971 -0.265146687913 2.76796676727 -0.253397700263 3.23487872074 1.08832610068 1.55445692873 0.0236760595087 
14.3036241584 10.8265247109 -2.19108872151 -0.321963761263 3.10512500458 -0.00908850965278 2.49326154557 -0.746278281879 1.0175261516 -0.946128365921 
9.27508837747 10.8337990958 2.17097544615 0.335558699439 1.57010305624 0.0209350283823 0.721169308639 -2.39309139196 1.63334198232 -2.42498641625 
3.47196023881 10.0367808143 2.5601570871 0.852412076124 -0.564107011707 1.11710382648 -0.396017219155 -1.30961050278 1.1214856728 -2.91244492869 
2.47303319694 9.56074184704 4.87630347648 2.12855654198 -2.3603004942 1.01720830753 0.508699541378 0.743854194883 0.892211430436 -1.10410122135 
2.53590077088 8.72522497299 6.30635399562 2.56539278863 -1.86080776302 2.65032371901 0.518143284777 1.29935463882 0.245585288142 -1.29981172708 
4.20497706192 6.42049979002 6.53051794104 0.474211410474 -1.97397126099 2.0829257406 0.835856319251 3.78482632272 -0.82393286492 -1.58483507709 
-7.23280788731 3.34520663333 8.86488399044 1.00225561411 -5.3848042588 3.44641849647 -2.14906794729 2.25399929915 -1.11813868542 -2.17172982214 
-3.35697823897 1.74672558195 8.12083223205 -1.43709524692 -4.47666302461 2.03177175009 -2.14127737268 2.61437049253 -0.12712106483 -1.03582970394 
-0.505907648746 -1.65103893703 8.31748129064 -3.80708310866 -3.23336549661 2.40090363576 -0.801077915201 3.45827654403 -0.0903186333273 -2.64722754314 
-5.2666983326 -4.64232218908 5.85206405312 -3.18602823685 -1.56121552918 1.69334919395 0.952616292426 2.05927035395 2.78666199731 -1.41067201931 
-0.739525656363 -5.95352986693 4.73100847603 -4.47546615316 1.34861740734 2.20064193963 1.902276872 0.982974870526 3.12326054998 -1.37136297831 
1.30710383398 -7.17634421144 3.21767500287 -4.51347553445 1.77025783452 2.02106497431 1.70387745321 0.794565993106 3.6356843693 -0.867171465311 
2.76655576916 -6.76984430008 2.20442507829 -2.53281790376 1.27343518037 1.8034663637 1.2954253911 1.76502009068 3.78200022548 -0.63668004206 
10.9363978998 -7.84684606307 1.10561531724 -1.5843564072 0.522699018308 2.00114639835 0.757918969772 3.20557245471 4.26095387477 -0.543221355704 
10.5800939133 -7.72569389127 -1.28938148032 0.940492167935 -1.45514206193 1.98252266646 -0.0193422445303 2.52555563829 3.77538538024 -0.587203662781 
11.3622109761 -7.60651323006 -1.05807694492 2.49358183243 -2.15206093701 1.95925148659 0.551522174337 2.83551619381 3.5388474591 -0.76443267196 
8.35026323178 -7.61122857889 -1.53462273701 3.03816550567 -1.83339720183 2.50374682995 0.0152429733861 2.72121640205 3.39920005442 -0.654422773435 
8.57773300316 -7.3367014339 -1.70836737042 3.00105648995 -1.75920546463 2.81110858499 -0.797704570013 1.54157440465 3.13425305873 -0.824179324989 
8.73892080387 -7.46319232142 -2.39830804077 2.83571484068 -2.1847231369 2.23701530852 -1.49894725174 1.4873362005 2.81940994063 0.145743273872 
10.8533364556 -7.1073267576 -1.76022956465 2.41687647991 -3.30079738859 1.75049533569 -2.04264847071 1.88273840741 2.41156143583 0.572480487958 
11.770713878 -7.79328442351 -1.66525623875 2.29474916485 -3.35665850912 1.68700229375 -2.14112493703 1.95806722103 2.82003184019 0.394208139265 
11.3706651896 -8.10745511383 -2.23155512274 2.6923073224 -3.74477728751 1.33724612684 -1.03614399277 1.82944549423 2.69444520078 0.347122201628 
11.7621703798 -8.02978258068 -1.88225377939 2.73631929431 -3.4543512562 0.982813306092 -0.497852732644 2.30788008963 3.02514323828 0.331932236965 
10.4424804905 -7.76777741546 -1.6474089123 2.58547620803 -3.44133850106 1.07053810338 -1.10426591663 2.1806568246 2.84830967959 0.448957045716 
8.66875411173 -7.63289959827 -1.3435462042 3.98715335257 -4.2419068321 1.24872932661 -0.72917879742 1.83961602741 2.81612372801 0.0963950444884 
6.93073357428 -6.44641222982 -0.419412909756 4.93967073243 -4.37982735533 -0.327523083645 1.92079400041 1.81941120302 3.7471138508 0.235258911515 
0.210828904633 -6.87685590242 -2.0934053337 4.35757716437 -2.66619418099 0.389015037393 2.38161523435 -0.478853233859 3.59324994705 0.979620613443 
-0.174362806436 -6.42695141306 -0.845207697678 1.80002786111 -1.57176448565 -0.440066437871 3.38520874158 -0.0479753447319 3.99772817279 2.51309478686 
-0.893933653472 -6.13742257611 0.365541357647 -0.538959340062 -0.638859825104 -0.0380866882403 3.36391940521 0.799486975015 3.12505772229 2.63896689921 
-4.8155036923 -5.11442465265 1.60253699098 1.52905110411 -2.42744349947 0.452300080585 3.85774480706 -0.130720248767 3.26822304073 1.53240718138 
-10.1954639534 -4.70843768558 3.11376163488 -0.898898975003 -1.67188126496 0.790941625464 4.82583213449 -0.226236298691 2.62466586127 0.373038258422 
-9.48177371359 -3.32721758516 4.44996351742 -3.45121118838 -1.46516817096 -0.26386494063 5.83304022876 0.843517350116 2.38747989415 0.810809867482 
-4.59757196204 -1.43929302272 4.25320949839 -5.20443091225 -2.01351846536 -0.809853866388 4.81810099442 0.782554421359 0.557442275259 0.482353856791 
-6.38853906976 0.444943049874 4.90209445249 -7.25960464505 -3.46238138966 -1.61422772873 2.77074187406 0.19156701266 0.725956155346 0.03283633681 
-4.04710217335 3.97035460232 3.82392328277 -4.31657353864 -3.2547762139 -1.93143495262 5.53206823956 4.17271315202 3.73332462292 0.720173723494 
-9.09682863601 6.22322437068 -0.524990398013 -1.7894698037 -3.39471585683 -1.01582146314 4.79655188879 2.86242248546 3.45641160276 0.216035451964 
-2.92218284779 8.04455869644 -3.55045579017 -1.02251464996 -5.62664382196 -0.635144079613 1.51729578453 3.8967025871 2.78710570979 1.36035553724 
-10.0178910885 7.4642946775 -7.02518148241 -2.59546979303 -3.05887768168 1.3445543854 1.13429768293 0.643578690107 1.89224849047 -0.445450720988 
-8.74869821744 5.40677076629 -7.92820354178 -4.54365351226 -1.40567199182 2.47484314624 0.836078805802 0.304037968886 0.820529007761 -0.459531907605 
-7.937344287 6.62851623436 -8.57790050432 -3.91868946822 -2.3793292166 3.0760571051 0.745067209587 -0.453611377225 -0.0619219160774 0.0185070827771 
-1.12353956015 7.11088917299 -8.5242867942 -3.8529380658 -0.221077157019 3.52362619075 1.45119124449 0.554229072663 0.30103590555 0.34760746097 
3.59775370204 6.3462746838 -9.41383723117 -4.13190235174 2.86525932267 3.57894924812 3.49318265291 0.0444636095333 0.782809920535 -1.2178606729 
6.59621302001 6.21016806292 -8.06166656732 -5.04891099962 3.90712655201 3.3684764433 2.78363807659 0.935240592001 -0.28548599892 -1.26228287066 
4.57734367196 6.0025820923 -8.33074272131 -4.6048483496 3.9222912967 3.49306218688 2.12109812608 0.955398607367 -0.433453394478 -1.3227565242 
6.13637357695 7.04022331889 -7.66147640758 -3.55864682191 2.49263226629 2.25048996456 2.50172681756 1.9498659688 0.327811113473 -1.13657696241 
3.47025156226 6.83092803584 -7.19151532017 -4.05504095906 0.990721762477 2.14349356693 0.497062955536 2.57391803409 0.251805453093 -1.14032039995 
-0.0983930400508 7.49133389525 -7.5078451086 -2.72895762572 -1.17209862598 2.96623218879 0.751242468699 3.26161511608 -0.1167937993 -0.731542007567 
-1.98088766143 7.08394657977 -1.64177367875 -4.05110478189 -1.91398995318 3.43138247213 -1.69427592784 3.6965937689 -1.54921684641 -2.61862511187 
-5.11879130828 8.65053718146 2.42464411239 -2.73311087739 -3.51785735482 2.61929368708 -1.67572558727 2.96814340433 0.815514418182 -1.83830641693 
-0.128521827384 7.26311008054 4.0430023349 -3.54604397307 -3.47041262509 0.535608085331 -0.171892526101 3.51676786251 2.57183861729 -0.612938506908 
-10.6513257612 4.52994077713 2.98546523804 -4.47779482909 -3.49400466439 0.789077635674 -1.25071538778 2.10338309448 1.96458738536 -0.352989192409 
-13.6574008814 3.4627467218 4.12004723939 -3.72061754956 -6.99217949334 -0.00112267697584 -3.99461486835 1.42236917531 0.702075793247 1.03483919902 
-9.13797707507 -2.14163476091 4.80397097462 -6.44252883766 -2.32785246038 2.23424591194 -2.2776372434 0.381122656507 -0.459851331353 -1.17428436816 
-16.282123026 -3.96277772529 3.6107283428 -5.82247521119 -1.13856836385 2.85819817743 -2.30704291248 -4.0607340566 1.34320372108 -0.940617282097 
-4.74625128197 -5.26730867629 3.95371627408 -7.88867538915 3.89288422901 3.14193410201 -0.989905631877 -1.10201574281 2.86956280572 -0.916030253211 
3.90391925805 -7.68274646706 3.0604098017 -9.32193507749 5.53185620107 2.96698501476 -0.961767633747 0.32429799029 2.83216447966 -1.33176202157 
4.4778412279 -7.1711047807 1.84495686424 -7.88078933208 3.83443598528 1.54924617375 -1.81466656856 -0.0582101705824 2.84834703034 0.362884826624 
4.99576759797 -8.00544953644 1.67938483647 -4.54109568747 1.17074385782 2.25435671475 -1.65949116386 0.266938730142 1.14732849674 -2.01565333724 
9.00912154613 -8.37796382833 0.0489444083944 -2.57125260164 0.587450880653 2.83880694126 -2.46532242214 0.232369435167 0.287588384579 -1.09275347764 
8.78391353745 -8.12975684754 -0.4703908243 -1.49536866954 0.3128284325 1.95874580573 -0.959558564333 0.160192866897 0.377671039107 -1.15339487758 
7.53572498542 -8.44699339063 -0.853246336147 1.12791592437 -0.150051151537 2.66583710872 0.527215970269 0.957433769781 0.586120217867 -1.71265970695 
5.18304287782 -8.68260662385 -0.850399479896 1.76542949381 -0.069542760691 3.12566459549 1.37466643492 1.00833782522 0.637410875685 -2.27976693005 
8.47235705511 -8.7280354807 -0.949402740782 1.48329238233 -1.01735533986 2.34940121489 1.2262005242 2.33909566876 0.946941450101 -1.73574824779 
10.4133328824 -8.51767915093 -0.549802045472 1.65571459343 -1.6042352377 2.1459130063 0.53866890647 3.33746686132 0.949049680199 -1.35296801721 
9.78077993105 -8.33725669714 -1.00668503374 1.80161414124 -0.504433673039 1.42284744865 2.52005375179 3.52802837232 1.40527632271 -1.17489675394 
8.05553312363 -8.35414680195 -1.67615423894 1.608820528 -0.328638837361 1.32314269215 2.3337655083 2.34854740822 1.09627790425 -1.45957467715 
3.59421606983 -7.36766422028 -1.930265803 3.83363337537 -2.39088593425 1.47044795047 1.14886196409 -0.85789535615 0.121048621773 -2.63481049489 
2.35058951932 -7.47735515048 -1.95981157809 3.76718405824 -2.29264725009 1.37453528488 0.540001958084 -0.998551000134 0.0864820848567 -2.43530280003 
5.45913418777 -7.33825104609 -1.73603942227 4.09829486171 -2.47625528259 1.85832391186 0.699908181857 0.00935833971544 0.0421736108713 -1.97062415574 
2.46333590701 -7.10930080903 -1.52447596149 4.16658100761 -2.54228624976 0.890537179974 1.22422330365 -0.233277671964 0.313983621977 -1.84650239338 
-0.380167447369 -6.96150596417 -0.701261933234 3.87953349825 -1.68455016164 1.44947760458 1.79386685413 -2.20189683005 0.0850383971425 -2.34247522325 
-5.73524525038 -6.11943578174 -1.13700837795 3.58448306652 -1.84183580314 1.39027524389 1.72991398032 -3.84401290883 0.745618310507 -0.69851650714 
-8.36067860861 -5.80469677359 -0.717744447894 1.56079207359 0.366150522081 1.82602491981 1.59629498925 -3.97615826806 -0.241767534239 -0.709560029676 
-6.78636702738 -5.78793307507 -0.155168375957 -0.275068691256 1.9134040194 1.77674539066 2.80462286047 -3.24458672453 -1.21038941255 -0.423390280332 
-3.6867460266 -4.63996886903 2.58138719482 -2.17746507032 2.66978294978 1.73361856769 3.61102318051 -2.98022919692 -1.38670550478 0.109797462265 
0.169634458915 -3.80130332691 4.00632552208 -5.90139210435 1.98441180741 0.367251958005 3.06392138645 -1.00584492423 -0.483063213098 1.29020151051 
-2.9904212502 -0.993617921675 5.33021394649 -3.23772138301 -0.605865278699 -0.00897125527519 4.95677030858 -0.95711898328 -3.5123547069 0.358862251158 
-0.691600787102 3.27039081253 4.42866397841 -1.60324320942 -3.33659891528 0.181481839691 2.25604255417 0.231196242171 -4.0628555497 1.6281188948 
-2.61660328153 5.45846906816 3.95161148918 -0.191065965648 -2.74294431733 0.766427753593 2.69138381021 -0.155992005846 -3.0385890282 1.45533132755 
-10.0514318101 7.76214295309 3.03156747371 2.70697281066 -4.05026538498 0.695728348973 3.05966494506 -2.34532180805 -2.59230042484 0.112633328003 
-3.99769762934 10.7706703995 2.04832979563 2.14647237635 -2.06039170301 1.74060985714 3.59396949769 -2.65780846665 -1.74912217954 -0.365652729507 
0.934230963798 10.0480747428 3.64693600164 -0.341828155519 -1.32906499698 1.54163489943 1.31116588381 -1.10032282972 0.354534508757 -1.5003937864 
2.7639534206 9.27251617493 1.58861578297 -0.154914604977 0.61310106297 2.66904010844 0.994234651101 -3.41767555991 -1.34284612392 -2.64793023542 
8.11088971481 10.8697342767 1.38321073715 2.09558748786 -0.656464532275 2.48408631296 0.788547009799 -0.413881552255 -1.65597826969 -0.721769569032 
15.6065078303 12.413631781 -0.425216760186 2.14950400113 0.00355007175878 1.50031050387 0.718029662521 1.82232520475 -0.438988138041 2.5102077935 
19.9524311128 13.3059154769 -1.07445507441 1.03101796332 2.1448605707 1.25843476397 1.6893618597 0.398741803338 0.844215235463 2.38385237455 
22.2909896835 13.1674988292 -1.13369940894 0.375803539134 3.18233861807 1.74675962865 2.20645485811 0.856909782639 1.10747440067 2.43245642255 
21.7000448909 13.1454135033 -1.00532753672 0.640196872133 2.79553063858 1.32757460617 2.07633030526 0.271933095315 1.03564968987 1.85962846248 
18.7392886517 12.1124754795 0.322534057363 1.21111609984 1.63259858766 1.38065446733 2.0995942604 2.02187742789 0.012260742783 1.36006514033 
12.949205203 11.4334061051 2.36216514282 2.15966522842 1.21952686826 2.95884551462 0.897658885417 0.310555656108 -0.219264016515 -0.758615630694 
5.57065444504 10.9597570285 3.99292255955 2.38809990606 -0.687256998098 2.43914840575 0.154474340299 -0.844427162681 -1.23437418985 -1.46328066379 
4.78229313779 9.42519691984 4.05046566602 3.92932024928 -1.09775797717 3.41566170974 0.854769484642 1.11087333338 -1.54638012826 -1.04406267573 
2.81759132825 9.84435053254 6.54259950681 2.46027429604 -2.54964297417 1.56718332219 0.719644920842 2.54290695507 -0.966329709908 -1.9290460765 
6.27214382005 8.53649294208 7.23848510935 2.3884555312 -3.96365563101 0.152974565541 3.20133874324 5.29470752387 -1.59390232783 -0.456578857475 
-2.21801952491 6.90203063908 6.62534323752 1.88930498986 -5.06759981773 0.0884204355808 0.860693201693 3.59308314876 -1.78524808856 0.493824220108 
-7.14331184194 4.16117038759 7.05527711649 -0.218767980913 -4.76447059004 0.889812402042 0.0148194824824 2.44829443092 -2.73106883136 0.48966710282 
-0.761458976021 0.668520562979 6.47040759966 -0.918289656813 -2.57150039261 0.470876044858 2.91208350428 4.76835529297 -1.31239111426 0.027577223729 
-1.49120186454 -2.55995225889 5.89413910586 -2.34363948625 -2.31964338714 -0.0436982613573 1.6230644212 3.7015204468 0.0373755742545 0.96395242145 
-6.03414252876 -4.93051866496 4.65072767975 -2.60165666283 -0.152811986877 1.94061951056 1.771760309 0.106811072039 1.06423118469 -0.227688005639 
-4.65513491901 -6.79236858352 4.83672574821 -1.80925765574 1.16921030526 3.76163861476 2.2214832503 1.05492444514 2.20887185514 -2.55911649171 
-1.09818917018 -6.96694396441 2.7873005728 -3.48303513576 2.95632737936 3.64847424713 1.51448705467 0.240801575432 2.38942855713 -1.02977359974 
0.153784367036 -7.70180971584 1.76371506856 -1.96075639086 1.70450941663 3.35256305739 0.172175872045 0.63312716386 1.83668640872 -1.34811456196 
7.35451766929 -7.46967629823 0.340855128013 -1.16376383755 0.53464340508 2.49882438418 -0.192598018752 0.650650661558 1.78675995851 -0.382210358979 
6.69390658483 -7.81403400289 -0.635973457372 1.52964326361 -2.75704744846 2.10507385848 -0.729785404661 0.393668935731 1.81523747405 -1.43424751187 
9.13020849669 -7.43282043892 -1.41736491959 4.19123997945 -4.76330049163 0.812333844671 -0.728925521576 2.13079413632 2.3023096543 0.0826959149258 
3.29376323186 -7.5886529396 -2.50079778858 4.17851491604 -4.84498051795 1.08469421753 -1.97729398476 -0.410176535068 1.38205995978 -0.196864850694 
3.58859960201 -7.75572503378 -2.37609945649 3.2948535097 -4.41407923926 1.50953389402 -3.25375736297 0.14816558312 0.882202372326 -0.183034167527 
4.66100011755 -7.67428152507 -3.07630092585 2.84806288226 -4.60032315086 1.12736873547 -3.27131888692 0.19641839995 0.792310250629 0.46291181941 
6.73771171072 -7.4989661468 -2.55755713815 2.69415946856 -5.02552439784 1.0568448493 -3.22959086569 -0.255527054927 1.33741149415 0.740190985008 
7.18628428142 -7.610137611 -2.78012633199 3.276853419 -5.07637685552 1.19796314079 -3.08182872237 0.00222145272724 1.61040614481 0.768108302062 
5.35013214541 -7.2417998756 -2.80715733092 3.49186673277 -5.17058708109 1.03170294649 -3.6177645718 -0.529852183472 1.5948097051 0.723754601029 
5.82996680348 -6.894205659 -2.57288706139 2.19840063236 -4.27035157225 0.71632274248 -3.7506769556 -0.897220175284 1.65538546945 1.17869088594 
4.18801089482 -6.95990660013 -2.81413034031 3.69034709998 -5.03073973369 0.51985302464 -3.88717735114 -1.34803492154 1.90550594693 1.27131394946 
1.34947613823 -6.5354033762 -3.13720036386 4.73734096339 -5.3780013475 0.758657528555 -4.46985362233 -1.16832637739 1.77697094386 1.33337032722 
4.71714614456 -5.66226700884 -1.48990576732 4.15690240872 -4.49650482688 0.0138795039091 -2.46901113098 -1.25012680459 1.93587782925 1.45171162143 
-1.4254858438 -5.37858696744 -1.19661867974 3.52854142002 -3.06169501785 -0.435147048283 -0.917598843253 -2.41449843587 2.91215891803 2.18080222601 
2.08307083497 -6.22165501167 -0.652001062588 0.125804329613 0.269769158714 0.0751551983163 0.899717532154 -0.467311860017 2.90464415814 2.87538421403 
1.27119863522 -5.74160300462 -0.544998094346 -2.73909066835 1.89222297076 1.15327997185 0.358368624387 -0.523782215684 1.27920463192 2.42778134683 
-4.62414738776 -6.44105998818 0.0696729249766 -2.93674288852 1.59409488433 1.45675414739 1.24009819713 -0.913454080209 2.67538236719 1.68881460055 
-13.9388004743 -4.13448752775 3.15339775188 -0.430353106776 0.158218508454 1.47701075328 4.87660833299 -0.158258028819 1.83933485244 1.29021829622 
-10.8388390834 -0.998478915837 3.74671706603 -0.229886076187 -3.46431927358 -1.1642458146 3.72938937691 1.12583408763 2.76220093008 2.94547789314 
-13.0926941456 0.927484813099 3.69818779185 -3.02792331493 -3.26207057518 -1.12754969123 1.97648809224 0.34207011091 2.56388404696 2.3788454382 
-13.5946428146 2.98142401595 2.12765328489 -3.8678603998 -3.19493344863 -0.444729437302 0.945689470675 1.26200944273 2.34029445054 2.13322935052 
-21.3698079783 6.64098678074 0.187506492252 -1.86378613685 -5.42145420334 -1.83019885181 0.306275810242 -0.464591157002 4.48868527048 2.69259412025 
-14.8168983188 7.73357110855 -0.648949535291 -2.12670560702 -6.28094028909 -1.26970831495 -1.73035646264 0.441968242404 3.94796838226 2.41861710999 
-10.9879555883 6.48174852496 -2.94335945772 -1.75219018432 -4.00989854787 -0.0245361468956 -0.982168557132 1.44958099387 2.9999610504 0.817458505546 
-10.8704794788 6.25385055199 -6.79086906555 -2.00724848402 -4.82442441073 2.86029125869 -2.40525554953 0.533357953409 -0.361468653813 1.56062909873 
-11.4335821127 6.02921050813 -9.38746782396 -1.58074714395 -5.47833770807 3.58115740807 -3.23936327249 -0.114937720801 -0.317170816444 2.98572661235 
-11.2211577402 5.52741706056 -9.71744349231 -1.77475271652 -3.44840518538 4.92993348959 -1.75916254349 0.223213183653 -1.10795043829 1.22539661761 
1.78773896544 6.94324269815 -10.5243043222 -2.39275831235 -1.02878278755 4.09833389321 -0.710980078095 1.98693780896 -1.35662228729 3.15602291778 
7.12042342396 6.28376332372 -9.27487577568 -3.08342949385 1.28855727787 3.39527790001 2.38216491157 2.50980804975 -1.84923893514 1.50435361229 
3.81622991126 6.89575288066 -10.5228516093 -1.98576220041 0.993546818886 3.8371038588 1.73709205032 1.25478506316 -2.16458165475 1.16017461327 
3.74151953751 7.60068737796 -9.59477107316 -1.72409330968 0.986458455138 3.19573579375 1.31900822192 0.670935770702 -1.86422570272 1.5910170458 
1.09171047293 5.94758376773 -11.1188229435 -3.77683761656 0.966821755419 2.75140231329 1.64743083986 1.76135178316 -2.21464137079 0.385968687057 
-5.0282790198 6.0109243217 -11.4303511844 -1.93734049458 -1.18749567067 2.82105474161 1.54186903841 1.99995920977 -2.99805614246 1.10979292537 
-10.2671249969 6.18894339622 -7.24369788944 -3.79144673275 -3.28638479763 4.37212300947 -1.92810627013 0.45182038547 -3.07608081878 1.39405890106 
-8.38929108175 6.83759884402 -1.94063073819 -2.86152583207 -5.68230425432 2.22827626772 -1.49755340916 1.34093953886 -1.10163967195 -1.29611597654 
-10.3893782787 6.82883208193 -1.27116435153 -0.155718117509 -6.69475461703 0.959220806707 -1.35509513518 1.02344956477 0.174216986391 -0.363311507441 
-8.12287264119 4.96241397976 0.065078879677 -3.56247538898 -6.53259434177 -0.591327895034 -0.062851364778 1.73892110002 1.09337143699 -0.450718527224 
-8.15629998749 3.628712559 3.14885227118 -5.97167068168 -8.40202656741 -2.21240264221 -3.06145893805 1.09694756838 0.254651850421 1.72319488155 
-7.12474254729 -0.700136351663 4.96100153575 -6.78492846791 -3.95335092711 -0.039692842821 -1.26722479892 0.134111233511 -0.170987943477 0.281237464885 
-10.5856275055 -3.74967541145 5.36294339659 -7.62546844035 -1.36609326074 1.91024447805 -2.03332974116 -1.8776745476 1.54802473792 -2.34738083434 
-6.39227136547 -4.8177782579 4.64873998172 -8.51570092222 1.62876984226 2.24428915521 -1.32536928514 -2.33761389184 2.22155611702 -1.8308086392 
-3.39697960649 -6.6947175059 2.92696360782 -9.24869193763 4.30999090128 2.88829600964 -2.61306385978 -2.68100635027 1.33415994239 -0.712051399311 
2.08363508672 -6.90972219125 2.25034265184 -7.69434775604 4.64496678789 2.61874363253 -1.35480721471 -1.93268011572 1.5307893298 -0.677450653526 
3.20976033335 -8.29734736884 1.37565075372 -3.57340103525 0.317821764344 0.996431750904 -0.394753558514 -1.70730453808 1.76126309444 -0.819112769621 
9.11597328112 -8.62192054922 1.17016697759 -0.896128602492 -2.01977130262 0.78096765943 0.655112733378 0.807761948428 1.18943417145 -1.96460173912 
11.8779548825 -8.8162460829 0.281298301322 0.237773671747 -2.6360618382 0.558178960229 1.20589007616 2.06198901131 -0.201858707676 -1.72216743365 
10.2022856999 -9.03842043369 0.371144450543 0.20386380269 -1.2887663422 1.22380106955 0.16591180762 0.636090544884 -0.937172722621 -1.78337134359 
6.00862538623 -9.16597514013 -0.729888830509 0.746008734559 -0.604908275231 1.97268296655 0.448727878644 -0.205660670411 -0.8003235469 -2.58612094074 
8.02304910305 -9.63097302705 -0.370287776528 1.29029691366 -1.110934811 1.93336077898 0.760133467636 0.825595107127 -0.241101115196 -2.71507802047 
6.30832012122 -9.28037783482 -1.94164071389 1.27246927814 -0.470608872019 1.91308154135 0.235787072734 0.0259059227268 -1.1103708689 -1.80485588798 
5.89051624194 -9.16815845178 -2.60623726096 1.69994646228 -0.157521944683 1.75818208842 0.83394425266 -0.624490709921 -1.28178050462 -1.96304682191 
1.32649369532 -9.42856052707 -3.47623113371 2.27450578335 -0.46813020678 1.9725764276 0.323246319261 -1.68061089371 -1.62583942048 -2.29666297339 
2.59842123768 -8.77216342448 -4.15867739428 2.18143087916 0.298892076952 2.33028021365 0.0705825146513 -2.37166538006 -1.84195693913 -1.85044356511 
3.6084963626 -8.67545334606 -4.35982613832 2.23293684243 -0.0405418519114 2.0154856302 -0.124603224742 -2.21879881432 -1.23099926784 -1.43217444185 
2.43702940363 -8.3897026801 -4.23464784058 3.15262279157 -0.802296349478 2.10859880469 0.383207017686 -2.06103129355 -1.23245332575 -1.7601300256 
5.52805054074 -9.03966181954 -3.61514019017 2.2293552291 0.420338152966 3.09528370491 0.184416653157 -1.32390759049 -0.957259147723 -1.65223423648 
1.41565370352 -8.1120862337 -1.56434779511 2.73965618528 -0.381237048561 2.16225112798 0.62877963955 -1.80629242138 0.167681579724 -1.84081156384 
-4.66210160234 -6.89900432087 -1.14056350798 3.44010001088 -0.811359545396 1.63267101804 -0.429886417916 -4.16791307236 0.728523105815 -0.895353746316 
-5.39014841668 -6.32215937815 -1.20776707031 1.73070600582 0.599384945874 1.81618234464 0.128111673081 -3.97141844754 -0.295891317513 0.928003693005 
-3.02573145194 -6.56478075311 -0.041906433484 -0.51200729083 2.32551376528 1.39852962223 1.68431742713 -1.9828463949 0.327947313106 1.14395257651 
-4.1658324043 -4.91722063498 3.32412146377 0.511113454315 1.34627678253 2.54748647317 1.51759932314 -3.8255005999 -0.832989385544 -0.544879311893 
-13.1077887191 -5.08734680313 3.36170696058 1.34547254239 -1.15548012696 1.24503657933 3.71483600829 -2.77558391597 -0.33601417875 0.153102560957 
-11.1594587461 -2.16446695204 3.49671828165 2.00706613763 -1.32599841368 1.75815128192 3.38023436046 -1.51982500257 -1.10258765055 0.728739717469 
-8.30113823192 2.14981032543 3.95356656259 2.54564762755 -3.91747171273 1.61141089737 0.195169701682 -1.05531844434 -3.16236114029 2.01546149869 
-7.33327790352 5.18929865051 1.49246203316 1.6281346169 -2.6551591152 1.45118542447 -0.105439449201 -1.58308804747 -2.64761573518 2.46232699013 
-7.58245507528 8.08840215553 2.07639605814 2.97483519336 -3.14312884957 1.37036928441 0.934014594395 -1.58586337338 -2.24650445269 2.02964731382 
-1.97745919132 10.6397319294 3.05673074022 1.76169146129 -3.00445029957 -0.372697813682 2.34744248472 -0.91708665579 -1.41977241106 0.90379414382 
2.39564612041 11.9128405135 3.10562398436 1.63766857498 -3.63158223459 -2.30488338685 3.36141198844 -0.122260554326 1.12204118751 -0.00219225063334 
6.94428402949 14.0750642454 4.74839491002 1.58893438139 -2.19255300137 -1.90681328762 0.377101569772 -0.763194571991 2.00454759139 -0.623140884495 
13.1810357848 14.5620412511 5.58628242204 -0.0316237040043 0.0517358438877 -1.99202573425 0.654338492975 -1.21380772577 1.99618888979 -2.44786726811 
13.8797971221 14.8336304814 3.7135710222 -0.537871337231 0.147243679128 -1.57306847822 -1.08794515862 -1.7988522923 2.08179413142 -1.82151579191 
17.0179187483 15.4792327387 2.23392728341 -0.583211268359 1.21984808798 -0.59964123691 -2.50201646046 -3.67608424266 3.24883263023 -0.50689748002 
19.6242351666 14.9561409542 0.114971328164 0.210720211981 1.58376598263 -0.065289781941 -2.39977053056 -4.28775601957 2.21288230248 0.404615786504 
20.7513975784 13.5023589171 -0.139068538609 -0.838455351348 2.25636517955 -0.860308897933 -1.06987706204 -2.79469393207 2.59755078611 0.1250443289 
20.5902626037 13.0122980805 0.17912133535 -0.94647871374 3.2300550495 -1.75853550647 0.965603374062 -2.30858218854 2.17332291878 0.397852739341 
17.0368798837 12.4613715672 1.3454425366 -0.355011410842 2.42583446551 -0.697103824381 2.01872938947 -1.03904497605 0.693931201362 -0.969385465311 
14.6940628805 11.8964888454 1.12178601872 0.0489299306215 1.69508139353 -0.0232307670816 1.45101297377 0.73785905965 0.989416011392 -0.508908783712 
10.379702804 11.4330134221 3.40435518182 0.921331134473 0.297112999291 -0.238824791523 2.16889983233 0.865701084137 0.767254467338 -0.689052220757 
-1.40609151082 10.3946783526 3.02289660083 1.8677409336 -2.31323368759 0.496753399264 -0.128974999895 -1.96356699573 -0.999025681526 0.931551134886 
-6.35292150966 9.57037629427 3.96449557024 2.93144772218 -3.89917567681 2.75639489661 -2.15981997384 -0.496213636861 -2.53283228236 0.75724103968 
-5.15025296524 8.42016319554 5.73448928593 3.71443162239 -2.85113325484 3.34013896941 -0.771926872829 -0.538282308696 -3.37053901933 0.858706804017 
-8.77794919376 5.72413656368 5.85514221065 3.08541059727 -3.05969122364 3.02710192217 -2.23863670092 -0.127134068345 -3.13571340849 1.43725692529 
-5.44432913759 1.66922777262 7.46727234422 1.31073412907 -3.24471080341 2.58198323953 -1.23237237896 1.77446266602 -2.6126410362 -0.461050966284 
-0.116814804634 -0.0171494793281 9.14837938255 -1.42696105487 -1.14518418861 2.44392493552 -1.78893269746 3.15106739666 -2.25610433305 -0.896584699204 
-10.2756129865 -1.42186534152 7.91867665183 -2.28829026552 -1.31379763828 2.47013479037 -2.39628805734 0.122144817165 -1.37079925213 -1.74644696227 
-8.89899535131 -4.09881379822 5.736995892 -4.84945290311 0.55634378561 2.38700981874 -2.73663215128 -0.256843372372 0.70118420675 -1.43093154255 
-4.84614565198 -5.1911520018 5.00623967796 -5.23585265234 2.00358770709 2.1086914746 -1.97329995651 0.375028419252 0.897121239821 -1.27097667759 
-0.642947799923 -6.52843996642 5.29172138787 -5.36738139627 2.70088251942 2.7298810167 -1.76891976401 1.20745151173 0.631331355633 -2.74982822259 
0.77191515681 -7.87009755172 4.24361137737 -5.6199606929 1.72191357774 2.01314413054 -1.56613365571 1.36977880451 -0.296529859468 -3.39194752332 
-0.437304415082 -8.21729631895 3.79346397971 -4.10413678704 0.0872749486613 1.18579361519 -2.20578715652 0.720860606711 -0.275657341984 -3.37653729919 
1.88934573521 -7.82262370931 4.08042472721 -2.73092102531 -1.70795339709 -0.873245658195 -1.1312164256 0.847846667167 -0.430293047662 -3.29669239608 
7.37499801156 -7.26653078954 3.81526411237 -0.80436548718 -4.65952805013 -3.32962982494 0.923448987965 1.54761525482 0.50381819968 -3.80163462254 
16.9716217818 -7.34911193332 2.86822833828 -4.48385945843 -2.82642878451 -2.68949375093 -1.93379975919 2.66113236881 -2.14183977065 -1.71670054165 
20.477957013 -7.52955115924 2.32372517507 -3.93049445363 -3.75874390048 -3.80807014445 -0.892835174558 2.49471708079 -1.88829204373 -1.56732866311 
22.7883569939 -6.89640160851 2.64166918735 -3.20780450214 -5.51784585769 -4.85298247175 -0.48330112174 2.64013145482 -2.7873941651 -1.15354753298 
22.4787733188 -4.3959512829 2.19664787824 -2.637230464 -7.53149904426 -6.37217932852 -3.82195947572 0.459515975907 -2.7404595055 1.28215829274 
24.1105702041 -4.36808818019 1.75697816752 -2.5731241066 -6.44999848081 -6.64495349249 -2.43539893501 -0.0787961882366 -3.12242254115 1.78412367631 
28.4726266112 -4.24417398057 1.86611460057 -4.51512898445 -4.70063736846 -6.38961476905 -1.29179506909 0.324985516132 -3.63044579582 2.21921561644 
29.0855838118 -3.83530454548 2.26663134191 -4.53200485639 -3.56600891788 -7.06509236005 0.39493119581 0.85590344445 -2.97636670378 1.65352733846 
27.0454672293 -3.80633067932 2.23967344013 -4.39031937041 -3.71538737143 -7.31743457511 0.228497329837 -0.410280387982 -2.09296309773 1.26320954389 
23.8508850426 -3.94395543863 1.72896608823 -3.59186775577 -4.70002532335 -7.21199476055 0.037231223635 -1.29956210217 -1.9806147462 1.42984918483 
18.7593037216 -3.64651731151 1.15685312399 -2.4556698975 -5.80980075056 -6.83368730929 0.275591226341 -3.07016556902 -1.77924779486 0.739254302161 
16.1313811979 -3.38161181973 0.231536976551 -0.406988020891 -6.20420963308 -5.8970998837 1.37811416595 -4.11072177509 -2.30459326116 0.411739979793 
14.6512738528 -4.3844218098 0.0890047788628 -1.34940001433 -6.24327315755 -5.03471625905 0.684761169613 -5.48331704663 -2.68636979825 0.133704889822 
13.7108170848 -4.88742946306 -0.253747150329 -1.92499501135 -5.42805204409 -5.61883354518 2.70148689719 -4.75675152305 -2.83948404496 -0.541708305243 
10.9481983785 -4.86948196603 0.38409569754 -1.66554291873 -6.20802500531 -6.73057863552 2.54929214599 -5.933328091 -1.9648421091 -0.388066608633 
11.6165207806 -5.04870025519 -1.15673213862 0.155588649622 -6.44066883989 -7.08217009136 3.01649695844 -5.80697942446 -0.336651714738 0.220403558782 
12.9938208782 -4.26799063525 -1.34394640491 1.14043772121 -7.15847588834 -6.59783400028 2.08505761746 -4.77624944851 0.251301650394 1.15642104238 
17.6028791158 -3.81934905099 -0.731743883675 -0.247315464084 -6.91435264758 -6.7536344467 1.40885970952 -3.69143295357 -1.42373055238 2.02448762034 
12.3878778651 -3.50187131536 -0.129534267416 0.180556201055 -6.92047548887 -7.09810412203 0.895176990499 -3.87116672709 -0.577959840175 0.818794169128 
17.3573701031 -3.10458044143 0.432365434266 -0.578895816643 -6.61229141255 -7.06347815348 1.7793258278 -2.83574764094 0.32003299128 0.329469667076 
21.3656752502 -2.7050115672 1.72075032792 -2.77714743689 -7.33052985605 -7.8947711616 0.612504641355 -2.66537183693 0.115296339644 0.49942972317 
22.6784938888 -2.7236988089 2.86456788526 -5.61783640072 -6.78990779423 -8.96246794852 0.982579371983 -1.85785176343 -1.0391414691 0.408248272476 
18.3618215214 -2.75905641173 2.54978402252 -7.47473835126 -6.29822516841 -8.08763044082 0.375649108164 -3.48262649049 -1.90399856697 -1.41743948319 
12.3534937622 -3.92178697252 1.61183542862 -9.38949073593 -4.81458709139 -7.79836521914 0.290152162968 -5.34204722396 -2.45032823961 -2.13243261243 
7.70505367943 -4.07220410726 1.16554635654 -11.9108215168 -3.72431099569 -8.20527424725 -1.10924683907 -7.33871123803 -3.93365465962 -2.32284947237 
17.7497221661 -3.36314245467 2.59171262866 -15.2763479501 0.00663694690408 -9.57820806124 1.18903184371 -3.94356137357 -4.39374408217 -1.28289784182 
22.4655019319 -3.19958757422 2.97875369113 -14.9891654452 1.57127264485 -7.59534602975 2.72625777162 -1.81829706488 -4.15550204638 -1.50367787655 
