26.8203898677 -3.75727734658 -6.7676260982 -1.90262146796 4.18163023411 2.57329410047 1.06080660052 -3.94721265121 0.535972900036 1.80632314525 
22.4621290119 -5.24325051101 -7.40618595825 -2.24936812205 3.03628484 0.696124233138 1.85102930204 -5.89383463033 0.945782714961 0.999882153647 
24.4115102511 -8.18696585967 -1.01064380445 -0.0157286643432 5.86186648847 -1.00488812113 0.990200490137 -6.1976844328 2.28533076519 0.648291548303 
20.6477604743 -6.3546464852 1.67447746201 -1.55023373517 3.6507760309 0.673244406668 1.16348307857 -3.19282178529 1.73249128634 1.08112050444 
18.6193060085 -4.98559466984 3.71930273926 -0.713497220928 2.63183733953 4.46470514336 3.6886900745 -3.83042077218 -0.0226512867787 0.99585266775 
13.5511230718 -3.51892139447 6.39130443523 1.14020405592 2.4171395377 3.36212048287 6.35149922611 -2.0646268616 -3.0773976485 -0.0214447089278 
12.6919112885 -4.12732775417 6.53635378969 -0.181070370848 1.00268230922 2.32005205746 5.82872454195 -4.19936102465 -4.00191628824 0.850327509877 
9.1498064105 -6.60361963446 2.54200481737 -4.11042400912 1.25048494318 -3.40396850106 4.62689242931 -1.23580399537 -3.56193098652 -0.421108548862 
0.933929131926 -0.442907629962 -1.11869643955 -7.13324661199 -2.91770005522 -3.69989012644 6.79068113127 -2.71837451004 -1.95318124642 1.01649869714 
-4.89557273088 -4.30350763435 3.63756000196 -9.03898879036 1.99517625758 -1.99835684605 1.96056460877 1.28774349846 -2.45611396665 -0.177536733971 
-11.4744510189 -3.25688352836 2.2366803991 -9.39804431414 2.32783167993 -0.156267073861 0.262647124809 2.97790223132 -0.957833802136 0.0297871888365 
-10.4403825805 0.0117134125679 0.468644034359 -11.8342810808 2.73608593896 0.508840212989 -0.156745329025 -0.729974635751 -0.0430357928007 0.0773430667543 
-15.1929921726 14.1734127148 5.72187047674 -13.1294246878 4.56373658827 7.17897548694 -2.36848200785 -3.38863723892 0.633496072948 -0.0317309394201 
-16.3068741646 18.1878431633 6.46686338978 -7.31530773977 3.75940370147 3.94888272833 2.60785499843 -2.77831301876 0.116277268437 2.4821362827 
-19.8591023234 13.5600007 4.71045089349 -3.0376688613 2.16343452775 4.71604922448 1.00113837786 -2.40564406315 0.170311657549 1.98975676124 
-20.6097929515 6.86660864232 1.54176461157 -1.24636017328 0.733576878782 1.21980626573 0.894090530517 -1.92192097826 -0.870760338852 3.76543586386 
-20.2664471674 2.4482324846 -0.176667170533 0.993295497501 3.69744241606 -1.23823436679 -0.622090803968 -1.35700698689 -2.41941402523 2.500035623 
-20.4012811386 2.92390278959 -0.40046059897 2.53476657176 2.70831703766 -2.47393317328 0.870567804616 0.210127186815 -1.96262278349 1.05714432906 
-20.6106592382 5.57197747815 -0.41010619307 4.17569144795 7.70916143436 -2.78090187365 1.46004632632 0.582444838212 -2.32577509602 1.33321353281 
-21.6313332392 5.54866383827 -0.817741444195 5.56277379966 7.17292501579 -2.44163856671 2.33502508013 0.163577130937 -1.82876583413 0.910616026892 
-21.8603855361 3.99465467847 -1.89058923035 6.69759369693 8.27554367383 -2.42813211388 0.0691773613378 0.417744963206 -1.77887320656 -0.688859515146 
-21.6097401467 6.54145006713 -1.84629473881 7.58309040274 9.17275172758 -2.88365131014 0.610001461775 0.534399139074 -1.73215311785 -1.21340413309 
-22.3713473689 5.30761715221 -1.93833714485 6.75666752806 7.73879643333 -2.60693191115 0.526937078212 -0.171388826449 -1.44701304172 -1.03261805934 
-21.3037658604 4.70027514442 -1.41397346339 5.6437085905 7.89124642478 -3.22556068318 0.664022875496 -0.483873017491 -2.72961193704 0.363099418795 
-20.4584043289 4.54572095849 -1.05129584379 4.83961793094 6.02152493281 -3.35023332976 0.219941650391 0.032414766512 -1.55795064602 -0.657920175935 
-20.5225251328 4.45249430992 0.159645626452 3.92230397835 6.40991526619 -3.18891675563 0.42259793742 -0.480205752211 -1.99322352521 -0.356101847482 
-18.904843118 4.50251289067 0.385599597251 1.48426576087 5.84041054903 -3.0576668149 -1.42537571907 -0.158587179949 -1.52121618559 -0.265688230406 
-18.0113146451 9.057529228 2.3907714198 0.171458098357 4.41485588558 -2.02262323447 -0.345561490612 -1.8849497153 -0.799631117853 0.467075133341 
-18.7569051447 12.5836278502 4.12795160733 -1.07062573172 0.383930231675 0.729440178321 0.849596652857 -4.94069278445 -0.964891133119 0.105838823562 
-17.8456707228 12.526943697 5.85505611978 -5.1685077641 -0.381614886258 2.18489626939 -0.0401845878234 -3.87172206331 0.289320462643 -2.24619621418 
-18.3969052431 2.29922949845 2.71788732221 -7.18433885763 1.47662708427 1.08329678411 -5.74197184439 -0.7312438002 -0.584964361463 -4.03444476426 
-11.6735675796 -4.45478579333 1.28984559384 -6.84033440893 1.64757498445 -3.70134957425 -6.68041406301 0.307747006046 -0.704251322127 -3.56795430908 
-12.8858585983 0.50459516235 0.633961319245 -8.97261628616 1.78209503024 -0.0830475335152 0.452125279723 0.626861717681 -1.53913368421 0.282823061366 
-6.13734161403 0.611573042761 1.56183142314 -9.46345816805 2.24823317464 -1.72482402884 3.21107517917 1.52138758776 -2.19461416866 -0.421579740163 
-1.2995575941 -1.19837500787 -1.29222539575 -6.60236749526 -1.88736161152 -5.15658110605 5.01747126105 4.8334165236 -1.01145137614 -1.70824052266 
-1.11437709945 -5.97116389546 2.05559395124 -3.50189121207 -1.41690679376 -2.36345429483 5.26674962525 4.53211645227 -0.949040917901 -3.30277324576 
3.42772585264 -8.08463878051 3.78951405711 -1.37255344027 1.40488809537 -0.137887658711 2.7575538261 4.69002592387 -0.87612970516 -1.37673176254 
8.7533653029 -7.98419070567 3.1154696358 -0.932025842972 0.857389174446 2.19133692453 3.27125178015 5.42842825905 0.599479255768 0.20340928081 
14.2961660702 -9.34099067416 0.0521026763606 -2.68721864538 2.42344888733 1.37707459401 0.750227271749 4.07351374902 2.0602717427 1.93486040003 
10.1333170533 -6.16864122928 -2.79683987923 -2.95618525635 2.11677076287 0.68859224147 2.02512775292 4.27121303546 3.77182802353 -0.172251101798 
17.5392947684 -8.69919978297 -1.53426820029 0.593431777339 3.21025818025 -0.315103113345 -0.868545124527 1.75454238292 3.05366446011 -0.466911670622 
23.3285526001 -3.82437999396 -2.4236138582 2.60478183846 2.37553096022 0.056350504733 0.509350547594 2.19963146241 2.92134031935 -0.912593280273 
18.7699979145 -5.22691453982 -7.16869299202 1.56549357373 0.185997619565 1.14574517576 1.23002411727 2.16806078229 2.59335664571 -2.29414482429 
15.008476804 -1.18995702774 -13.0798082927 -0.796075547329 -1.74154893997 2.3522468263 6.6127506545 1.59688453262 2.95577228629 -3.0404546653 
14.1896824959 -0.185974303106 -14.3935667192 -0.405215994588 -3.50037238346 4.30072167174 4.73459939078 1.92530601906 0.0620314423753 -3.20679969008 
5.74510527243 0.419845725187 -16.2857777388 0.603276340251 -3.18597573324 8.04350556565 4.79138082189 1.29336915367 -3.13854225432 -2.21678134095 
5.7164524704 1.57897863796 -15.1769453369 1.63482403682 -4.62381740954 9.03817493339 3.86697298332 0.972767029658 -4.9009295388 -1.06323240823 
6.80499762747 0.839961472034 -15.0805220424 1.39884834181 -4.33933452414 9.26005037231 2.24362961752 0.868641713053 -4.96702922846 -1.02986588463 
15.6338536368 -0.357003680109 -14.402742612 -0.234915622745 -0.760081196806 6.10111341445 0.778614603245 -1.13954140288 -5.0686774425 -1.49308218658 
22.9827778558 -1.63010152852 -14.0851360559 -2.3184788797 0.892910077423 4.03309890313 1.30320653285 -2.11255219939 -2.72871283284 -1.03829250761 
24.6412275162 -0.633867615023 -9.96122088682 -0.33358272193 0.177559806319 3.99781479939 0.166264859379 -2.17739652692 -1.93260766891 -0.559326222935 
28.4435236551 -1.88179044056 -6.37809652317 -1.73245194161 3.27659413503 1.92951290932 0.350264795458 -2.90804401149 0.0655525070308 0.736146949393 
26.8559299012 -6.09391232866 -3.63765845169 -2.78346175804 7.22572551491 -0.379102933135 -3.10551575875 -3.49857199569 0.322622648364 -0.12955979448 
21.7593422635 -5.0065309277 -0.986836706557 -1.97714988095 8.1102970461 2.1041076588 2.33069073109 -2.9005756534 1.33196771066 0.56789161027 
19.4222661121 -3.59138197656 0.0739534058211 0.243286171017 7.23805514313 1.87410245405 4.36624001109 -2.77861558385 -0.977012000568 -0.707789029686 
16.8593524972 -3.2379191134 2.80077809388 0.542527316663 6.57756622221 -0.721077871008 4.68775689585 -1.96779728528 -3.50181773333 0.820010498412 
17.8712074019 -5.68072498178 3.83090976409 -2.84359873315 5.31241856701 0.902951339589 2.6925976454 -6.39054726422 -6.08860871807 2.50414492115 
10.21081316 -3.97206621458 4.54319031465 -6.14710711416 3.31854620486 0.706966336111 2.78780226416 -1.81812203992 -3.44716679208 0.583338297287 
0.962645370548 0.34365222288 2.28854356104 -10.2778204452 2.67385254621 -1.34532306658 4.29882542636 0.582077278786 -1.39066347527 -0.209893013343 
-5.49553570256 1.56508664535 5.31552425746 -6.75907319525 1.58117105509 -1.35222148443 4.14862281141 1.76469155218 -3.02365536709 1.90578719777 
-6.87159611659 4.76554195669 5.86388629211 -9.09595032153 3.51461267148 0.222832593924 3.73389273258 2.96024615148 -1.67031334249 2.64135449064 
-11.4534184292 -1.9159053501 5.36552861395 -8.97654632782 4.23122580384 -0.367765383814 -1.13516793647 3.97840167329 -1.34923109115 -2.35909043864 
-17.2845983712 5.72249056754 5.55203077283 -10.1597145048 4.34849198978 3.42788932193 -0.762028756086 -0.0554839233668 -0.160193726269 -2.12291825887 
-16.3640111431 18.2320697302 7.69531255221 -5.70529592004 0.259612406725 1.94749051578 4.72206945545 -2.83623373645 0.973906141518 -1.76016883215 
-17.3258819997 11.8617688984 6.77041925487 -1.89397606864 -2.296146806 2.11528384296 5.2054250689 -1.40618327768 0.632595290486 0.152355890592 
-18.6472447081 9.23437679168 3.6003184523 0.748626646132 -1.86796621152 -0.376020685937 4.09715088687 -1.11847266451 0.45171113725 -0.0793664403043 
-19.1125707492 3.12466380927 1.6004787054 1.68356976833 -1.66519350865 -1.91428394579 2.88682212443 0.479685951091 -0.58476633852 -1.34795978459 
-18.6753526435 1.62400450559 1.83337423142 3.14049471945 0.930351133669 -2.05510176166 2.52434783592 2.283408492 -0.197442289922 -2.56463108391 
-19.2639929027 4.02477006152 2.09923644897 3.23085284422 2.81145507625 -3.0825622673 2.55491464546 2.7564995337 -0.150686785774 -3.22654900962 
-19.427283264 6.78200894152 2.13787981954 4.40864800945 6.09760367518 -2.31413659731 3.3976786654 3.85231577447 0.224880353483 -3.51496354416 
-19.397309033 6.55035057015 1.77814770247 5.25919154045 7.7675917086 -2.80229803154 2.80840678542 4.26872350184 -0.190925190375 -4.02069086517 
-19.5279312012 9.98314285515 1.20826685056 6.65491817175 8.83072823585 -3.18239682861 2.59179377352 3.89871065764 -0.115882947347 -4.89960496158 
-19.9873738833 10.255423763 1.21037549166 6.19364355691 9.30187791824 -3.42625831793 3.00295483763 3.53980732741 -0.6784758633 -4.18184483308 
-20.37296262 9.9836552082 1.60536573896 6.66490606256 8.88533370542 -3.22359869752 2.99572419082 2.62699855077 -1.18747788841 -3.79707052922 
-19.6723375872 10.7408681734 1.67906438077 6.65972957958 8.73178832864 -3.31687229936 3.02064211723 3.00181846108 -0.753369147663 -4.88341534662 
-20.1305941735 9.12589312167 1.36084395504 5.65907290304 5.58059271938 -3.11112095874 3.25813892283 1.68049237732 -0.234096630816 -3.42106854023 
-20.7106017589 9.08547015495 2.07741276076 4.84353850697 3.12137708477 -2.87867794673 4.67402165888 0.531587811896 -0.261494458249 -2.3129295643 
-20.6653830984 8.63946327295 2.07656004947 4.04951349553 1.56168721886 -2.58676935169 4.50015942127 -0.366190341409 0.10869682929 -1.65802785163 
-19.9082554487 9.15123513499 1.71127490218 2.73330599698 2.197907658 -2.89495243978 2.72868259748 -0.753351197162 -0.597772063901 -1.32697003006 
-17.9394634757 10.0162149466 2.67901399278 -0.808543187112 0.948386470341 -2.69341959089 1.45647645847 -0.520385369916 0.396086825483 -0.738694598506 
-17.3026166415 15.6214064445 5.53767133867 -3.52416793116 2.87373668319 1.09447190424 1.84515565173 -1.43260494688 1.23877025429 -0.936679618434 
-16.6725596459 19.3585283224 5.11353286581 -3.12020219228 -2.08139504456 -2.17121945114 4.11536052587 -3.07812840487 1.56082704257 -0.101440891211 
-17.3759668667 11.5723939053 4.48706703493 -7.69213232841 0.989299854563 0.523425029312 -1.3931897028 -1.31005069963 1.29100972925 -3.30201146437 
-14.9199236576 1.46440180488 3.03671032645 -12.1750444119 4.78981231843 2.75104777137 -3.75162516568 -0.573133273972 -1.25139722282 -2.68307755711 
-11.8359704235 -4.017692285 3.45602483601 -9.36284148964 4.21587466371 -0.122507530756 -3.65252956334 0.846820580511 -3.13791585991 -2.43772704541 
-8.42875533852 0.159550274637 2.14852381598 -8.84514035216 2.25835736083 -3.11840613213 0.816956593094 1.58298963674 -2.52827383065 -1.35989161607 
-4.61407903179 -3.31465462942 2.15659845881 -6.54212035 -0.190806112677 -1.87520834307 2.98588897527 1.74861269508 -0.716924198294 -4.30887038969 
-0.731171629735 -4.3949488811 4.50110215787 -2.33385866466 -1.51660216507 -3.03428617709 2.96071368528 4.82545091312 -0.965125476301 -4.40206438123 
0.757815215127 -2.75800577911 4.93095080701 0.250782656442 -1.87971003071 -1.79690868807 5.59515599234 2.82009510454 0.18640617618 -3.0070321369 
8.99672894443 -3.85215599552 7.69239845613 1.15273216935 0.976486594746 1.91067589336 3.8654855192 4.38743421738 -0.622686973138 -0.916005253539 
10.736443323 -7.40070749158 2.29540119004 -2.62397492322 2.24185315889 1.77659701279 1.04477004153 6.50564889142 2.44145974942 1.5153592028 
14.918338093 -6.06093528552 0.181103517934 -2.86613497255 3.50072943111 -0.871811584177 0.978225651776 4.24894868204 2.97140532006 -0.0848388523786 
15.9844312766 -6.70396262004 1.08342622099 -1.14656690885 3.69467908971 2.16388355959 1.58486821061 4.04498485759 4.0174182196 -1.71309058818 
25.1363327196 -7.98409774057 1.17480056412 2.1612598116 3.79473410188 -2.4994351472 -2.40053324385 0.711303403149 3.12707453114 -0.9911847482 
24.2855095684 -5.01995537186 -2.14127690363 3.14615120206 2.56490428442 -1.69389575835 -0.808945611367 0.189266300217 2.61482407932 -2.11567541652 
20.8807612955 -1.61992012216 -5.53277127099 2.93378860122 3.04956685382 -0.010683492372 3.5622617798 -1.24473828761 3.14396471476 -2.29538626879 
14.825035932 0.577755378516 -11.2358417234 1.5402758126 -0.0460735599646 0.984719737935 5.39452550496 -0.936724468538 2.56186116691 -4.06930374744 
14.6237790879 -1.26501463658 -13.5225665244 -0.0801031096326 -0.794484831356 1.2951048371 4.2059786122 -2.58802611475 -0.350549649432 -4.92017628836 
12.4773401449 2.76100001588 -15.6759302363 0.332199904453 -2.30987162051 3.16276645395 5.40384140488 -1.56033507541 -2.29906483637 -4.37940627373 
9.21263179761 2.86561362231 -17.1403404098 0.496050692672 -3.32195860934 4.94098282116 4.92587261688 -1.76023034451 -3.55298567062 -4.55295940245 
13.6427139743 -0.0486361604628 -12.6775844421 1.65146311415 -1.3793001935 3.33026434268 2.5697102859 -2.56444781378 -3.51715952271 -4.87462672159 
20.9678981345 -0.550547603177 -11.2746612625 -0.0564890588035 -0.477744064749 1.34750104026 2.89934987056 -3.32924380469 -1.80542445218 -3.06230405587 
23.23578763 -0.83035698324 -5.48980521162 2.70117851664 -1.18798467314 1.17786198349 -1.03691693253 -2.19500250694 -0.495586558466 -1.39143628571 
25.868625019 -3.41053228062 -1.03219842992 3.64953284703 1.93356709196 0.688316570783 -3.20252401886 -1.78691333916 -0.0361438015696 -0.671437456018 
25.1270412385 -5.70610284627 1.28133360938 3.93391479544 3.83025118733 -0.197113337264 -3.46837135066 -3.35319999245 0.614153757008 -1.03139856628 
18.0861755312 -7.86338716986 3.70223254415 3.63216362491 5.05345938836 1.54588707712 -0.893150900096 -3.13434901842 1.09712655263 -2.78957427327 
18.3038819571 -5.44413436257 5.73039557584 4.3270496351 4.64999300231 2.93271083567 1.82755933291 -2.60110553157 -0.974499055364 -1.05487322895 
13.827042296 -1.87907025943 7.98787976588 5.70752036239 1.8729511433 3.25354492269 4.05230618146 0.0341448376739 -1.65536654176 -0.708730907953 
13.2602183175 -4.04958481198 7.22950604569 1.52480722397 2.0294718478 1.73892340656 3.14871895158 -1.91542513701 -3.59452880845 0.0816509666558 
8.69739655603 -5.5912472288 5.42653032475 -3.93883527232 3.05434868325 -0.174929688852 2.74843603541 0.312884689849 -3.24666514886 1.42523220809 
2.28213311238 -3.09189878755 2.38525294469 -7.56562663595 2.15224734873 -3.59555680752 3.91676230721 1.4180616534 -2.51196403478 -0.765620994103 
-5.19924484129 -2.55252543184 -0.657980456457 -7.49598813294 -3.28859459001 -5.60515948738 3.98252182485 2.73851622811 -1.25898464477 0.397064796748 
-8.20218714569 -0.870675964373 0.755682350951 -7.93160682203 -0.665615086304 -5.27411303939 4.22549608532 1.9419446061 -1.43120554327 0.738485148534 
-13.2071988033 2.14688534047 1.66186637853 -7.73042789206 1.20459422369 -3.32572599362 2.85373503228 2.26393699851 -1.46290859939 1.31650423521 
-16.5170299352 -2.80519517403 0.219034728518 -7.11050330468 2.15905923664 -1.17897131697 -0.173441380527 -0.614835480769 -1.53911137487 0.0426295697722 
-16.6531252232 5.12737965202 2.65298993237 -9.47797629093 0.623355492521 1.21149107461 -2.44631900618 -2.43860393321 0.127107920687 -1.31236375362 
-16.4386016525 15.9164921877 5.10098212654 -7.75204394282 -0.546790552462 1.86500475402 1.2718642646 -3.73507499484 0.962324019946 1.06770132275 
-19.5581415896 11.9232542723 4.34234308315 -2.36523262045 -1.17268630354 2.32803808809 1.59116292909 -2.58818504947 1.27009231338 0.639691147984 
-20.4395502516 7.06153935282 1.96367422275 -2.13717753585 3.10632531318 1.40018940453 0.189437810837 -1.53212897291 -0.509842896679 -0.314575825394 
-20.8557651404 3.43725870987 1.4631666337 2.45315998139 -1.20697507064 -1.01422948556 0.392595627583 -0.941794953705 -0.107693245202 -2.55260547643 
-20.1237689499 3.72680148944 1.08883229109 4.59305013157 2.83778248004 -2.92053527368 0.557644069931 -0.586054977095 -0.855287725661 -3.39308147993 
-20.3724846992 5.4217070352 -0.13098469758 5.11851068794 4.74340164652 -3.13977313058 0.645703225353 0.119347016349 -2.76656569494 -0.40867227834 
-20.5124401004 4.95406252664 0.118424480581 4.96757815001 5.10517215845 -3.41317715066 0.278927509203 -0.495005223989 -3.73214590248 0.612309915753 
-21.0984382919 4.58753822183 0.355656715245 5.59984114575 5.8622215553 -3.21571260094 0.488236596219 -0.712866426485 -4.59522171522 0.53088836075 
-21.239086101 6.44985813053 -0.286139010229 6.30508276785 6.68341980147 -3.63123776175 0.0291971622189 -0.568692594253 -4.64811805027 -0.333227295964 
-21.3669965212 7.60896741174 -0.339770160362 6.84680658839 6.87906972141 -3.53188131729 0.22440398652 -0.986388018048 -4.84362888182 -0.138547254477 
-21.7317839214 8.40084216475 -0.476651739447 7.08177586187 6.60064528204 -3.10531401459 0.299710139894 -0.660975754979 -3.96411751273 -0.748843048248 
-21.335973939 7.42933956507 0.0599157276691 5.66617194317 3.90955251089 -2.55749866358 -0.228254386166 -0.797713347915 -2.83252185592 -0.324845913943 
-21.0967827657 6.65857578821 0.124070807578 4.84225044443 3.24233935329 -2.17325153685 -0.0621317974857 -0.426870276454 -2.01292804356 -0.0863896216583 
-19.4701160157 3.53655572209 0.361391031516 3.27567519571 2.98160634956 -2.56353918801 -1.68380451399 -0.323424199757 -2.01533004708 -0.523778036503 
-18.7173255844 4.22306414495 2.08719346264 1.17407589192 3.19437001394 -2.22635557022 -3.228222323 0.300928699973 -0.909953917295 -2.32058112461 
-17.6749238733 8.89686606283 4.75256676171 -3.89292404406 5.06080901804 0.404460205558 -3.74325774037 -0.298745598079 0.0523795828277 -2.56557292645 
-18.3774588853 12.5354808225 4.86261689113 -4.93335531208 3.62446918546 1.77435121955 -3.38231928344 -1.99770804411 0.192840614717 -2.31165427856 
-17.141610962 17.8184576407 7.41499604629 -7.62862668776 2.28056396843 3.34701324072 -1.53838745373 -2.6617707481 1.38767581769 -2.6824141996 
-17.5342202551 6.36967564406 4.27509719075 -11.8163504899 4.16720913856 4.29632219137 -5.24056135391 -1.27057516728 1.05504759344 -4.84590387526 
-15.8915470708 -1.9163232613 3.81211552155 -12.3935029567 5.54099165729 4.75427316397 -4.35321989828 0.715826064912 1.22935713291 -4.60588031194 
-12.7918183688 -3.36707098227 3.33374903167 -10.0585286499 4.62102758517 -0.272194463616 -3.2005144078 1.47823409745 -2.3089276918 -2.60217900337 
-6.11445973759 -0.903311059606 2.35109869127 -10.6767292203 2.17327772766 -2.57730732531 0.936296192476 3.93314927283 -1.77462661754 -2.38763361876 
-4.38543489636 -2.66852213352 5.12324356839 -7.69812923989 -0.75190516439 -0.0886971067482 2.19849407645 3.15044674675 -0.900457595414 -4.33025821569 
3.02423791883 -6.76116719856 5.8673431459 -2.76402289696 -1.08604366958 -2.00044758757 2.02895348233 4.17443514107 -1.2324333495 -2.55729423663 
8.22479213429 -5.53512157255 7.46181867242 0.752389759829 0.514742131748 0.784407467186 4.13198412473 1.34387082211 -0.470928826678 -0.879976030413 
9.30597539508 -5.61361768128 10.5188829986 0.37784365873 1.76094118403 7.27833922232 3.91757573201 4.06646809555 -1.20152026874 -0.162527419016 
11.3480474089 -7.30125120488 6.45337782129 -3.55777778718 3.87021186709 9.72889335689 3.80540567052 3.61427098305 2.60612749927 0.778602847658 
14.2877190876 -8.45346724272 0.848739265953 -3.73902438395 3.85009142733 3.90522386954 3.69950525145 1.97008619148 4.08378020322 1.7364058459 
16.4008538697 -10.6302155505 0.813088366152 -1.52969808577 3.57162532925 1.00923050104 0.987967420134 3.07238668953 3.21872771837 2.13462693971 
22.6582000108 -10.4509489881 0.492850055688 1.14015627616 2.19511506144 -0.460997398373 -1.48612598373 -0.0171737704522 1.95699337724 2.25006692762 
26.6829770565 -4.95861175691 -0.572321254865 1.63918471439 0.405353715542 -4.02844743423 -3.98092676625 0.379088997885 2.33605453427 0.152896320735 
25.4353122549 -1.83387559195 -3.96448909338 -0.0106151432494 1.45846698767 -3.00662749289 0.511981125111 0.29163497993 3.57575644353 0.496134280206 
25.2803993299 0.301327217564 -4.85083489506 1.10374203761 0.602961273737 -1.48564874546 0.219637520618 0.602473584886 2.75292381168 -1.45709924684 
22.2096006937 0.11179899943 -9.2747452589 -0.469038651049 0.746129826646 0.467643836359 1.51702451102 0.51455324076 0.216409621185 -1.78505215696 
18.5733838628 3.62202646379 -11.3335526413 -0.0742936226616 -2.78939195662 2.853327776 2.16012316665 1.98792582056 -1.8189401693 -2.54532480077 
18.9246679118 2.11540063488 -13.2024577829 -0.544133933742 -3.31852377081 3.99244128774 1.05149286392 -0.882891618854 -3.22656831785 -2.42257532242 
16.1477757959 1.44307527547 -11.6859768186 0.692225958273 -3.08210150371 3.13525633156 0.827728847163 0.514607252099 -2.50175041564 -3.13924503459 
20.3661309854 0.161994424422 -13.1142950009 -2.03076346865 -1.5787943479 0.927506263565 0.022432342077 -0.462575824881 -2.08892682367 -2.04169735299 
22.3052397311 -2.69178838731 -11.4049492605 -3.74379913821 1.33786373441 -0.646058808152 -1.19195580014 -2.02894894845 -0.324813216838 -0.721146141539 
28.6541567463 -0.340961792148 -8.24643149681 -2.18808834283 2.44905487992 -1.21223376702 0.352881731859 -3.7931928469 -0.0210423784425 -0.71303850166 
24.4238012997 -3.10925598312 -1.40407521657 1.28964736834 1.25866706332 -1.89806539286 -2.82069674375 0.0847811781128 1.79157732795 -0.770851607746 
19.6389929512 -3.72751156168 -2.55165586173 -1.51166500752 4.22022830231 -2.6867568762 -1.24587862421 -0.869147175959 2.80770289731 -0.612569463147 
16.8838652877 -5.71275480522 -1.31801534226 -2.74901267303 5.35938216333 1.25587914121 0.781570635694 -2.4861362899 2.70315806603 -0.260128643059 
12.9092258681 -4.17886693288 2.5077225286 0.887852222894 2.4946754821 1.93435971981 2.64046194331 -0.0761579953585 0.659576789244 -0.492780506332 
15.354946151 -8.68091917709 4.58758461256 -1.00800934097 5.54979347176 2.15913208076 1.33841042802 0.512858028522 -2.58402400347 0.747646706732 
13.696800133 -10.9424229708 1.9541619509 -4.78700261287 5.64101617787 2.07858148659 4.37271808383 -0.38055805687 -1.95872202622 1.37121292586 
4.67152338535 -7.55045161512 -0.56178268338 -9.60066384541 4.14285685673 -1.04029462845 5.47251466126 3.05250516266 -0.74878989304 0.634321650884 
2.86700336912 -2.07142481811 -5.04382173316 -11.0294056142 -1.32800940803 -5.57814752406 6.24647854203 2.00934736742 1.97106461421 -2.08245096824 
-6.72041352146 -2.18655098197 -2.10485178639 -7.8993794259 -1.34516129476 -3.16293274397 4.3072323119 2.40724570119 2.26471610101 1.1747282577 
-11.6049118305 0.572222953189 -2.07475333963 -9.86372405109 -0.17714824964 -3.07012850974 4.78925044034 3.91147038365 2.06769831372 0.553236239504 
-15.6439571043 -4.09421905099 -1.59660698273 -9.56146319858 2.44836063021 0.174621889338 -0.0877673631752 2.88059614202 1.38480008457 0.923847152732 
-17.4505729256 -4.09355740955 -2.20922116925 -8.41911680794 3.24034874563 1.39018695481 -2.71972166248 0.462051172624 0.968523266268 2.10734275722 
-19.7554149252 4.42142592334 0.65375918242 -9.43520813707 3.75342156166 6.15292713054 -3.6357304702 0.322631008062 2.74791843506 -0.114290237424 
-19.7348897406 8.31034042487 2.26854598432 -7.35474924313 4.67564505859 6.29119282075 -2.29983787625 1.11519915563 3.0027133574 2.35402653427 
-21.1865094661 6.51314818893 1.3572520704 -2.23377724236 0.166510807281 5.39887503465 -0.500701816826 1.01023119648 3.8637349717 1.97813893385 
-21.0088876246 -0.382282738708 -2.56006347917 -0.471555935244 0.164710655505 3.46381646854 -1.8582451189 3.24384647926 4.1549587149 1.66460994795 
-21.2289685826 -4.11758966582 -3.60227965806 0.577483985254 -1.16855347976 2.263012416 -3.78806176322 1.88442532909 3.12528711759 1.05866409307 
-21.4663653113 -6.02726828085 -3.8450395965 2.29081341393 0.302797375784 1.64940258641 -3.2325580003 2.2212739313 2.72005643086 1.05202498037 
-21.8276658812 -5.00025222579 -4.19415142203 2.70621800719 2.16742252647 1.21947669883 -2.66059271018 0.904183421991 0.668914896549 1.98412668549 
-21.5373887663 -4.37751600335 -3.49838218781 2.75689761521 2.18051944276 0.502824996306 -1.93899385415 -0.0283261355707 -0.341370310051 2.5588326437 
-21.9981805528 -2.15177630153 -3.01042909178 4.11970070301 4.24375287387 -0.50862832453 -1.67543470981 -0.699836771161 -1.51771088325 1.8978864367 
-22.4082428328 -1.60293065342 -3.13391044267 4.70230598 5.28821402028 -0.823118041251 -1.98386770355 -0.538334554407 -2.2583627371 1.866477955 
-22.3162193287 -1.00123200613 -3.25156063385 4.47764822085 4.36697397257 -0.537931827119 -0.582986878628 -1.38497930527 -2.06815785114 2.34214297013 
-21.5029346934 -1.11202431274 -3.04771998877 3.65532558215 2.91288389213 -0.789387508334 -1.45174271311 -1.57162347826 -1.76394592106 2.26579011788 
-21.0960390171 -2.25087573301 -3.80197538859 4.51309012932 1.05683112604 -0.396613790323 -1.00403715218 -1.14535993862 -1.21666146957 2.45512915725 
-18.9496063262 -1.41731908955 -2.98959188085 3.69809190517 2.29453303246 -0.75348954454 -2.25154671079 -0.596589170178 -0.764171920224 1.50634565398 
-18.6185258768 -2.20167434946 -2.65698111547 2.68796249486 -0.869134592999 -0.255607665996 -2.42502572515 -0.133189318424 0.290938030174 1.78024648997 
-17.7813320473 -1.10524008105 -1.68986874137 0.257498390789 -0.440708601479 -0.137071038471 -2.47388873345 -0.146919052402 1.14859251294 1.55052508333 
-16.8897643191 2.95754139619 1.44768364964 -3.4400744987 1.10427319643 1.6958565574 -1.32644797461 -0.647287884812 1.22939984383 0.582907684725 
-17.1700326421 4.33971881003 1.96895758163 -2.57114582435 0.602734907594 1.32995314504 -1.43206090934 -1.41623354632 0.183585862122 1.47846950014 
-19.3533246143 7.03872972228 1.82869722029 -7.84228639954 2.88255223122 5.18998068334 -3.14644289315 0.169897790783 2.01392033858 -1.09502205385 
-18.3351195832 1.15875118891 -0.919123220857 -8.45973813377 1.58513902521 2.83319181763 -4.12561998648 0.71852648222 2.40053336152 -1.70935392042 
-16.1349704177 -5.11002435415 -3.13190830609 -7.09093375476 -0.613090723684 0.507209889308 -3.07491620641 1.73510967226 1.86178771753 0.263499133729 
-11.5378309231 -4.34000559665 -0.672843034975 -7.93146720313 -0.796928281261 -2.80615340868 -1.15778235042 3.89212791122 0.625225135336 -1.22211845328 
-10.0863103903 -6.02295301807 -2.24772732571 -6.39713229983 -0.781913706446 -2.9360551707 1.75818840597 3.81453046089 -0.160956938343 0.753240025523 
-7.48927190303 -9.66650655544 -1.95406501739 -4.42951501693 -1.79574663628 -2.50963845038 2.19355774761 4.87305746033 0.622514557458 -0.776564047758 
-0.0599829936057 -11.0214061923 -0.917003031615 -3.7403087524 -1.23425681621 -1.54456964895 2.13505492069 3.58803548403 1.19335238361 0.928540284046 
5.24907685458 -13.144561285 2.73794013084 -1.98119044933 2.06654277089 -0.498278871664 1.92345114635 2.55283543866 0.0143439977559 0.919509120768 
9.61196643015 -11.7457377 2.65878951904 -3.98171627091 5.82473235871 3.30999222757 1.83010518872 1.30811368636 0.256134090734 3.0594285112 
9.87755903247 -11.8380496645 1.29513422192 -3.70780573595 3.50324042298 2.12008324656 2.33529410686 1.51018907504 1.21102236521 1.61915518662 
19.91445041 -10.4093287567 -2.59657002331 -5.48678463083 8.64907988653 0.285541768925 1.71472275863 -1.20476358049 2.05458169848 3.60520446608 
19.4348769434 -7.20619580407 -0.932899095948 -1.63048727645 5.16427709491 1.16031196719 1.51427105744 -0.789171551745 3.68310912115 1.59569553698 
29.0117197226 -7.82604564766 -1.66201569775 -0.876445704772 5.93534698461 -1.70561783448 -1.79949463228 -0.922292050404 2.63367697091 1.7089033101 
30.6040708535 -1.22877998031 -6.97762733003 -1.11247790412 3.77997734844 -2.42154339435 -0.893233759772 -2.45400246719 2.28044115257 1.14341085764 
25.4943541874 -2.38294396425 -9.86038545148 -2.35783085228 4.45444771826 -0.987700393289 0.928552887679 -2.74817049729 2.6180809454 1.81837866662 
24.8024953696 -3.09719636206 -13.0246884686 -3.0165939624 3.44362780306 0.873280494197 3.15169865528 -6.28536738272 0.283196093161 0.494992173558 
27.5045937204 -1.82233431717 -13.847328108 -3.31433256804 3.76267304892 -0.508702041361 1.1367740485 -5.08295733626 -1.29758735086 -0.567179737021 
22.8063137791 -0.353717606252 -14.5403581748 -3.34566224035 2.46223918397 0.634701649064 0.711258355764 -4.02296003748 -2.30199010687 -1.00318548336 
22.6278057301 -1.83725358511 -14.4090786232 -3.38964874629 2.34683669684 0.304871538464 -0.0541984929932 -4.52936010759 -2.75070860198 -0.996253581261 
24.2454300742 -3.11689288758 -11.7904501898 -2.1233265576 2.79098974961 -0.440246497992 -1.60570995223 -3.6855070347 -1.92508519422 -0.957375688681 
23.8057765101 -1.26145754658 -10.4535377871 -2.63991763448 0.418966029504 -0.801310894464 -1.77330475519 -2.00782966137 -1.63210908999 0.390051377445 
25.3996446443 -0.288861523795 -8.37143995203 -2.2850683075 1.72149982871 -1.84711591639 -2.14372713967 -1.66742594563 -0.27943622643 1.6105095306 
30.0158186007 2.32767011855 -5.57259077929 -1.89697507987 2.01729888738 -2.81285232274 -0.773004019507 -1.6499540637 1.4647103266 1.86813804577 
24.7659877773 -2.00232473498 -2.71934001151 -1.26835413234 2.40155275961 -3.25517652282 -1.03429377555 -0.965287460106 2.86755200609 0.473614657541 
18.0836385363 -5.54289911513 0.368716376676 -0.501580021548 4.39341825891 1.92848356974 2.2124056456 -1.69326505395 3.31055480687 -0.288501481209 
10.7378493562 -13.3568184343 2.16598425367 0.548203215317 5.62011852174 5.69510211584 1.32345922492 -4.71752422513 0.942391717855 0.195560282539 
12.1028915451 -10.1895630486 2.36106690953 1.01381574125 4.16897128333 3.71233794725 3.23316287879 -2.39734305548 0.667141848808 1.03603512481 
10.904635377 -11.0721836038 4.25979773906 -0.0664090297806 4.74896259978 3.82720904672 3.60670387187 -1.71740034108 -2.23809305765 0.872531874 
9.46241374431 -8.74362324481 0.544058689854 -2.80227747067 2.34496214902 1.432768663 4.07500894252 -2.96180104687 -2.16188485247 1.73152194123 
3.09385512104 -8.21242735509 -1.35914653834 -6.60829885877 0.974452203012 -1.86843859057 3.4668774229 -1.07728251387 -1.19363069646 -0.106118113046 
-5.05549427119 -2.65145373585 -1.64225675281 -8.89554546563 -0.184609944033 -3.17527662255 4.46833396468 0.683455549686 1.74233965185 0.399601590776 
-10.3799854399 -3.57770616399 -0.59548539025 -7.77174181616 -1.02831655134 -3.33629366427 2.46437556493 2.65824576695 0.75904549524 0.949230642792 
-10.3423854736 -2.31239709696 -1.06767953455 -11.4078722177 3.95351485125 -2.11136146227 0.533382589944 3.14442258174 1.83761239292 0.983407310397 
-14.9160985346 -4.79662300244 -2.79495809264 -8.748371948 1.42834314641 -1.5628288652 -2.18638691076 1.11962449466 1.50322396179 1.69154807399 
-17.9587504863 3.78755862487 0.384684382913 -8.4917031586 3.15631727683 2.92246132996 -1.87914576523 -0.429281298424 1.71996661552 0.846646276503 
-20.6082122294 3.29172895682 1.18536121906 -5.54682528689 1.00324145437 4.36199858552 -2.45844426068 -0.594649094377 2.01568737812 2.20950737507 
-22.9743437374 0.34457045634 0.21531476115 0.269976822488 -2.93677372231 4.21642100415 -0.746540765655 -1.02508410879 2.15161624099 2.31683773183 
-22.6447624565 0.399025764633 -1.41657014115 0.545158485156 -1.46891339826 2.92941509717 -0.678570443855 0.402402634245 2.84526848572 2.49389706958 
-21.8527128984 -4.00587172642 -3.16085612625 1.98327951079 0.509771223635 2.38939193416 -2.18505389751 1.52271632443 1.36237944711 2.31829878071 
-22.5225936483 -4.49115992921 -3.55053268635 3.1799722602 1.30962726143 1.73319631956 -1.8651890092 1.43095478183 1.08985669723 2.06396122905 
-22.4556727419 -4.45730029027 -3.75052264057 3.14065537732 2.81853845581 1.27101113279 -1.28468569748 1.40752370735 1.15247051378 2.71920607877 
-21.8774892772 -4.08159368257 -3.18693416839 3.42346757607 6.05820194231 0.509617091952 -1.82061923079 2.46303892707 0.749593779719 2.18167127047 
-21.6975979805 -1.69618798914 -2.97292741232 5.35157862746 9.64417196274 -0.0341724055212 -0.340649604626 3.15416201617 0.142081764171 1.31639996762 
-20.0636773067 0.452284008069 -1.75754424979 5.71659624939 11.6874755531 -0.732880912047 -0.375343977888 3.70297955789 0.0876939548866 0.538850042087 
-20.9972891205 0.786475484535 -1.83899285705 5.67435981169 10.4751766558 -1.08387361259 0.355833052602 3.14231051654 -0.446777005725 1.45959552732 
-20.217524228 1.48088916267 -1.42756832901 5.97836136776 9.34274083141 -1.57370803496 0.00081372808491 3.25913129102 -0.286325863045 0.721375849734 
-21.3266768248 1.77367357951 -1.58581572599 6.19089371866 9.55241978801 -1.33376596502 0.385366933081 2.08498039993 -0.694715313248 1.40753725148 
-21.6051547598 0.64410201339 -1.64778691661 5.37049923515 7.34922763659 -1.09594225617 -0.218527941502 1.31801524143 -0.574141229487 1.85713470685 
-21.8752669783 -1.30490150923 -1.7790862594 5.08643420825 4.97926893163 -0.227954932945 -1.42892489404 -0.604942983858 -1.02771243397 2.62308772284 
-21.2759333024 -0.542558392857 -1.67062603309 5.15548970062 4.63446424001 0.0941688893474 -0.873902541827 -0.638782261208 -1.10579189948 2.55983143472 
-20.3676733566 -0.560405103039 -1.05407840195 3.20227115327 3.03789930719 0.244351714415 -1.65691504039 -0.870472254907 -0.663854770916 2.30136460095 
-19.5910090141 2.17313195643 0.695881169495 -0.743690386598 3.23642196364 1.22643028995 -1.47960639046 -1.32349982583 0.240643446038 1.46773675501 
-20.4364174241 4.23914701976 0.612816871531 -2.88739577023 1.82365478042 2.48623629881 -1.2092355171 -3.00206379738 0.179810873284 1.25926663244 
-18.4237796414 11.9746566237 0.84275335699 -6.62651179294 1.93555231979 2.25497744101 0.65469061876 -2.70786832787 1.35776414661 1.67991034493 
-18.4285861613 4.18243504082 -1.64699025817 -6.26004570545 0.362323302688 -0.420756899884 -2.34356336038 -0.036198451225 1.8271374622 -0.94832626312 
-12.7094564958 -3.38747921724 -3.12723293729 -10.8252157518 2.21757604127 1.69495212479 -3.87827784135 1.28036987009 2.74612622415 -0.133492963281 
-11.7951647997 -2.97420503757 -3.08396047762 -9.87788505927 0.168037353231 -0.869036380588 -0.739735055569 2.62117770935 0.982801786471 0.631822988861 
-7.39364939111 -5.57048196389 -1.85760171491 -9.71550891422 3.44948695714 -1.84675512719 2.59960015874 3.49323516303 0.19029709256 -0.569316003087 
-1.1683163786 -8.96621370407 -0.453391094769 -4.8665774601 -1.70310976501 -3.64662495573 1.74982321406 4.73206566668 0.651776283395 -1.66767461937 
-0.706001314898 -11.78452891 3.52437914874 -1.82464013427 -0.572313166641 -0.391311480322 1.90222556705 4.73266302784 0.608421578448 -1.68436772754 
3.37410338638 -11.8820612104 3.57185032652 -3.01437945345 1.62193282343 2.39123134514 2.01282446215 3.46910178273 0.344852082394 0.626988908074 
1.45725650433 -11.0719285059 -0.172716193661 -3.1387684875 2.09318626081 5.1235040383 4.51945500421 2.83981551098 2.16110715831 -0.339645903008 
4.5176676257 -12.4443951309 -0.757461498266 -3.24413793546 2.27710231191 4.51425759981 4.91323784963 2.10735413868 3.78673747003 1.67135702036 
15.5402221224 -8.43939333465 -0.754972581789 -4.01498160301 4.08392668899 1.70311457171 2.78845019986 1.06186657571 3.8689452548 2.09168858558 
19.4088291178 -11.5019197057 -3.88964059364 -2.25207570027 4.13473069872 1.1872328482 0.616294947118 -2.1870617004 2.07249587541 2.28842076529 
28.3438782749 -11.33299086 -0.442321900437 -0.0320869662043 5.14377931661 -0.669207416527 -2.81233169922 -3.42119223352 1.04007154803 1.81750491062 
31.4010144454 -3.71070016758 -0.808413808356 2.07850647177 3.19105674054 -1.28034691881 -2.50132216042 -3.04259049509 1.33866139964 0.0436710944833 
26.6380604983 -3.61908959757 -6.25761377869 -0.0518379398398 3.8073968279 0.740072494902 2.07142675562 -5.243793334 0.191898787102 0.623621050991 
25.3732622614 -1.14903020732 -10.61450908 -1.89017916009 3.68003146613 1.01185735077 3.08782092966 -4.78566620376 2.17422806583 -0.419610699277 
27.03112066 -1.33076678453 -14.9572783093 -4.00396083059 2.83564126249 2.45091208941 2.74582700642 -5.91843672733 -0.538717337924 -0.897468373339 
20.0611099733 -2.67072865685 -14.2043719241 -2.07589938625 -1.13743642629 1.24834124833 -0.0966163931562 -2.62711589667 -1.74705862111 -3.55257869827 
18.0803006827 -2.38452750937 -13.4301907678 -0.909450715289 -0.699468540937 2.28145934531 -0.449202215404 -3.49214239489 -2.85919779074 -3.87190606167 
23.0443254318 -2.73202143947 -14.3385458674 -1.49205888931 -1.18548120444 0.630668870675 0.0780041792919 -4.06912381779 -2.44210767684 -4.15058092821 
23.4829406721 -2.86585334231 -13.7236910504 -2.67437391574 -0.862295069524 0.185157201986 0.208794271894 -4.75277984826 -1.337387043 -1.1735455776 
24.6965662719 -1.79682454996 -13.9698103527 -4.15686042274 0.182263329054 -1.09220006692 0.395665172378 -5.21373696201 -0.67478858717 -0.797530634526 
29.8657022848 -2.55115977765 -5.99797203752 -1.58313184868 2.14387141333 -4.0378561054 -2.33622430269 -2.39714235222 1.076799459 -0.0108221846723 
27.2728054805 -4.01697595915 -0.129936011426 -0.0723915670959 3.31769882299 -2.76972779619 -3.33177458671 -2.1579745703 1.11801980045 0.173722181012 
25.0561332122 -5.92509870673 2.54225811796 1.10165718478 5.57021036006 -1.61575478696 -1.9921985391 -3.82272075708 2.83734432328 -1.288210101 
21.1154193338 -9.36312192239 3.43548230225 0.417501328631 5.96934067315 1.8989438884 -0.987151060913 -3.80901941177 0.300312187071 -0.664781519495 
16.4504059112 -8.90142728603 7.38098161504 1.84812912569 5.90943394281 4.42854550904 -0.44891693207 -3.12828552219 -0.472883263314 -0.0995371444852 
11.3540673065 -11.1397787835 5.47285017098 1.65051692862 3.77237480554 3.6892158727 1.23925968859 -2.24015729124 -2.72044569496 0.798732508885 
6.77644599539 -8.59852169965 0.723760617817 -1.57505240185 0.764332994181 0.549721640878 4.17261495406 -2.42915777614 -3.3562207815 1.54120778416 
2.39180868099 -6.61532821824 -1.02422103885 -5.96177406104 2.10821380881 -2.77261586007 4.15522974136 0.447994347203 -0.0694045155734 1.10723774244 
0.563266155328 0.0110604258519 -0.72397942296 -10.379041548 -0.261309239503 -3.98347516523 5.50011727138 1.34064754515 0.761937898947 -0.296455638519 
-6.59964487843 1.81181536315 -0.045068192601 -8.08139679001 -2.9927165696 -4.8334035541 6.63494981047 3.59782155028 1.24972229092 0.926085678985 
-6.97028930974 6.2192336309 -1.92449876736 -12.3684446256 0.78100654242 -4.63825417031 4.74326629899 1.58601844799 2.21485730165 1.24007638447 
-14.8581762706 -1.04923267494 -2.82155817491 -9.36281109787 1.1873429651 -1.44121708065 -0.330083578975 1.18151003861 1.55907755388 2.62389974267 
-17.7689543321 3.10897716963 -0.0636327352414 -8.54811680405 2.9622182041 2.65135363256 -1.20899031643 -1.17215935406 1.68251213205 2.61121897151 
-19.9842362702 10.9228273033 1.81594072173 -10.4952268041 7.885811265 7.54066305429 -2.98187122996 -0.209903530433 2.9831971176 1.35266561382 
-19.8902351342 9.00357421163 0.401210866596 -3.13493235014 2.52052180874 3.02015015303 -0.839942206057 -1.15143094604 1.99899741561 4.37565906138 
-21.5081399952 4.49952891616 -1.37954724492 -0.174565997478 2.50818443306 3.0629861241 -0.2871058829 0.332594020649 3.0251701533 2.57023115361 
-21.165671752 -1.76536642124 -2.99112852655 1.65851450511 0.439465624351 1.47771330795 -3.27400212024 1.01347507341 3.0388436104 1.02571070194 
-21.1899898294 -5.83222685388 -3.11517996876 2.88451549148 1.00223964296 0.735070584593 -3.43656197398 2.08879353376 2.50913218321 0.525966910336 
-22.0879134455 -4.92441492791 -2.74020893904 3.84279584234 3.53751268364 0.324232374953 -1.88449411248 2.33583304562 1.13716380642 0.993255989381 
-21.6446942282 -4.40965108167 -2.99650268861 4.16466278547 6.34703312581 0.0227620822944 -1.40102748265 1.98597005195 0.214549115394 2.1560254687 
-21.7222704993 -1.98768729602 -3.24436276778 5.09405880769 9.40832787253 -0.526155164112 -1.24917127051 1.92007828058 -0.967666396501 1.42769720527 
-21.3213642241 -0.136680051684 -3.59231750593 5.69607812252 11.6630759729 -0.446051309983 -0.622474195933 2.74683396914 -1.25195877417 1.6036092169 
-20.7604817758 0.990025537272 -3.84009456856 5.71870789489 13.3617377912 -0.751567766155 -0.288272647647 2.91714268306 -1.85536821832 1.92700259896 
-22.0961375686 0.624436757411 -4.45155922936 5.6338058147 13.1107971437 -0.487415643217 -0.378208646028 1.80735287146 -2.36505091178 3.34171038774 
-21.8309984324 0.726696669252 -3.90697034221 5.13112400854 13.6048438061 -0.306461685596 -1.58636248614 2.1089790755 -2.01732857268 3.43254552181 
-22.2352262358 -1.22394840942 -3.88504852831 3.61941129532 9.95690459946 0.119341359981 -2.33484010078 0.42747190383 -2.22589075293 5.34872641999 
-22.8815162645 -3.89391848618 -4.11463975481 3.36056576126 7.17893543572 0.709184977659 -3.68355276381 1.47101720976 -0.381262278102 3.71645804602 
-21.8878637497 -2.0316628243 -3.40010542853 3.58411043632 5.88302654781 -0.0607852292679 -4.14403956143 0.327990132099 -0.737455070729 3.14091988959 
-20.2642571307 0.684465291479 -0.93292025722 0.928218897725 2.53909241676 -0.36166276276 -5.60694832842 -1.13751010099 -0.389087237428 0.879452933474 
-18.5874793519 8.14793269359 1.68842301797 -2.68617920745 2.13463003377 -0.522817239603 -4.78846067894 -2.18708755504 -0.182041317821 0.380238367911 
-19.5670088057 9.92715686582 0.903174177334 -5.70454034362 1.79880074341 1.50552768071 -3.80146836304 -4.26535113692 -0.64943513706 1.31804905359 
-17.6945579282 8.04868531877 -0.0229895635439 -7.34397571757 -3.37472245719 1.8233256689 -3.09805725274 -5.67746816602 -0.33379083204 -1.18723375035 
-16.065492922 4.29859308557 0.135074088507 -8.98955374573 -2.64472772123 1.14993368317 -6.37859971575 -4.7592702015 -0.0174662447013 -2.41996337586 
-10.2287497167 -1.61643168613 2.65508655948 -12.5510308913 2.242101564 0.389123009279 -9.38286442752 -0.26310129548 2.95871345478 -7.43160657243 
-10.2670442563 -3.7330325482 2.73137113437 -11.5737891225 1.80732503647 0.010931121717 -7.25745180974 1.37037525195 0.164367837542 -4.37886956184 
-1.40911228397 -3.00623642185 1.89786597174 -11.7655102637 1.7743502693 -3.72374230897 -2.48864431853 1.00329282797 -1.26140026667 -3.21350049406 
-0.78494959052 0.0793509313771 6.68908689754 -5.89039677163 -2.37608555274 -1.81031730021 0.531523200824 3.4595124437 -0.768911745709 -6.43666978625 
7.19772366457 1.11254470174 7.20257192927 -4.89467546972 -1.34900438711 0.345158296535 -0.141973534337 2.65835251356 -3.80962987192 -0.845530299947 
5.60342311505 -0.940879725773 6.58269968462 -0.602039508742 -2.30078291121 1.84342768455 0.482731804511 5.80933139291 -3.32548816738 0.452865446537 
13.7196045242 -0.462317537603 10.2063300679 -1.60218055218 -1.19453768726 5.99246395623 -0.739797182233 8.37397276363 -3.02961161491 1.21511753519 
19.2375876905 2.09961456596 10.1257324361 -0.985427060201 -1.86518537742 8.16468990875 -1.07468165596 8.42566507014 -2.73479908283 1.3045028238 
22.751182499 7.44716871922 7.60916042903 0.612729920149 -1.5396592686 6.60281242491 3.31888824133 6.90224232392 -0.0471549949391 0.149608751149 
29.9272807564 8.41264266867 9.04564206585 0.53453574238 1.360377317 6.4915127184 1.39564473889 6.27463403373 -0.121303317491 0.704106818406 
30.0642173312 13.6046163503 5.04741655815 -1.12018746426 1.45589418212 3.58754557518 -0.0793027741196 6.58018639914 -0.0852110935837 3.53261557491 
33.339531406 11.1378235961 3.74372506169 -1.40803826503 -0.12954408766 5.11279848622 0.628256154508 5.11723920842 -1.50079181596 0.661992246513 
31.3282662607 7.55210231732 2.61029537422 -0.877943048578 0.0772853081099 2.65516328213 -2.23844984884 4.84827400294 -3.13660713195 1.16096592935 
23.2228598512 8.43283790479 2.20171675977 1.86134083892 -3.54543604638 6.30861533496 -3.22617779807 5.30332592654 -4.4971512672 0.735063603691 
20.6781858217 8.62954473533 -2.49655395073 2.53896741403 -6.91582216884 6.64492275234 -1.64109696058 5.48927395997 -5.67898089837 1.05877867521 
20.2977820619 9.20951014442 -2.17968894606 3.01979292479 -7.57072109617 6.71412253778 -2.18571192615 6.07793249982 -5.76760719344 1.34851997898 
14.3069134273 6.59781457714 -2.81389165284 3.21925097782 -8.12770220738 8.65746430298 -2.93392928512 6.55697728132 -6.35732467567 0.309134669534 
15.8544699948 6.23320090297 -1.15700897394 3.88154488854 -7.75180856145 9.35904379961 -3.78780200193 5.87584363015 -6.24922799913 0.906350824581 
16.7945604619 4.16267099901 0.060767278078 3.04790256458 -5.77211781863 8.97381201215 -5.01659231547 4.42526554227 -6.02651876913 -0.35401994928 
25.8355447475 4.62637818106 0.506802663746 1.34843034609 -1.86329273949 4.38631798573 -3.72899093124 3.08472116795 -3.66357793446 0.117855855012 
28.0471372421 5.81779682891 3.91238613774 0.606232048416 -1.56638082685 5.49218356955 -3.8695991058 1.27993058397 -2.51908533295 0.595341725562 
30.7116503759 8.82510825523 4.93556111178 2.2066501889 -0.331876606246 1.79580617931 -0.456000432378 0.88768333248 -2.5918050641 0.215798544812 
28.983791884 7.22458852001 9.92036461062 4.37739136103 -0.0642491208971 1.52815644151 -0.894991500327 1.4470868426 -0.860170564695 -3.32395950221 
29.8421177629 9.26246472353 6.48217585036 4.31723745476 -3.3887691355 -3.31658116842 2.98829040164 -0.0662314482138 2.00629762413 -1.9974320558 
18.8708614076 5.71124747518 6.90624631522 6.23639186944 -4.54161301898 -0.385651413708 4.53800097126 2.09702484537 2.69115916783 -2.34857455238 
19.2025174752 0.706824614568 10.7503469258 6.6745737015 -3.65969592592 2.10430309278 2.46484645112 -0.39169743463 -1.1636828872 -0.478861988816 
13.3500994844 0.210771848352 11.1602204555 7.51127210931 -7.48745608584 3.54832829739 3.45257781176 -2.39071911287 -2.50166902573 0.48332332308 
1.31126457932 -8.45070807261 4.7443139804 2.21310453297 -6.59588878243 -1.26664684396 -1.18638696926 0.980571640121 -0.431053274524 -2.20118984211 
-6.25276662399 -4.98116293448 0.557085326645 -1.22606636453 -9.71420699993 -3.48662797063 3.08028273854 2.12978652438 1.5458278521 -1.51240245792 
-10.2741754294 -4.75462464606 0.129366912043 -2.0668221436 -7.72095926193 -2.47509088266 3.31724758205 3.10483275174 1.32559770233 -0.196687846137 
-16.317713404 -9.34635478554 -2.3389344619 -2.01036793814 -7.99370872276 -0.942721902283 -0.145462101577 3.07090360302 1.68664217081 -0.233727546718 
-17.9915529454 -5.80385672544 -2.70786207405 -2.20586586218 -10.4575879131 -0.124666919567 -0.0614303755844 2.01211649419 2.2983420873 -0.460432755815 
-19.2445829866 -2.4200733128 -1.3896953856 -2.37188154153 -6.48408971678 0.944314797935 -1.26916284391 -0.392474795982 1.2555737276 0.111640775161 
-22.813692225 -1.60223229262 -0.985710511462 -0.651666240384 -6.05070861182 2.14165417661 -0.792713057089 -0.798563765653 2.73238792648 -1.262911541 
-23.8683014691 -1.28252841337 -1.38720676935 1.70999787574 -5.52753629707 1.41805602696 -0.224520460706 -1.94303560647 1.54099128832 0.147475277883 
-24.5680614252 -2.24282952409 -2.08724932057 3.12551884776 -3.48736177386 1.46586971519 -0.000318946555003 -0.851409059824 1.04076750101 1.82924375618 
-23.9033227276 -3.49904031177 -2.70046835726 3.70328265831 -3.40481473657 1.5997470999 0.285703066 -0.290169125715 2.1675462727 0.706134961814 
-24.3483140122 -3.36133851186 -3.23249467963 2.78834493929 -4.24717955445 1.27250346984 -0.663084195292 -0.328611612478 2.29559210577 0.193640958099 
-24.6840452547 -4.64934402555 -3.63103387987 3.78240008749 -0.298821912373 0.953066619268 -0.964828500803 0.955334034823 1.72695914607 -0.555068339975 
-24.028994047 -1.69358318435 -2.00181252598 5.19823527712 0.62924442273 -0.294181874216 -0.418606713378 0.405181425014 0.733525606101 -1.18766395586 
-22.9767017679 0.561917251557 -1.99829448479 5.22921221395 1.36094148416 -1.3368586726 -0.200078319905 -0.263789439094 -0.249693964449 -0.374718234338 
-22.4683097677 1.37928062023 -2.01680490241 5.47894157122 3.6289199411 -1.72095462088 -0.592389047382 -0.805047155729 -1.46805731696 0.0569558684675 
-22.855512226 3.66206910447 -2.22173209406 5.65170238953 4.44685077101 -2.27890306834 -0.163119049075 -2.01935334832 -2.09032003516 0.286535478124 
-22.6150103606 3.11450823824 -2.54234639331 5.85060153647 5.97786010691 -2.00308646274 -0.988599686564 -1.5080598198 -2.26316489369 -0.0715739835417 
-23.0214889509 2.94583261752 -2.74219036869 6.7703720826 8.46582855799 -1.93268470999 -2.90671259021 0.0142863501786 -1.90666248347 -3.45974869127 
-23.0059748062 2.86987712185 -2.557962354 5.33158237194 7.82732210947 -2.13656698597 -3.02107367068 -0.589976831716 -1.39462668221 -2.59504113291 
-22.2185658125 -0.626835374932 -1.15516418422 3.78271141109 3.08808509155 -0.871980080854 -2.62560403412 -1.4102821935 -1.23539231241 -1.26293452135 
-21.2679939839 1.51091991708 0.194868449396 2.66741167893 0.537022610167 -1.18002640379 -2.12576087347 -2.14431279443 -0.553508362374 -1.36442357643 
-22.062269498 4.74968385593 1.34896114465 0.635410980643 1.22308033989 -0.357122798884 -1.19110444471 -3.21306305015 -0.370051885069 -1.5695307314 
-19.654610443 5.06002564099 4.84707769135 -3.74839664093 -0.14676177909 3.39181690478 -3.09484909633 -2.44667704039 0.60598060336 -3.6216124347 
-17.5032778725 3.87422205042 7.38788921818 -7.70723559156 0.289262338907 4.82665261799 -6.53509163352 -2.15635576834 0.510354755018 -6.31762593708 
-17.2077168535 -2.33054345544 1.714372696 -5.55910050632 -1.35210677916 1.17282909528 -4.97042261334 -2.33863117801 -2.71675963921 1.3607048078 
-16.0515290434 -6.00431703324 2.70529832974 -3.20927388514 -1.44894939032 0.278901916636 -5.03447233325 0.376515965547 -2.21520214135 0.980395712558 
-14.3860354693 -5.17296444506 1.44437214475 -2.74566590648 -2.85217563102 -0.902228885442 -2.20430555606 0.904496836053 -2.46948535847 2.26467756703 
-14.4365733674 -6.90951452493 0.864908170659 -0.975685358793 -2.47872183254 -0.176378731244 0.95904264714 0.750133323762 -1.99514310734 0.938750110659 
-9.2395994371 -7.64344948212 1.49406834145 -0.525183118129 -4.63022878213 -1.2465913437 2.95234299239 0.319165270371 -1.62502049079 -0.198625984926 
-1.35986901283 -7.05547101999 6.82847237513 1.61135826553 -2.2030914045 -1.20512630896 1.76473170737 0.077195801401 -1.2357281327 -2.47463721451 
6.47316893291 -5.97837613927 12.7343365713 4.7457571154 -2.36479445795 0.892708611402 -0.234412685594 -0.194498161408 -3.15151661301 -2.80445568007 
12.3847598674 -4.78039906113 9.22143410322 3.00861344301 -2.31010787893 0.639983037749 0.00548351545687 1.09166799116 -1.81539392581 -1.75996034726 
10.9895776095 -6.94883840126 4.98494016136 1.31107480632 -2.31568835868 0.927846221882 0.327724678763 -1.29774492046 1.1340544756 -0.840272317371 
16.1390211813 -4.97988650797 7.79112910851 2.94680478897 -0.798465141131 1.62023709779 -2.19342250195 -0.723798701529 2.06525816833 -0.778810763067 
20.6080322159 -3.05013629317 5.25587739257 2.36125291346 0.76057484468 2.31635529735 0.739107662887 -1.18540536688 2.63968713065 0.309238866846 
28.7182143053 1.27484534816 6.29569860461 2.9180921544 1.86595994267 -1.35617631168 -0.363642376458 -0.555777630016 2.90906972833 -0.34581673503 
35.9091421734 4.98181355497 3.43111136084 2.25944541095 2.26926486317 -2.75260939786 -3.78291153251 -0.788003293642 1.27759485374 1.00399473537 
32.9898424167 6.1459524754 4.81100119568 2.47052746426 2.47870639848 -2.15550954364 -2.70049371987 1.68851534023 1.77380107991 1.02394786889 
33.4389556137 7.28905189222 -1.02578464335 0.285469385193 0.879810388021 -2.61732198616 -2.01920026224 1.86604221118 0.375910071715 1.25568094222 
30.9626092441 5.72158197084 -4.84298638423 -0.0994411489065 -1.59940678276 -0.139603311295 -1.92101606692 3.25067056693 -1.01557677155 1.50041425286 
31.1720815834 8.81800326428 -4.47002605474 0.568698751057 -3.03451623386 -0.572062909983 -2.4812287157 4.89681181694 -1.81769479394 1.62131095218 
27.0009583123 12.7014234256 -5.9755373088 1.40200296083 -5.50752296475 -1.29191168409 -0.460397406785 6.91442531703 -0.870882823538 2.03946529781 
26.028724481 10.3151261776 -5.67236848406 1.27958416293 -4.91394521837 -0.570142717288 -1.40145712032 6.64822849554 -1.4561725317 2.23313667385 
29.8200339872 8.36091642685 -5.13291988595 0.118811487515 -2.72305914733 -1.15251176016 -3.04588255764 4.24516295402 -1.18222706061 1.71726394396 
33.6845998824 10.2437786314 -7.6963675202 -1.82107635425 -3.79242433926 -5.3696848238 -2.48602920531 3.46181868511 -0.036596987704 0.192211807248 
30.3007675381 8.36892357989 -6.32702918352 -3.37767848968 -2.83592248393 -3.68999924366 -1.83578796998 2.87960257035 1.36720488675 1.09774067443 
33.930642743 7.64018164124 -4.27307482961 -1.95624576835 -1.43773434235 -6.89575157061 -2.1284092785 0.912070728313 2.34678830148 -0.0437054734904 
29.9264025169 7.24568892977 -1.2895036477 0.792799458934 -1.42598565228 -4.46334762613 -1.71266213085 -0.399641269636 1.81049084238 0.470466802963 
26.9093633195 2.67039823055 2.18194011416 2.97027420112 -1.94275354999 -2.30078812336 -1.16219509069 -2.39932795813 0.913173974042 0.837138591176 
20.8651211481 -1.47035407449 3.00892012135 2.49455104076 -1.76879749365 -1.6217921122 -0.0774308035302 -2.14418259001 1.00200007462 0.993142879348 
19.5614993473 -0.313762369453 8.52609903379 4.07858969434 -2.16070577599 1.16736009272 1.02385347173 -2.28281653252 -0.606804380956 1.41525453922 
12.8212058189 -4.37003400283 6.25463147701 2.89421267919 -3.90858615974 0.401722563152 3.52334413391 -3.03962460806 -3.21960983294 0.475424711581 
3.76641138597 -6.17278035269 4.36813121408 1.32669992892 -4.45016171083 -3.6763678868 1.17832014907 -1.01274881243 -2.95736429072 -1.592681454 
-4.78085433812 -5.74025593731 2.2793960944 -0.613413624973 -5.51827672508 -2.86173479299 1.72029976613 -0.6206752575 -1.75800791135 -1.0822908334 
-6.0027544732 -2.49314450043 2.92515276009 -0.374708015237 -3.47698797841 -5.58069154477 0.498840096052 -1.72630610409 -2.07471865953 0.278373522413 
-11.8041967174 -4.1616482403 0.633437044541 -1.56387222264 -5.34048958264 -3.84413551105 0.0456254115009 -0.0439528926832 -1.82911688301 2.19887070563 
-13.8946863357 -4.35435520429 -1.85320055767 -3.22169567186 -6.78166665779 -2.60563475372 -1.04446310881 -0.261796104531 -0.782989700452 3.16735960683 
-17.1131711574 2.09311469619 -1.18955005897 -4.38687068687 -4.24290624963 -1.18918936429 1.69763163802 -1.70869481697 -0.395885194648 3.29353365596 
-19.3289369414 8.5785612348 -1.08648643072 -2.56728873362 -7.1697319125 -0.93308732155 3.76459597157 -3.97627989661 0.993187786188 1.82319443142 
-21.170411021 7.70733667695 -0.642476997049 0.597463670644 -5.60153385408 -1.42132316772 3.88798324416 -4.74277489602 0.151303113698 2.33431437325 
-20.968208893 6.18129550804 -1.79685990233 2.17401209551 -6.25713280659 -1.96793417209 4.7345328309 -4.27102724726 0.557052574456 4.34101727027 
-22.5298345918 -0.617178979886 -2.97519111927 3.20206162188 -5.84781173747 -0.318386725186 2.04624130991 -2.36135111399 1.97913669852 1.10020365079 
-24.0599159038 -4.22295664016 -4.52781401104 4.74351717204 -5.33654053609 1.92695643404 0.477632983596 0.611792381805 3.62972885687 -1.2422158932 
-23.9181195984 -4.07454433712 -5.1930527601 4.28127821906 -5.3785454923 2.12193857797 0.685744516348 0.587462266122 3.62043777787 -0.913092665281 
-24.1562322108 -5.2166968319 -4.26762905797 5.35400796669 -3.872984414 2.19386334611 0.842416415381 0.688521506119 3.09024884985 -0.375153980074 
-23.9674949673 -5.43065427835 -3.91468552835 5.57252828659 -3.48432160903 1.97831384259 -0.173010279493 1.52489934191 2.58501595037 -0.929806796276 
-24.0808565587 -2.68771790371 -3.49671594635 7.00848900483 -2.66931379729 1.39704131785 1.05600580311 0.840681788831 1.82687117681 -0.536257853806 
-23.8408205441 -1.71957961014 -3.2018672702 7.15698846361 -2.68819370602 1.0899471639 0.685111374353 0.779261933856 1.11567363588 -0.973563102718 
-23.7517654631 -2.32326922007 -3.25319881964 6.52864267356 -3.33902704361 1.11807018484 -0.0263957180397 0.32671194044 0.518368648114 -0.495340726026 
-23.9096999264 -2.74361068176 -3.59596054413 6.68888828323 -1.98064572445 0.794032387086 -0.702546718417 0.202890800806 0.0725803497396 -0.140644856568 
-23.6774988294 -4.31723885775 -3.65678146525 5.03917020832 -3.8461573079 1.15552759021 -0.480972198715 -0.0561007157278 0.804399372493 0.102387766585 
-23.3694460257 -4.10398524842 -3.87347383289 5.04744971309 -3.10187606241 0.861067066912 -0.609288810527 -0.121032211588 1.12261735841 -0.962402253924 
-23.6387993685 -4.98770526109 -3.10632964167 4.65751530065 -4.38556545252 1.22154560169 -0.502613264558 -0.491192265991 1.33592644501 -0.781245816774 
-22.6529671896 -2.44559555352 -1.66457606165 3.22159815052 -6.54021152521 0.198659792175 0.266103816582 -1.45242295266 0.806421517531 0.48969945988 
-21.8073016067 -1.45794603066 -0.661967468303 1.15312218861 -5.73970189281 -0.0973791348563 -1.11579382037 -2.21077849458 0.159018005051 0.785093603565 
-22.8074156971 0.986255539951 0.930117394218 -0.34956438192 -6.33519877897 1.85194072737 -1.53054654095 -3.42855200691 0.467993887875 -0.964401090533 
-20.499736952 2.79552758252 3.04757928246 -5.13525184303 -5.34430460341 4.88467505065 -3.97691968345 -4.08794543365 1.73129390897 -3.60204265607 
-18.9396889566 1.36089321171 0.260453323882 -4.60270797804 -5.15661653088 0.620944062558 -2.58175852168 -3.30238193023 -0.1575731206 0.314518818154 
-15.860811131 -3.30715019227 -1.63273989269 -4.46751366911 -5.69978528612 -0.378821441216 -3.0574469704 -1.68141363522 -1.03416070757 2.71037773653 
-12.4819153513 -3.37714820796 -0.270570617233 -4.54312711353 -6.70171457476 -2.92257645086 -2.22489688761 -1.1333049091 -1.69560843669 0.840154863678 
-9.51249125382 -5.5910290815 -0.888467933346 -3.20221460477 -5.49893702224 -2.33546751954 -0.960506223114 -1.33369483032 -2.02047302852 1.64343184224 
-5.2612297897 -5.13510698927 2.05752954014 -2.17442954059 -6.61600645258 -2.22656557115 -0.983442344191 -0.0696798766836 -0.464556908682 -2.28716291323 
1.45599213788 -5.93394896571 7.00613567932 -1.21990572026 -5.18729509318 -2.10595518816 -2.61886273027 1.7444277063 -0.323183543243 -2.62420846939 
11.4003671149 -4.88792060339 9.31357823297 0.313797498186 -2.33233545962 -2.10763369062 -1.54963202563 -0.132170391952 -2.05917620689 -2.24953740694 
14.6548024405 -8.41237516436 7.68275544915 2.19886997491 -0.821517453431 0.272740355092 -0.449735612418 -1.49814853477 -0.715150435307 -0.567246136228 
12.1130333633 -8.23580409261 7.06348839336 4.28024137921 -2.35836211516 2.24119924378 -0.206756939836 -0.48298511021 0.327964139251 -0.209573870079 
16.2824081637 -3.37158702293 4.94726439081 3.33830098806 -2.91711547919 0.908811698545 1.69879859772 1.19374352917 1.88160200269 0.0292360817917 
22.61780283 -0.544517716991 5.61431171921 3.99535759442 -1.22370992404 2.21975574373 2.52840259695 -0.657167087874 2.90592307219 -0.533494201512 
23.2093783268 1.58926167483 3.99653584646 5.13479158616 -1.73846731863 0.162514528055 2.07648434637 1.11475503648 3.15159651839 0.294653974513 
30.9389781171 3.90636226439 6.37054653015 5.31421619834 0.957573279923 0.272449386801 0.0318938486243 2.7460118495 2.55483873416 1.00197900304 
28.9048487356 6.93083057263 4.26333801244 3.49162395749 1.85023789519 1.33298090149 -0.649704867792 4.37197398232 2.88213346373 1.78802111524 
31.8603231585 8.07500358647 3.64263116844 3.05821759319 1.21662130203 2.16586963814 -1.32089075296 1.42241442138 0.474100434863 0.885616911707 
32.0925276177 8.04758758376 -0.410880341019 2.04690911863 0.10708107328 1.45834102817 -0.50435088774 1.86105474091 0.146797978702 1.57284185648 
26.400330028 6.53691297194 -5.01330352447 0.473017730944 -0.0977353244541 2.80807414565 -0.237444046469 2.37349642062 -0.543474933701 1.90753577597 
23.9848014883 10.0496698888 -4.64924387096 1.02244529034 -2.10032253756 2.50796772755 -0.154823249509 3.91346401995 -1.06547316308 2.07948478349 
22.5109281957 6.80797893993 -6.36578349071 1.7669933695 -4.89377065521 3.19960995198 -1.03166432679 3.63885699983 -1.9450656467 2.32508804825 
27.2725341343 6.32215779262 -4.88947465832 1.25315405396 -3.39745191939 1.22191383748 -1.86225152367 2.21574958222 -0.748365452323 1.68849489363 
31.8524654284 9.38782685545 -3.72100503825 -1.10856877969 -2.6260062511 -0.762530086231 -1.70162834042 1.04233290509 0.58475571515 1.24439135445 
34.0570546835 9.25054752532 -2.36804116136 -1.67020406101 -1.15803547867 -2.45060446982 -2.43013561993 2.51386699027 1.86748048258 0.857570694749 
36.5997962543 11.1723064578 2.05317847244 -0.521522051987 1.53278379 -2.71410342002 -0.438750713333 -0.308801073427 1.79481892104 0.851872796214 
34.0210663357 8.55405411665 4.74662185959 2.80040762596 0.941636411958 -2.21206350236 -0.971421239014 -2.28609716034 1.71644897119 -0.316293250558 
28.1752279325 1.43657977503 7.01065483547 4.91627013353 0.584592173664 0.871818727212 0.145920875335 -3.76022585024 1.38301392722 -0.570775732732 
22.1594930647 -2.87411017455 10.9711101703 6.9474465577 -1.11401467607 2.25805369957 0.938872640604 -2.4020859485 -0.369532650112 0.925410481757 
21.8119669979 -1.59385061915 13.8418969929 6.0746939701 -0.677035851082 2.75381506782 2.11739947359 -2.38110765854 -1.71157833175 0.0926209508843 
15.2296556552 -3.92418136062 8.76535608986 3.35041969964 -0.899504913316 2.50306320104 4.11045196599 -3.83873660006 -3.07180600356 0.408812571004 
5.10248192191 -5.94861863296 4.22125681029 -1.28604949052 -2.34514526616 -1.87835248122 2.66482458778 -0.237769569487 -2.64851021783 0.557845499772 
-2.32188447304 -3.6974270027 1.55669198674 -1.86623610506 -4.27266326317 -3.91160649156 1.89486228016 -1.25999894958 -1.89711654998 1.13447421064 
-6.75537717874 0.410606618223 2.09759725613 -0.736197029605 -6.14693905539 -5.52642102788 4.27819732686 -0.568108347372 -1.91770712305 1.78181243443 
-8.3170867191 3.39247037903 1.94081665377 -3.31881945143 -4.49445398714 -4.46342794023 2.80110286295 0.939587667544 -2.11913970017 4.30888046354 
-13.2009595405 9.52628816009 0.729144437485 -5.11024891987 -4.71091618553 -2.64148567641 4.943290055 -1.348792122 0.0639154217284 5.322845143 
-15.5291789738 14.2606980568 2.28344941154 -6.16562487897 -3.95145826265 0.154234530707 5.89077752661 -2.54999178209 0.780960494849 5.4566981288 
-18.6994108749 15.6035156256 3.86942330564 -2.69864673258 -5.67403294017 2.37220088948 7.25756746189 -4.71301805519 2.62814763159 0.922506771493 
-20.4101247764 13.9069378524 2.75566436107 1.13701885001 -6.26739227591 -0.191261486732 7.13424032745 -4.86904112081 2.79447760991 -0.328357348575 
-20.6273229516 8.61747850404 -0.103424785035 3.2931503146 -6.38253702886 -1.63173711897 5.19420363648 -3.0236694571 2.22088451328 1.78742997909 
-20.9404462331 3.459641567 -0.92343871051 4.61436766064 -6.119868006 -0.920310309674 3.08291987455 -1.20713450284 2.9879951815 0.458531814191 
-21.9740085167 0.0485947683219 -1.56119543639 4.83394709181 -5.28638241088 -0.201621726075 1.83367127269 0.266761100179 2.23162830891 -0.0561169488567 
-22.5022132152 -2.05208075294 -3.24426679545 4.73054598209 -1.80702377829 0.0571356825552 1.54805006693 1.5713137219 1.99019866108 -0.583039867723 
-22.8893384074 -2.27384799947 -2.60402940619 5.77726016714 -2.2643260951 0.357667447857 1.84823526283 1.079212195 1.3514201577 0.556801451179 
-23.0957260931 -3.00110151525 -2.87415066695 5.688635723 -0.771086671329 0.508217361283 -0.6392856475 0.698451936215 0.64752143496 -0.278865468844 
-22.6667771369 -2.45765998384 -2.59277450886 6.39618432446 -1.22449762574 0.366925272511 -0.108226836567 0.991327816988 0.394682298003 -0.469043288405 
-22.1285854179 -1.92343821792 -2.32210320098 6.63205770748 -1.58362736667 -0.0528691139684 -0.780278137558 0.89041388105 0.437163917913 -1.38319171741 
-21.3361950267 -1.31309709505 -1.29128105468 6.33642407666 0.923447357899 -1.06690234107 -1.53057547753 0.699730861266 -0.865191673645 -1.09937640406 
-22.4403804365 -1.98678062411 -1.77038478611 5.94760237435 1.31114848771 -0.505061905715 -1.65070136334 0.610781259218 -0.584447562017 -1.05764492724 
-22.0278807456 -1.96496584034 -1.88280503747 5.09749276105 -0.251470660339 -0.700443409019 -1.85298530822 0.480291723177 -0.687331469936 -0.0167436029004 
-22.5860859872 -3.8668226259 -2.58282541343 5.14266569805 -0.463907514509 -0.0419788795084 -2.15586030027 0.410851299645 0.296835610225 -1.13193544885 
-21.8290645833 -2.26235265948 -0.971222578886 4.08630190326 -1.01561474756 -0.63304718823 -2.4740635663 -0.383506047738 -0.0174951602669 -1.17609440868 
-20.9265294706 -3.19343791999 -0.301776105791 2.19916413925 -4.11889337348 -0.364360858552 -2.52680511562 -1.38532517521 -0.540098746044 0.756730723641 
-20.651844111 0.174868002409 0.0984631794278 0.982812802592 -5.64699554249 -0.372305451671 -1.35719908276 -2.48603256192 0.432741715324 -0.0540376579346 
-19.9527195491 3.82095063095 1.03539092934 0.247615612817 -6.14639446766 -0.440874614079 -1.65061968787 -4.05070767719 -0.697649453516 1.11424692981 
-18.0083495696 1.65812421139 1.41457971128 -3.84487963119 -6.47932918127 1.69337089645 -4.21883309084 -3.59418302377 0.635743555742 -1.00798378501 
-16.6021245597 0.789795613743 -0.21702973673 -5.10964338919 -5.07004017727 -0.0915989972807 -3.36337766397 -3.08463560145 -0.895981709539 1.66073022151 
-12.9848026557 -4.71780760287 -2.06405963694 -3.98529702061 -5.47762465043 -2.19466365978 -3.90597027289 -1.69647507949 -2.27487890368 3.40339276477 
-9.46369961276 -7.742965146 -0.154689302815 -4.83367664474 -4.84025849266 -3.30555726381 -3.23277789332 0.309192549775 -2.00851439604 2.24022314798 
-8.25787275242 -9.481514107 0.0320647182576 -3.00142756649 -4.96564886854 -2.40140545851 -2.31339916826 1.20837475038 -1.05028952442 1.98771685311 
-1.66137364406 -7.00043915001 3.16384375963 -1.67279530252 -6.65878318488 -3.81848295695 -1.90676155862 1.70300871371 -0.684202478642 -1.31738909173 
5.2955310224 -5.87301999829 5.13495291647 0.395072627849 -6.17548905845 -3.622587016 -1.03069745941 0.932235886547 -2.42433553634 -1.16057866495 
17.0387098985 -5.24137615279 2.97326541925 0.252937097234 -5.27894395055 -4.19411871516 -2.02681767625 -3.02091509727 -2.50325726204 -0.0205441739169 
20.2160874981 -8.83220850922 1.01787379027 0.244034834338 -0.854254720108 -1.37904553968 -0.795469987531 -4.96539603956 -1.38555184247 2.09817347035 
21.4981242885 -9.19786939078 7.38155215627 1.20529405104 -0.200032170362 0.939610717936 -2.89249347598 -0.493862317967 0.0358073383674 1.53213382887 
21.7783766616 -6.84695391018 6.20633396026 1.82869535941 0.0959154716266 1.51773683029 -1.2781310578 -0.506911965675 1.97446173985 0.71466181064 
25.7963149957 -3.55422739437 7.91605810034 2.3173236021 0.898118537809 1.77599674337 -0.937686659104 0.713838884426 2.4469446035 0.752254751733 
26.9866662115 4.52257183836 8.576351169 6.22182295593 -0.258990120571 1.28795893052 2.90871337943 2.51031912173 3.51350103746 1.25966498029 
31.7946616598 7.5327455207 5.56004745017 4.26444834514 0.926464963244 -1.54893621951 0.490748021564 3.47620776005 2.62137428845 3.04845373683 
34.0582822672 7.25150928661 2.38262076563 1.47708486997 1.54921261786 -0.186800807275 1.52540837234 0.705113663414 2.46128396788 2.47732757088 
36.5369053079 6.47479820361 1.30045774047 1.56120552875 0.801205096372 -2.090343176 -2.31686480056 1.29887557229 1.05381901419 1.91537749187 
34.4975209446 7.95925429099 -0.800088797307 0.790327918479 -0.182965829962 -0.339204707538 -1.69890535725 0.95422152094 -0.387918341504 1.969541194 
28.0455392877 10.4555614062 -4.58493303219 0.791957638784 -4.15706650151 0.194054476194 -0.0250384616806 3.26308838927 -0.400121904176 3.46228922504 
28.4601278797 10.6152734971 -4.21545957994 0.847370759247 -3.66218667198 0.806550217037 -0.719649362408 2.84757419676 -1.21201540243 3.02346053432 
32.4421495244 10.6547674749 -4.27453728085 -0.416821870692 -2.33045188122 -2.45178110675 -1.87851920904 1.94307954935 -0.43409211725 1.8009599552 
33.0127352523 9.73743977683 -4.58437766059 -1.13189081011 -2.13367311077 -2.55868861998 -3.64300136576 0.150568948662 -1.09096485518 1.47076976688 
36.6470760854 8.44609215792 -6.1581859847 -2.07514099994 -2.45027616669 -4.38611980372 -2.42428000306 -2.65865860686 -0.222941605886 0.901445323329 
37.7054888023 9.55414633422 -6.59707585161 -4.82529588525 -0.242415804769 -6.84671784995 -2.59577475253 -1.78255046218 1.52220048262 1.16372306773 
37.7318205789 8.29245283884 -0.21425615937 -1.19361885267 -0.103901905627 -6.90387389422 -2.01549816016 -2.20999300585 2.55470812893 0.110660607523 
36.0217567994 6.77473515928 5.65040888008 3.10323824524 1.07752501028 -5.33296912354 -0.806260900377 -3.88305136212 2.2521275777 -0.465553209605 
29.3332907958 3.57877462359 7.75666418178 5.47622390692 -0.0568595170138 -1.03087292695 -0.421698935232 -3.51020670994 0.396490760678 -0.417874449435 
19.9820030207 -2.40857763938 6.69402877003 5.71925530445 -1.3392454254 0.9591419951 -0.334442132353 -3.39760951294 -0.96183860984 -0.374915762815 
20.0374771818 -0.747612098042 11.8109823341 5.62678982583 -1.87046735286 4.31604297965 0.985541616287 -6.2702860911 -3.70525353089 -0.402499975321 
12.5238243601 -6.2209245654 7.38794728253 3.05354366058 -2.91119189303 0.13215739049 2.13662748144 -4.07259536648 -4.06513508054 -0.163708283101 
-0.261387624072 -6.13784296751 6.06098475799 0.628916396689 -4.38567719648 -2.67345467022 1.25122923908 -1.11230932713 -2.46505385688 -2.34828576781 
-4.14902744089 -3.4768123167 5.17610402348 -1.97408812633 -3.4768452718 -2.69284615454 1.59036013452 0.618174212255 -1.4696826054 -0.198852676073 
-5.24697203606 -1.32899117214 3.1254257159 -3.78331919909 -3.62411617229 -3.61982027377 3.49143931203 1.06446855945 -1.13927525019 1.08221291157 
-8.56006008804 2.36899167894 3.13797196859 -3.43731408207 -3.57353535617 -3.94264089161 2.453909627 1.90516592264 -0.529864240091 3.83680876702 
-14.3470521083 8.96519083193 3.52960127972 -2.58824189393 -6.06194738012 -2.05432171273 4.89553050126 -1.19409999362 0.665588926432 2.64384185184 
-19.3215660643 4.53914254642 2.11424396494 -0.726674976946 -6.75439335194 -0.372970611931 3.10861813081 -2.49847468534 1.22117954326 1.41242090205 
-19.4746012034 10.6698912464 1.03877150909 0.351235390827 -7.85995549485 -0.633223950852 5.57154238643 -4.83789894621 2.12712785058 1.68482440098 
-20.8853303922 9.549312264 1.68057898863 2.10551023748 -5.84639995637 -0.465117199088 4.71316837014 -4.67260606745 1.7559423603 1.40851334826 
-21.5830935482 2.67077254098 -0.961635857727 4.52326888974 -6.66399269546 -0.768088113831 3.64885898055 -2.09265716722 2.21366954857 1.31397399676 
-22.6787670188 0.659724091705 -0.910928737408 5.30145768846 -6.61717354225 -0.049057945845 1.87755927955 -1.54592758756 3.11878888153 -0.597612615403 
-23.7090100907 -4.59172082816 -3.04204179124 4.79147769717 -3.95482648776 1.06238103066 0.418112386575 0.730811738866 2.45697129361 -0.153013478635 
-23.375678731 -5.6371194642 -3.04833079388 4.74187634859 -3.73854729162 1.35398083755 0.286662542222 0.681627664469 2.40194505826 0.00196848521626 
-23.1456779217 -3.95555166488 -2.97614863924 5.55075542658 -4.5437342012 1.14853069633 0.400674717794 0.538564901778 2.45609107796 -0.00214307994383 
-23.0089342343 -2.7026654987 -2.81941575002 6.82414412628 -4.02846461332 0.99965055573 0.298840031019 0.614325940752 2.73396907197 -1.23057561798 
-22.8719471447 -3.43596715654 -2.71192683736 6.30796059302 -3.06263365049 0.927608965263 -0.45609476169 0.476016347519 1.98921985461 -1.43893756085 
-22.6993518653 -3.0096841629 -2.01928319348 6.91154867499 -2.98905619033 0.778131487426 -0.362849304836 0.782854988589 1.60818293584 -1.55920195039 
-22.6902327349 -0.968533122341 -1.9305636321 8.12137863738 -1.57987208519 0.36648888095 0.567446524374 0.887864583502 1.65863772308 -1.31764241251 
-23.1148029707 -0.491309788724 -2.08036073987 7.65953560543 -1.31543247295 0.112368063451 0.83167420341 0.601010697642 1.19364935022 -0.886492923352 
-23.1237542149 -2.88202955054 -1.64243346541 6.5651804172 -2.82875569881 0.545963426584 0.492162433334 0.907529856946 1.66950045885 -0.509312097473 
-23.2271537905 -3.75401995017 -1.88636338757 6.03841652364 -2.62088362361 0.349969456828 -0.302272180162 0.291912819219 1.34570930371 -0.583244077518 
-23.4680737336 -4.38270267056 -1.70816652852 6.14603316792 -2.52484780765 0.607929588928 -0.508489065819 0.638700331226 1.49492772068 -0.903746160475 
-23.3963198617 -3.63151042446 -0.626917243202 5.0067506968 -3.90782279744 0.770394275649 -0.542857962577 -0.20378931104 1.01782444853 -0.0575570848605 
-22.050314096 -3.61566272917 0.576450027876 4.16904174803 -7.21653923195 0.715383246249 -0.579512268451 -1.1276899359 0.535010746466 0.507547405642 
-20.9474185203 1.22101285695 2.38844256595 0.187289890215 -4.55688250512 1.56537387967 -1.16939447648 -2.7585452951 1.38865801341 -0.388402240975 
-19.0892202348 5.92280624677 2.67958412155 1.07770791777 -6.5016419211 0.137762650561 -1.03436023389 -3.68796151516 0.113716626987 1.8066826559 
-19.5693839514 -1.47990294946 0.723808635766 -0.953053863934 -6.79035576829 0.429284508071 -3.28359039662 -2.51286930064 -0.761841916571 1.12728477483 
-17.0558947139 -6.01329943605 -0.500368603046 -0.751203000112 -7.35410990843 -1.61006682947 -3.81942500832 -1.73910088033 -2.16568837895 2.9256062639 
-6.38484695763 -7.83548706623 0.896602209092 -3.99868040617 -4.20062740732 -4.66177259299 -5.59465049592 -0.187529939575 -2.29888285635 2.48060700524 
-5.66109209455 -8.8005467182 2.64760885839 -1.5266826289 -4.80705696088 -4.13829556658 -4.84193815933 2.05185013814 -2.92655639413 1.88816557839 
-2.91983845192 -10.5028048035 2.81872955263 -0.507315121795 -5.86961574325 -3.13607217361 -3.0035119957 2.06422319653 -1.27710013291 -0.0899261811206 
0.974349147052 -10.5540814405 5.79344062323 0.961167314678 -4.46474421947 -4.47188244812 -2.65053682871 1.68110639421 -2.09235191517 -2.19220926024 
11.4351733313 -9.20518201074 8.99793292058 4.07560691446 -2.639452973 -1.70218597703 -1.02884040789 -2.21846012958 -2.65780224317 -0.637104224856 
16.1333889706 -9.56749215497 9.60640070176 5.12049908612 -1.5354588744 1.15490513201 -2.5235589468 -1.8647236276 -1.5841475885 0.229274610191 
17.5604935856 -10.8722550059 9.36115504785 4.11251885528 0.11035839297 -0.220122939309 -4.58311855418 -1.08585293907 -0.40720877657 -0.18564366132 
22.0918257064 -10.6628439324 6.41411839323 3.78321836176 0.686212124954 -0.214600785499 -3.90242859555 -1.40664038907 1.50640032469 1.60260083789 
28.2257686525 -4.72337784487 4.26448457749 3.42300248828 -0.290331608674 -0.959463650863 -3.05782687931 -2.64499946284 1.46229551046 -0.229704915709 
27.6201527794 -1.64948081116 6.06263142968 3.94458296155 0.379799413084 -1.47147041693 -0.869476053963 0.573063993222 3.04914052871 -0.902197357259 
30.9966188372 0.998126632491 4.41283382655 3.22301129619 1.91937041514 -3.23865630368 -2.24649968997 0.73316284458 2.93548665702 -0.0860053101566 
33.4067651276 4.97399046761 2.67457332495 1.63538264215 2.80944556197 -2.79102808542 -2.54765800831 0.974142392871 2.23223274582 0.807360177864 
34.8278079543 6.60796061637 1.79513696891 2.91566690318 1.3030317395 -1.37668521781 -1.45696362007 0.846152322764 1.30283209353 0.203630566529 
29.3365944798 6.97109283564 -3.5518005241 2.04655749289 -0.374374532057 1.55376979581 0.279628838772 -0.218000780688 -0.721567743178 0.477209410194 
23.8890958069 5.14465340686 -6.95931755627 1.63239622123 -1.60629581927 1.3616328888 0.379189602916 1.95228107788 -0.20187155755 0.25079799739 
23.9658755121 5.33946826201 -7.42758485561 1.26194682578 -3.35060309431 0.396983039335 -1.24694463461 3.57204875611 -0.540408532112 0.0316419697545 
22.8624179233 4.5116610971 -6.88860122692 0.39047415996 -2.44072537253 0.238155384108 -2.24240404672 2.98175727508 -0.931199393183 0.624243169969 
25.7912632987 6.95861960539 -7.47800184856 -0.138430016207 -3.47846399138 -2.65146619974 -1.83916658009 3.46571117041 0.578059474537 -0.429269118833 
28.8236545526 5.33160249315 -5.89554075326 0.794996220129 -3.39107729165 -3.26410231882 -3.26715102761 1.95232561636 1.06664283769 -1.07602539311 
32.2986596115 6.56872683563 -3.80172090315 0.851393390804 -2.35424833195 -3.6054545149 -3.7093458684 1.26280940202 1.73335753442 0.069338367933 
32.6876603601 8.0819411646 -1.23944005296 1.15720977259 -2.26404999467 -3.82385764561 -2.6024063175 1.17334284365 2.15483920347 -0.13310283157 
31.9820061267 5.59211815979 3.78235444311 3.20325268065 -1.03331755997 -5.24765878294 -3.67067201704 -0.0865532094411 3.41425694276 -1.61110278296 
27.4055431006 6.11245033045 4.1427986416 3.90175780082 -2.62948823738 -4.54027983504 -0.769270115775 -1.66302208031 2.80697934831 -1.26889051868 
25.4068118384 2.0380724244 9.33005572279 7.04452169218 -3.46160048122 -1.72207278035 0.0620326478768 -2.11480668888 0.854150838491 -0.136790593447 
20.0533244568 -2.74116558977 7.32968422287 6.1056000645 -2.68889290252 -1.72371220993 -1.77237547422 -2.68876491725 -0.221760309381 0.573281584327 
21.1520990691 -4.48053650976 9.785833939 4.28899804421 -2.22416455816 0.767009571735 -1.97964502648 -5.05573464465 -3.68795438016 0.50497709639 
10.9894143538 -7.46112915899 5.21729988342 1.0357859898 -3.91410119139 -3.55185291022 -2.62971007091 -2.51167251275 -3.98779066883 -0.707114465987 
-0.937477828626 -5.76826221518 2.56613995134 -0.835931628893 -6.78403477179 -3.35812205502 -1.27405014294 -1.73821125971 -2.51995746373 -0.952332207838 
-5.78222231591 -5.21619375642 3.65222087206 -2.4843984565 -2.25667437544 -3.50489792031 -2.4304281005 -0.0339511417241 -2.79971599641 1.08002339552 
-7.90514836989 -6.8240310223 1.5111056154 -3.89169432687 -3.99807289898 -3.80661098662 -2.88155421789 0.960731533829 -2.29399881793 1.2308278842 
-13.8791765672 -5.27815015024 0.116261257886 -2.91184305974 -5.43928394432 -2.25217434128 -1.28557158495 1.91807519698 -1.56744547893 2.88939788949 
-17.3606681295 -0.210899537733 0.702310228786 -1.88715965309 -3.23359398925 -0.490480391436 0.458911088742 -0.678899753181 -1.7221647716 3.79780315957 
-18.7252637349 6.08216779048 2.48982509771 -2.93990291215 -4.97816433136 1.59013398341 1.2237769342 -2.72091659856 0.878292063496 1.42598896569 
-21.7634651906 8.31722150165 2.15779097192 -0.706400515722 -4.96789268453 2.44864922147 2.81882679874 -3.29012987417 1.93165255018 0.186735942418 
-22.5017090125 2.50370451018 -0.281929831882 2.50821736741 -5.25547002737 0.942895726658 2.54573918086 -2.7169793237 1.44313815088 2.00072317298 
-22.5302101345 -1.98848856033 -2.31027920108 4.25948809356 -6.37812143487 0.796985310137 1.1969817568 -0.0269422161162 2.69367480235 -0.664704611629 
-23.7050184592 -5.45671307734 -3.41806749416 3.98871234817 -3.20825155365 1.389407039 -0.298676667174 0.922508304168 2.6827997139 -0.944914826024 
-23.5007313865 -6.58421840373 -3.85141571582 4.77675913155 -1.40610630901 1.6615715078 -0.158528329666 1.99254579364 2.25158636659 -0.681807910235 
-23.7739119674 -6.59911852644 -4.39494812173 5.17917252381 -1.99590286995 2.05880963114 -0.10995130099 1.97171500399 2.14648986705 0.470385471745 
-24.3646967379 -6.70102787065 -4.07966654717 5.69194021394 -3.91458791989 2.6684433001 0.0378676173983 1.95463440779 3.09235565465 0.0997309967291 
-23.9004883547 -5.09187835884 -3.42971601503 6.48386991072 -3.47966924208 2.22716046443 -0.166406105275 2.08358439156 2.74172900049 -0.9872577732 
-23.8264500005 -2.7405697517 -2.85476736434 7.11745910584 -1.57446775028 1.50968321897 0.273387114313 2.05740566544 1.59410118687 -0.846674784231 
-23.4907102953 -1.66045135933 -2.44132062646 7.50527864685 -0.52217125848 0.747814232247 0.362237694486 1.88213080971 1.22936232651 -1.24643885178 
-23.7821146584 -2.50194672431 -2.04450834455 6.57324295547 -2.3138761949 0.806705861871 0.0848100747231 1.25705094362 1.62948421108 -1.66907944383 
-23.6883643534 -3.49926060801 -2.55006191174 6.02415152349 -1.04499678801 0.621703887681 -0.445714445028 1.5739425978 1.11881284681 -0.663804235187 
-24.0315132563 -4.87449657966 -2.69881333151 5.37427110799 -1.38614445682 0.853990481218 -1.20161427944 1.41245365144 1.42351660731 -1.41287513181 
-23.7600108264 -1.94875560679 -1.61631681034 6.30959633025 -2.17023149571 0.446943796797 -1.1561855472 1.03206654498 1.68733682302 -2.48048847405 
-22.3611713378 -2.16990995595 -0.686306508811 4.33126381852 -3.38054053951 -0.0468227718135 -1.18727422192 0.289468664621 1.0216074692 -0.638033993183 
-22.0586330717 -0.144389305844 0.700381676223 2.31219859385 -4.79030120377 1.13786099998 -1.34515553675 -0.765365500707 1.66196132792 -1.68017324201 
-21.3979888736 4.4446987905 3.28675567242 -0.594723316255 -3.29294445978 3.23922784917 -2.25742096609 -2.0467574612 1.35104376604 -2.85086752124 
-19.7418856259 4.64883679448 5.51970182196 -5.46588651105 -2.17989099671 6.43776155952 -4.5630658276 -2.07632426487 1.49967843534 -4.56621032822 
-18.4083578078 -2.0138937634 0.636810788547 -3.58951613229 -3.96882676074 0.540949868983 -4.89409267436 -2.23171566124 -1.53254536942 1.1068300687 
-17.4285765987 -4.97626084249 -1.96041030295 -2.57881597836 -6.72363869635 -0.858243707187 -3.09938658846 -1.65784162897 -2.24776682646 3.7307572136 
-12.2780605283 -6.02462242999 -1.43006012078 -2.80417045509 -5.12740534435 -2.19912861321 -3.21958226416 -1.43430626198 -2.68043250587 3.60635841095 
-10.6717783382 -6.66940006755 -0.29739730458 -1.36340372723 -6.85587926611 -3.10389657669 -2.42660983455 -0.13913738513 -2.20781824644 1.95082207533 
-5.58957739047 -8.78522471299 0.677579089587 -1.19167942291 -7.90599815883 -3.56969640372 -1.25604447126 -0.098703361335 -1.18986594238 -1.05702229165 
0.169466986359 -8.94638390098 9.11904977092 0.452519608428 -4.10408101491 -1.05701788483 -2.53479745374 1.63560009642 -2.51423789938 -2.50891224793 
8.90773588963 -8.26453563234 7.1412603603 0.198853578979 -3.07469655592 -2.33598405667 -2.62323257777 -1.2261613184 -2.30432860683 -1.43293381898 
14.5341317576 -9.37377448151 5.68770374983 1.99719027816 -1.79637482036 -1.97853600086 -2.33420843497 -2.20357386694 -1.62972964332 -0.371169983522 
17.4290819986 -7.32649575428 4.13521239242 2.96525434022 -2.17048701839 -2.13906605577 -3.91297052493 -1.7820681226 0.53884054941 -0.483543320142 
16.9614486749 -6.8009766697 7.06598889359 4.59660381655 -1.33028795324 0.245479895388 -1.90095396588 -0.676085313788 1.75359158986 -0.398853778706 
20.6577094216 -2.84432503175 9.51327785878 4.62282726625 0.145974295861 2.75300391799 -1.45319399308 -1.63922545732 2.71885845469 -1.21989854725 
25.9946440691 0.624972953151 6.81175873787 3.35943358205 1.1843496855 1.68469688465 0.978984475234 -1.02913636401 3.52913817442 0.156824473738 
28.29932689 2.50497547343 8.26922836929 5.67745871673 1.25970699276 1.3891342933 2.00274463994 -1.5364505554 3.20750410269 1.02382440058 
35.6684748285 8.62546318442 6.85304022336 3.72488435905 2.32657746781 0.263274454542 -0.818217165146 0.854632047363 1.35666364567 1.61944606779 
35.8043389669 5.86558246836 3.36819100461 2.26910174996 3.52635599909 1.36015703243 -1.88311875569 -0.566976544514 0.87300804292 0.90792726917 
33.7252894014 8.141154114 -2.46595125693 0.348466001432 1.00166013491 -1.1648599941 -1.55420577991 0.370817867417 0.595651211654 -1.32082090731 
32.7749741303 10.7338413196 -3.92022154296 1.74068714055 -3.00320043486 -3.44635821581 -1.94549959342 3.45350742312 -0.0964249444473 -0.542899340552 
28.6192671529 10.0623268743 -4.52408382445 1.73802887369 -3.72666541722 -1.63919690585 -1.51006124078 4.58549175858 0.375686836761 -0.444821264169 
24.2660758112 10.2283277072 -6.53694275678 2.49289632088 -6.10123538458 -1.68622881558 -1.16519676265 3.76842947959 0.0934281644791 0.0846741482257 
28.0260642417 11.4052344311 -5.21935052654 2.24760680167 -5.79049519229 -2.28470765573 -1.89683680011 3.88127317591 0.0185238472148 -0.0775551981719 
32.7689526168 9.21152176252 -4.98865976332 1.09908911539 -4.91705455941 -3.57583411816 -3.42492190462 1.35495214986 -0.169855419198 -1.21923825047 
36.4090928416 8.54643127468 -4.22483555068 -1.28159462641 -3.09221014799 -4.39309521075 -3.27708644788 -0.249515275793 1.33139103702 -1.21941575936 
36.4617934524 6.7705456584 1.34709011991 -0.804368877462 0.562773739743 -3.31486379469 -4.41126052589 -0.531719967573 2.43477988112 -2.12801434874 
35.8371098573 9.68966447802 9.00414512552 3.9320962367 1.5778266518 -2.32426174549 -2.2455959812 -1.00889887466 3.70360444913 -3.05646607119 
33.3831215013 7.20647650636 6.39351249522 3.04572821786 0.876129395851 -0.29143969322 0.625903343635 -4.77417728445 2.30537874313 -1.83345886273 
26.367354219 2.16436511323 6.28831124526 4.88997690244 0.169410179882 1.39771750138 1.45445695602 -6.59536910751 0.572886278106 -1.2508262291 
21.2825640176 -4.99670320904 5.10502253784 4.55213911612 -0.816517785473 1.62427468852 -0.31036006724 -5.23885653401 -0.755884753272 0.76943567834 
