-4.00221251564 14.7784434993 -1.56996921118 -0.651833291875 2.29297420918 1.38410800612 -3.13780108419 -10.8125701083 0.568995442434 -14.4962197372 
14.705737355 5.27225743627 -1.59186533711 -3.75806520222 -0.259677857275 4.16127062188 -5.13087854891 -10.3433550855 2.20211359117 -9.89568055189 
18.3210202385 3.41811472334 2.33454348707 1.73434212436 1.23207739043 2.03134363338 -5.23798940517 -10.0724791458 6.61044605328 -3.6167958973 
33.3113959572 -2.51421983127 -8.75381975764 -2.14002583912 1.92749392373 -4.52250540765 -5.97744227164 -6.73938099113 3.03604627255 -4.09894568616 
34.0455032348 -3.23895908756 -7.53959911024 -0.290178804533 1.01746753476 -2.56851205311 -6.085616963 -3.57188728055 3.05631219016 -3.89857651792 
27.5781756102 -2.33001611811 -9.09341248677 -2.97052902883 3.66294244594 -1.33395879839 -2.35464384228 -0.96389247436 2.42084534322 -8.33663925966 
25.8018764125 -0.546250946543 -9.7910737501 -2.0626400464 3.82848874313 -2.81524823776 -0.665245382229 -1.14876607734 4.78195916835 -8.04650793831 
26.364992827 1.37904521907 -11.138723809 -3.59197495332 2.20025215116 -4.15046230955 3.07718681374 2.25611846958 4.35951868056 -6.00002604629 
27.8274786815 1.99972526659 -10.2342103305 -0.180353548273 2.46106804371 -6.90366086725 4.61229344097 0.516183179417 -2.36308830672 -1.45766734154 
27.1539276417 -0.873101170301 -7.68882737059 3.10181284117 -0.181729982147 -2.70535983365 5.68674314325 -3.23876739092 -3.05006666077 -1.47682538986 
25.9698939032 -4.15782382055 -4.50752709324 10.2552057659 -2.39005823715 -1.58706544078 2.07547944113 -6.50170498667 -3.30421921786 3.11084457272 
32.1769969299 -2.10710457361 -1.57290369384 4.81627130341 -3.57124240997 -1.79343878913 4.42565228308 -4.24505979963 -5.49864120366 -0.226205362011 
30.4067885 -4.16662891041 0.111374359805 5.20704117762 -4.86372270259 -1.35441813997 4.7147087231 -5.7706841568 -3.55396540972 0.206111693603 
19.8225890275 -2.29401113812 6.56370319945 8.66125103594 -6.92754891891 1.24105123812 4.47968956443 -8.56837239306 -1.83056012251 -0.12640914963 
16.6910812151 -2.03753724559 5.45393527464 3.33863775398 -7.30006828676 3.08447023778 8.84603348516 -6.21653539518 -4.57615130408 -6.20600940727 
-8.26794551066 -0.387450640215 -0.258286861476 4.15170872984 -8.11785270148 4.94695708716 12.50998478 -7.70725440848 -2.35889763977 -5.39863485806 
-13.0534319856 1.49857334945 0.4626995039 3.01489659201 -9.02762072519 3.48858699886 12.1600977553 -0.117287126205 2.31774248816 -5.93906860291 
-24.4132938824 4.53631226712 3.71082591972 7.211366233 -5.88020786173 2.04427401585 5.86393608629 3.71672513326 5.08097117352 -4.39230664225 
-32.6060831265 10.5401455016 -2.8893437365 6.03463144362 1.85766305039 3.99915266427 1.41109879544 3.86629815632 3.28670908332 -9.13185780413 
-24.0982950007 7.2796009564 -7.68891130854 1.01536381962 1.21435267659 5.47717687604 1.12032420002 0.249866673809 -1.04773461269 -6.17702665796 
-29.1627029848 6.18125433475 -7.50556675664 3.49093874186 5.28132412698 7.85842837549 3.1115452983 1.27387275535 -2.1275959215 -6.26957584785 
-30.9937835769 7.16557516338 -6.74002020182 0.853410523341 7.15224554658 5.03387527458 -2.56068261964 -0.76266058233 -3.52534043261 -6.02139962364 
-14.6629131213 7.54922979424 -5.20330376505 3.13420808689 12.9020018064 0.358543607178 -0.269029666022 -2.09107257231 -4.31011569375 -1.81291377555 
12.8933959981 2.14992442911 -6.44092773287 -0.33921405228 4.95285451399 -2.60802524331 -2.08945486928 2.94306656658 -2.04123821994 -1.68062704042 
31.0879948623 -2.16213282065 -9.84462114041 -0.56988231212 2.02484414901 -1.6091507571 -0.0651072980912 6.05047208953 -1.7139410826 -0.516594623951 
30.9516729766 -0.0219729288965 -11.4418414471 -1.92881473679 -0.548886846595 -3.97071658217 0.795400124105 4.50401077305 -1.96915917637 1.08366899798 
20.9462022026 0.957115231023 -12.6656969308 -2.59802264192 -4.7149624006 -0.315601916298 2.60544456079 6.0203995573 -1.48377473 -2.9987793233 
-6.18633642289 -0.187932099566 -13.8185661898 -1.32824696825 -4.09502792671 3.84387649476 -0.213595281998 3.25604619955 -1.8327633167 -1.57919287634 
-12.8424346413 3.10185297585 -10.2004878882 -4.09165572472 -2.66832277199 4.49436410096 0.914182743146 -2.83002287543 -5.98255361333 -7.15014190396 
-11.1377716822 -0.274303448974 -9.47907151301 -3.26554436604 -1.19983383025 6.80901015853 2.07198556001 -3.78158056445 -6.63702102983 -7.74084119037 
-12.4753292611 0.418238540106 -8.35757149724 -1.53650192726 1.5780205258 5.95393129259 -0.865916024455 -5.4201079396 -6.59470582379 -5.73125867893 
1.04550903024 -0.156445474134 -9.61121386504 -6.052044561 3.02875303599 5.8958022886 0.440589799736 -9.54941632474 -4.05659138268 -3.22914393883 
7.03436581844 -3.47880945853 -10.4985123864 -3.39640979266 4.63958691238 2.57049361616 1.7737791861 -5.97527553313 -2.90553354732 1.60073187719 
24.9003394431 0.587288002598 -7.99003099182 -1.00363142422 1.72120190998 -0.161063318442 3.38551843875 -2.23602585369 0.0904996939481 0.952083220693 
29.8834545822 -0.71223603007 -9.25225965193 -0.337696444008 2.04953697213 -1.80973119564 -2.48525435741 -1.50182953586 0.611839879245 0.923967803501 
30.244607376 -3.71987948863 -10.5906481045 2.55475982565 0.144463987895 -1.61754888481 -5.36518943325 -0.0984034703934 2.12455392748 3.63687712229 
29.1883374801 -1.19271948667 -13.8561019598 2.04509668681 -0.812666192568 -3.91560893709 -1.84088117004 4.90616867824 -0.403300875663 4.52862182822 
28.8419183272 -0.385385159615 -11.0857435244 4.62629575552 -0.504579895295 -3.04670026071 -0.495663939062 6.92583268197 1.74933286358 3.71135032828 
31.6299482662 1.37998623023 -9.38767418978 2.61467031056 2.99243184475 -6.33688955331 2.79388124411 7.03926404895 -2.59352241402 3.29713114663 
30.175123404 0.478539476388 -11.1437642849 2.67775826209 0.267659108207 -7.18060025843 3.59449797926 5.91020504505 -1.84786097876 4.32186830792 
29.7027574695 1.42512037996 -11.0557075191 5.65093103251 0.520669548776 -5.94729850559 0.929125193773 2.90472625415 -3.81295829999 5.98207451402 
29.1175675288 -0.199952279783 -10.140270586 4.28245693533 0.321869990894 -5.85151298508 1.99813521172 -1.24490525681 -3.80198464152 4.8469542626 
30.3867134202 -3.37738809198 -7.60103066763 4.34912280626 -0.981782415601 -2.75071989193 -1.12244469308 -2.68360714517 -0.148661009828 4.30766668352 
18.950335668 0.669545235965 -0.0122538290253 1.62551534017 2.35012807837 3.87403697606 0.84698876321 -6.39809923972 6.16909250557 -0.905405321383 
-1.22135581246 7.0836450231 -4.22024343072 1.943709731 4.38441504815 7.3251908893 6.15853272651 -7.02283944549 0.882791702953 0.584060776396 
-6.83818179663 7.15869389112 -1.6734593941 2.37860632951 7.112890652 9.06791297277 4.14410659392 -3.91940087039 5.85497452203 -1.65384404285 
-18.6249334136 10.7555368186 -10.8930618703 5.22952843212 2.42744683828 5.27124369224 10.5814142853 -4.21542682143 -1.61822751773 -4.43651658486 
-19.9590132975 13.7092789536 -11.833070971 10.4616192779 -0.924518471817 1.10921064172 5.48226083019 2.28040135357 -0.216780671578 -4.14077596825 
-21.0371262695 13.8237519082 -13.2454791578 7.95323675041 -4.20098382245 0.382178030984 3.51279024725 2.99606233796 3.10893609774 -5.97483439588 
-12.5089233385 10.3343348623 -13.2977014417 6.59661952164 -0.415556302983 1.55168015473 3.38477414444 3.48838815469 4.54492267514 -4.55086014707 
-12.360470926 14.4089045779 -11.5229367168 7.94462874157 -0.102021388 0.0284640830669 4.80309879543 3.30639063996 3.80543478708 -2.98973731355 
24.2717927915 6.17927664926 -12.4519095456 1.75637744242 3.45577934438 -3.39171178378 2.04826950419 7.27461625996 3.42304021061 -1.50436698408 
29.3121786646 5.46892690352 -13.0581764111 0.658056889441 3.11842181816 -4.09936718485 1.87762011621 12.3791388796 3.30310788529 -0.558602871217 
13.8259858011 8.1485087795 -13.6563057428 -1.95740876207 -1.21889189736 -2.11691164431 -1.79892419231 7.19965351733 0.804246199535 -2.8769205594 
-1.39150970411 6.88748043098 -12.1200819812 0.370726515579 -8.65429461499 0.251124933331 -3.4231486081 3.99824614636 2.3228887852 -0.470366545941 
-2.20026109451 5.26196822588 -11.2693227046 -1.58514678005 -8.08051297158 0.956580414875 -4.596528195 1.44578393171 -1.00608763437 -0.360371911269 
-21.7020260512 6.9176446726 -7.07394113385 0.361759473871 -4.34524471107 1.08700742056 -6.14429789256 1.64946905069 -1.51345926989 -0.627612867287 
-21.1064040907 1.76621305295 -1.64301954652 -1.81608392757 3.68419622602 7.75364318852 -9.39007628759 4.21812382695 0.755337976593 -3.59966085207 
-12.0776661531 -1.02126557067 -5.05000501071 -0.0381645684332 0.788311289549 8.61285149539 -6.30428290735 -3.1537425327 2.71414766424 0.816863270046 
3.69576612173 -3.20836130029 -5.05928738233 -0.00588874557906 4.42203056551 9.41994689548 -2.79533933106 -1.3721295457 4.05323108923 6.86132653324 
7.86202270867 0.533699051056 -3.78229237285 -0.286267890255 6.03615000622 10.2842125272 -0.854922328696 -0.915448681062 4.46141980896 3.38738817733 
6.91148816185 6.86556295964 -2.77252563125 -0.571053258844 7.25403854973 9.84658998441 -1.72200348017 -0.276052923214 8.75234734017 -1.05554665891 
5.94788628593 7.69264185352 -1.37171685014 2.86760646178 1.82352976282 8.18324508737 -1.145410968 -0.817597919522 9.91291972146 -3.45903840364 
17.825127567 2.70686442073 -2.19850029174 3.93510436093 1.70315349742 1.7795244817 1.75152756014 -1.56883977398 2.25535456815 -1.51285851041 
24.5711393769 1.29435715429 -6.10476424396 1.51741110583 1.43857372126 -0.813831059378 1.51016912548 -2.13380424033 1.80883240269 -2.15428071816 
31.4299154303 -3.0906598518 -8.55186691887 2.13327654331 1.61804888663 -1.84312582079 -2.05116068871 -1.75827196981 1.09294984547 0.0968534184355 
29.4473352958 -0.824088062289 -9.19175829624 1.15110164088 0.198784405532 0.764321923873 1.48852618652 -4.95525741649 0.16196983721 -0.0855157633235 
19.4719018104 5.08544351342 -6.20453522634 3.31912521031 -5.49283986427 1.78005015371 14.7103637274 -6.42959343598 -5.19414961285 2.21141677414 
-9.23924294954 1.23149110437 -4.50552535896 2.23972532589 -1.92814285422 7.49344946547 12.6648467139 -6.53541439899 -4.43933382281 1.85663429372 
-24.6964740057 1.06869279141 -5.54110762987 2.65357136388 -1.69268828963 9.66986093482 6.15401677359 -3.11034403934 -1.67436779779 0.68833343513 
-24.1850724107 -4.04643029597 -8.62186652235 2.42795053115 -8.74727646264 9.54365971993 7.86683161389 -1.93651602493 -5.2882573089 4.41802838438 
-34.3041152474 -2.07518098763 -9.0174267299 3.3970730397 -6.37708981481 8.05556672024 0.083903930593 4.72094364449 -3.38499890888 -1.18267794579 
-28.8946934302 -2.13597867206 -9.49951326451 8.28909876293 -9.19786452899 6.57595840216 -1.98779464975 6.96315163587 -1.17973361816 1.15139284957 
-32.560621605 0.200146520685 -9.79119166257 6.21875572697 -12.5164100472 5.66614746727 -0.703076955836 6.99171104174 -2.47661798312 0.495062674468 
-30.6003709893 3.86348902623 -9.90780786279 8.6406733522 -12.7778208839 7.20002766955 -2.76716197483 4.71736199866 -5.21752782088 -1.93727738211 
-14.8169104441 1.80920460197 -10.7408034012 2.46145276728 -7.40971512247 3.21178311245 2.90409325484 -3.05093949262 -5.48849540025 0.356418026369 
9.8204553941 -0.0458897999584 -8.66487414827 -1.82551817895 0.729310885626 -1.05738664633 -2.08299047222 -6.35889732397 -4.7702713983 -2.48486622388 
23.5707554307 -3.93951730895 -9.60908889273 -1.71735812459 5.87509900024 -4.15041322612 -3.35411151502 -3.03354908058 -2.35219680743 0.19058301881 
19.1300766402 -2.74211904139 -8.14641055895 -1.05119660629 4.32359522592 -5.34005797714 -2.14446267548 -2.62261714379 -0.307258710542 -0.0679589856984 
-3.65383733171 -5.25061392828 -10.8643949801 -1.50769954887 -5.75013082834 0.967175131667 -2.2909078507 -5.35369060731 -3.58205687159 3.39249117546 
-20.0412784243 -8.2300802387 -8.91816378957 3.84690287497 -14.5432599171 7.2999672653 -4.14715507957 -5.28610976847 -3.8773135594 6.85736780956 
-32.5896070043 -9.51849664757 -3.56559624226 9.84987683499 -20.0059729177 13.3536961794 -7.50977152948 -2.41697520768 -5.81393529294 10.4037965622 
-30.5360579026 -10.9105425016 -0.142343030406 13.0872148633 -14.5256019536 9.89718946681 -6.35145178896 -0.623419339189 -5.04809732726 11.1479319432 
-32.4931874418 -5.33933720241 3.81088236607 15.287280173 -5.14826544137 7.00960572502 -5.02252605566 -3.32603428188 -5.60967885647 11.4876639254 
-25.8487103533 -3.89476355127 -1.45335623636 9.8156503395 3.28004666297 9.33524444248 2.93131928724 -4.93542451594 -5.60190875779 10.8606584326 
-23.3972701659 3.31514095559 -2.47938088691 8.49967905637 10.0448655415 9.51929887689 1.68692232129 -4.95894379149 -4.18061492369 4.20660293101 
-27.8654759652 4.3082136072 1.61512222198 7.99394859142 13.6357008248 7.47896805085 -2.94310212606 1.85621409982 3.36129476536 3.30821655736 
-20.9406860578 8.58890030995 5.90981100596 5.5410605702 12.9320809985 2.94163782191 -2.85037557457 3.49023218475 7.43557753132 0.922317403181 
-14.7970891898 11.6927309918 10.5514319574 9.5115539222 6.79264043731 5.94365761591 1.6527435798 5.21148866952 8.57795476833 3.12808624001 
12.9900455208 10.1644890943 14.2138311016 5.18059705991 -1.13545129795 9.67404173577 1.41456555538 2.24006900437 5.66579740865 -2.72137323893 
27.2684689801 4.05164006259 10.4082492337 6.31292121241 0.594040810404 5.48483499039 -0.0161530644253 4.46529203277 1.49502366449 0.973738331206 
28.4804272795 3.9323996195 7.33121749134 2.13135391481 -1.50619260527 0.896256960458 1.724645031 2.89692404634 -0.0474940988244 0.128542576317 
30.6114673424 3.26330716656 4.41017519108 -0.934787443375 -0.765914199137 -0.74274294547 3.06924962041 3.25667330089 -3.06376225414 1.16896519996 
31.3002821522 2.77312009864 4.41551879781 -3.80058973381 -3.52484373775 3.49306874805 4.34103392689 1.28888940943 -3.77496732107 -0.184870071133 
30.7865129564 6.43237251039 8.81253484436 -11.8332426372 -4.48851101673 4.25208426959 5.73256935509 2.27102718864 -8.99702689539 -0.646369314192 
27.6918363482 8.19331011835 9.54497974374 -16.3163391369 -7.80672928677 4.72111618676 4.81510794298 4.47001190557 -9.18898551538 0.492957290552 
31.795245533 9.26279779096 6.53276062776 -13.4334070149 -7.36910500275 2.92021578288 9.64113202636 9.0492300498 -7.90397747004 0.992799065391 
19.197725481 12.4881412761 12.4107747184 -13.539552886 -8.26032784426 -1.53319596686 8.95905822058 9.99089788568 -3.61072511612 5.03695726142 
-10.2408008356 20.4633636918 12.344471968 -3.75668673114 -0.407111391614 -13.8494740527 9.4173923192 -2.60919013231 1.6508257697 9.75418081764 
-23.8021882695 22.152992165 11.4108233926 7.6651735563 1.6490529471 -16.4819439341 1.33619336282 -0.73533322913 0.0178789295434 11.8235763547 
-25.900570632 26.0461848533 13.4137916783 11.0648238619 -1.491595714 -15.2707893111 3.15277288957 2.01268397223 1.60752555768 6.69429226731 
-30.5649117537 30.1719650773 11.9818286182 14.1264260181 -5.86665380363 -8.11599420405 3.43814993282 5.97777639207 2.06982848215 1.52446301301 
-20.944204468 23.8474256485 5.3411187359 12.1678586734 -6.05505295992 -9.79216374225 -0.271812085741 5.05565519019 0.564014968104 1.54807919346 
-12.7879151203 18.9727984361 2.03573343334 10.4842391557 -3.71071656724 -9.91317720479 3.81475060341 1.28007184174 -3.95963082821 6.2501749453 
-3.79203018846 14.9349735686 0.114320860842 6.93105952311 3.82200468402 -10.5218457125 3.8038297545 1.35845668039 -7.85163031711 7.62210520231 
2.6930860039 13.3379785202 -4.10136842302 4.31267249471 -2.87138548862 -8.21015373625 3.1268463307 1.63097502159 -8.76724099737 9.49129910909 
29.1030229607 8.27358080087 -6.81666124859 -0.391926566968 2.62439869409 -7.90802750179 10.2595599848 5.31525578152 -10.623106296 8.25780145629 
21.6091188813 8.68197687802 -3.55444483021 -0.35603099918 -0.63939068085 -6.4658648554 4.04735573192 2.40979637066 -4.5322496935 7.1599283356 
-10.4773274569 12.5865409961 -3.46384058026 -2.13476907611 1.84848305208 -0.82383837437 -4.7826721864 -0.601184522757 4.52273450949 3.9078832731 
-18.9012974506 13.724299588 -3.17914478177 1.6033924408 3.39863255031 -1.12283384083 -6.06876734105 2.75280676642 7.30289462436 4.7221687746 
-15.0002280323 12.4198531083 -2.33911967082 -1.81302871986 0.33148037343 0.527994536225 -5.63547580707 3.23977654006 6.8665120997 3.61801964823 
-16.3865100393 9.40964958997 -4.89332286699 -2.09849581754 -1.57545993631 1.75181617597 -2.42106919649 0.919792115405 5.68002630438 2.0122520115 
-16.0118356249 9.94989940795 -3.88265533969 -3.60172484773 2.29479603347 2.11429757316 -3.12111494006 3.51684928369 11.7248266942 -1.02455998555 
4.29242076088 4.14867057137 -9.53025025614 -7.55988592948 2.78662374964 0.731384107601 -3.47163734964 4.23107962008 6.71356442266 0.207874973622 
10.6443002813 0.264322129096 -9.09547651002 -5.18400923819 2.95493429432 0.426955326843 -1.04839168773 5.01259775101 2.14052988595 0.0715882840769 
18.8019697529 0.0191064634527 -10.2524038141 -7.37156860926 0.0990515612146 0.623404937122 -0.557939864977 4.91062241085 0.747029642401 0.413281423943 
30.8328963372 -1.05808123197 -10.1194118995 -4.89708678393 0.468957760171 -5.4805117405 -2.22857560732 7.47544896069 3.81717689198 3.16038194731 
28.7652242592 -1.46621540779 -11.8863667692 -3.02227335342 0.0585124115472 -5.52535943603 -4.72241025898 7.35525699918 4.60827571523 1.53046508693 
33.6996783337 -1.6559497355 -8.73715414371 -0.450433465907 1.70547815105 -5.24365885023 -5.19536857261 4.00510767807 5.07924834823 1.27625459784 
33.1465889709 -3.37546479678 -6.59489050823 1.78825763047 0.709030612937 -2.94723363797 -7.80066736048 4.73392428474 5.54666546605 2.81148426325 
27.8077795631 -5.09001512028 -6.12403977081 -0.0773400429965 -2.68980243665 0.225199847446 -5.45897536743 1.33470426514 7.55233864656 4.09239197317 
29.7140917662 -5.48484997066 -3.71598811021 1.13246908006 2.82317656996 -2.39854376249 -9.91454416812 1.05304080779 5.82367612073 2.68887832025 
29.5197701016 -5.6682378175 -3.02335103119 1.41738377751 1.49170708255 -0.474779663538 -10.9577047775 1.53771359252 5.99116852905 3.97144622587 
23.9647079387 -7.84175444214 -4.47383143078 -3.32135472235 2.46735168781 0.792560936585 -6.41384236399 -4.73039000391 4.39297590697 2.19603463121 
8.00247312028 -8.22443701197 -1.68683853839 -6.61687525817 -5.26908050033 6.93856596123 -5.21484602141 -8.68724430229 5.23051830408 4.4682288206 
11.3813297604 -7.68863737499 -6.65775720744 -6.57198877906 -5.79374737444 5.14437168293 0.0923126462984 -7.23641105798 3.0537752717 1.94859447402 
-0.918066773624 -9.96315094308 -2.0589100215 -11.5997419513 -9.0838442196 9.30139411144 2.29407269986 -6.78585765822 6.54927209952 3.70272055841 
0.489463565039 -4.26565341255 2.78814728749 -14.7652713045 -1.54684902985 6.30128117036 -0.10260396289 -2.86495166281 8.1702698025 -2.19279106631 
-26.4961873324 -11.5802207176 -1.94237582986 -17.8730952282 2.3356166371 6.19136652297 -7.86542411333 3.4274837605 2.63630103125 -0.475703018774 
-27.6853791887 -8.77531445485 0.685365496865 -18.7043130482 3.69067273402 1.94127759364 -8.45065292573 3.56672314629 7.03248855228 -1.28564383182 
-25.9798527011 -8.81159955597 -3.59482706434 -14.431045166 3.96630576396 2.17854636426 -7.39259739647 3.57706364325 2.2381053078 -1.938003019 
-30.8989350258 -6.90931542062 -7.48659839487 -8.11659526368 -5.33327845333 5.48146536516 -5.860307116 5.16609555813 -1.46519230164 2.13185791857 
-33.3388460886 -5.32174353535 -12.1158333877 -8.24873857216 -12.7720537059 5.65964818941 -5.58320470514 6.84965159434 -1.27700391998 3.30983897322 
-31.0347575218 -6.19088842017 -10.706352321 -4.95513928314 -13.0151647668 5.96622080422 -5.0971549743 6.32168468786 -4.16742731454 1.11557464847 
-22.8328230182 -3.47099978287 -9.41727983304 0.726248466212 -13.7043682456 9.37193418234 -7.00139022603 2.97223967861 -4.13240757816 -0.828370988951 
-12.8874214641 -5.36960200105 -7.38382401231 -0.956507281003 -8.46635141466 6.79310635482 -7.8689759264 4.46153626365 -2.855394952 -0.542670623847 
-5.24100926153 -1.34232706325 -7.47812659009 -2.0067040799 -11.4407466111 6.62083373678 -2.94699026752 0.473996485588 1.03800094784 -5.58127463556 
21.210861625 -0.550563298207 -11.8451446983 1.32951792275 0.353841357309 -2.09384187375 0.615074250514 4.73506015548 1.58688683646 0.829916995814 
25.2203683013 -0.242045531167 -8.84298538996 0.340360128802 4.79000980201 -2.73085389433 -1.63613723291 5.80028446863 3.71685971003 -1.61382542913 
15.3060898058 0.791382313808 -11.0425936042 -1.92301126466 1.76931973684 1.05456013181 1.77593149543 4.78289063533 1.96861252004 -1.67391101115 
6.05234156186 -4.44043602136 -5.40606381414 -0.987926655103 3.11245258591 2.826000303 0.727907037307 1.06913830668 -3.26556237983 -4.70649348689 
-14.8974370336 -9.02785355681 -4.84533610594 -1.41728283087 0.851179522364 6.38420477125 -2.33937053236 3.19408344485 -3.03813226286 1.01676458094 
-19.7307915241 -12.4900304544 -0.740705795533 -4.52927217644 -0.0389752167384 7.6699418044 -2.64371113977 5.7422015239 0.443362799066 1.33610076323 
-27.6538728575 -10.0012480605 3.73695162253 -2.78724646511 9.55764262127 8.15184829435 -1.51939620133 4.515528202 3.95686118511 1.09751403856 
-31.28736664 -9.38331857078 7.54766057973 -0.192009232864 14.0305289261 10.456199088 -0.819806867267 0.200903971888 8.1942117778 5.46082818221 
-16.8465226157 -9.05242180585 5.66233527057 6.7166591233 13.2378175826 10.23752253 3.12095125093 2.19437647317 0.57250595737 11.9286392644 
-18.864711838 -2.97563377979 -0.528786066556 13.4707564008 18.7176093785 7.82239995419 3.72772606516 1.07409498497 1.52889125601 17.5282763386 
-24.1568250283 2.17211871346 1.21891847037 11.657310623 21.4566748803 7.96867521162 5.2117681389 1.12494899239 3.37947260436 14.2263832093 
-15.8481534644 6.63181293842 -0.409315149162 3.03651744357 10.7341429528 8.37553519647 10.8043445512 -3.70460132248 -0.362075647281 4.65893651551 
-16.1753589292 12.069923978 3.59843476269 3.91314826019 11.5542950636 9.66194750193 3.14137274527 -0.55133353685 3.18660981277 0.788442280626 
-6.28157376429 10.8023824512 7.02229699619 -2.31380561754 5.35245284236 17.1047070221 2.1248607256 -2.15340465388 6.4759610329 0.485484261117 
-1.53535542376 11.9732862242 11.4113300271 -7.53047991563 -0.272602322764 18.4090299431 0.00141388525324 -2.02379338059 11.2257722692 -1.60752221642 
27.4363251288 2.94164983378 3.20973022632 -7.70321408532 -2.84177720176 10.2935544057 0.462270525536 6.63333594086 0.880794238879 -1.69804708791 
24.7447258491 2.5888163257 17.8208633496 -2.50511114561 -7.74875273887 13.0300828741 -0.631792966235 11.8729230047 -3.24559701112 3.347984165 
28.1598087911 0.388690070864 15.9834906686 4.18115395978 -5.76017198884 10.4681299499 -0.190007777327 11.8906503221 -3.99960035155 6.37978001529 
26.5444044387 2.99315483666 12.4218695725 0.238690174196 -5.15894682625 11.1736512496 0.00604397005363 10.4077072212 0.524672734652 4.42701464257 
25.0044823311 3.24182672916 8.70669186194 4.70642789814 -1.99529135833 9.88569757374 0.692978526845 10.5717865042 3.1810095295 3.93112212458 
11.1221979025 12.1550763316 10.2257556969 -2.86264640587 -3.47309931889 8.88948709547 4.05993509093 4.74135208883 9.47695722267 -0.409434758196 
-17.0038436789 21.9404554395 10.6583983215 -3.01612936641 5.12962454087 -2.24676440967 -0.746987099226 5.7175723821 5.41341931406 -6.63518377677 
-20.1765865675 17.8798768362 8.00245670461 -4.76973515027 4.7944936147 -5.0971425733 -4.61522404703 9.31233006551 3.19054934969 -4.66252080743 
-20.6919083077 18.3702536901 9.24248177257 -3.92033244277 1.35559730536 -6.373290434 -8.14878531586 7.56501015325 1.15587366114 -7.9484173891 
-23.4486324857 20.3695610769 6.65670436499 0.331767256249 -1.16117628288 -6.42260433671 -10.7171644057 4.11873463437 -0.72216723927 -6.6369312301 
-19.9530016244 12.8604686256 5.70985984582 3.60161833505 -3.6201982844 -6.13904327817 -14.4774462136 5.73874982819 -1.51199860281 -0.680427664679 
-18.3632818797 13.7196840658 0.768574545083 -1.26986742585 -4.04251305411 -7.45738275833 -13.1940730102 -5.99449125311 -2.44857659944 0.33266878079 
-16.3875960176 12.3623764306 -2.97477897656 0.760395447865 -5.8221420325 -4.6024490983 -15.6243531068 -13.1503920913 -6.91812967669 3.30690738261 
-3.92328963913 9.26541082025 -6.26536396422 -3.39551805901 -1.60305461472 -5.05049746564 -7.31649550898 -14.8204567002 -8.31218922557 1.5546721663 
2.83212947848 8.05067123175 -2.90627335439 -5.80953018444 2.45086376116 -12.8270284327 -8.50565695949 -12.0843344708 -10.5549195411 6.0013974598 
26.6776959939 6.29376760184 -12.0402233383 -6.16634679879 0.785644523825 -8.5201974525 4.14590326728 1.55556812464 -2.92728652215 1.60038641431 
9.92966322758 4.25545578526 -11.0998544285 -7.75596355151 1.43747874592 -7.1026246083 -2.09811646754 -6.22569440357 -3.37974526752 -0.678886490268 
-5.43477300753 3.50751705865 -11.4918847031 -11.2457997777 -1.90041345381 -2.36367715138 -2.97676683793 -13.6360622519 -3.995793694 -3.91704809383 
-15.8344124434 10.2171751673 -6.52428823015 -10.7234073115 3.42823196137 -4.9902190185 -7.00582516267 -12.1222664606 -3.11803362169 -5.2451344739 
-21.1976564931 9.22312602151 -1.41122382005 -5.16428189357 15.9190859282 -8.10448073004 -8.45477005326 -11.191918207 -1.93617495427 -3.13290629985 
-24.9437668282 6.00245215642 -1.54880094793 -7.05763618562 14.8062825523 -1.02356020653 -4.00782240923 -11.5792854483 0.20163075664 -1.72089793458 
-16.3258660193 3.84147165225 -7.28596470538 -7.68255795059 15.0552501374 -0.645373754534 2.52135646874 -9.12340274183 -0.956015420735 5.83107479577 
-0.93106688376 5.92685629399 -4.42666720542 -7.4260679003 18.9512404972 0.216600542029 3.93634705389 -7.1619739371 0.70762065969 6.84356499252 
6.14614737966 7.2598834603 -1.56479855598 -5.68728084544 14.3562043374 1.1785774092 11.2479265413 -8.7837315753 0.973711399749 6.66708811843 
12.6234694516 9.17904178063 2.74399250042 -3.6166796451 10.0966342668 -0.852428180278 8.99382195596 -4.97299297973 0.422195580156 1.96912278547 
6.78446066962 14.7628460723 7.41856506198 -1.54609411489 7.38517999224 -0.915070823713 8.02421090268 -2.460662519 -0.746231679392 -0.273896395049 
6.94747276035 13.7869354581 11.0994325106 2.58244288214 3.46008115793 2.78952077879 3.83037219462 -0.624143841754 5.52152963781 -3.6117734576 
19.7052865396 11.5226038059 12.3074438261 -3.53611214003 -1.0280395626 2.45673644762 4.37291928661 1.81948787477 4.62267500858 -6.17030311491 
29.7392031742 4.65452072725 12.69910461 -4.19356146704 -2.75213359693 4.38789696566 4.93561934817 6.93386006823 -0.63990514477 -4.78869954753 
23.143915839 5.39336585229 15.3194897451 -2.36687629409 -3.6348052365 4.66700088726 7.06425730819 1.9458958544 -0.705219194135 -2.7597519447 
18.0122538856 4.34073031712 13.921764786 -8.85472359312 -9.05295351657 5.14295399406 4.556989828 -1.47468513191 -0.695849497881 -3.09726813716 
11.6991060614 4.74245509005 16.5685872993 -13.210213898 -8.84940620649 3.39699805219 4.84459409901 -1.61015211694 0.297333343181 1.78739998372 
2.10489588458 1.85261092621 10.8235311806 -14.6700227382 -9.88267886889 3.05948799135 6.44887888574 -1.69116774936 4.92119892867 4.88655783484 
-17.9680952756 0.530708108464 7.73710627249 -19.3851437908 -0.367202378352 -2.13260364312 2.36526338609 -1.96482095442 6.48981965403 4.80196785601 
-23.9165799962 2.09417023118 7.49900093723 -19.988141606 4.71298433639 -11.6021731834 -6.01449516142 1.57934811679 6.74582265749 4.0883164801 
-19.575357232 3.68852904347 7.5229811038 -18.6557013055 2.09301204391 -12.5935562198 -4.22920127241 -0.0281460767386 5.30672586187 4.55963799528 
-22.0062089208 4.01777789083 7.88961369969 -13.4999409461 0.822770369863 -7.05066382463 -4.68125101142 5.61543490344 0.77027436557 7.24331938114 
-22.1263933348 7.6690418629 12.1230281587 -11.9660960646 -6.6315802663 -11.1755501599 -5.88146638665 2.41032717801 -1.95240009516 6.7674205348 
-17.7812857844 11.5034827422 17.5221591951 -11.1367281071 -6.69209313813 -11.8684807951 -11.9843562576 -1.51181348293 -3.23372168979 7.43436757106 
-20.3934318105 6.69069754554 10.4873078957 -11.4746705374 -9.05834857206 -7.72975151507 -13.9435096899 -0.10735915131 -4.34284348527 0.818869560002 
-18.3331726735 11.7108395311 16.77222234 -12.6390230723 -15.5058946793 -3.93000392584 -11.8418004076 -8.07756904692 -7.48843781476 -1.96223317949 
-10.7166854177 8.96075827875 19.8163619131 -5.48684002526 -16.524290743 -1.37491850122 -7.00017680885 -10.1752636464 -7.13885092614 1.78995593435 
6.82907372521 3.94694056546 14.7229088924 -3.34660936304 -3.53253598047 -5.85446367426 1.86655289556 -4.81168564406 -9.84753445507 1.80242858347 
14.9635713655 2.74730498289 11.8319689741 -3.54361840899 -0.224018092618 -4.07204834492 5.26572428743 -1.97861377589 -12.1287845135 3.83119150767 
21.0270779648 -2.31184881125 9.01470519638 -6.00834265677 3.92177290763 -0.677746618351 -0.946701180594 0.0710447118344 -14.3294389112 0.151855533303 
23.7105495193 -4.05095300391 7.28602740775 -4.3078055051 3.76801390282 -3.38999256392 -4.4903143976 2.31213911735 -9.43419857199 0.575320976365 
27.0249575847 -4.89402895087 10.2285525051 -5.48748148145 -0.650283572729 -0.159170660969 -0.817955575848 3.31539214652 -8.64804236736 -1.94413093097 
27.6160004895 -8.69587012365 11.4139349716 5.03295270647 3.8040408829 -1.96249246305e-05 -5.46377533348 2.26864528556 -9.50564624392 -0.613304424333 
23.7005254223 -8.24099678104 14.0151482312 3.47809493049 1.05398782662 2.46757038435 -5.3700535866 4.20661423489 -9.15844886378 -1.57404390906 
4.20188233756 -10.1034305498 12.8307019546 6.16889622348 -2.59206808009 5.77101114148 -3.9773949593 2.13311338966 -9.72951057758 -3.20307677165 
-9.6225646787 -10.2811735055 6.90010696978 4.97190137675 0.89586841172 6.5205150818 1.38540435805 -1.83610607506 -8.91939615269 -4.96674298549 
-27.959680878 -13.9132485281 6.52163236846 -5.19036619251 -0.18352669915 5.99632722537 4.34251479882 -3.52631578411 -7.05382313093 -1.42160467754 
-27.9400746145 -17.2605780436 6.23859718461 -6.70273861084 13.198767323 3.58611450215 8.091909134 0.841804706495 -14.5119412706 -2.27518466173 
-20.6107720021 -11.5858317002 11.0861959207 -9.88759237073 14.1832533839 2.00829185866 8.30944747497 -0.268289043247 -7.46503366313 -4.90750528936 
-19.7130381731 -11.6120204944 8.55100484287 -7.96913982848 13.5194118069 -1.10818443855 10.4723478628 1.88945836038 -7.93046195624 -6.30956732224 
-9.11551980431 -6.59532501632 14.1220156215 -7.1762614415 8.58435240731 1.90666321783 16.5156892214 -2.53818455886 -4.25933900823 -4.03623339236 
5.52255892746 -1.6111009276 19.108243955 -6.88035723462 0.138278447245 8.25806290034 10.8808721568 -1.18542391176 0.488202267671 -10.1856388344 
23.9518230169 -6.69577605129 13.9744750811 -2.28815059962 -0.655657640164 4.54665719777 3.99839473768 1.14835863627 1.76978759563 -7.6376837626 
28.7350900292 -10.6371608067 16.5191839225 5.31146852952 0.982402526338 3.03082955642 -5.08856988674 4.6399891701 1.91356223768 -4.94513242695 
30.0583335698 -11.4729002253 16.9941464572 9.32762764579 1.06398118354 2.30235098601 -10.6607421815 4.46917908376 3.70056882256 -6.14875265879 
27.0974394332 -9.0222939257 14.8472721666 3.59911840377 2.62214397841 0.547088334956 -9.4191717404 1.1284077519 2.91093890554 -10.0150777761 
35.6434117808 -9.98607907653 7.49949547511 5.48688499033 4.97645289933 -2.86479713674 -6.01758404967 -0.113804669409 -2.27920334686 -13.4337483533 
30.5169788105 -15.4024287658 10.6831270767 11.1267082204 3.07592330301 -0.408107207643 -8.66378761623 0.0349955012513 0.470108968941 -6.08773636933 
22.8209480418 -16.216130875 19.9062341799 16.9366758065 -3.24035372862 5.45374561742 -11.4540180631 2.48324162683 3.22243596542 2.81899004205 
24.1424130339 -18.3579353023 17.0597503746 18.7561482541 -2.5483024053 1.93175749004 -9.69280305931 -0.438573597668 2.9493031742 3.89389248714 
26.3285128016 -17.0777520397 10.4873982153 13.7368844383 -2.00993478538 -1.07184510546 -6.14576905527 -5.57352341211 3.56417960229 0.471819048745 
20.6579575902 -13.4998377435 13.6883562512 9.61466701681 -4.30857789111 -1.33726205734 -6.45610218879 -10.677804137 6.21337559761 -1.594046659 
7.35652887658 -8.3107865007 8.2810450883 1.91461774451 -7.57456458762 -1.44443407098 0.672541922878 -19.5177263232 7.51073838529 -1.49913818232 
6.58025348486 -11.4840780003 5.60945875283 -0.461920461764 -6.03278270322 -2.31885418578 3.68520841996 -21.6789593182 8.82941973632 2.20035480123 
10.7800462261 -15.8063382761 4.64141259406 1.49854835828 -5.11832108824 -4.25296749097 5.49105536168 -17.5458853121 8.80300212343 5.30778497357 
-6.82216119355 -21.4384149617 5.96885129124 1.12911419611 -7.41302906718 -5.92596309953 3.64074220615 -8.11554008166 11.0466730008 7.93908006161 
-13.9368488292 -20.4116276156 4.84436175192 -5.17652316146 -7.69281087946 -9.06855834916 4.21615755113 -5.55188008447 14.6934022246 5.45779833263 
-15.9533612104 -21.0218571676 2.46099116331 -2.58403504228 -10.7120407867 -9.30969136764 6.19222956139 -4.50339857298 14.9434699182 5.85501543687 
-18.4060755947 -15.2953595508 -0.526500696483 -5.94341949396 -9.82224703999 -11.2261271716 11.1277573076 -0.301249629925 14.780520844 0.169200197387 
-23.1983089701 -16.9290705952 -2.79638748008 0.506251325758 -12.7680414262 -15.3741499566 11.130387119 5.00106423382 10.928092578 3.40484171073 
-20.3866092328 -11.3607290924 -1.90994016653 2.85957180255 -13.653846682 -18.1404638791 13.6258629084 4.01576756404 8.2085393495 -2.02956267523 
-23.6555158476 -12.6435061759 -2.51898514006 4.52305411678 -13.1270968 -17.0580582054 14.4494589717 2.55285536022 7.03941675903 -0.174188319727 
-27.5618876314 -10.5287664193 3.43865572101 7.02229022421 -11.5475708211 -14.420573807 11.0495952436 2.91216849048 6.31060669956 -3.92571414713 
-23.5916459532 -1.99313548124 -0.589618166153 10.2738742969 -14.4422024017 -11.9170099473 9.64193466305 0.241083852198 1.83982178838 -14.4970882684 
-31.9573587944 1.88428687659 0.898371629268 11.6432948494 -11.4504987498 -3.82560912052 3.787815634 -3.70885762261 2.40017002385 -16.1357485242 
-29.6832797152 1.03493940771 0.903772112689 11.85665858 -2.48861616025 -10.042344689 1.42150793345 -0.817405428813 -0.0109325443308 -14.3119063608 
-29.2670532628 0.741342246862 4.01535849487 17.779383862 3.83168258237 -11.0202970554 0.0544099339467 1.46623029845 0.367525800013 -11.0562174919 
-20.0075287382 -2.41482087304 6.38207485087 19.5746721737 10.0260733383 -10.3850608793 -2.87942721511 -1.28890813059 -1.2201736975 -5.92464929545 
-16.4501876806 -9.29187970254 5.39197293256 18.1548511252 7.34640167914 -2.4705484462 -8.2982129499 0.992439873832 -4.70657956373 -4.4009061802 
-13.1901785058 -8.43121431329 3.83418928559 13.2523757731 6.84484753987 -8.8752395751 -3.98658413329 2.0783514945 -4.21954630075 -3.27229447143 
-7.95611751421 -7.04044443279 4.37015211572 8.04061941207 9.0647624931 -10.6581980852 -7.94438059713 -1.48389482988 -3.25925758745 -4.75400611451 
-2.4335421865 -5.19209251835 5.81269644205 8.74073281327 12.4445460696 -8.01770639249 -5.15674860214 -3.42626765472 -1.22220109137 -2.52481145658 
0.568437970985 -9.26430173971 6.52367501713 9.50708159542 10.8957599225 -7.87221585419 -0.421478770763 0.415446075433 -3.18635682236 -0.330434462895 
2.37404131359 -13.2615979825 7.83631509473 9.72466827512 9.17277963677 -7.83358362607 0.262334288043 0.825093705362 -2.47183313476 4.63143801713 
6.04913908943 -18.0134093176 5.51206645846 8.84335748306 2.36010785365 -9.07156955525 0.0195833129429 -1.1848793921 -1.81140304343 4.02442422638 
5.40717364279 -18.3643450726 3.64399666232 9.41118714983 -0.939902047037 -2.08552438967 -0.533907729924 0.217368784995 -2.10669414043 1.63237515249 
-18.664069203 -22.9364663084 -5.25654054672 2.49778894298 -4.80446515324 0.864723842021 3.26791769988 -0.386791469523 -3.19864889508 -1.07680076233 
-36.7367456285 -26.0757517153 -8.09834351178 -7.66419024804 -0.789631729033 -3.69595437695 2.36946291515 6.5234510435 -4.60194163534 0.457521621751 
-40.2180669352 -28.057098515 -8.43240633274 -6.96984721795 -0.109941496866 -3.54898118491 1.32455978787 11.7304966113 -7.2866859908 -2.95761991619 
-33.6689506641 -30.052974733 -1.70978925425 -8.46374794972 10.8445134083 -7.97595754752 1.18469546525 12.1058483931 -5.75190749274 -1.84012847587 
-35.2203952557 -31.3175246247 0.204054121977 -11.1205476259 12.9783267988 -10.6117318687 2.30872777155 9.8717442801 -3.15890198803 -0.480165043728 
-33.3967628382 -27.2751104095 5.40374717334 -9.46263100637 14.1283888084 -9.91183744179 3.19894247034 7.19679222032 -1.54079038465 -4.62324738679 
-23.1041271474 -20.1953065107 9.20331012098 -9.10136410165 9.43477409217 -7.23471077949 3.81072276655 4.05104743459 2.68804182093 -1.56099324242 
