3.77790139594 -22.0685089596 2.08761758096 3.38781650687 6.50203346245 1.88112924264 1.15155221948 -7.84876027158 -4.2806186513 -1.823264316 
4.63070976688 -25.7632263728 3.0088380793 0.230824137894 10.0100712643 -0.0745839521494 -0.72068090708 -7.53480775506 -4.40885984083 -1.40232197963 
7.32452711217 -28.6198919607 6.74095619942 -4.89815995563 9.98621108492 -3.39874408943 -6.28720999757 -12.048997191 -3.17255334409 -2.08621749405 
14.3967454947 -24.8460573393 8.17574804209 -4.71814923091 9.16891273342 -3.94758916636 -9.55887767254 -13.2353700126 -4.24334065414 -4.68093202282 
16.0834743901 -23.8157525714 8.39972731424 1.21579681514 6.65162239793 -2.03492413392 -12.9175416013 -10.8474808785 -5.83244315832 -4.41283958168 
16.5952195609 -25.854528045 8.88311613159 4.64639148103 -0.444758220043 -3.2916554219 -14.7819606533 -6.71428342296 -1.90591949023 -2.63613187309 
21.6891291526 -23.0317454574 7.00782456929 4.31950172238 -3.81052137556 -3.00932089747 -9.23398892614 -5.8877923827 3.26065800658 -1.2456964785 
22.5307074559 -20.3290774817 0.852508482066 9.32954677616 -1.50717870558 -0.263185809954 -2.58841523961 -2.2335718106 4.12670945314 -3.92624169508 
27.0735073734 -20.6176697226 4.15374139702 9.83212530698 -4.79818254283 2.80927831999 -0.921701234386 2.83159951695 5.58928224329 -1.02965321929 
29.5742761249 -16.5654641332 10.3302859899 2.1751083175 -8.79290079479 2.5127223247 2.59189526367 8.60503307766 7.08257059836 8.07271955971 
29.9638827797 -16.2866217344 10.0534070228 -1.51893313034 -7.93551790688 -0.650727825526 5.05362714398 8.83256154218 7.21405863398 6.48259306285 
30.2585973104 -12.3897981442 9.7086001816 -5.16986051161 -8.46556128318 -1.08530431371 4.34744432992 8.37718633616 6.9276573145 8.03075477476 
28.3718735851 -11.4704515409 8.96882371589 -4.92052666979 -6.51411114917 -0.726201138849 3.65465989127 7.00338519378 7.76228423464 7.66112300461 
26.1888246454 -12.5652462626 8.96809322701 -4.37117998083 -5.37624457103 -2.15073237087 6.06556161936 7.34191217452 5.55592997298 2.21242346588 
17.988576843 -12.8924643163 4.02346273345 9.01395366142 0.796094513318 -4.14979451884 4.19666605183 5.73484453965 5.09832339197 -3.40921838337 
5.58538861193 -10.841620051 -4.77974019588 14.3627069291 7.97823294987 0.257525690814 4.36921915208 4.36720529484 1.98314096724 -5.90039613433 
-4.06023607733 -14.2386888306 -10.5023104481 16.962043208 7.07295171832 3.28348334382 5.08892523288 3.83738636308 0.415944518433 -0.732499795969 
-7.5525537693 -15.2878545652 -11.3178835327 9.80821230212 8.61864862775 5.6836944677 0.345139436959 1.97611940694 -2.71229117745 4.22425313318 
-12.3963616152 -19.3841819111 -7.13387630141 0.625627151927 8.14836093896 1.64780566447 -0.207013604613 -0.777533903991 -2.47273619491 3.17521580222 
-13.929022895 -16.4546781462 -5.97386648072 -13.2145886267 2.27931273248 -6.29446867367 -1.14037932067 -1.64129453604 -2.15975082268 7.77545260881 
-7.55123461256 -10.1879885632 -6.73530633614 -13.7650051386 0.670593253883 -13.1835715871 1.03262565884 2.04554971006 -0.384458174266 0.632911651525 
-13.9704716344 -11.5660896732 -9.59540022977 -10.9810865509 -7.12794058641 -9.81779535162 0.869630982755 -0.776705443156 -0.175765768748 2.79184821325 
-9.75732706538 -6.48408051086 -7.37131460143 1.22571576784 -8.8372458448 -3.86726538615 7.43001065071 -4.2156377098 0.630247349662 -1.16236110772 
-5.40548041719 0.550516512593 -3.33205678004 12.2255830761 -14.6274722572 3.36404417123 9.95170064929 -9.25382598831 -1.34321896644 0.400909445412 
-3.29210579756 1.62698680303 0.746559878611 13.1511590967 -11.8096887322 7.51700073683 11.7130620616 -12.2743794784 -2.85476584032 2.98968781525 
1.37905717746 3.91808276446 2.7828043721 3.20022308691 -7.95370870203 4.06879396831 14.2564689416 -8.6218313199 -4.80863279978 2.94179035399 
1.62226895376 0.220934200591 7.27253924449 -4.02237954801 -0.779559676958 2.30285425784 15.6299236109 -7.75993628708 -5.11435519715 1.03488988279 
0.816358232012 4.31357875607 7.6232229665 -7.92110060073 0.568892571609 -1.59128594399 10.9433025025 0.877689948033 -5.59942854084 -0.838295529246 
-3.08838536039 -0.783859098209 6.90594717817 -8.79041248358 -0.303803337752 0.240174756466 8.2451956326 3.34226736943 -8.39073256713 -0.607231618515 
-3.49813223032 -2.0474708928 7.33901285817 -7.09178400485 3.02342706392 1.27789411026 7.92386596106 1.83470217341 -10.4011811961 -3.25881172026 
-10.5977949161 -4.02095322271 -1.29125983256 6.05533988571 3.51434047411 -3.17063666805 7.03194359758 2.01274117012 -3.62436249405 -4.98677457434 
-13.7687346109 -9.23360563683 -3.55493783272 11.840122904 8.43739974651 0.405172321071 10.223459547 4.99167448507 -1.59967447256 -4.84600937221 
-17.6678045091 -10.388998303 -6.23485847455 13.0082805948 8.18101595489 0.484395231209 6.38402135142 4.96115113352 1.16396367409 -3.58562886985 
-17.7044888208 -10.7021961036 -7.69599625193 11.4960470347 8.01965428697 2.70114197359 3.78381751031 5.277882088 2.16622634751 -2.36212500978 
-23.2484644098 -9.97092146095 -7.03299378263 3.77632274065 6.85683137055 -1.59665382485 2.41350560124 -0.073321622179 4.08735892826 4.70523607306 
-18.712166717 -6.90483688894 -4.8140909285 -9.0990801153 5.43944266664 -3.47561533761 1.31262194664 -0.0245082573718 0.735172200332 6.88669653046 
-17.1735553228 -6.06853455983 -6.29240835893 -14.5109127405 2.06493307004 -11.0253651747 0.728093850738 2.04437354971 1.25268753019 5.00588215537 
-14.1230512723 -6.39975645948 -5.27194205828 -14.8177076152 -0.374381601233 -11.6499242258 -0.989516948995 1.85817338359 0.401346637128 2.50711717892 
-15.6689922012 -4.5654557418 -3.45618435933 -7.39951323077 -5.33996745372 -5.82475967496 -2.3898352004 -0.321305998158 -0.908434560398 1.10308201582 
-15.3517678002 -1.73835892993 -3.62477448915 3.81098349409 -13.5216232627 1.1398002119 -1.87395384289 -0.330710527146 -2.08200755927 -1.25175414558 
-8.80283856212 -4.83629487055 0.0840116210783 7.11639639065 -12.2194948283 10.1262166543 4.55244105267 -0.319768433032 -7.86217059746 -0.474033756817 
19.297738217 6.76658298016 -23.5232336919 3.65919224458 -5.65634352105 2.11584100053 -0.357158913556 -0.15174234523 -7.89256320496 2.08737057615 
29.4598977121 13.4018122432 -31.6175358083 -5.97800490964 1.56133881668 6.9518545008 -2.53188844646 0.838115763971 -3.32772569842 -1.87504050721 
31.5325008065 13.9175369459 -29.7506835487 -9.72195402832 3.00662624213 6.67744508534 -0.654670507818 -0.0332016484938 -1.15350236008 -1.8067114664 
31.7330201738 13.1130847597 -29.5289392582 -10.5946637201 2.89461505855 5.58759622699 -0.651118562771 0.179530124645 -0.735793578757 -2.45064892671 
29.3283276886 14.019061702 -29.5067112769 -10.7788724079 3.98254786688 4.95560854807 0.213900036522 -0.654303191506 -0.139598449951 -2.72606221903 
20.081100802 10.8320003571 -22.9699761333 -6.60719677506 5.00739667777 -0.427100274124 3.89875689754 -3.87146010183 0.991891935392 -2.43489942109 
-8.0408888194 6.38757430784 -0.336978276372 6.70610322314 11.5097559817 -4.72215011397 7.96902418132 1.13811242597 7.71986851337 -4.38437825075 
-18.0494857085 0.801197154845 -2.27873457278 9.85018037039 8.5278240322 -3.79087224833 6.54858911612 5.29067708796 5.98130758992 -3.09758058146 
-20.7390001385 -6.44965723958 -6.32077721372 10.1684772549 6.51542001608 0.746555529367 1.64905107428 4.46729216182 4.74834715164 -0.113857735803 
-19.1822039619 -2.9094639496 -4.89797962625 4.42581815204 7.22044366763 7.44312536185 -0.334214203368 0.199517840959 2.60302175068 7.21671778053 
-22.6129736514 -6.04159864974 -5.33961034793 -2.27675692538 6.08305937049 3.98328469461 -3.86370776058 0.168957664054 3.35177289462 7.83964818379 
-20.0147641046 -1.36192434044 -3.85413611424 -12.2910766788 6.25939645286 -0.434668809141 -4.57513672605 -3.73552608608 2.32451497349 9.90961726558 
-12.755789878 2.43609518526 -8.31162350069 -13.0770726971 1.74451796258 -9.39385338034 -2.8115990423 -0.875326442325 4.43465429018 2.53633784819 
-8.61620386615 6.93876890935 -4.00077279154 -13.6712942207 0.512244145729 -8.45441503993 -3.77673846185 -0.0864802333682 3.68393106492 -1.15626383363 
-11.3378255507 -0.128343998688 -3.42557184281 -8.71804421829 -6.92242643909 -7.31450568995 -2.8171915398 0.268147467448 3.10913633838 -1.08689630136 
-12.2801053825 1.87674706001 -5.16487676367 -2.7803031443 -15.1602710255 -5.48244628332 -2.44779197648 -1.19270531653 1.77975150415 -3.85094349782 
-11.1683379042 2.5756477855 -3.46654014815 4.52248321203 -16.1682133439 -1.30333670005 3.6372410014 -2.0567873001 -1.23999882277 -2.16920359638 
-6.65143411564 6.79753740672 1.55430281181 5.02889879796 -15.0043093407 4.86173583423 3.4404947339 -4.59977940089 -1.83227701702 -2.9831081563 
-6.41595417344 7.81711018904 4.6709467893 1.87560461137 -16.0740370965 7.70886528697 2.18320964324 -2.31950184921 -3.43624134102 -0.768653134953 
-8.72566446588 -2.15499465953 5.3706961401 -8.94451254131 -14.9373074382 7.77032483506 2.63514547601 1.16228752022 -6.99487950076 2.78158954749 
-2.89423795165 0.579254406828 12.3537491059 -12.7567499504 -3.46459482331 4.78642732737 2.34716939727 4.8659926299 -8.55117134193 -2.75372131866 
-0.498852370369 1.58288461849 12.5194302628 -16.6507024783 -2.70120682299 1.03105759342 -0.0157239438778 9.83470601446 -9.92691579027 -4.37956705898 
1.23540420569 1.26364582532 13.028282266 -15.9008886281 -3.3476195297 1.17006194992 1.48728592796 11.4050899608 -7.69204602362 -7.04471667215 
-3.03714831107 3.71316590656 11.913977858 -9.29373684017 3.73613779519 -1.02024509664 -2.35502205554 9.50457051488 -3.64984953739 -10.052462235 
-3.83869243029 5.65426779649 7.6846996479 -0.266293515375 4.43692485382 -1.30732286765 -2.80347713437 7.00552736677 -0.732070481405 -11.9938770149 
-9.26165639592 5.09041558878 -0.206137460449 7.02786050172 1.68122325975 0.236587283616 -5.75288909618 5.99960174405 4.82409815871 -4.97099475194 
-6.51064328152 1.79284124831 -0.234065583822 5.66064927791 3.93883843387 7.62600763529 -3.98996514552 6.55476904542 2.69801266948 -3.88240757655 
-3.67870135622 1.71614436177 -0.896732754104 7.06265700608 3.16422021588 10.9268400267 -6.51005586354 5.31590726054 2.01931895735 -1.03371892877 
-3.33005590888 5.00599561176 -0.335835279739 4.71661530698 1.04862535889 15.2064799647 -9.83542933139 2.86999938181 0.56834653314 4.26796859966 
-8.96427560091 5.99591271759 2.84732477698 2.30275994032 1.31919667004 18.6360274847 -7.94013990751 0.209272520925 2.17469991186 5.10626206363 
-12.4962148727 3.53740450318 7.32075385527 -1.48241222426 -0.554243464591 19.9271253823 -9.52582550531 0.847530778522 -2.05612123669 6.70807962578 
-11.7377004879 9.08230489629 8.29481690016 -4.64828671135 1.55857800243 14.7467936463 -12.247706873 2.33930636371 -0.9733916318 2.20301339838 
-6.89745860287 9.3087487664 5.75129345031 -3.36158344588 0.525045179966 7.31309689675 -14.1515280605 1.56132218447 1.49405750708 -3.23434671905 
-6.76828055074 11.2745311103 7.34309603616 -4.42735496077 0.178652638983 6.47197908855 -12.8432262159 0.588230888662 1.94333728489 -1.3462177443 
-7.29500436368 12.1449623276 3.89020656445 -1.07500796068 -6.97165724662 1.02799862043 -11.4338123929 -1.92096402858 3.57073924844 -3.38009433387 
-7.92753881715 10.6539010016 -1.80181368345 1.19560175092 -13.9609822425 -6.88560210524 -8.25683214501 -0.366888678739 5.66124006428 -7.31211942916 
-12.980844704 8.46149562164 -5.94319989315 2.70828159674 -18.5991840107 -8.41524554406 -5.86361423711 -2.59023188969 8.97847101695 -5.74974417489 
-4.86885547831 16.3127334854 1.98868476652 3.72842875507 -10.1390943788 -5.82531598271 -1.66120743241 -8.92572233829 11.2665187899 -2.86161435799 
-0.282535997436 18.3811508086 5.7316612585 2.54195355117 -1.72497505313 2.35953507513 2.8844187694 -8.63530432448 11.2650246266 -2.57136561291 
3.13187044207 22.1469127479 10.9174171929 -2.42525683928 6.68831700928 2.37723514668 4.18666304874 -7.669172473 10.2978507705 -0.855229248553 
10.2660794305 23.2884465429 10.682203577 -8.01791097631 7.27484475099 0.669714250584 3.75289694495 -2.89087888759 6.98319561705 1.55025190427 
8.49272993171 20.7347731358 14.9156490088 -9.30950613881 12.5153585347 3.4550726407 8.76349202749 -7.12244826079 2.44704754154 3.41171739736 
4.82097752121 26.2334296994 18.0607467897 -6.32413162935 15.3500980288 1.29670783515 5.44195988713 -5.52890043264 3.26177862615 0.62215644404 
7.17591463959 26.843388887 14.7135219664 -0.57689102952 12.732265641 -0.985337133165 5.81144988435 -5.61825380905 0.984536816594 1.68106372495 
7.00008200172 21.8560191831 8.77059145509 1.91860180541 8.48121733031 -5.77505714131 2.40546293997 0.408708995923 -0.0615486974888 -2.10410020427 
10.1207889736 19.4526123652 5.50838683051 8.70777971974 6.11377297076 -8.36793715786 1.30686858049 2.36082954172 -3.99150039611 -0.559728095274 
11.2782876915 15.9844696717 2.70301276558 12.0873450553 2.28910374538 -9.79267812638 -0.448000623362 1.20012753796 -8.9943008093 3.84759095827 
10.8260763477 20.5138399876 1.71980752012 16.8916579517 -0.662900321139 -13.5400432981 -8.18865235718 2.26561905572 -8.66811503768 6.27732930105 
9.63414434589 25.0561216575 2.40669120684 20.4509936105 1.26400113109 -13.9344721846 -10.8894153214 2.93351907233 -9.42195050479 8.15649624476 
5.91433292157 26.2962807951 2.94486725628 23.1130736453 -0.521361794455 -16.3174015349 -8.70864608638 3.65069489568 -8.81077061887 8.81091419239 
