9.09802358139 -8.81061001203 20.8923891221 -12.9814124608 1.18713214159 5.20879239551 13.6301287966 13.9362030615 -4.26816461208 -7.55856945076 
6.40342033413 -15.1722517546 24.193960268 -20.1117534359 3.62743720301 0.989831847386 11.839904196 10.9494091129 -9.02476740624 -3.55166599799 
9.77264873487 -18.7451489406 16.842796647 -13.9844600487 3.96941250426 2.36569435578 9.85509208845 8.59266860822 -7.4412622516 -6.50586561617 
15.9746179879 -11.5640287798 0.381396640368 -6.40105382976 -0.248182457732 15.2234262419 4.75342044255 -3.64056718995 -9.29032483686 -5.82699978562 
20.5415725214 -12.336414331 -2.74325189204 -4.84293290204 -2.25161777554 15.5664382684 3.03444077379 -7.49740701309 -7.0827111003 -3.11750568941 
21.6203134982 -13.9486843414 -3.13315219442 -6.71980646318 -1.31478885274 5.12754550961 4.35132638732 -7.65126150687 -1.22060176842 -5.71682919638 
18.8746479038 -12.9033615191 0.119128288693 -8.49240951805 1.01552421829 8.27765083624 9.53848643914 -3.16898496243 -5.56404251023 -4.77900998699 
22.7389743569 -8.54705421264 -1.14516560102 -7.43385238598 -1.48502740051 17.4313654105 11.2631830432 -4.23337376107 -11.3683600177 -0.0473109312457 
11.8785932739 -0.230671127301 5.26807478501 -6.23193933617 0.378104690216 7.71865405988 15.5631622332 -2.40384445011 -10.8537352445 -3.7444701617 
18.1691238535 -7.92045346532 8.73710499059 -6.1750722702 0.63691342132 6.50290239513 9.93274773201 -12.5810309072 -6.93386326585 -3.29728037735 
24.4994826033 -8.94961697588 7.96121738517 -6.02027212211 -4.94373587023 4.82187281994 8.16885641353 -8.84910952742 -7.18411475688 -3.06317526464 
23.4495318079 -14.0632485543 1.14208739881 -0.331839226295 -5.70895276834 -2.85307017338 4.93545557563 -8.87826317774 -1.43903718386 -7.00970911619 
23.7797745119 -19.346027623 -1.5771138775 -0.507363590362 -3.90722131199 -7.11825521402 -0.724999102717 -2.32125816339 3.90473161174 -7.91395013704 
25.5926848327 -15.4647352504 -0.516137413436 -2.68609652176 -2.53089169854 -1.252963459 0.705660090755 -4.17008343733 4.87822286918 -6.89971018848 
19.8528345571 -17.763402112 -3.02939585206 -3.91974635722 -3.00172360489 -7.07140956699 1.30014041858 -4.05769071689 12.198825167 -5.64581431982 
19.0827807778 -19.5755528736 -5.37251240969 -1.07296995833 -7.3162274618 -0.17320109031 2.55278979806 1.45119160711 10.7216980304 -9.803078162 
13.1048654388 -17.6973164198 -4.16193134167 -2.42995503395 -7.64405955133 5.2416235814 1.97564937905 4.5174663526 10.4292299942 -4.70222201329 
12.5817484421 -14.7102601927 -3.39726737495 1.65615342463 -7.6033842758 8.59611799637 6.6763099366 -1.87257179398 9.38812990783 -5.92248307138 
3.72475828345 -16.2649117208 -3.60335973536 -4.33591158048 -9.65640348982 3.5047101631 7.49863977963 3.7585510934 3.81732519012 -5.54436202644 
-3.78451635233 -15.7844060088 2.81811860148 -5.5932991785 -7.96900814998 1.04851177633 9.67263877573 0.104597846763 8.30623004127 -1.14639506895 
-11.7163761872 -16.461463146 -5.25913274402 -2.37548962141 -10.6943329732 -3.14535532041 13.1521177449 -10.2379973393 15.5839226941 -2.35156267412 
-14.7076559965 -15.4473586003 -5.09124000394 -5.98188920776 -13.3741660898 3.42169072802 7.63439414476 -5.24886660564 12.2019729937 4.44961082828 
-18.7617571504 -8.97877276898 -1.67938614113 -7.59031754918 -10.4458368673 -0.179113567565 6.26279062307 -8.03586599248 11.4426225444 1.91042716709 
-17.6390604688 19.504009186 14.1833494708 -13.5828897166 -5.46262462936 -9.78903068782 5.61041820205 -3.67861050352 8.2891333817 -12.0076519259 
-14.587762674 6.00143978124 30.1223086025 -9.3623579264 1.34698453318 5.78189015073 -5.04703225951 -1.72671749696 1.29224845952 6.39544832582 
-9.28678457887 -10.6539001148 25.4791198117 -0.167463652142 4.9415538533 1.80582514944 -1.86808566488 2.89468276854 -0.800126130698 14.5004241657 
-5.87139446166 -15.7556356145 17.9233144566 6.99763144968 2.82524371481 4.41792956171 -1.73811543498 4.26764675286 -2.31532359815 13.827418538 
-5.4726655521 -8.95964084999 17.4927409994 4.37239820915 5.12835944452 5.22930296256 1.62146147063 7.16588970756 -2.36319246131 17.6353199922 
-8.12017363163 -7.58082113315 12.5524441745 6.7721121661 0.145714736025 4.10795634487 5.36824817289 8.81248481009 3.4962812478 10.0688103544 
-4.93888814795 -7.4209660076 18.8681625785 13.5570785515 0.808143163989 4.92770527438 7.37359078121 7.18712993673 6.67137999918 7.44782799392 
0.486748802269 -14.1113102965 17.1049646672 15.4499832679 0.761234145108 6.41804256735 5.64150628147 2.10114535651 6.66129386825 13.326890914 
5.48601855879 -9.86880917697 16.9538062541 12.0755476655 0.832441614152 10.4166907779 3.17070670314 -5.90208355687 9.70545556288 8.42930592723 
7.9793482104 -3.85369154716 13.5809759019 9.63329887953 -0.0161620324485 2.94660639619 1.07186064293 -1.59327739548 14.2670333218 6.51666584954 
11.2315583667 -1.92433671933 15.0696661959 13.5381790834 4.81961686324 -2.1017678983 3.76152802554 -5.39040641726 14.7288040147 5.20914361478 
6.97634056198 -2.10817047871 18.024110862 16.7753536549 4.71291089138 -2.55111061342 1.66175865032 -1.31743223739 13.5070465181 3.86334818782 
10.0611773757 -0.593284922732 21.1407282703 11.5306395139 3.5419974582 -0.599624016228 3.56321417326 3.34728060046 5.97859587586 0.645708107805 
6.42298084824 -2.48316013776 18.1207478193 6.22859954886 3.71028579143 -2.36059731871 7.12791915108 10.7571192959 -1.2739670713 2.95048181641 
5.12643415786 -9.23266808628 14.0201979323 0.874632313101 6.60793448003 -4.91878899695 4.6590782558 9.51451065251 -4.53536506788 7.71271676696 
10.681663973 -13.8567595559 10.1232562215 -3.65350858437 3.08521398323 -7.68415672316 0.948395414746 2.85108680185 -2.9504469323 7.07907329199 
17.0608351442 -14.6446737108 7.37240198486 -6.49026572802 3.86459661165 -4.70532314204 1.61063976849 2.03090423773 -4.43616793695 3.53013947415 
14.8365556602 -15.5356735215 10.8939081487 -5.76344150879 6.39583341491 -9.18015570906 2.19786757924 -3.958303299 -5.40569562763 -0.624770194824 
7.96992286626 -12.0806492469 12.127566376 -2.82838769836 6.97921887633 -19.2091949709 1.41193893519 -8.37972597969 -5.53583756064 -3.30647638288 
7.48484166722 -16.6928376091 10.7182343237 -3.4201391486 8.30146770684 -19.4380449825 3.23328861522 -9.07352113136 -10.4780077712 -4.15738216138 
5.25613976314 -14.8897847995 16.1810087406 -8.51801182815 9.53458056026 -19.392699102 2.41581977378 -13.1008077266 -12.8468660559 -3.72676554349 
10.5332981616 -13.6682007467 13.6447535271 -6.67077174714 3.9454204092 -11.8230698173 1.2587217901 -4.86797231621 -14.4543247214 0.312774146511 
12.7857476002 -14.179846991 7.80048878428 -0.102790465164 0.574496313665 -13.94753825 -2.82982598721 2.38807628684 -11.3047321241 0.239221538257 
17.8179441317 -15.0274816607 11.1665705595 5.15976037268 1.34320703376 -6.0800266868 -1.93968858958 -5.06209375945 -5.58357025037 0.237261047663 
13.5210433229 -10.1065100629 3.87621258218 3.23830446198 -0.25808318301 -5.30974147419 -2.03403596648 0.12055426874 -1.35392749599 -2.4087851696 
9.61289247909 -10.6319283882 2.74744278219 1.54415841573 -4.06016107901 -4.00185149741 -2.74947590934 6.34205754615 5.56130305608 -1.40234904052 
12.3360319681 -9.19366134544 -3.74979978552 1.55943080229 -7.79054560337 -6.89712421125 -6.3903857539 2.07384409191 6.82131867806 -4.28839176999 
5.3004179806 -11.5457596936 -6.43469657672 1.43950197101 -8.17559121451 -4.57516152433 -5.2073002564 0.0593247927123 5.11369869646 0.18842134376 
-2.47678449206 -11.3802109988 -6.79083949402 2.97034595414 -8.17207132038 -7.1953143725 -3.29684391187 3.73594848564 -0.121690912361 1.38335727962 
-10.6679983112 -14.9679344503 -10.4572599711 0.195979099432 -6.47702963849 -8.29115205193 -6.19977529749 10.0375973961 -3.90833853722 5.24006396472 
-13.0771747391 -16.397079986 -5.45172050268 -1.97332415044 -7.02811507264 -6.72467931203 -0.832444311376 5.68711551702 -2.40706629252 4.98402090712 
-16.2750108566 -18.847871417 -2.69587189214 -2.79984603112 -7.82669744359 -1.52924296079 4.34813913592 -0.7936203899 -1.25687920724 7.70832060678 
-21.781698922 -15.775476811 0.108472208192 -0.685303976251 -7.5116059621 2.75759534856 7.49624781736 -4.21264589251 -4.73447646411 13.1242970259 
-21.1320189027 -9.69454718455 -8.63133410483 0.416760488041 -8.79900351586 5.34933231151 11.5474252557 -3.8180861839 -2.6848944599 5.60242930662 
-21.2638277628 -7.19930410645 -9.58879137315 -4.49265459293 -9.67494254903 -0.765317114675 9.33171518638 3.75145058075 0.520517070767 4.09519456978 
-23.5716418725 -7.8912838305 -14.8389984792 -3.09898424407 -9.56632596774 2.97910124591 15.1781852822 -2.19100004873 -0.142564285512 2.71524659342 
-24.4084508942 -13.0158342402 -16.219634407 -2.2360337401 -11.9691177294 -1.67129254208 12.9101985742 2.00164985028 -0.881085741669 3.16874304994 
-16.2311962544 -18.8495282065 -14.9817422256 2.51890093618 -9.5558355654 1.57447898853 9.76817758158 1.51041670835 -2.63378738003 3.06877690853 
-23.872666052 -18.9478105784 -14.2679168918 0.240127096647 -4.67458911687 1.28789789818 4.46545201956 -1.16332712609 -1.08771697245 4.66778182477 
-22.5918534511 -11.9164727716 -8.27064169408 -4.49577576566 2.33557728816 2.63502003053 -1.16609253692 -7.98066749258 -3.67464692927 -0.500300023424 
-24.7922028214 -9.72455880237 -12.3689850412 -8.3691028189 4.10113914262 2.94320246666 -1.09011249624 -6.59731002085 -4.34257824471 1.70051950501 
-22.5768315668 -13.0526927897 -12.4479091373 -4.55278285432 0.995123425275 1.53655159805 -1.44421322637 -7.95816910533 -4.7749394467 3.28876055852 
-21.1752666983 13.093483069 5.93463528032 -22.9499264868 6.8423001903 1.78618340445 -1.0497386411 0.154525595006 -2.69993509849 -7.63641931271 
-23.2371637623 15.1603203831 2.29330997023 -18.0361674368 10.5678664561 -4.56530362486 2.0810921873 0.528345919315 1.05997456951 -10.6390328509 
-17.3064873903 -1.67575059767 3.06980295627 -8.96992552668 12.6369029787 8.37663845299 0.502223009601 3.50444327117 -5.42971182015 0.0882577174295 
-22.4400438646 -7.71202177966 -9.58618844931 -6.72146992255 11.3932495693 4.85336166036 3.95720158503 5.42048114474 -4.61966382134 0.898728931877 
-27.806386752 -5.86471299903 -11.8104626482 -7.33653450058 14.0531392346 6.55732405342 4.94795467709 4.04482463759 -0.516907715718 -1.33968271985 
-28.0736642273 -7.35423895198 -14.8792293152 -4.80543149456 12.5784635987 3.54049340705 6.39906150392 0.203548238254 1.4686008819 -4.33638505472 
-27.8661368654 -4.42431335749 -21.5514609404 -3.45770894374 13.1000293804 2.83674733764 8.57741311786 -0.746152881118 6.87945478668 -7.53665850475 
-28.4749475289 0.0264642219588 -17.6441162509 -6.33645255445 12.9341373304 0.434445759799 6.8417511635 0.834754130439 7.18997170371 -6.15092165937 
-26.5289634617 0.864892321602 -11.8782491502 -5.92640085105 13.1461974751 -1.15244257675 4.8846821031 1.6885115072 1.96818008633 -4.81471142671 
-26.0926341971 -0.520302501773 -13.6702404697 -2.4984782245 6.9704631018 0.0851639065137 4.37801370469 3.76863636878 3.11355318155 -3.63095014902 
-22.8342991937 -0.263006670062 -14.7102362818 -1.67124102086 6.58338795207 -2.14794349155 4.82828467984 3.00053824095 4.94658792495 -1.15133586849 
-16.9043555118 -1.42611439994 -9.29967798979 4.07386964769 9.27132057007 3.32296044898 1.66660349815 5.70466403608 3.17894823927 3.16083829605 
-10.3831627461 -9.6249252941 -4.27280556815 14.5980369753 11.0448904547 7.74811887167 -3.09046668992 2.16486384519 4.17345542641 8.3756156685 
-7.86538519597 -2.20307639251 -5.73857727191 8.38684961803 13.405351811 8.7008403185 -3.32361978988 -6.43768262866 6.81031827813 8.27388681358 
2.99375467541 7.71799042154 2.27988937013 6.92307562891 12.5661838633 10.1953774892 0.327892733779 -5.46487940799 6.67341252849 3.87645353626 
7.61677622659 9.07648561278 -0.512039796825 7.57759240556 16.586790309 10.3217851593 3.66300648931 -1.17716229553 4.41783710015 0.860531400955 
6.38122242017 10.3743298265 -4.30530151227 8.19729393818 17.1918547082 11.9109637968 3.4245023379 2.9873754524 3.08479910463 0.344436490346 
8.5217168735 5.11969376343 -2.31465118172 10.8256891482 17.2242416229 11.3727205219 -0.151343592824 6.18140747087 1.51118772905 -0.270993304649 
16.1900159276 -1.24502919406 -1.45894006903 10.8652956684 15.7761135333 9.7371508651 -0.266286489472 3.3641465754 1.87380740766 -0.620487847268 
18.5629381491 -16.8186532593 -8.42374052243 -0.463995904032 14.2295220481 -0.536933055844 -12.2824490403 2.57344573516 1.89762772776 5.66263998266 
25.7125439519 -12.2625024396 -10.8327566483 -3.69594711646 16.522927669 3.9660262955 -11.9812857671 -17.6518927843 3.15635040453 0.467316228536 
24.7249109588 -8.56001919896 -10.9620826675 -4.21758968854 16.510107846 1.54235205064 -7.58065253732 -17.3145315303 2.63306346301 -2.25144576585 
25.5802693585 -10.2766626931 -14.0548553379 -3.12183081123 17.097168621 2.24554178521 -7.58494923392 -11.0987984099 3.53281011163 -3.33479028065 
16.659361772 -3.11556447398 -11.382225068 -0.0457355228903 17.7999230206 1.53451189568 -1.7665121131 -3.66343185165 0.40275194804 -3.08371162894 
18.8705438673 -1.74559784225 -8.2265026654 0.0372750287508 12.9445159154 6.08363530214 -1.58603577092 -0.328590537868 1.19839755834 -5.08672556779 
15.0258796091 -3.92456311756 -9.26730766999 -4.47692576337 6.7036750713 -1.76493160591 -4.36887863986 11.5510179357 -1.69527240059 3.10327234656 
17.9374326834 -3.1741455828 -8.05530351068 -5.94857561863 4.32210034085 1.96003645357 -5.6394383497 12.4463370473 -0.743260977728 4.83400622401 
14.2632716812 -1.38697560886 -8.96234712503 -12.6292070287 1.63675499682 -1.32842719882 -6.3221296234 16.9119041407 -1.99976554717 0.489940830772 
11.1572683194 -3.44990192767 -8.71306847559 -5.93668950925 7.00211586127 -0.174607656628 -7.74356567082 14.723281982 -4.10597561044 -2.84191815829 
7.31397754908 -2.44708034261 -11.8636375673 -1.515942044 4.41079063856 -0.391116507751 -9.21724904731 10.8665522006 -3.56172209516 -5.49642300512 
10.1201938914 -4.03521200419 -8.24528404011 -0.54025918835 3.05698700606 6.04894501914 -6.88972562258 7.03826600638 -2.92641319725 -8.38656422533 
-0.4742536587 -6.12091849603 -8.7666708507 1.05744684271 2.37492431954 3.78528935712 -2.94179740831 4.50904879641 -0.899615595799 -4.76812765679 
-8.73088948201 -14.5401572544 -10.7963658863 9.30214379701 1.99437139745 2.34393271603 -9.22967054086 -2.9818206341 2.44523737712 0.703191484147 
-12.1276849075 -15.3733682805 -11.7538180414 10.3736748371 4.11881690727 -2.68501529489 -8.28527548016 -1.70366907474 0.0550961287367 -0.960228317106 
-15.7312702282 -14.5884429945 -9.58486809259 7.73739060451 4.07912225863 -3.19109495968 -8.02194718655 -3.95756672483 1.58586283161 2.11696687351 
-21.15671352 -10.9800804767 -8.21041087979 -5.27511390295 8.0126012382 -9.21696998417 -9.8935939269 -0.826118477319 -3.22524947554 7.15857000451 
-19.5316078707 -11.8677754707 -6.30866440716 -1.90659892348 8.60325311054 -10.9916298906 -10.0366296264 3.11511416616 -4.71633927576 6.32907945602 
-19.4864775754 -10.1783499344 -2.47884863694 -7.74785160253 7.73170341095 -12.0644318308 -8.84369862796 5.28166479292 -1.22716530607 6.122581444 
-19.3491436858 5.80174478013 18.0748506018 -18.4134728011 5.6318781539 3.5414942872 -11.4765805056 1.65042166306 4.22290520784 -1.1550836899 
-22.1089697809 9.69648525493 16.5689318528 -18.2132249443 2.6860140038 4.44301792831 -13.8835499693 -0.25019551544 6.35170698148 -5.84385304629 
-20.9743187024 4.26323467718 13.9618519043 -14.804670021 4.16772416448 5.45307209502 -13.1592775865 -1.73394098018 5.44340869732 -2.12809004957 
-17.6490159983 11.3181983749 17.9090972287 -17.9031096287 1.80864509226 3.43044528309 -11.1297492847 -2.24159070637 8.06955519444 -7.50809753301 
-16.9665330192 10.1723309034 17.0761112513 -12.7616233653 1.46643733723 6.32604204757 -8.66421365507 -1.21340585319 8.44152806509 -8.17916692587 
-17.0371136741 11.8247064399 16.0713436592 -10.3439278021 3.4329221628 3.65530439573 -7.68877028373 -3.14627651976 7.1184184756 -8.60104931855 
-15.1169895136 17.6047905443 16.7912982576 -5.90153342624 2.80710880998 3.12600876668 -6.00962973898 -3.54544741002 1.49839167435 -4.48875813162 
-12.7453789294 14.9881393154 7.48080982566 5.27937880942 3.40583483425 3.23842502023 -0.800729482324 -3.45565775882 2.32729432528 -2.4643846042 
-14.3619653437 16.5934502161 2.54367041979 5.02709845086 2.12802414833 -2.75211457499 3.03173098028 -0.796421833537 0.658275442299 -6.30864693986 
-10.9357902718 20.9611524131 0.568914265749 8.9939157211 3.48666637457 -9.40546445889 5.76360319333 1.58373090138 4.21005208112 -7.9739197658 
-7.03660079823 15.8923152564 4.07873104946 16.2075628936 4.35782840734 -5.64666366706 4.89924093547 2.87329447599 4.56485300252 -6.3270103931 
-8.05590692479 12.4504552576 2.40026501562 21.041011911 3.36419732849 -3.86410350352 4.86088947781 2.67066987435 4.56149649537 -7.49362186526 
-4.81143646698 20.4963098517 1.02797373821 17.8429101567 6.17212952811 0.193004939922 5.59718618737 -0.183113120363 3.45922918419 -4.65441432481 
-5.3678762946 24.9839159188 2.32729615176 9.99187085501 6.12007220258 -0.697769445304 5.63019622551 -4.05340631311 -0.664463476396 -3.78109779842 
-5.61127667955 26.2054511694 2.36642960274 4.76866290898 5.66144233378 -5.35682637784 5.40945903661 -3.27282413338 -3.77143186901 -3.00843201106 
3.130178086 11.7947764197 1.22944178009 15.7279538051 4.11145675616 -0.617111416011 0.920292939864 -3.98733917273 -0.551519452661 -3.11994181069 
8.60756669158 12.2113335879 1.90424081597 16.2623669042 2.46503787705 0.404227855434 0.969733365986 3.73290898172 3.04666558507 -2.91956435346 
11.2491601703 7.10274610234 2.27377915813 11.6425456497 0.596313914724 -3.06533352396 2.95304641203 4.23302790398 3.3358979618 -1.65151950632 
12.1988103063 2.14503028179 3.90992567882 11.7004000196 -2.05043384197 -11.6545513036 -1.33880101042 6.85438573238 10.188646102 1.13798252642 
10.7544512886 1.40964732372 2.30796669978 5.54789031674 -1.50215534688 -17.3460364347 -1.61425270711 4.6710571826 8.09490839082 1.30856545341 
1.42711563771 10.1382932539 3.49322151434 -5.66580234751 -2.96976583096 -23.2362636366 1.27530650069 5.2279796516 10.1672913348 -1.43716766386 
4.85393181872 7.83719095994 2.69083410518 -5.94940234994 0.0533918936857 -16.6710379183 2.69919360126 8.23802458037 4.11791239244 2.98345808309 
12.6027498698 13.5416482029 -3.13967798279 -5.41242653121 1.61883752801 -7.62920710661 2.47477366645 17.3820321334 2.64607577975 3.95216305968 
14.5049253276 10.4868203416 -3.65396357868 0.401730743931 4.61366142167 -9.58507726086 1.82478240057 11.0364780175 1.29302322035 1.58004264368 
16.6381733921 12.1763527713 -6.85019196962 -3.14521242583 -0.596292735899 -1.09429524376 -0.126817987848 17.4696495473 -3.84002592306 2.55338067453 
17.0706760878 12.0546276012 -5.98390144868 -8.56898234199 -3.19249155147 0.420219792143 -0.107813336479 12.3607047102 -4.16736449771 -2.55210878214 
22.1474816775 9.6749037114 -5.84128801724 -2.48222769087 -6.36753443497 6.68211464422 -5.44205566727 9.96885665544 -2.28315171375 -2.12922495088 
22.3101177008 10.7907441959 -8.21587319622 -2.46440607023 -6.79512344911 11.0472630486 -5.78618819704 11.2696894401 -4.21341804413 -3.74344131277 
18.0302123416 7.1814362309 -7.36617050748 1.53276022602 -8.02672123461 9.43181994329 -7.26638214546 9.12570833719 -1.12887300516 -9.69499085174 
18.2656745212 -1.29609932216 -2.6168215863 5.02142491954 -13.5965852059 3.39862447554 -4.17151841172 -0.110683466596 3.99696771314 -10.87763299 
4.13113427986 -2.80920014397 0.191444083236 11.3468659556 -11.478061871 -1.08213080648 -10.0823188314 3.29243047196 3.53465708502 -11.9227256365 
-8.14542585273 -6.92274564231 -0.050734840421 9.81898504409 -11.4994914637 0.0276948640379 -12.7976483374 6.20733012933 -3.54828299408 -4.48275660391 
-9.10131080021 -7.34748722558 -3.1504461357 10.2784496041 -7.98755342601 -1.58264756607 -15.4186309639 4.34392162904 -3.10149831847 -4.41080390477 
-9.76823763121 -12.4152527206 -2.81313934674 10.7573710149 -5.82717454985 -7.75587965381 -14.4455097233 1.495025848 -4.65985924137 -1.99169389081 
-15.9820218459 -9.15179497024 -8.02796459523 6.59152039431 -6.08209885408 -11.9563746401 -10.3043145294 -1.24000159156 -6.21677666292 -2.41188287491 
-16.01116143 -9.01185062746 -2.8048926379 7.84289232454 -4.76783183075 -9.40104425315 -10.3288341829 -3.92892826915 -7.51461149821 -0.248421286067 
-13.4111347239 -8.82687568988 -1.55383499374 6.5596863901 -7.84055069783 -5.22166531081 -9.08671439419 -0.692690781039 -3.75435148754 3.22622294224 
-15.854019756 -1.93526039316 7.86276877161 1.1900393241 -7.68598549188 0.245786647803 -10.6809885999 -4.85153753607 -2.54558887451 1.86146473354 
-19.9532042161 9.88454045402 18.724238311 -5.1163590902 -2.81669815029 -2.4975535432 -9.25716764703 -4.72646015575 -0.960790757864 -0.852201869239 
-13.5067035526 7.92086009586 6.54624115913 6.75835405339 -3.43931375972 4.41943003903 -11.0148387528 -3.44230884061 -7.93033372234 -0.71263327041 
-10.5978880986 8.41220884986 2.1488449995 10.4364067821 -3.5772204498 1.09569360485 -5.23144699192 -1.88754195339 -7.39958644159 -1.69434113872 
-11.4143356021 10.6256941584 -0.134103980538 12.9168878209 -5.19587760687 -1.61452278968 -1.11061159701 -3.11886943019 -10.5385644104 -3.33242062723 
-4.37499025798 10.0877915139 2.3346921423 21.887829638 -3.22333861427 0.866462994839 -1.64244223801 0.594135680443 -8.60709704213 -4.51024911734 
1.03618291312 14.309536318 1.6315125032 19.8693166947 0.0605282792339 8.57112201118 -1.72941255781 -0.586388589969 -10.322179695 0.0512735816512 
-5.66170066603 28.3921994105 -4.29109578502 7.9046523641 -2.75818242212 -0.276013880318 6.12177369261 -5.77376313073 -7.48626945366 0.160878083377 
-4.72619074238 25.3806832604 -2.90035484246 6.84785184821 -1.84403942298 1.26543581855 3.85980360386 -5.03365434294 -10.1792678408 -0.132862373676 
2.19004371602 24.3362624734 -2.8528523325 11.4269929764 0.725407464602 -0.748115214981 2.29038723493 -3.80056001418 -5.79166997542 -0.160388601739 
6.5014673158 19.826489371 -3.25430869242 14.358620229 -0.152734243473 -0.531099703025 1.65314426031 -2.92454225213 -3.05525371434 0.607741611798 
13.2288798984 15.9513264582 -8.58636138264 4.02930206741 -2.58973981213 -2.4448975924 -0.207915885831 5.49896377553 -2.46941734751 4.71454850657 
15.8450929368 12.911287369 -8.97865451119 -2.42360756744 -1.9234489395 -4.53975886119 -1.15889257915 4.4683930728 -0.616098169041 7.45733566428 
11.2864785534 18.8242845876 -10.3511880731 -12.7655335021 -4.09791307215 -6.69884795574 0.532932939008 -2.58572640503 1.12867689142 8.74744385782 
9.98576419533 23.7733226681 -9.44838326245 -13.6842779144 -4.47137996064 -6.37604431211 0.507341820622 -4.36332905687 1.21494860266 10.0522447202 
10.1170822959 23.1086471439 -10.1804201822 -15.4495065496 -3.24538561614 -0.717668413629 -0.651970492882 -5.65937982755 -0.71687707464 13.6175019267 
10.8420388917 24.1546801763 -6.83070636143 -13.335372684 -4.32329765951 2.5854300926 -4.0089091307 -8.8303490846 -0.889564024107 10.79705198 
17.0220393341 14.702552903 -3.31815533765 -15.9746084524 -6.36262911893 10.7638914437 -15.4854292765 -15.7455186989 0.696556371641 17.8164596437 
14.2454564689 14.2141266197 -3.93460841476 -10.1716792744 -7.72962961573 5.65175996966 -9.4811519011 -10.0095373845 0.413904831645 10.5715738445 
23.1644616843 7.34338538853 -7.80094839579 -4.43085633079 -4.24091593369 6.79983529777 -7.61848281994 -7.59484544324 1.6287035605 6.43715163612 
21.2207868719 0.58934792302 -1.8306741066 7.08393931423 -2.348450143 6.15903809738 -5.68890305378 -7.05929251119 3.87580792527 -2.32012976418 
17.428474781 0.967273733221 -1.96472677447 5.51359643482 -3.27370867112 9.07924003721 -1.67420819016 4.24197546303 -0.716646725075 0.606245715986 
8.08938179242 -14.5115387914 -1.77714105499 19.8411382688 -10.4410151244 4.06673396184 -4.70401353565 -3.70321595299 -0.674927404325 -1.68218275897 
2.5332057252 -10.3468488154 4.27635288908 14.8773060624 -12.6072480898 9.6540172704 -3.03369863095 1.30708014824 -1.95811401541 -4.95835911166 
-8.70864404193 -3.3467134676 7.88948954873 4.68096373906 -14.5344238908 15.1310617152 -4.15845398517 2.17233874491 -4.33174057775 -2.07340525974 
-17.7324103751 9.47450746605 10.7607568408 -10.0339580498 -13.216584421 10.0988478661 -4.26072259012 3.77808802395 -1.38987520763 -3.96070498035 
-16.4818266311 7.49818130697 10.1719328554 -12.2251753049 -15.3109847257 9.7926392308 -5.13996324884 8.39482355099 -2.12863082402 -4.61464700103 
-20.2868435505 5.97841522252 14.6420798939 -3.32502127374 -12.400431232 12.2948578591 -7.28145305738 -2.87428302282 -1.36128689405 -0.949591046754 
-16.5540327958 -0.9623756723 5.40057843597 7.14809905405 -9.83037202645 9.18804527212 -5.16091515894 -2.71263426145 -5.59933120026 0.349895956611 
-15.6684545304 2.89212992154 0.766167961513 8.46296811277 -7.22842748359 -0.224626189819 0.620649088611 0.258963555731 -4.86210926852 -5.0713165585 
-15.2786530155 0.447761867068 -3.38692929539 12.8799251938 -8.57330214584 -3.30013411892 0.680813700729 -0.345403911216 -1.61867615598 -5.23636819524 
-14.2484786317 1.13433164488 -4.5374159415 13.0680569226 -5.54723897028 -0.376728637728 1.22057348248 -0.209702412098 -6.28692831303 -3.5519671204 
-7.99649977791 9.85948397448 -4.72691941985 12.6840988759 -2.94998493982 0.940056503601 5.8025696532 -2.40297981391 -4.093259983 -1.64000057181 
-10.1795338555 22.9723299785 -0.655278111621 7.20480385652 -0.00546025178239 -1.74404032859 10.7345862029 -7.99990317418 -5.60069893372 -0.608241472296 
-6.66086609823 18.8707539936 0.195919721484 11.3969127819 2.43989477766 -5.06031474935 9.84130009315 -12.1937096409 -8.737826039 4.09182626109 
3.24247899702 18.8971687103 3.12283474712 8.43131596648 5.65994967565 -11.2299205229 7.68712285059 -3.64807839586 -7.21895622193 3.03073329787 
6.86827888331 20.5830659859 -4.55882357937 2.87336119194 0.715940099488 -9.50071232714 5.6508345584 0.648902089161 -6.55277051893 4.15833975721 
13.6347805381 9.99635954395 -2.33216822377 -0.144642868341 -6.111080064 -5.93460512019 3.48181828993 0.148182451611 5.81236217228 1.34327052794 
9.44143079624 12.394353998 -2.46746762007 -4.20806993461 -8.02690788011 -5.65893095738 2.1858328955 -1.93323457588 6.41421851208 3.03210483616 
10.8381548344 9.01194138807 -5.46084714277 -8.97484870222 -6.0649285317 -12.7037103448 1.4199214463 -6.95580200987 10.4801458514 2.85930758868 
10.066874245 11.7763412374 -0.619504221925 -14.4643681508 -6.49294119167 -9.12851854826 3.94559205382 -7.47221647512 9.21037244516 1.49115064532 
4.11071896437 19.2568670342 -3.41951807896 -12.7003323171 -8.73020711859 -0.742212060073 4.14908890846 -2.01474600111 3.86805434876 6.64562884308 
10.0419657679 18.3409074183 -7.99605895229 -10.0453087734 -5.74963625035 1.70887420612 5.04859642249 4.42338771591 0.996432368696 7.35383080928 
7.65153274504 18.8512669649 -5.60257947311 -12.3304128732 -3.4437428453 1.02214384329 5.7663762732 9.30442263985 -1.00052076696 1.82223124675 
9.48772618937 23.1990408404 -9.13694364721 -10.4092992008 -3.43117384018 2.70473294235 5.64877563095 8.49689586163 -0.600944109619 5.392975196 
15.08606623 20.2032922714 -8.77471774217 -8.77483516819 -4.3939219648 5.2115246269 2.50632742896 4.26529743398 -0.541736662913 5.14932805495 
17.3284480976 15.7880894948 -7.96325566911 -1.28517319172 -6.22656848268 2.33484858845 -2.56923472037 -0.411167675873 0.64369082387 3.13021408184 
11.7265356415 9.181848743 -1.80270748525 1.04579073596 -6.14389569426 -8.05483542324 -2.26112902253 -12.6341831284 -2.30544934061 -1.65559586535 
10.7424659847 9.92774651347 -0.682863303351 -3.68534951223 -4.78013560433 -7.45116137183 -0.19809557929 -11.8818410414 -3.64652793003 -6.04636894168 
