-13.9264078231 21.5311280787 0.905027133074 3.22466770413 -10.6137012736 0.175734259574 0.933579476692 -0.950458549304 3.4811566833 12.4046642187 
-11.5264893574 12.5825363912 -7.81633258112 5.71187059487 5.01139191056 -1.8583781938 3.38049059591 -1.76861451724 12.3531549171 13.4776310097 
-11.0029837902 17.1998638105 -5.48215585734 6.6128519016 2.25720275012 -3.96744598406 6.36541045801 -2.31741268607 8.46118345728 8.6537666407 
-11.4025322953 15.0872575436 -6.78765986166 5.3040756113 4.59844314197 -2.21892451283 3.63342990693 -2.15197921231 9.20638710546 5.21324328421 
-7.71214669115 14.0976592029 -6.70448916936 2.80269898683 6.14403623355 -0.712567248247 2.53655364481 -1.85813467821 8.12167132185 7.70271860374 
-9.07286225057 11.3596851762 -5.2092666339 3.40685014615 9.29112144429 -1.62278319949 3.04122123421 -2.2304360656 8.09200114504 7.01638785933 
-7.46817534105 14.7045457373 -5.34740240268 -2.28176216035 4.64165678144 0.463169622703 -1.71368328782 -8.44924523935 5.85006839036 8.83170877509 
-14.7473703394 9.23956546908 -10.2402148619 4.78112911063 7.14422598673 -0.741159761795 0.398193578994 -1.1337993998 9.13044515608 6.96535761486 
-15.288947376 9.52620325761 -7.85738613921 -0.734350288984 5.89164061362 -1.37192387112 -1.54087955481 2.56194423123 6.86006037522 7.6840971819 
-17.7968287523 2.33422430976 -8.65148871107 -0.864948264725 0.449951062882 1.64808139689 -5.66366630657 1.68296219823 4.41573918229 6.56661648049 
-13.0040039895 0.167618941026 -8.66308332076 -2.87885927893 1.4302070558 0.303429045245 -5.12393799164 1.47183971267 6.39503720975 1.80207645616 
-13.7642854545 6.31256367017 -4.30606580251 -2.50021645118 -3.3091345662 3.44346363765 -6.73742357145 -1.96711260272 5.14069677121 2.45331744764 
-15.0637899735 5.52934890323 -3.78735355552 -3.57796894536 -2.38204893473 4.4837698267 -3.49492248547 -1.85403571344 3.6942737326 2.97186702495 
-8.12267307124 6.54921916328 -4.19161059959 -2.55191321969 -1.05525365909 1.98361488067 -4.50675399038 -6.82521096334 -1.28796379306 0.129247414942 
-1.63069823084 8.45161799037 1.3705263699 -2.07132989147 2.0258696361 2.64910418985 -4.89111186773 -12.0254623433 -3.18433839095 2.98934460325 
-4.30341400866 11.7014065197 1.22242469414 -0.17134586913 5.1482845524 6.99117481664 0.285011946433 -5.63956227901 2.31200008078 3.51349036304 
-12.8167644459 15.832157488 13.1508516394 -7.48365132054 -1.33338622328 3.77071904749 -1.75859193199 0.49392121671 -0.890784765119 3.72752858208 
-1.7965818653 17.2615667313 17.6562730205 -9.51348997188 -6.20674703841 2.75814992239 2.66355864738 -2.2711748 4.74387009145 -2.4239948141 
-3.98486822286 18.348662345 12.9818991062 -4.22469405645 -3.63185223682 0.892668853572 9.74862747517 -0.394445911408 7.89187657332 -7.14566830969 
4.92288301548 14.8495730289 12.0735102974 -6.11240072498 -7.75851171669 -5.17473808724 7.84144734245 -8.67838031491 6.50686944615 -8.0988761436 
3.36860664602 5.96405036352 9.5570493638 -6.65255670014 -7.59774427342 -10.7400653027 4.55814474633 -8.56966684852 4.65999465996 -7.78711763372 
2.32586249004 -11.4337189997 2.06270072207 -3.28927122306 -7.28417549982 -12.2725253409 -3.66241467827 -0.412656981943 6.64120865491 -0.515863406336 
-1.40381546829 -17.5919215094 -3.31503898318 1.01754770443 -13.8770105558 -9.17236265814 -7.77087696265 0.114869408444 4.85349823688 1.32633467307 
-5.0868497006 -21.3353657374 -0.107132155002 2.30987677731 -21.4058363721 -1.82982575885 -7.93074229903 -6.93634852951 2.25443431977 6.44650958457 
-8.52843973752 -23.8714224141 6.09520461118 19.2522459405 -15.7502861375 8.14133583899 -8.09763028757 -9.31959309152 -2.14222418065 10.3786669169 
-9.93210431968 -19.7353620153 10.7260417253 24.8208073882 -14.7632741501 9.28293250525 -7.50672128246 -4.18641471546 -2.89662074677 8.77752419136 
2.78002219563 -18.3622332475 2.97280755456 19.161694886 -2.5814308572 5.45893451241 6.01442151138 2.50050457317 -2.78644181977 4.5264753865 
8.54349861065 -12.535740901 -0.694513397968 21.025947413 -3.51602202033 6.69547505449 7.06688268046 6.14564584976 2.81519631309 1.6749731308 
21.4089450183 4.45217490675 -2.08883055952 7.77829973116 -4.78352279544 4.58535149525 8.52122703646 4.0314169665 3.79711512085 -2.94857639802 
12.4256503399 0.208657036101 -1.542133111 4.31090167815 -5.84204538723 1.08725083103 9.36195385358 5.40794701819 0.204401127351 -4.60952746482 
5.20741960193 6.89442384587 -2.94315805807 -0.346435432018 -4.70993402203 1.40689298479 10.5065005064 3.5393326547 3.82098150531 -1.95205426795 
-1.54232719466 15.7696154203 -8.47949064859 -0.39648987606 -4.27060361259 0.26678482723 8.50303564536 5.60561133145 0.959684238413 -0.22378427575 
-1.12194605481 21.9376739672 -1.81497572087 -0.621098226167 -5.83243299767 -0.801754180409 6.9887348755 -3.00356595772 -8.05126582758 -0.738534605438 
-7.59849280861 21.8822749002 -5.87441089037 4.0916616492 -1.54200732008 -4.77259093223 5.42393735084 2.24034697184 -10.0036152125 -0.693485654181 
-7.21600643481 22.2837283863 -4.60661424619 3.62711761939 0.532637407264 -6.13820517013 6.1391684451 -1.59730483909 -9.09534292075 -0.542045252223 
-9.30856554205 22.694617337 -6.31631564424 0.526325143987 0.234266817567 -6.14580872054 1.3218990093 -1.8359938601 -6.42487121155 2.18002315688 
-10.9997545465 17.545883117 -7.96844370164 -0.518932838983 1.66234438573 -9.87943144711 -5.05174256793 4.78165030485 -4.11859961932 0.304068795349 
-9.25884926542 10.1570957925 -4.68092729458 -3.59798183506 1.01597601115 -9.31182212745 -8.74117821318 7.65658980959 1.58229862648 -0.174372765054 
-13.6916486915 0.615142880224 -7.17093515236 -0.48399703257 1.35179567733 -4.70785373411 -6.37324999848 12.3363807674 4.46446438153 -0.540605483222 
-15.9898501018 -2.81638033073 -7.12487674906 3.87623834744 -0.799901180711 -3.89905473145 -2.15185264698 10.3279326851 6.25056078171 -0.75337295134 
-14.0964028975 -10.4513917822 -15.1883321222 3.86249947541 0.20091814541 -2.02361678383 1.29859578471 4.22283059421 5.75447208017 -4.96651865942 
-10.6090579858 -11.9975269356 -12.0154857125 7.95856404758 9.2636434288 -6.0371607098 8.23084475724 0.567854358159 4.2825412684 -10.9786248556 
-12.4516519258 -10.9066192547 -8.11739777629 15.6929260051 7.51594602418 -3.96499945768 9.28912594124 -3.96163902692 1.29844712674 -6.73631752382 
-16.4233553754 2.66001483435 -2.67119416291 11.2732831532 3.0362390673 -3.17737599631 11.016949855 3.17882692899 -3.03543580278 -1.09493778145 
-18.1692150076 15.3823639844 9.75370352912 5.47126322004 -6.56884305973 -0.499971756509 3.31143042207 10.5350543995 -6.73288526697 0.222762543627 
-20.3402331712 18.9941599957 18.1579546291 -1.51717196619 -10.9665816369 0.320512871435 3.50762399778 7.90755487974 -7.69382024249 3.61186792591 
-18.6736707139 13.8244773472 19.2057427946 -2.5944834967 -13.8718361519 1.17875038066 1.14183767717 8.61203054391 -5.05930694231 4.03904740949 
-11.9929266083 10.3326515517 22.6011163245 -6.71502646299 -18.3482564931 2.19177319537 -1.29993748387 5.50792479344 1.29095237811 -0.73611201059 
-4.18491333841 3.08829619298 14.0550449328 -2.89027682001 -14.9882922979 -2.41206391502 2.60510932902 1.23684181264 4.21375448282 -4.22098227914 
-9.93664060586 -0.864548936834 8.48646384481 -2.48873750603 -12.7487638367 -7.45192317624 -0.795953102559 4.54391492905 0.998106331464 -3.37587159103 
-8.43150999959 -9.38543116225 1.2772806592 0.197798866466 -5.94000108616 -2.98782738964 1.15678946543 7.30277913371 4.09513722657 -4.57720002907 
-12.0139642356 -10.9677393981 0.0429272446352 -2.36108507244 -4.96482875318 -2.4017738354 -6.65861406844 13.1356848959 3.3018251068 -4.42092136934 
-8.30031828426 -21.0582360937 -3.3366057744 0.709726386898 -3.68652183214 2.87998571076 -2.01117470683 11.8153743957 7.30804451663 -1.91817882152 
0.680026247534 -23.7378017488 -6.61760913205 3.62931972936 -6.04185336397 7.5838515217 5.23857846141 3.00020564805 0.93317686332 -0.756266270615 
4.36586820298 -18.5792331026 -7.71926245152 10.3888674194 1.32159512774 5.54284457863 7.03577888728 4.13498621036 0.381920999899 -5.30395432289 
16.9299818429 -0.526185575202 3.18778016557 5.8843022434 3.62485670912 4.94788131175 -0.522452694345 3.73879277122 -1.01556985193 1.72469650039 
26.7791579751 6.02669075677 -1.04145487691 3.0419288447 -3.66697108989 6.43402781948 -4.20084610359 1.51497827366 3.53859340937 1.66728788443 
31.1856346426 1.45639985724 -6.69428500781 3.21819127362 -6.70159653046 -0.289983471963 3.10550024449 4.26910783461 4.11537760864 -5.21307228713 
23.2483378615 3.42257156206 -0.330995597894 -2.7949674623 -3.88438290762 4.66751942108 -1.70080391526 3.28629108835 4.14164647258 -2.8639104745 
18.2266582858 14.6383171178 -4.17937817722 0.728085380217 -7.3567645497 3.37432954762 1.27856551489 5.50026046128 4.14300403432 -1.17426098144 
6.38351510733 19.928233594 -7.35775840812 2.00365266463 -4.67022205577 4.8052521301 2.05152784684 3.15285968247 -0.798815048043 0.124628602694 
-0.570288990437 22.1253814308 -8.44081809987 3.55732162342 -3.60829191349 -2.30072285252 0.398330348228 1.68743536863 -9.57866765916 -3.22883721222 
-0.804234199308 24.0859825927 -12.464424292 5.99645729468 -3.12948350427 -3.85552909918 3.4628527278 2.53608403351 -11.2136784456 -5.37435092119 
-0.730018942787 12.2854214445 -10.4948084741 7.88835907489 2.32502580997 -6.71668665007 -3.01919388301 3.49657296011 -13.0969673595 -2.09721354477 
-9.52705807177 1.23318802942 -11.2333414808 5.24994043819 8.18656751779 -7.77841876361 -7.64404695208 7.54736406718 -7.18932531083 -3.98395890969 
-10.200357313 -9.77242637876 -9.32760678915 -0.416137283071 8.26141157272 -8.26312649787 -6.83954725902 4.77453293489 0.0660627811451 -2.86282382959 
-8.54691493724 -8.65297883914 -1.00626070801 -4.62404910577 -1.00267438945 -6.44546127668 -10.3785191402 -1.71430929187 -3.86971107987 3.06050640896 
-11.3863130733 -9.35556504245 -7.97274807677 -7.40810589016 -7.22296714007 -2.73237238631 -6.11816614271 -8.69351376859 -4.76528973299 1.78511235051 
-8.03780430839 -11.849968927 -9.4186056393 -4.97082125508 -4.33606594505 6.53551169925 0.343011357902 -8.48451390889 -3.04469231878 -3.45059434465 
-10.089359204 -20.2252700668 -9.51899131852 -2.42708085473 0.209370953516 13.4638643219 -3.38188142701 -4.84652403776 -0.490751329471 -5.55561316345 
-16.1993945227 -7.92424996944 -7.16488429703 3.74800582394 3.42172359505 7.46341611573 -1.21214168573 -3.46466783067 -6.67205197931 -8.47912348746 
-15.9975811918 0.0270795533591 -2.60080547879 5.92524131082 2.18758187876 10.4823182562 -4.16728870806 -1.79312016929 1.21259245626 -6.1546017429 
-13.1482410508 3.31155147772 3.96056389934 8.27285259123 4.77412952614 10.0446577951 -4.35083359861 -0.556674023624 5.68092231987 -3.77423037526 
-3.08679529629 1.53139041642 7.61850280841 10.515317577 7.76945906752 -1.0850840704 -8.19014119275 0.861738112944 6.91484047636 -8.51641211868 
4.94552122376 9.79968497595 9.91394107101 3.16167220344 0.360573094713 3.86751403227 -1.91341164039 -7.63309804378 7.93625570879 -3.78325671713 
11.6988362433 10.8823176051 9.27106215683 -5.14781811547 -1.82659343812 2.81856086125 6.98229507722 -11.0665057496 10.8168028049 -4.32803042403 
12.4959496439 0.595598337436 7.65719381166 -11.314201303 -2.88812679759 -6.29322868526 3.96360409069 -7.67103246308 9.9043500457 -8.20213863815 
6.34502279845 -5.01684428693 2.18034925514 -13.8524945447 -1.92298790843 -5.19764712968 2.61253336661 2.47615836867 7.73990379636 -6.93884392355 
-0.724622262087 -11.7857306405 4.08976946575 -15.821687112 -6.92551610592 -4.34621387364 -0.816863412813 6.98879117394 -0.0779297306104 -2.63342669595 
-6.91098144028 -11.2229156607 5.58988091159 -6.42339208005 -10.7288408626 -2.29343788841 -10.2745899208 4.94699258697 -8.86597450571 2.21808171711 
-11.1112807868 -13.7055527379 3.52915601735 8.27109120519 -5.54784239269 4.17605267793 -4.046317241 6.23073137456 -7.98342276429 -4.45235021683 
4.35246419722 -19.4613555437 0.86952174452 11.7363581407 -10.4023160166 4.20776708677 6.33189083844 2.3083621437 -2.44603130957 -0.527687023561 
16.7381060519 -5.60548467723 -0.44464556658 10.7694739802 -9.20940908844 2.26588278877 6.48444837682 -1.22782706664 -4.30463582946 -0.174506142215 
26.7904967223 1.2991174366 -0.833755117519 12.7484586077 -5.63539965545 2.83720154137 2.44092880016 -1.20039220633 -4.86546402591 1.99048540855 
25.1600231302 2.41557464252 1.05554882537 9.08322645751 -3.5746242481 7.23180886916 -3.2373609612 0.689348443672 -2.60988810493 4.01183766442 
26.2238278024 6.6119257144 2.60017043175 12.3809335754 0.303587654779 6.20014170302 -3.94379087565 -0.855513388702 0.260326782721 7.8515651734 
22.0692029937 14.7412976139 -3.92966580264 4.37312070374 -1.5422311769 10.2120816055 -3.90028928894 -2.89366129754 5.12895244524 4.83644641125 
28.5573768139 14.8254050129 -7.57049524756 2.03900222804 -4.50125738807 5.34880329331 -1.63105821884 -5.4803480593 0.118820889016 2.32288906991 
19.5664983786 17.0769568843 -5.21727530998 -2.22365278021 1.93553138595 1.11976443018 -2.27807348003 -8.96498522955 -4.25600303418 3.43900308845 
9.29233581247 12.3986415915 -8.07492039951 -0.742194858761 9.50809860721 -1.70522780734 -1.09925448575 -6.12050317634 -0.672391621221 1.43068931709 
6.42968127464 8.59920315731 -9.0750576351 0.590785766753 8.96201476116 -3.53660361178 -1.71546626648 -5.50324123248 -2.40533851673 0.521553347608 
-2.08357746361 -4.86071214157 -8.15778966473 1.42463042714 5.47296676233 -1.34793243322 -8.5527331965 4.69092586049 3.82474202847 -1.74871545701 
-5.60759834981 -6.24723685102 -9.21905191725 0.504876263896 5.82317283826 1.56443420371 -4.84304463719 1.91912324076 5.12379482365 -0.966936518062 
-1.21710542111 -9.00286773849 -9.99179312593 -4.18138468589 1.94171623577 4.449708326 -4.93293467432 -0.189075851519 7.07194002246 -2.5281565606 
-3.58769806945 -12.4431560523 -10.2855083866 -9.24275380075 1.17436593838 3.9180185082 -2.33779758809 -0.110045434228 4.12070645073 -4.82674221387 
-2.62827319378 -14.575208634 -4.99107432143 -10.2292437634 3.17520307248 7.47104328163 -0.0517149005834 -2.67451357739 2.66637290275 -6.68883486813 
-4.83995971092 -9.33106483129 -2.34173117236 -6.87488678571 5.96252680877 5.98563071226 5.29471257612 -5.63067761453 -1.44020171562 -3.33422501839 
-5.56668625511 -3.55856034566 7.67650779941 -2.23058338499 12.1655938122 2.58757693521 1.19194099244 -6.38787135225 -7.32074229991 -2.56247192333 
-14.2251226265 0.491600007704 15.3205945208 8.50499320494 16.5316151085 0.174422085523 -8.0589273851 -5.02343513748 -9.92583295334 -5.26031798824 
-14.3626327897 2.7357690236 13.0800068283 10.3251351698 15.5266519524 -2.53315937227 -7.96917972061 -0.532010033841 -3.15213724464 -8.60836116638 
-11.9372023657 -0.611252464403 14.5165766669 13.4768425151 12.7015242932 -2.5845124523 -7.74290454363 -2.92094767888 4.71277062735 -8.99826122577 
-7.37687563324 3.36407609218 19.5107845472 8.39548406399 5.48626880091 -1.82078210441 -11.0480842903 -9.79850143281 2.60639462394 -3.27860480268 
-0.795987130793 -2.64160165432 14.6399397387 13.2630515287 8.09583314507 -13.3677716119 -7.62702059611 -9.92151990995 -0.726338158916 -3.14305278264 
0.809862652353 -3.18652661461 10.9543205791 5.24659407481 2.37376651933 -16.0936707615 -8.04657726041 -8.58119014885 -4.0085092978 0.380974410989 
1.69302275722 -12.5292352931 4.31691374064 1.23470939102 -1.17729662609 -17.6188714017 -0.849453729135 -10.1371378775 -4.86108597938 3.77231935316 
7.84355986112 -16.9638690485 -5.52017035753 -5.01813255362 -2.4660567635 -17.6700901984 0.143085957045 -3.83160725254 0.238040179578 4.04054763814 
-2.91450504943 -20.2061988501 -1.08061272548 -8.68281785137 1.93361830126 -9.35774086332 2.70129002663 8.52510149334 -2.05342765351 7.97568032342 
-0.774923116554 -20.9324722496 -0.696879132734 -5.22780203198 -1.4676500307 -5.29956645801 5.67721590681 4.09654578413 -3.93072170483 5.37364519383 
6.26269381522 -16.8550344117 1.03694922742 -4.23801029271 0.00638077185099 -0.456370930463 3.65800590582 1.38206628205 -1.97734848875 3.78992135063 
15.851449595 -14.6447896614 2.54103219146 -0.921394566595 1.93988876073 -4.73940538173 3.27506054754 0.939079264372 -2.8085769824 2.39619072472 
23.6024236291 -9.79948490148 3.00334074482 0.446248220728 7.00915028141 -5.13129540893 2.70128672985 -2.43740019121 -2.59582426413 1.10419875075 
23.7411972251 -13.1333253978 5.59194791859 2.46787019601 7.21970920599 -1.04687414377 1.47780432353 -1.35802434588 -1.75778215883 -2.36949921205 
26.9204784429 -10.0851878433 3.04975882735 -0.540744447336 5.4545886335 -2.9157016557 -2.4936139643 1.54014198684 0.121149712571 -8.04492086219 
26.6429371198 -2.53573754727 0.887531783982 -5.1474027833 0.468873811506 -1.48788143447 -2.96639208353 1.90562019419 2.18558328819 -3.04226740617 
16.6913520354 8.54833757674 -4.69711305606 -3.924069682 -4.70569054652 -4.99588198102 -0.0664101837133 -1.58884280444 -3.45214154053 2.44801742916 
10.5152355348 12.147821526 -13.4244985028 -4.66722009933 -6.4268778884 -6.67062397676 5.248395305 -2.36896161346 -5.55460703497 -4.22502540812 
5.52564545963 12.6266952138 -15.3815230158 -3.33711598906 -10.0686589917 -1.43824005591 -0.466556001449 -4.41761389708 -6.35746480169 -5.79635098249 
-1.8055070229 5.86903109372 -13.7159293381 -1.53530053461 -9.09421861196 4.45113293757 1.57998225709 -6.43792518871 -6.12072744244 -9.72153376768 
-6.68498509901 -1.78290765596 -10.0476791827 -2.23011509674 -5.88778186295 6.16521021118 1.2039574831 -6.8354755975 -7.98012177342 -6.04795490684 
-10.7354451562 -1.98388898573 -4.20334895565 -6.66181539291 -4.57432924746 10.7742077072 -4.88410398358 -5.87241856325 -2.34975667645 -3.18372696121 
-5.28147642046 -6.46549161187 -3.41998427134 -19.9544561055 -0.804963851985 7.54862967115 -6.51702756669 -1.78822165356 -1.96599939386 0.13407525345 
-7.48873822401 -13.40661959 -3.48536641643 -18.217729305 -2.4979367864 10.7270937799 -6.15826776371 -4.51567795331 -2.95052443984 2.16558780648 
-10.3600315898 -9.60141662593 -3.14435054321 -18.9615747337 0.430105220194 11.1300972255 -0.826501467264 -5.83062537592 -1.64435468738 0.473384780629 
-13.6338829384 -9.90700808391 -1.84892521956 -15.9191119504 7.37683639143 11.5323885213 7.4860082522 -2.12012407972 -5.61871029884 2.30738321968 
-11.3820804125 -2.69684625934 4.59505948496 -12.0194828541 9.0646891794 7.30777777626 12.1773818526 -0.899438631663 -5.68705620649 0.726148152269 
-13.1810151252 -1.14210876186 7.64939667395 -8.81052597708 11.8642868316 6.5441914945 12.2020180031 -2.15879083769 -9.69660455839 4.67608659144 
-13.9955154886 4.72536477162 11.2102304775 -9.15253682342 9.27563057129 4.62424364424 6.56990495153 6.79369502019 -5.81405559226 5.1172852884 
-10.8096942078 3.22124057448 12.1416771595 -5.6062218874 8.09571766969 2.52763842552 5.19895143529 8.52873377595 -0.81528642036 3.83688377087 
-5.99041673699 -1.03441107449 10.2802482176 1.22297275483 14.0330756973 2.89459537279 7.56949687523 3.57968728072 4.9021385275 0.317122408256 
-12.2174887416 -5.53925731989 11.890843015 0.0795704092285 6.29789248745 3.58588046203 7.55946676996 3.32718982724 3.48743784408 -0.65040597123 
-3.56525798288 -6.31977692106 9.15320493864 -0.86297115418 3.24126613408 0.0425654504089 10.327203621 1.95421992227 2.56704052765 -2.58754427755 
7.46716632838 -9.10531417075 8.24417605211 1.26571861867 -1.07696042191 -5.94347225536 8.64389496453 -4.38537071588 2.05489962561 -3.37635921188 
3.30272477838 -19.5033023784 5.92380203658 -2.86890254234 -2.81018366562 -7.72641114497 3.86500737708 -9.16902360407 -0.572471452903 4.77360231685 
7.97558004157 -19.2360596477 0.722810666831 -8.43660850691 4.45919683906 -7.08826260089 7.78089889718 -1.49290543832 -2.40368001452 9.29965842841 
14.0670907941 -19.1958245773 -0.177171270532 -8.90849377983 1.29820354493 -9.22269548154 5.19926108869 -0.105736149652 0.241315963167 10.4683649534 
8.15257781752 -20.467222306 0.869584702731 -8.42249080839 7.67167902249 -5.04126583621 5.31873249447 0.722733401016 -1.54327650032 10.2218869938 
13.2637817793 -17.8852628435 -0.592218256713 -0.762703665134 10.5599264898 0.854487672641 7.88144203806 0.802783815108 -3.53911318644 5.18128400751 
18.3338857354 -9.86194552846 3.19281591217 0.680511886448 11.8681160787 -0.979964577148 5.06039823046 3.35120704474 -2.85690269675 2.23007482331 
24.657267908 -0.315133147418 7.33512433023 3.467404804 11.5075136847 1.02056627834 -3.74600276319 5.15864031087 -2.48410925548 1.77366262323 
23.1786690838 5.35531349323 8.26479417976 -0.0595250726518 14.1332741925 5.11311314531 -6.38532345542 6.60760307919 -2.14645851831 3.5559291476 
22.5654344375 6.58995603522 8.29489789924 -6.40154654104 12.3973110925 8.2243400157 -11.101478516 9.23962606078 -3.01134473424 3.85409075448 
22.9736553576 11.6060552477 6.34704328111 -9.92706714929 6.23827296295 5.19294580319 -11.1314135911 9.02981007851 0.0556536357277 -1.30287880897 
23.5766345924 13.050391725 2.91594767058 -10.6859376414 3.96141880195 2.49048827216 -13.0836947132 7.58471306648 -0.949658232077 -0.323359296983 
28.7935232552 13.3252331343 -4.78195899855 -7.54169135916 -3.92134159983 -3.87841846509 -13.5618316429 3.7437823212 -0.818070140445 -0.350591002121 
