-6.83830459809 6.11427163267 -5.10493091955 4.05697898735 -8.62135387646 -7.776791184 -6.56820369785 0.187837979269 0.562680148103 4.84534044017 
-11.4562052336 7.44316831907 -6.28730130327 3.20398655626 -8.02561419824 -11.0005944058 -5.59136570849 -2.87180154812 -1.30463931489 7.25361251997 
-16.4328740412 7.14818057382 -6.75172916513 5.25931718749 -9.74320871916 -6.95883166027 -7.36583550612 -8.3711843843 -1.76795304305 6.29530197224 
-17.1647321073 2.23090610261 -8.89248800903 0.374348247594 -3.13095699906 -9.65517613187 -4.11089144938 -5.54413503389 -4.77117184633 4.53183285831 
-14.3767733581 -1.74085681893 -7.94293155814 -2.10136551724 -1.89760618759 -8.3026943862 -2.94768693113 -3.55205247569 -1.10901473705 2.88531475459 
-10.4610366406 -5.82722487341 -11.7926841089 -2.92160554002 -2.13421058982 -7.7526960484 -3.25886004728 -1.71896934875 -2.71697086059 0.00870010266305 
-6.70883778712 -7.5759940822 -15.7101364589 -4.09633852724 -2.98871602271 0.157065597914 -5.84505782187 0.161121178075 -2.97002830522 -4.16678963182 
-8.45314257958 -5.80204567685 -13.674577345 -3.23404764205 -4.5704054166 5.21918724441 -7.52504721458 -3.88281169755 -3.6059563321 -2.77086304327 
-6.46292080008 -4.09092750798 -10.469493581 -6.96303231004 -1.2184062919 6.09707892423 -12.6644842789 -5.264569159 -0.0742316367183 -2.10119779418 
-8.10255057043 -5.22305618936 -7.21789111339 -10.9533924697 -1.27578220801 9.61538357084 -11.2792037615 -9.6205394694 -0.281802328673 -1.00595958925 
-6.11743800422 -0.805641136242 -4.88669100042 -11.7911429446 -0.453812706381 9.01333440371 -8.55544178588 -6.75565969418 4.01929523676 2.41940094364 
-8.17867476357 -1.31998060052 -1.32255394612 -16.3778697749 -4.14982175898 5.64507037917 -6.87178818546 -3.29230220532 0.698587565132 1.48415018878 
-3.34240568236 -6.67513220421 -1.72994310976 -21.0178891722 -10.5951885798 2.59746449721 -6.57597680264 1.96136144297 0.284151916572 4.51640312801 
-2.58898165002 -8.03169496638 3.14765865826 -17.6750139832 -8.26089557813 0.589169980137 0.198022549848 5.11523207474 -0.617456167227 5.79076563913 
6.33372319455 -3.66761417808 5.02645160771 -16.0653516481 -13.1026997872 -2.82586348414 4.00511958007 5.88150638669 2.59858620713 -0.666072745075 
9.59479300523 -2.63538044972 6.03444161757 -17.0487036766 -16.3870255949 -7.40417243509 2.58017128045 5.82536828703 1.32571584512 -1.57033491208 
16.0897604761 -1.44057009226 5.34925697865 -8.95279640715 -15.9051134841 -6.51846396456 3.12175064691 -0.121945020258 3.98404592354 3.86704462594 
15.4986880574 -5.63219585447 6.32461942536 -5.56295062772 -16.3523880242 -4.68476420326 0.663059316306 0.0625621349803 1.71601695924 3.32027724287 
14.541659058 -12.5279289645 2.08784596602 -1.8370850141 -16.6327318418 1.48136950772 -0.0223700594478 -0.000266808832385 -0.299688018013 0.531006827434 
19.8212818599 -11.8765060581 1.66307572436 3.35365148811 -13.62382557 7.13587423675 -0.790954204346 3.8237601396 -2.20678106503 0.834034774629 
18.450927315 -12.5276818617 3.16481809313 5.93510474112 -11.8954052864 12.474697491 -3.38845181606 5.70960801611 -3.86483924528 0.485855386537 
16.87475975 -12.2560320589 0.836897999546 4.0350497905 -8.1594333599 13.7274138064 -2.31470792936 5.67282865714 -2.61933917728 1.10027867751 
8.83544538128 -11.6465999492 -1.73574306072 -0.703095355509 -0.447438506656 12.2421282399 -3.88927878589 7.62252201226 -7.27117917156 0.159519560604 
3.80333365931 -7.88424816353 -5.87178149008 -1.81880761692 4.6840625105 6.18047584416 0.528978133112 11.027187762 -7.39869308599 1.87096865736 
7.55687456682 -4.76490095901 -10.7767924806 -11.8279745414 -1.80886173223 1.96334988802 -2.16419971873 8.55749201102 -7.44263966951 4.49196319495 
12.0841429741 -6.72945648422 -13.8204303993 -5.73786487866 -2.55806870037 2.74036083789 -8.43741384752 6.8819338298 -6.33793935387 3.80314006537 
11.2098370157 -5.68106379668 -15.9697932244 -3.69107834689 -4.2408410335 -0.78360842999 -8.87533031648 6.00336041391 -7.01451681062 8.71835411747 
3.26943979625 -4.11560115575 -10.1773691774 -2.44339003411 -6.45661809276 -2.3936975465 -5.75284604603 8.26010664261 -1.52640870639 6.55710576578 
-0.863660587551 0.648444781618 -9.42725620142 1.71446875779 -6.34051009819 -6.30109489431 -8.80916976634 7.66215572426 3.236197817 5.74377252778 
-9.98979628657 -0.256332918286 -10.1225591913 -1.02216976898 -3.97719530358 -6.23849981019 -8.03607014876 8.56054218901 5.8758036963 0.779298832131 
-12.7552725679 1.00480393419 -9.45167738673 0.784854996166 -3.15700028943 -6.82334109095 -5.98122525963 6.76042121165 6.07070433639 -2.15490102643 
-5.84842224411 -6.58988997393 -5.78895756052 5.72801721574 -6.32090201254 -1.92312023674 -5.84623230588 9.01187059722 1.94868050093 -4.83400809661 
-5.14728848455 -8.21633044688 -3.93636566501 10.0283698204 -6.06592277975 0.763710161325 -2.48683744473 6.6686505496 2.73833585837 -4.45801570169 
-10.4521385324 -10.6381241443 -2.59391427619 9.09895859987 -2.54121914574 -1.3047660519 1.76299199978 4.89127710677 0.0232908344225 0.656026343874 
-12.8950239516 -7.77321819821 -0.0998062841454 3.55657600918 -0.308680559427 -6.11970456325 0.849049030937 4.67979038821 -0.421842288908 4.14374878417 
-14.7185797989 -7.85052918132 1.77878499455 -0.660773436304 1.03323009378 -9.0535141485 1.32857565659 4.4766557812 -3.16288048533 7.28209862477 
-13.6188261519 -8.17834901305 5.50162786328 0.599665141368 0.863228229429 -9.34671880609 1.8190679987 4.85838215595 -4.13151643556 7.9678580171 
-19.7064261572 -12.6898020837 4.85385214221 -2.37406375051 -3.19127792637 -9.52013943674 5.08093209129 1.56324883028 -2.07835804556 6.68138370707 
-20.5940038043 -13.8833302076 1.58035087103 -4.03847331987 -7.47359651626 -3.02593284286 5.98672696931 1.54607090134 1.25893503053 3.04177640416 
-19.9248179819 -10.4761938139 -0.423628559127 -7.51792512552 -9.68321105797 4.30952803292 5.77862164169 2.38397347234 2.38103636643 2.10749131291 
-9.59479484869 -17.5726532317 -0.156723376435 -10.3708664562 -15.4625832808 12.3617220396 -0.474533451171 12.0239951602 -1.18423076196 -3.26356731111 
-7.9573046365 -9.14204397347 -2.67266005343 -12.2917773924 -13.4753682101 16.4827707522 0.261492446214 7.56767769843 -4.95875947401 -5.25913033079 
-5.54085959307 -8.00237481246 2.83355913831 -6.5572092051 -13.5034735971 7.39734002129 -2.48409857329 11.2987715402 -5.70439950613 -4.36362046438 
3.69929463443 -8.00155022652 3.97836019269 -2.0560479223 -16.6463849956 7.35504349706 -2.91158878616 8.04094972973 -4.19395791863 -0.169037645778 
7.2145428704 -6.88007041218 1.53651759405 4.19663312525 -13.9051545778 8.16140677143 -3.45409349288 7.21819932875 -5.78548158762 2.62328400028 
16.9001717132 -3.57165112886 -0.819230932183 10.7873218091 -10.8233566659 7.96542762983 -5.115956532 9.22540113644 -2.28563927531 4.57798121421 
18.0418019075 -1.84616250162 -5.40097623454 7.64285457291 -9.06399599489 7.29909580067 -2.96372234409 9.75058654656 3.9597472509 2.91441540335 
21.789410733 2.85680348102 -7.38418872589 9.63904462696 -7.57677761107 11.0299128307 2.5953346466 6.81229974172 8.46072923274 5.47677618727 
15.412369603 6.40484296739 -11.3101939991 9.98250594049 -2.11489022386 9.55693307923 2.93404616766 9.3067981705 10.2636754756 1.57703635355 
4.58917999587 1.30724486323 -13.9695657994 2.99569619199 2.49783764221 11.481410457 4.51096734873 1.2231011714 9.22011618538 0.483163848296 
5.92334651293 2.67190944511 -14.0882789922 -0.998777884432 -1.85361734831 8.8110053754 7.49411936144 0.984750261159 9.89027725697 2.33472671432 
5.2705236177 3.86002174044 -10.9708211855 -2.5457556895 -3.29712580108 3.7767794767 5.80371672394 2.23975398577 10.3053474503 2.2148470328 
3.04739311379 6.03706762075 -8.37583884404 -0.888707861604 -5.72608252476 -2.64704838442 4.17376584773 -1.20428182349 7.3666182308 4.3001987491 
-1.04721474292 5.03939089529 -10.7596408888 -4.15709074281 -7.29101952002 -2.29354399998 0.253005364776 -6.49444685868 -1.95521623181 1.83805563393 
-2.88710034748 5.05732455206 -6.60540973399 -1.5284027039 -7.48247388769 -2.39208733118 -4.44361414761 -3.00612658693 -0.235213757243 5.74697499823 
-1.27071901305 0.907845405948 -6.51731073453 3.63852239206 -6.16881184609 -2.83533310821 -2.67370497532 -0.156374464211 0.236583004027 7.09797854367 
-0.775052864147 1.37101236092 -8.84221393607 6.29110641109 -2.0706136056 -2.33043008556 -7.69624913807 0.194842194617 3.05152271114 0.665619472321 
-1.70270624097 6.41527542446 -10.645278697 9.82185547551 -0.474768799638 0.408471234248 -5.45974830651 9.10309099593 3.07484404835 -4.03381335942 
1.87907842348 7.21594145384 -11.1627901276 11.0875573834 5.16206998621 0.434946791909 0.14048531954 12.5861095415 -4.74114519043 -6.04439350533 
-1.41538898433 9.47665515143 -8.61985660556 10.1058372127 9.42757826879 0.842178793115 2.22500972132 18.0017471828 -9.43234380666 -9.19360220905 
-1.80257504357 10.3312630238 -5.55215522587 3.66860359385 10.5229959791 0.163415270246 -1.1298298149 16.1473231019 -6.0501806301 -5.17107295409 
-2.31526626679 8.95766965585 -1.01697405783 0.805980012828 9.63108903537 0.927412793638 -0.329632139155 12.2099123817 -5.97414608543 -0.742572833668 
-9.08447881529 12.6514125581 4.23808892938 -1.03326109676 9.13913845836 0.638179416584 0.816244485037 5.25349011383 -6.02527569352 3.85061767648 
-11.0098245484 15.0569040308 2.2538254891 -3.04069523749 7.40096587265 2.29810061486 2.10586527696 1.97101663494 -4.75061670583 6.88089054716 
-9.67730532215 16.2401729348 5.99301791919 -8.08128443736 3.92639558573 0.0172934733636 0.0222680853599 -0.199386574081 -0.0452985323622 10.0911376595 
-12.6381546036 11.2790416342 7.33125940414 -5.61009720697 3.84916794022 1.48783864976 4.20880314713 -0.497848585979 -2.32492090665 10.5715759003 
-11.2563070478 7.02282815328 9.15750640116 -3.71205783634 1.2442556883 -0.401351464767 4.78088437382 5.23140623042 -2.62179561017 9.87141094181 
5.23949409099 12.8958322587 5.99347804117 -10.3861479572 -8.35239676246 -12.5234483361 9.42671546826 9.17210528061 -2.6884152242 -1.88893963815 
6.68832516944 12.666483087 7.16090609674 -6.66761821424 -9.2577457008 -9.27440995638 8.27107850992 7.30726400189 -3.11960192811 -2.25315358055 
11.3416525849 9.64851925945 7.84726365428 -7.54481483045 -10.8560673352 -7.56803869417 3.81291592701 9.87600474796 1.82816775843 -4.17967632466 
11.7605537957 3.89409997631 4.17470582017 2.29477629057 -11.8354654153 -4.92031727362 -1.33725645752 5.53115440246 5.29154817375 1.63569612139 
14.3874326137 -1.53823818336 1.20327470032 5.47272749689 -6.86254620424 -2.75507312002 -2.02087449399 8.63598850273 5.36966387307 -2.78942422927 
16.4142107613 -1.70007760599 -2.064644311 11.2329067756 -5.20450969056 -0.214076922236 1.11413107312 4.6869554879 7.76787933706 4.79498579754 
16.4155749115 -2.98874948047 -5.29564698372 13.4763635332 -4.88765796012 5.4542138442 3.2986856777 3.19346035563 13.7963131267 1.40938775433 
12.7654355976 -1.87140357684 -7.48526664939 11.9255556155 -7.21736234841 9.92067855724 3.54408459758 0.5073443057 14.4213344331 3.6873366949 
5.02603140539 1.01471430446 -11.5939065892 6.19357259329 -2.91970503563 9.31553644019 2.19046095656 -0.141443716893 12.301191099 3.58254134871 
4.00708063425 1.81616749632 -13.3839037232 2.85301795709 -3.91366720579 3.71971751999 7.20081013967 -1.80709031404 8.72860676446 4.21534821108 
5.76334727218 6.95100572948 -11.6786595457 -0.108671596751 -4.98967835948 -2.01123901315 4.98736032387 -1.49009669138 4.99968307106 4.36954870749 
0.349163004298 6.1212545041 -15.7361339039 -5.67114886186 -10.1857753904 0.908446026475 2.16216898997 -11.0070842345 6.01056500358 7.90473351467 
-6.47983957061 7.74985103562 -14.8323756529 -1.05470651009 -7.43305665175 5.72756154248 1.08680082867 -6.90204899859 -1.24735744663 2.73273352067 
-7.57214110976 3.84157297199 -9.93427119415 1.67757938885 -2.2421774293 6.6536042107 3.91394774354 -4.18624708929 -1.66210906119 3.79389008927 
-10.7318044893 1.74100601852 -8.11830847986 5.44488807256 -1.97015537895 7.7801200116 5.54522912922 -8.50672308461 2.26384240413 3.14801670066 
-21.8122455173 4.91919397322 -6.39434271872 5.68388269838 2.00995311298 6.23847006229 8.11093386389 -7.300000962 -1.38170675766 -4.03058355119 
-21.613810885 9.30188479029 -6.12499600088 7.67780599209 5.15054207193 0.79093554676 10.5497864648 -1.57240447206 -2.25462768343 -6.46163423268 
-15.1321175656 8.69373578182 -6.52555358996 7.48596035349 2.53827659992 0.129723701253 4.95835454812 6.04971616003 -0.989204926396 -4.77362125342 
-7.56734673709 5.4217318254 -4.4354836423 8.725774337 3.73734556642 5.82323950884 0.887292304889 10.0317767069 -6.34055297674 -3.05996803179 
-11.2323258302 5.67016160877 -1.87634109258 15.2452932237 2.06022718642 4.50214337605 3.3660543689 8.42383725475 -6.04168080722 -4.01699718054 
-7.1549118169 5.43182649516 2.12588860376 15.4116677933 1.79266084527 5.25419237531 2.54613356966 7.02751482593 -6.81469094772 -0.219570228521 
-6.44870046761 8.39480954283 2.3820178484 13.1104288111 0.570967447964 5.57900854391 1.63926179793 7.77970693667 -7.34165360921 2.21640517375 
-10.8157544097 12.2912972249 2.286175987 11.3632780591 0.958412619817 2.28862586372 1.29587635475 4.38330229403 -3.79596970622 4.6569671602 
-12.6886904203 9.46847142966 4.91549692845 10.7142023495 -2.06119812466 0.484670421033 0.192700048303 4.30948871374 -5.34561615403 3.11201256416 
-16.6044286189 8.83957353377 5.17271776663 5.99098976278 -3.39032530466 -2.56305099073 -0.161155799688 4.30536427606 -1.92293240318 2.91059198941 
-18.0924611444 10.5142831532 4.64365778505 8.30879561174 -2.81507498141 -1.17218720758 -0.848484783063 2.5351772439 -2.46707580932 -1.39472103494 
-18.4352156454 12.9789593632 3.21747115228 9.62367315741 -4.41762482524 -0.702468623095 -0.021594996642 3.28642772518 -1.24800458509 -5.05400676571 
-20.9205692415 14.4079380997 0.739439132006 11.1508338785 -2.76378771953 -0.98726411946 4.0010100246 3.75378945689 -0.32823923055 -6.34764688613 
-24.2224869664 14.6834265354 -2.5869049516 13.6820898074 -3.37249377875 -1.42172865361 4.82811755987 4.67406659184 -0.367658328979 -8.09980123795 
-25.947177496 19.046645851 -2.44838807616 9.40678526502 -0.66997204775 -1.87420772127 6.07397876514 8.28926292391 -2.8451201446 -4.8783640333 
-24.5991068699 17.2506729825 -1.10187862694 8.70433035007 -0.00630224394998 -0.895502026135 6.06417621143 2.89875203622 2.05015066695 -5.53987316461 
-22.5387927428 16.4807327674 -3.50949924098 6.17832511172 1.01772405685 0.917291470807 8.28230964873 4.22497962087 1.8101682574 -5.91425037564 
-23.2280680481 15.8167925816 -4.40925434232 9.16387419334 3.23117984953 2.50307222041 10.6785543033 2.54505643124 -3.03062878747 -6.00129810705 
-19.4335732099 17.3415084631 -3.41101876317 9.45038722272 6.77770230272 5.97925474455 10.6473414873 4.57247588224 -3.95634071354 -4.77901578702 
3.2980642847 15.5604663659 -0.178610598666 -5.62944429286 -2.89787091627 0.991252909923 8.1079782377 7.64480722234 -2.08748471121 -6.06198243875 
10.119085771 16.4043372297 0.783654758399 -10.1536465237 -4.95755812055 -7.66000786071 7.99659030317 3.75125073477 -2.20619621711 -3.33715750398 
14.2165075949 8.96687840867 2.19044058466 -6.80873592145 -8.00551705406 -8.49516667597 5.62088741348 4.9137607604 -5.8710448699 -2.91043141604 
20.6537950908 3.78146898349 2.14713225783 3.18667099889 -12.2355566572 -12.772355412 5.49228931926 2.24981483938 -10.5045023299 5.38303214714 
18.3439880223 -3.71631651944 1.55350561188 7.88967614883 -10.4542949566 -8.62318955498 3.03471748431 3.9753471063 -6.76056962697 4.52313147563 
13.94849759 -0.469414863227 -3.42018766684 5.4726172706 -9.0720762957 -9.90355823873 1.3955402893 3.90913848103 -3.33231810796 6.28900887269 
16.0403796212 1.29770536333 -4.93066492814 5.54324722564 -10.2208591018 -4.99796460709 -0.273018928596 4.7196490399 1.4809358502 2.7495803418 
14.3311693094 1.66231778934 -8.54140911725 4.38377053724 -8.84875106189 -3.11210888905 4.5504834076 2.10494767086 10.8015534446 3.55385625313 
3.74299221103 2.23094257375 -12.8725328378 1.71784940883 -3.68840922338 0.236528693167 5.98371516101 3.23564104956 12.4354189264 -0.636300010069 
0.984227888283 6.9269814822 -14.1159101213 -2.92382470233 -6.35498393699 -0.628692594795 7.58357825558 1.94907881814 9.93801207108 0.127638718575 
3.38551064077 8.21576062255 -13.9061502556 -4.39180315245 -5.40169846631 -1.54354688306 7.27193185462 0.559270939237 11.5928178367 -0.900814794338 
2.08878116123 5.60617931997 -16.4197900578 -6.67348184756 -7.18418777773 -1.59674689421 9.41294062903 -8.47028827585 10.6499011349 0.708207944888 
0.157544920071 8.59875145276 -16.0162959088 -4.22273767882 -4.77853161109 3.63516813216 4.55512452302 -9.77009423515 7.23614667553 -1.46235233131 
-6.79394451452 10.3255626864 -16.8857161354 -5.48706923429 -7.84950122996 4.88055660933 -0.262418367837 -12.4873838932 -1.00900838524 -2.41866303192 
-13.2042548497 7.50607637176 -16.1322791064 -3.13692055416 -3.9248603175 8.45419969581 3.26136976747 -15.4869955572 -3.40787612422 -8.61295098466 
-16.3416049848 4.13638781363 -23.0817693222 -7.88956905958 -5.93151021361 13.2207440353 4.16485407144 -18.9420794813 -9.20923786485 -8.20007559494 
-21.6377560715 3.67762379107 -22.7716350607 -5.09390049629 -8.03930241633 15.735380937 5.2951263009 -21.8200370199 -13.5632894195 -6.39229330423 
-23.5037276216 11.0562301891 -16.6444655616 -1.78776881889 -4.36191330111 9.78385868648 4.56914971576 -14.553868088 -9.9739524797 -3.30371647083 
-24.0729186484 15.1738996324 -8.73949335115 5.57034547543 -4.83779212795 3.70958665622 4.65755705259 -4.1172679744 -3.68426423932 -2.5276144481 
-24.2982500411 15.4182231379 -3.69078718448 11.1011755632 -3.91745283515 0.0221604206415 4.10533343143 -1.80540983748 -0.0429190773672 -2.05689737998 
-23.2656687185 12.8712848147 -0.462581743964 13.3672653965 -3.25736484027 -2.09411379944 2.47358610953 -5.22432513264 0.561199301205 -6.68636501239 
-22.6256342536 14.3362138525 0.292881491412 17.8211415133 -9.04205119629 -1.41976328232 -0.463825161526 -5.34868103097 3.66914677628 -8.19730708256 
-21.7646090445 11.9927382105 0.416523834496 16.5962319754 -7.8967868656 -0.889781688222 -0.23222275674 -3.62785760155 2.66840501397 -7.96682165058 
-22.4397382784 7.82979182406 3.54360994687 14.9983716423 -4.8808995712 -2.0628667762 -0.762060686827 -7.31048422758 2.20625256511 -6.71628981741 
-24.1101904167 9.1496243881 5.45480398441 10.08534698 -4.84071386957 -3.22599718718 -3.30680716305 -5.04488199491 -2.69191021774 -2.89371724101 
-23.1304112873 8.82969583795 5.54485669628 11.5884052701 -6.59180170554 -2.36614528765 -3.33454218488 -3.1301484852 -3.16378792186 -1.34519642304 
-15.791577317 9.6772655695 6.36115946362 2.68546536987 -7.4037154854 -0.332491501199 -10.5367501993 2.0269052448 -1.66337040058 2.32016632838 
-20.4274587005 8.06957076701 9.46309050078 5.03600035822 -5.3663664349 -3.04575714416 -6.53528466852 1.53372433128 -0.102811642984 4.6752065345 
-17.7203616873 5.52139062839 8.78937654398 4.22356234715 -5.98707077862 -5.16043230017 -3.75131015275 3.62114611594 2.05358974295 6.90296084374 
-16.0675776289 6.71827172912 8.41759449291 3.43982514266 -3.21756479286 -1.67196558332 -0.339643314045 5.47719897711 0.295675687354 6.83186590844 
-19.4459855552 7.12612105709 8.96217233584 1.68592814151 -0.696018565786 -2.9535699049 -0.469147576085 3.80290210758 2.12258424796 10.0242312448 
-19.0514794468 4.44137184875 10.8025117628 -0.519380335161 2.10313050366 -2.36840109579 -1.16236471671 1.13817084272 -0.897892486854 13.8454300319 
-18.9561093981 3.78108073436 9.68357941856 -2.09892931556 2.15035381859 -2.55628328726 1.92620271775 1.99854813479 -1.83123556369 11.789403387 
-19.3730814941 4.89321036058 8.63549022088 0.8097757022 2.72292880927 -0.221808736885 2.41561387554 1.1409079784 0.251313309944 11.3660654133 
-15.5583879626 2.66823503184 10.1709687144 -2.26168064403 5.31436829978 0.608435097734 1.45393364993 1.24727343585 2.77836766881 11.9640204216 
4.06158520403 9.94189495691 8.85293360131 -10.7135497116 -0.735550712292 -6.99004582653 7.3351069278 2.09556533788 -2.95135405803 -0.257523086157 
10.6497837088 13.8436155003 10.7877857374 -8.68164081889 -2.51322087724 -7.18479127321 6.76602251633 -2.20064649102 0.163517022667 -2.88178648077 
21.0845535752 10.4068725122 10.4854680176 -6.44824163855 -4.63718332468 -7.06996049779 3.03907283483 -3.33384277809 0.526247059769 -2.87856652039 
29.6187189179 10.583963261 8.82091165604 -6.91971444959 -8.05868629823 -7.01592811498 0.0039755878221 -2.62311184283 -1.18898150635 -4.55299611146 
29.8048439845 6.93338209205 6.4264964194 -2.15498901933 -5.30313334815 -9.34522165919 -0.5354604639 -2.39608716457 -7.34534276652 -3.24253037357 
30.452509339 3.48383437432 5.21829720963 3.52074212277 -0.0629490451452 -7.67194130537 -1.50644059707 -2.47550517687 -9.82899015423 4.52474336914 
35.6919618584 1.89698247671 3.50085676697 6.57156250358 -1.26648547676 -4.03719980438 -1.99197050637 -0.79193207329 -7.75014816023 2.31499548265 
33.559003741 -4.16194081497 5.77697532452 6.61382258166 1.57695907279 3.65616683169 -3.13556201401 -0.28671950633 -3.54951467901 -1.7652236357 
26.5333493399 -3.82640302964 0.915325930952 8.02744887656 3.97780995456 8.07423990882 -3.41548123268 3.1278480568 -1.92104457303 -0.164678287461 
19.4120763968 -1.33296155729 -1.57625331679 4.11374302292 8.31239057534 7.66696685569 -4.88787348028 5.80737023477 -4.40805360263 -3.60090798798 
19.7123818023 2.347561584 -4.38849900552 -3.0512546187 6.85592397869 3.58707526402 -5.57386570957 7.04630334952 -1.79501362826 -7.66011641811 
15.6893360853 8.48131509033 -13.5129922185 -4.41816593089 -0.636581588681 2.01985223802 -3.06534002987 -2.23402542793 0.191710784691 1.91667925548 
9.54626972238 6.80429933484 -15.7027959889 -8.40471864256 -2.84719525974 -1.37561143417 3.5320506613 -3.5426045362 -0.950799235239 1.92275568233 
7.51938610296 7.41077680796 -11.0310874736 -13.7256461678 -0.434806452 -6.59307359615 3.35173558728 -4.15077259933 -7.56003909457 4.20239140621 
4.95979045648 7.12888333655 -19.162830852 -16.3331905381 -5.308904161 -3.5237324307 -1.02387247728 -10.5547144334 -12.0661431454 3.08425257978 
-3.39465480333 8.11787140204 -15.2266904005 -11.9489348478 -2.41490252859 -0.13397732415 -3.99092388825 -8.15996828293 -11.8115082565 4.35856708365 
-1.15639270762 10.6930461192 -13.0732467447 -12.2346498117 -1.03639533029 -6.36600580115 -7.68960801058 -3.89013296751 -7.32225785145 4.07027064161 
-2.93408207262 11.1339377375 -7.527653866 -9.07550832138 -5.03073066627 -3.84549722631 -9.71747937231 -1.98146971757 -6.34048438158 0.58037870757 
3.00159130258 8.67800117911 -4.83903622513 -8.67201546855 -2.25225875528 3.16679790458 -12.5408517072 2.14481521488 -5.59200214309 -3.20818009039 
-2.79708307825 6.25521960703 1.58587022551 -4.09799953045 -1.73257217699 5.91504916416 -13.0785357143 0.357021510049 -5.31807446443 -4.93347966046 
-4.18647909638 6.65643810119 2.65830971457 -2.60203676677 -3.24748365106 4.65111299393 -14.8501458333 -1.22378803721 -0.848746409727 -4.63988436655 
-1.99324494118 3.74896006081 5.64426754587 5.10186268318 -3.41166728752 4.18072707347 -16.0799397089 -2.08129019539 -0.205134764339 -1.83523008543 
-6.11385526062 6.8836144964 7.04027186578 0.417120504778 -0.0406640008891 -2.68939188697 -13.8064133102 -1.50075743018 5.23965356399 -1.7823136454 
-5.33383706043 2.71797455103 9.73043716785 2.21644007199 4.12869079397 -0.480983780453 -14.6516116738 -1.51944740616 3.35568812093 -1.7668928287 
-5.78446228509 2.18458899317 10.4723119253 1.87531679445 4.94950993848 1.17363102712 -10.9949085342 -1.30228927615 4.01890237886 -4.36358373252 
-3.2078375389 0.697269189871 10.9789791698 1.43634787229 5.39898240771 -1.32600258753 -12.2612697525 -5.58652207599 1.33218485527 -2.51475135119 
-5.04118910221 2.3389800878 10.7461520554 -5.31029788613 6.10977953985 0.233749328485 -11.4809039138 -2.62251743271 6.2644649858 -3.81827390847 
-0.762984362318 3.63877775942 14.2183246737 -6.36457031844 6.21409128227 -0.157893317046 -11.7315298419 1.31354451643 4.31802826505 -4.0154749105 
-4.43942386006 6.05454554619 11.4034431985 -6.17455031191 5.62285260087 0.040234023475 -9.83286976489 4.01145759404 6.79447934724 -0.663474152411 
-7.09766111664 5.07189050913 10.716319371 -5.92719885116 3.45086563077 2.50113396227 -7.95394159476 4.54130479492 4.76052689179 -0.0841227636819 
-12.7840821641 4.25078695353 11.5671524898 -7.31864922027 2.47487634941 3.25187534873 -2.73724508269 1.71908554192 1.12700128558 5.12031829925 
-13.7668887057 6.19770743793 12.4765286664 -8.93426871156 5.02209429996 -2.34605805928 2.78330160674 3.90162774615 -3.1816367767 7.6276082803 
-18.0997074649 7.74491699419 12.4530130344 -9.19270553817 2.54172784993 -1.11869068809 4.18540214282 2.0878755132 0.115788625068 9.31703163042 
-18.814358344 9.80102509175 10.914836182 -4.4475345603 4.29911818659 -0.56384851459 9.23951158049 -2.76500089479 1.40097527625 10.0369922745 
-18.669446634 11.8706923344 14.6433670858 -5.98190282783 3.11852385168 -1.05778484956 6.61124665703 -0.123310700562 2.94723051582 8.36446838942 
-19.5823998074 10.008412341 13.0109305649 -8.83435846387 6.99806209301 -1.70706216567 8.2323115842 1.4535331889 1.85035680393 8.72334349243 
-19.6149961897 8.24423446106 13.8663914705 -7.99178647165 8.09744983158 -1.05511810046 5.92285758657 3.12963437402 2.14899890629 6.36257469208 
9.19881512574 11.6655816608 15.1649875838 -18.6534417835 0.303958899084 -6.70914609937 6.08528196808 4.4459291162 0.0439755511486 -10.8106399726 
14.3050193361 12.5912274804 12.3794991699 -18.7277650569 -2.83221582453 -9.09732789597 5.85927829546 2.9734058577 0.644496460717 -15.0626752684 
16.8468461813 11.2549393872 11.8770137924 -11.193447878 -7.63164611605 -5.02079193834 5.18352343835 -2.88453751151 1.05112257468 -9.16499375803 
25.6379800546 11.0184390354 13.2884646613 -3.51805107019 -10.2364048592 -4.85704017901 2.6837954005 -5.90997198482 0.313502710938 -6.3425948615 
25.5979493183 8.09929931654 11.2694363912 -1.04076918665 -7.50224369805 -6.35955616075 1.69850177072 -4.09085004533 -2.11390892644 -6.49003382512 
23.0739307378 2.02658515259 10.3295662667 5.2852899528 -5.95114424026 -2.56513279226 2.03697024364 -3.33737839977 -0.309525850408 -2.48977638989 
24.774022216 3.25585465842 9.01090770655 5.67973671869 -5.31638881584 0.152204602038 1.69012662996 -3.28444300752 -0.159377980622 -0.84421356968 
29.7621400309 4.51789272187 5.77305964447 5.00860945335 -5.49247030483 -1.83264943826 -0.910535247363 -5.53098126285 4.69876646572 3.39287637827 
25.1045350415 0.862387006288 3.40397431605 6.85825135767 -6.27592663701 3.80092625684 1.52102656075 -5.92749687031 7.62132691383 3.38016928648 
26.9245123994 5.60754468154 -2.21118415323 -3.11485809775 -0.899379616454 3.07609183075 -0.345916736384 -3.79112900333 3.43786872603 3.64773764642 
17.0424787456 4.18478994252 -6.98294888197 -4.39639219177 3.95847440127 4.89638055349 -0.433704805759 0.41986844969 2.99910106574 5.56345197931 
12.8655252382 5.32724744276 -7.35943087342 -8.20178738183 9.7948309759 -4.65028798761 1.30333792868 0.163660743887 3.06120534529 5.02640815859 
5.11531594113 2.45786186047 -13.0330517941 -5.76014230734 14.1880444976 -7.80346710603 -1.7770742658 2.99522975901 -2.19290690008 1.24795880573 
4.11680610896 3.37582785237 -10.9136308484 -7.45427984864 13.7370411786 -7.52173624053 -1.31653867108 3.72267737166 -1.55431782652 2.48695050779 
6.34245614403 3.47319296773 -12.1347383758 -7.20715463793 11.58561918 -13.2852966401 0.00865305719376 2.80978860118 -0.540975954327 4.94498868206 
3.09404498198 1.95680425655 -11.2199999299 -6.35966559965 12.0994982462 -12.8701371225 -0.387307598866 2.74077493398 4.17850590713 2.33100616504 
0.669151691465 -0.262302989831 -8.8381920616 -3.49339207682 9.16604477803 -12.6358123641 -4.07426167934 3.31390742362 7.36433238767 -3.21430732395 
-2.71315741538 -8.12597093085 -1.01368835215 2.74734147928 5.51954881744 -11.5394438826 -2.03295984069 1.918437466 6.90905167505 -4.01896863515 
-7.54464410519 -11.2942888042 3.25470678848 10.4920485418 2.12149739694 -12.0658340743 2.83131320067 -5.28571061846 2.50697039323 -1.43530810435 
-9.20690901283 -12.2177698183 3.00333505093 10.4112321059 0.831143239053 -8.2309300935 0.797610325828 -4.52218483635 -0.0648746967876 -1.0509870592 
-13.1218572326 -17.2155645861 3.17515233018 8.0685428679 -3.14205178657 -8.40979783574 1.09392747181 -3.66060548808 3.19953728641 0.172801230611 
-15.6520660744 -19.4845841892 4.56768597946 6.7686351992 -1.87468593583 -3.47344774868 3.58761119818 -5.7727342341 1.63008008159 -0.245496689496 
-12.667262564 -19.6547059533 5.45651822071 6.31915032194 -3.99072927688 -2.52875050643 1.21419619442 -4.2050977991 1.45229096411 -0.909588942951 
-14.2758712409 -19.5052090302 6.09870541281 3.21131804624 -2.82043419995 -5.59410910733 -0.788411939392 -5.25703310927 2.29584348376 -2.55735456444 
-14.7158302709 -21.2803682107 3.80771257019 1.20813875343 -4.30285639675 -4.54408488529 -2.44414224419 -5.6526691041 5.94142395691 -5.02837476814 
-12.0904032857 -18.5542832027 7.42486606409 1.41096903607 -6.38108031561 -3.21017184136 -4.63842027633 -1.94891698448 5.52595612762 -6.16781480888 
-12.6165316793 -15.8409711162 8.11632242815 2.76664605815 -4.08217588088 -4.82578944448 -1.82998595145 -3.79756751647 6.23900661284 -4.93691544145 
-9.62406933963 -14.6174589981 7.04863705243 0.129274949786 -2.90682678127 -0.0966144245401 -0.886583440755 -1.29449518979 3.37867764119 -7.2114417645 
-5.85000489655 -19.1502305171 6.5281676411 -6.05898500083 -6.2154084135 5.98909865553 1.58682556751 -1.20084688698 6.04640471225 -5.59204797019 
-4.89756006929 -14.2430251646 6.20473546451 -7.97545035556 -2.92172780055 10.7027529657 0.648812422557 2.62741542394 4.73124854799 -7.05667052913 
-2.58580781453 -16.9001530119 2.85013921522 -10.3983340558 -0.434057162116 14.6194967068 1.23169696706 1.50548966158 3.71396016309 -3.27393470026 
-2.61734439816 -11.211967796 6.82364877033 -11.8622360009 5.23383157267 13.7364662657 -1.54902008454 3.16380442328 0.847981993927 -3.96367283533 
-1.86085675032 -2.83917088275 8.7093408892 -10.5341875312 8.34949592767 14.3455610054 -0.717407342972 0.693229346677 -0.656749141335 1.47038579753 
-1.5147831268 0.624966797994 11.4332128236 -5.86091002544 11.141146033 12.8823334373 1.67875347581 2.8934408238 -2.87099194224 2.51623082294 
1.82673226188 5.06271850115 14.0791756217 -6.89712097648 13.2639656082 10.5724870662 -0.0511386309209 3.70341634603 -3.03087615954 3.46893790482 
1.399640125 6.15690858521 14.2340603884 -4.29632666165 14.0148132392 10.0572740907 -1.13717807421 -0.111472017379 -3.2305979792 4.24644702047 
1.13267641099 6.23167319451 13.1218170998 -6.2593952536 12.0584211856 12.5903124124 -0.110093857076 1.05159247051 -0.817526244597 4.59816850803 
0.383359158962 5.02337349137 12.5379951923 -5.75408836931 9.94847215534 13.4432205327 -1.41668465465 1.4211087399 0.162854894053 0.575642209075 
13.4769451469 8.02595080982 12.7508901471 -16.0533600079 4.19061747569 8.26212995278 0.539387782176 2.77900934716 0.474961250874 -3.72426812949 
15.3826326514 6.37284826414 11.1975500229 -15.7203802164 -0.857223866254 2.04512455321 4.2337082845 -3.41471667114 0.353278406165 -6.38331005067 
20.9201193223 7.59988713873 9.8009566787 -12.9639463174 -2.37374811183 1.92653674495 2.9766872823 -5.14687553817 1.48772988784 -7.10443136693 
25.4380365565 3.96531891469 11.98334286 -4.74679110955 -4.73758627637 3.13913533412 3.07502427919 -9.06947197218 2.94738276803 -5.27342958945 
21.7574322467 0.311977926639 8.77849855953 1.21253770534 -2.79381646606 -1.06379448582 3.91819786944 -8.84005890286 -1.14224732832 -0.837974985711 
22.8668564729 -7.22284555655 9.15705814756 8.87126373035 1.57944841222 -0.794535224572 7.96652808007 -10.1475732236 -5.4859741213 2.97760133928 
24.0144201699 -8.18033999832 5.56987376056 10.4942115924 2.49124728241 -0.0647401308837 4.54604527132 -10.0177249494 -3.43279302578 4.63207857348 
30.1949659754 -3.30455911171 2.60109192038 13.9298818136 0.644338131313 4.54792066023 1.0062116527 -8.08996160263 1.22483708597 7.51102276504 
24.5084854296 -1.52762490714 -1.79502002296 12.4384033935 2.01329902542 6.1156401971 3.03651872047 -4.54865017484 2.1022372712 6.49535870415 
14.17588414 -1.67970046115 -8.3923696677 -0.446889198037 8.5571365033 2.83781222029 0.293756119442 3.25615097943 -3.3569191638 1.42358857515 
15.163912192 -2.0850937922 -10.4737207226 -5.02814856526 7.25886296202 0.615954064561 -0.973018748272 6.29305207254 -2.68316168299 2.34157589524 
13.2817855746 -1.71344137532 -13.5335163438 -6.14350919423 7.21968854663 -1.96176124227 -3.2020750818 3.15794757765 -2.20949112913 5.54939602121 
11.208877254 -7.23135442065 -9.73495274161 -0.304724525992 7.87333254029 -1.03367560062 -3.79651215381 5.72129655352 -5.71684947868 3.05052113131 
12.9574259101 -5.33350032048 -8.72547903628 2.13499212452 7.67324627536 -2.47304951047 -3.5934129574 4.71847408272 -5.83215756521 4.29690981921 
7.78795618499 -5.41883162808 -8.04329466067 -1.93503734122 6.10843426633 -8.67125777644 0.970137156121 1.12465723845 -7.38228680708 3.21596842392 
5.90259756108 -2.950436153 -9.46742194199 -6.32164171137 4.33160184364 -10.116814053 0.321705491359 -1.81192448284 -7.2572254251 1.97933893284 
0.668696141905 -5.04251233042 -11.735295991 -5.69150542763 5.77956951149 -7.21933297801 0.00907472024954 -1.51967340514 -0.900651183218 -3.58687189504 
-0.837296021963 -11.8422068583 -12.624315519 -3.18736959159 6.35746295509 -6.1578988091 -1.11826329311 1.88179401463 -0.345673239487 -9.02998818608 
-2.23201467899 -13.9068855678 -8.87444238442 0.0731246695364 4.36280067807 -9.58384255453 -0.179852718159 1.67870600438 -4.41240688803 -8.42671266146 
-8.43080174352 -13.1829194081 -6.29139782317 -2.14848842485 -0.197740774245 -5.87646830996 -2.35945346502 4.35028507517 -2.08826510601 -6.06773538734 
-2.42519231215 -13.2118412101 -2.77427701619 3.43250776435 -2.34085279821 -1.32583367018 -7.5768325356 6.56716404994 -2.39940458713 -6.44878129572 
-0.80706864427 -13.0559817973 1.96855961255 8.39288335836 -3.14827376085 -1.16939819312 -11.2783529295 8.32505502899 -4.23613903566 -5.46932906893 
1.49842724367 -11.1194496378 1.16262516571 10.5448658096 -3.62480388983 -0.947071352788 -11.811269978 9.21036674169 -5.99662429234 -3.03103782169 
2.3600902708 -15.3046320714 7.23158611476 9.16813209772 -1.52587755041 1.63972785709 -7.53247930087 7.9965988467 -6.2637353493 -1.40570774465 
1.29604128719 -16.4147897039 6.62134818853 6.09619558127 -1.49741370836 4.1345685068 -7.74829894797 7.63298909851 -5.30691507641 -3.23481610654 
0.32519149913 -19.2500051974 9.15471669573 1.9277011581 1.16549400291 2.44806099977 -2.15608538544 3.57685310858 -6.58252765127 -1.25625744275 
-1.00579114506 -18.9269285426 7.86902207413 0.10839365715 -0.493639895101 2.91279675248 -0.799443895399 6.8126748993 -4.34561516245 -0.2206165284 
-6.2797578545 -16.1672147826 8.06114701901 -1.20002494048 4.17301698331 1.61826630589 1.8828576101 3.99030293343 -4.65222803107 2.80713741287 
-10.3250955507 -19.8486752994 6.83639437531 -3.67128997996 2.65116088956 1.24186407816 5.16884976254 -0.493650223899 1.70897841166 0.754154623688 
-14.9635959342 -21.3941990156 5.41101947709 -6.97698067204 0.488773336711 0.985981756326 6.61175756244 1.54438269342 2.39037802972 2.80907127865 
-12.5292386499 -16.9458694639 5.84661421978 -7.62600931043 1.0348631522 1.78236632585 8.05442833965 0.971039047694 4.42844806579 -1.13190832377 
-15.9941588888 -13.0334668997 5.5197918233 -6.92753624888 1.42522961685 -2.80258395026 10.8090090728 2.51066644945 1.7215593674 -0.477221455539 
-17.2257982502 -15.3591963397 5.13411943114 -5.07840194718 3.92679391292 -2.88682586855 12.6449550021 1.31595433367 -2.02275600906 0.154141980289 
-12.7160021333 -12.8017679871 7.62830032271 -2.92383337242 4.28206717608 1.92343269278 10.1071792751 5.70287816104 -1.16250523117 0.856456203344 
-13.9314866458 -13.7361081957 7.15038178158 -1.08098271792 3.67848829235 5.61465609565 13.5954535785 0.676632829882 2.90343714259 -1.00762741138 
-14.1125229384 -12.0495779608 8.41974759453 -5.11090811621 1.62191643328 12.7585275964 11.0152855952 2.9528683576 4.57546363127 0.776531286625 
-13.1441337229 -8.16540403463 6.53179054843 -3.09786736682 1.30978215622 14.0619050854 10.2773482733 0.851145920486 4.00097056586 -1.37303303453 
-12.2978205654 -5.83493069796 6.8284268443 -4.76140056823 3.34461310343 15.1664737667 8.39610020078 -0.567903322154 2.07089273318 1.64348781486 
-12.2010839292 -4.42782155016 4.52163124147 -2.13533743698 4.12755398583 15.2099449772 5.89713253797 -3.17106032706 2.77111210107 4.44427006229 
-13.4007608094 -2.93134665813 3.0446015938 -0.178246773401 7.74025985988 11.3240408658 7.24229977674 -1.07426003165 1.29976414337 3.34075345293 
-2.85189029971 1.01289193423 2.59840848967 -2.80619255041 5.7916200364 3.84639427908 10.3170799492 3.49853112382 0.320083898083 1.34918405035 
0.330986602218 3.93878932724 8.47268144233 -6.99900195153 2.89603485805 2.22196267294 7.24181001833 4.83238579683 -2.71850523399 -3.87867357217 
4.93501575851 0.574005517633 7.68327865179 -1.48734101592 1.56018897448 0.788317606745 7.28990822119 -3.7622290383 -3.61974624526 -4.53309315993 
13.5587461188 5.01368502122 7.92057114456 -0.916808687489 -0.742582660753 -1.33410221441 9.6799333105 -4.7060181713 -2.7411258642 -4.10886507497 
19.0514514466 4.39677753853 5.07043210873 4.60105851653 -3.42359032297 -2.0675545074 9.02560761232 -5.70558442242 -3.08076774758 0.69820832298 
26.1283950327 1.76572374838 3.32799829966 7.89493246116 -3.38176634722 1.26438667866 4.15995751967 -5.56811549234 3.66366670251 0.0574324567946 
27.6278441815 1.53405790624 -1.56668969612 12.3983188255 -1.5915794733 0.502897739793 4.49854221641 -3.56112231636 3.83812700646 1.40427948214 
22.8962174658 1.93491666459 -3.67379142846 9.14008039241 0.525109975649 0.946940535545 2.68976494257 -2.31261509296 10.2838819071 0.207699590107 
15.087456081 -1.13639407557 -8.02928553669 8.75756173421 3.02852857371 5.62302357353 3.2397754733 -0.871979945953 10.4627582315 3.26638328149 
6.10429656687 -2.94271977773 -10.1480264103 1.18756678987 5.59502563335 9.06169214179 7.04260237348 -1.17160214833 5.20809972671 0.0198731019962 
6.33484506628 -5.22504350885 -12.1163705629 -3.06442870194 13.253811286 5.59575051929 4.36855684317 -0.132220648232 9.16342804027 -2.93465120234 
4.12841053859 -5.83252851765 -10.8342924935 -2.71909271401 17.8194772859 -0.401609044654 1.61250105639 -3.44415891436 10.3553091731 -0.949778363897 
5.17443458507 -5.62097070923 -10.5981277419 0.541750135573 13.3122946936 -3.13898678544 1.9491601792 -5.67667721786 2.63523546695 2.91582099067 
5.00963319769 -6.55980184126 -9.74242847351 -2.19030265944 15.3039830658 -4.50540723108 0.442578791156 -6.67091904741 -3.88291429196 2.91587971672 
4.46450592816 -3.91406553793 -12.7615317266 -6.26556710897 12.2565209053 -1.4380673626 -6.3968084037 -8.8617944588 -6.762822105 3.31332512336 
2.6896182044 -0.61910575696 -8.16186588065 -3.06960589035 15.0939793388 -0.671363827693 -6.23153286289 -4.9877254483 -3.70861247966 0.176353149956 
4.33607283734 2.37110883792 -11.5879960309 -4.27434301979 7.54057647071 7.28075092309 -8.48658081252 -7.09155639711 -5.68625492699 -0.834181116374 
1.3732947754 -0.464611046834 -7.48204364519 -6.40645372601 10.9981578563 5.90964567528 -8.87727585665 -6.64499659254 -6.21342008389 -7.05042176211 
-0.1165034693 2.50702253565 -2.94233615732 -3.75451574239 8.23381857179 5.20256379882 -10.13532546 -4.54078346194 -7.37077881364 -4.12557463593 
-5.78973491533 5.15949067791 1.53061083449 -0.718944259026 3.57147307394 -1.65140051136 -9.22702695055 -7.49979978545 -0.402118537466 -2.39417794988 
-0.703619135698 8.19955121116 -1.07438081972 -3.59556937439 1.68317139954 -1.46692127395 -10.5897123067 -4.29737464004 1.80654860693 -3.3337788119 
-3.5568775909 7.35793142918 0.935232352942 -2.65639508539 1.56311839315 -4.36538809356 -13.0858426052 -3.79008177286 4.83723027316 -1.33432996425 
-7.71186244551 3.68623059076 3.85294562126 -2.14580982309 -1.22230811801 2.91566084351 -12.4099901553 -4.78626155027 2.80834412002 -1.97054437734 
-2.17318789685 5.5038299251 4.19967829859 2.20128726784 -2.0653742919 5.02546646601 -15.1105090117 -4.48696490748 3.72409955586 -1.99796748206 
-0.385867915295 4.86606578765 9.87527310755 6.79242688975 1.61819382036 3.0005523825 -13.329170607 -5.46503216252 4.32621820917 -2.28820047379 
-1.9306120098 7.37119184567 14.2170157222 7.13056973159 1.75377891973 -0.291970775498 -17.5524067559 -8.20261545032 4.80152614215 -0.388223893213 
-2.16171182291 4.94839689567 14.7569511454 10.6960372378 3.44948532889 -1.30596338898 -14.5488913716 -9.90573989339 2.06564301129 3.88005526847 
1.55465861815 3.55489657759 14.2888162307 10.6838778963 2.01537723244 -6.21173672245 -13.7967481928 -10.1800421102 0.639199859748 7.23684336341 
-2.65604754949 2.63126405553 15.0335364789 6.50949868313 2.75994017609 0.285065329056 -11.5315480991 -10.5105226641 5.0492205636 4.21844628156 
-4.05908906348 1.28790091888 13.4431787625 7.3217346534 1.48694492376 3.43904194306 -9.14031923486 -8.10755327849 5.6181459283 -0.649815592112 
4.6727916532 5.70226123782 15.2603126851 4.77599467566 6.62463662095 3.09199032858 -6.98638633697 -9.10369500044 7.68597665563 3.60978818024 
4.8385612225 8.17575771826 14.7453426747 -2.97826772787 10.1898819071 -0.225400984974 -5.97108699487 -8.79938686933 11.3776632765 2.04760344803 
2.23476713388 8.35547389734 12.8078651653 -5.97453375291 8.9095831141 0.153962530934 -10.286487193 -5.22268148496 13.5868353514 -1.71918715682 
6.78883628644 9.50479892757 13.7763495434 -10.6116229086 10.9253642126 0.347699890537 -4.80044222767 2.20514373141 4.93579839088 -5.32527215769 
10.2638249966 2.89071474298 11.3731670228 -9.05673222951 4.45982542 -2.46283123626 3.70493985379 -1.33525411227 -1.00655204941 -11.4165484089 
12.8017636689 4.68725231537 11.8366318402 -5.47880591017 5.4582681317 -1.71199707282 5.55368023809 -3.79135572088 -1.16723707917 -10.04647147 
14.008991479 0.958665162026 12.491004745 4.66127190046 6.37808825769 5.32822356284 5.46849647707 -5.55244599215 -4.00374754026 -8.77116365812 
20.8878986025 1.28791567249 10.7848739637 6.89022846325 4.03783432566 1.66581503939 6.64416341117 -8.93448866161 -7.61936961124 -6.76471759419 
20.4749515803 -2.62964935319 11.4503849063 9.83957600836 4.19214316524 -0.239747385642 7.33420685262 -10.8609605357 -10.5718093673 -4.09066900919 
24.8602144053 -6.47404800075 6.68635822066 17.3197008751 8.40241787339 -1.60214289749 7.25456965258 -10.1764469983 -12.3736978263 0.31650748884 
23.9590900052 -4.18202816716 6.35259775022 15.5973370755 8.15351053595 0.612846261095 7.00395450118 -9.04635347843 -10.5049284883 0.9759984628 
25.2902075295 -6.01861561483 1.49318576341 16.1686082574 9.5827584379 1.47267810743 7.6202172454 -10.8777335692 -7.67355262784 7.15645623704 
16.8548116801 -9.66620031059 1.61836959066 13.317449318 12.0259220861 5.35752445412 8.35263552728 -7.05929988624 -5.50358574241 4.24581142318 
16.7171066467 -5.48825299503 -6.46451136304 9.26769335168 12.1027052241 6.0408397414 4.87867918672 -0.369908181255 -0.490215763433 3.5063716169 
12.2908883529 -7.19205602429 -7.65171085789 -0.329088448517 16.031297006 0.780982137085 1.60701472628 6.62792111486 1.92816442278 -1.90866246331 
6.53786075495 -4.91194285269 -7.88803307676 -0.445443375047 15.4923669665 1.42771446042 -3.40727723426 10.2007001757 4.96924421438 -2.38437918175 
4.42183632982 -4.06362855275 -10.3805318575 4.57504711051 16.4086180785 -0.669240922252 -3.71158397589 8.52404372505 3.97291223508 -1.24579923875 
6.15312036572 -2.34273289219 -11.774111202 0.899384121593 17.2860671332 -5.92932299074 -4.12371763465 7.5005532303 5.23023055434 -1.93422306533 
6.78709123487 -1.82820650483 -10.0083334501 0.477947894301 16.2901065406 -9.47200173974 0.241912769432 0.213214311634 6.33068757951 1.56703537764 
4.17490819571 -3.35016351224 -12.0608898227 -2.53972895185 14.9866816446 -10.6534810226 2.48241299483 0.287649151306 9.56237702923 -3.85896812939 
0.145613796241 -5.0329016307 -11.045031166 -2.24044039503 13.7226102672 -12.5939630932 2.43589964882 0.922932484681 9.36208408628 -6.9217676303 
-1.8983285777 -8.62734605339 -6.89465821499 -1.01382434461 8.83182667527 -16.7195377539 3.15515824007 2.17507334329 8.83474814919 -9.80748083839 
1.42788835027 -10.1565355359 -5.64062585341 -0.524805902186 8.60457142189 -16.7441227095 0.425074163547 3.12844899105 8.05325159379 -9.38849606939 
-3.68406640655 -16.1972502444 -0.141067390085 6.78441035822 6.38725373026 -14.2651377214 2.92223232471 -0.0509525878051 -1.61751700125 -4.31501280617 
-7.96871119074 -20.1824630497 5.00830488594 11.8047660374 6.02598720502 -13.1090805762 6.73089614342 -4.4476383117 -6.74302308427 -1.14820341255 
-11.8043959238 -18.984989157 4.46138082479 8.69983784214 2.2156339103 -9.69510720436 2.89372883523 -4.25493485384 -4.96495698822 0.118908105845 
-17.6291535927 -24.8998710094 1.03618837708 1.31877393346 -2.62580650821 -6.63523227411 0.197385723058 -8.75619215075 -2.96144015362 0.768822848353 
-18.6648291169 -25.8718154565 -1.10852960966 -2.75827552641 -4.91040907934 -2.45979116898 -0.690698700681 -10.1694300513 -1.2192652703 0.0550692728091 
-16.9058443468 -35.4429144946 -0.521575455831 -7.53591466609 -4.29953031701 -4.69555854284 4.36554511112 -13.0187344064 -0.177963606831 -0.681345407301 
-15.6089269085 -36.4673728557 2.31634529593 -7.76975725378 -1.79569278033 -11.118263814 5.6406865914 -12.1205061143 -2.44567038965 1.56838013088 
