14.7054664516 -6.17762488929 2.21768191367 -9.61418869204 0.43411493236 1.89221746732 0.106874807402 -1.50059126152 -0.569185294915 4.37177350119 
13.8147982039 -1.40384211443 5.94786881433 -8.56136264554 1.47134147995 -1.35546481277 1.04377745661 -7.48402902973 -3.88802671142 5.26433690056 
13.6584373291 -3.33804050325 12.2866061954 -11.4006156966 0.0228759595678 3.21173500916 3.13393192412 -4.69567186859 -0.781727065034 4.57456901526 
17.7846013995 -8.34921089382 7.83810618876 -6.35104538975 -3.43001911587 -3.86600753528 -0.112364493542 -4.4947042998 -4.24801788793 6.19804566689 
12.5563885156 -2.67838882204 1.29468238732 -8.21767774127 1.30024707563 -3.36265840145 -1.90928976316 -11.2835863523 -8.37167638267 4.37831198256 
8.38945525167 -12.7670972803 8.78435683902 -10.0708827875 11.9554545258 4.37887105427 -1.54208904661 6.6045628841 2.68314149177 3.83019983737 
15.5514201597 -6.53432630234 1.93605304131 -4.11966430464 0.489739099704 2.54138993204 2.94754911764 2.5385612174 -2.76812164465 0.682339613903 
19.5592231905 -5.76835115582 0.840765811122 -2.93938646761 -2.93368772162 -0.0631687213664 6.57037385318 4.6816200807 -0.0440285080194 -1.74609681547 
9.59904160606 -4.0328026711 8.76455941568 -4.62587681438 8.52502888855 4.91883844074 7.75922706226 7.62906123698 0.574737408847 -0.337822170162 
9.81136007958 -4.32684743408 0.0901369065778 -0.702756424755 9.20594092283 2.40022679058 4.03433507206 6.64831676447 -1.16893795807 -6.52419190313 
15.2629264824 -2.84318324965 -4.98022404121 5.8389164235 2.21120620819 0.453082791449 -2.22135427453 1.86489669137 -3.9230730786 -2.35741682435 
5.31292325175 -4.22829316787 -9.04616981674 -2.81538060001 14.6818678821 5.57336361455 -0.454473309018 0.530833646369 3.08667943539 1.67354593204 
12.8744550567 2.47574321077 -5.24166075023 3.11163053889 -2.75927353318 -4.57724845183 -0.0961529254469 -1.52061741264 -4.57678855995 -3.45359888637 
12.8374440474 1.69416811863 0.894779303273 3.05688307755 -0.831697546333 -5.95615528949 -0.0773230736043 2.19225252477 -3.42644356223 -0.1775026929 
15.6710653733 3.23189164131 8.8540085603 -5.99641855745 -3.85426495858 3.86096718677 5.60139615186 -4.88369256849 1.20013200965 1.13944790813 
17.8319587084 -7.60884143973 2.72636686227 -8.22614485811 -8.69888313743 -4.39073191254 -2.98068922725 -6.38132439353 -6.76039342037 6.42753393839 
9.04062136936 -7.58293330392 8.37519508162 -12.3361203453 0.727493872145 -4.2386404034 -4.89443865046 -3.96684423378 -6.10636948388 3.40019236194 
6.20833012111 -8.59687640187 5.90813042419 -14.094536865 6.98832923582 2.75478374724 -1.07446282054 -1.18099423085 -4.14828785549 5.77193646124 
12.4614368688 -4.67917602071 4.45039263369 -11.9427589467 -1.51383451465 -1.93436869085 0.860762879012 -3.82828343885 -6.43032830653 6.66599209016 
9.38610461695 -3.11867954682 7.35022120517 -11.0159923742 -1.68082534687 7.43021224464 3.46351145606 -2.68958460043 2.23079675384 -2.20608307036 
7.18847602639 -3.60669021959 4.24920886494 -4.95561920272 1.26591936551 5.67720952908 0.717783529708 2.11199414346 2.71150639478 -4.60030177597 
11.0542041453 -4.26440070817 -3.56264097072 1.95141065546 1.54541864037 -1.75411562328 -1.4977399041 0.982692971189 -2.59245487621 -5.73688354451 
3.88040748159 -5.52042956768 -7.13586603223 -0.651466579377 8.12406786132 5.24941954417 -1.01485279988 2.36130834993 -0.0385694243313 -9.74532625231 
2.26585585365 0.0385993071667 -8.87323259196 -3.48598609539 13.3937245146 11.7093056168 5.10237702906 -3.8577670761 4.72523580498 -0.10651334362 
14.7818935989 1.00771244733 -5.8356638618 5.92295892655 -4.18483391223 -5.33438661928 4.22036496298 -2.23092289237 0.955025426305 -2.06807691962 
10.7605192518 7.95831033846 2.76094438354 4.39765965991 -1.12985846214 0.257332051247 8.27049319692 -3.77749241598 0.464294722348 -1.50209674223 
9.24172056561 4.86962139267 8.07913604635 -6.8288541529 -1.13541061192 6.28695765268 9.15023277138 -6.01123052195 2.30071143 -3.56334595638 
15.7467263046 -1.82131126735 3.78962549848 -11.3884901999 -3.15969883752 -4.43358907995 3.60599540706 -7.69568551556 -1.76327553729 2.58704003498 
9.72895630493 -4.88054030327 0.143294692235 -12.042555893 1.49827343973 -3.2114245057 -3.01159361568 -7.54055232571 -4.63630281149 -2.55615923082 
9.81834920733 -11.4338236949 -2.44279113695 -6.35041244687 3.66936982567 -2.17424568925 -4.76828654134 1.17091909786 0.473801905182 -2.19784524803 
12.4670860358 -5.36761200157 5.40550584172 0.0856389414547 -1.18844675497 -0.495348100254 -2.73382372777 2.38028365516 -1.01195753548 0.944483444398 
12.6928905471 -4.36650057502 7.42752524004 -1.45989521243 -1.96238109898 2.79582279983 1.58645961409 3.79745701705 3.16681036027 -2.29893306598 
6.80740702049 -5.06546600538 15.3670932333 -7.8700474461 1.44022437079 5.29042493357 -1.35923221757 2.31314142481 5.41946520305 -1.74216689941 
14.7592874752 -2.14004242829 6.29031533203 0.497875079149 -1.50254370475 -2.49454611188 -2.761600684 -1.56000786926 -2.86954358039 -3.64419536677 
12.2180822772 -2.64382150863 2.04067836287 -2.58625645278 1.08643862761 0.823360668345 -3.54338782326 -3.01028477708 -9.06925409275 -5.29162017891 
3.67740309606 1.89904239252 -4.93189313122 -3.01234297634 15.5121552125 4.88552942956 -0.78823041092 -6.50847190431 1.99149068835 -3.56876233428 
9.46886575321 -1.66032871394 5.58119954922 0.155992365191 2.52547650226 -1.99666858231 -7.99400030478 -2.68276483312 -5.3362302592 2.29185454212 
13.6329506911 3.38149866834 3.49162100618 -3.2714958971 -3.31395451942 -2.72088712804 -1.54444872972 -10.2937820837 -6.34538655084 4.30061557994 
12.0507504384 3.73625077368 8.73136371492 -0.63190260324 0.73220168526 0.620180038169 4.13645404088 -8.4173950034 -0.909266801242 -0.538470318048 
10.1152055401 -1.83540269493 7.46447072495 -0.169528695263 -2.87257155077 -1.52552462668 0.180164189974 -8.68218118113 2.46514311421 1.8659598461 
9.23826558688 -9.51869590325 1.94963393596 -6.54524255391 3.14961688601 -5.93244199979 -4.06257873881 -5.09194517187 2.74028958513 3.47317809328 
9.38735892591 -12.3510266959 -10.7747381861 -0.774516778781 5.99197976733 0.947230762877 2.48139046357 2.9274388227 -0.181496075085 -4.94764601149 
13.2305911163 -10.4393003528 -0.30594905395 1.5209326386 2.75070247796 -4.10927764288 -3.77214777456 0.247424509893 -3.36868915132 0.0477357711041 
15.1302077513 -4.16937313905 7.14730699264 2.39429725506 -2.67555326986 -2.7410385148 0.0355012748913 3.6457476469 3.30945206742 -1.56660732285 
6.71123441245 -4.39720294862 13.0011346927 2.45916391744 10.4289455669 -1.41119540706 1.05464222383 6.37040982452 2.68861354464 -0.517006157453 
11.0477944028 -2.88318237223 2.97995007084 11.6113785398 1.25003537054 -4.31263632245 -2.35821247709 2.74523770059 -0.254830077857 -8.97632342782 
11.5839424815 -1.90422831585 -0.161422561755 11.6816890115 -0.428372880559 -5.05474954616 -5.98173840589 0.399962751093 -5.09944764317 -4.39401673983 
8.48751782675 0.0244227667111 -8.56192152117 10.4890347644 11.9115596034 4.11304971582 0.533531740997 -3.74850692136 1.13568017948 -3.71725744637 
15.3078190842 0.421007102271 -20.2057716844 17.0453050628 -1.3987649565 0.459067667785 -4.61790136487 -0.547659768969 0.604449377411 -2.45700007668 
18.2566450486 3.34535619252 -6.75512550008 15.713329628 -10.6477268908 0.0327094645297 -4.19091601763 -9.5032227877 -9.5378987305 -10.5399101062 
14.4268066499 8.12260953643 -0.932126509136 16.1073852505 -4.72635082144 -0.554026628562 9.15463704217 -1.59546599921 -4.78155296227 -10.8140267509 
17.291511094 6.4658391879 3.95981389271 11.2385407533 -1.01465496082 1.72691596553 9.53778780114 -4.92877721387 -0.222722211798 -7.06561426501 
14.0397674143 -6.56301154296 0.341971423313 -1.57088453126 1.44684813016 -5.58042871542 -2.31980950763 -3.05410598833 -4.04992725534 4.93937246481 
10.7358389051 -8.90873697154 -14.7914445868 -6.61437148114 11.2644115857 -5.08958614033 1.36764073273 -6.39972753676 -1.09906396041 4.0585192029 
11.3664250774 -6.84673199487 -16.6192673399 -7.45977153406 4.79760595294 1.25111409068 4.09769793136 -0.610935768102 -4.83346130111 -3.45823893539 
16.2925650675 -4.05865487263 -4.78179369386 -5.55385114474 1.98300703841 -0.770310428609 4.13784056712 -1.36864974526 -0.208461494692 0.35721883856 
15.8707611235 -0.288803730766 4.37364221841 1.05934563298 0.484848585407 3.35044545643 7.75205083022 4.44176223899 2.68643527316 2.55043938202 
10.7111788391 2.38852409338 12.5575622204 4.58437622162 0.575773026492 4.93173400033 3.67975249744 4.34173513067 0.501989593988 0.282622918238 
12.1505000422 2.1847485942 -0.764769347248 1.27287453552 1.18841773258 4.43790792346 0.383204216153 -1.03897130576 -1.21970797934 0.557541189104 
10.2112019039 -1.72455771112 -17.8244836143 3.68808840108 5.07529729359 2.63482844583 -5.90469679993 -5.72857418033 0.931828661551 5.56165803101 
10.8666029527 -6.16899408967 -26.6027246149 17.8929363046 0.912827915249 4.04889131092 -4.48874760823 4.8741867422 4.7952864855 -1.43447356587 
11.4768601162 -1.25331523141 0.413691916071 15.3147154118 0.702686215141 -1.44562174679 -4.96683327542 4.26175266674 2.87868139909 1.9311077531 
11.2354109681 1.99456172559 4.19373947811 10.456760457 3.66264442087 -0.814279688394 0.906202637329 -0.945231797598 5.32607874874 4.63165383557 
8.10224310467 1.77470871526 17.2928828121 6.09016030114 9.58578653589 2.4322275187 5.3602649792 2.85407535283 9.55780037516 7.81074942324 
9.33590786248 -8.88571749311 8.36524137588 5.70927438784 8.82130157235 -5.45114571485 0.788930467988 7.21545436122 6.56616140978 7.30185741491 
10.9717357784 -12.9557792979 -4.01809512174 0.558891020623 10.1842263547 -3.37751921001 2.28302418717 3.6856058848 4.24679563406 10.4547214163 
10.2801270019 -16.6727495922 -2.26068595581 -2.32369361978 7.50068485367 -0.159450847203 1.01284411352 5.7529892092 7.97009225869 8.19217941047 
15.3597255564 -14.9422372752 4.35513685159 5.39152631366 -0.304239562411 -5.57342233916 -3.82900907666 9.70957081028 5.85682907966 4.77902883824 
15.4008309298 -5.8419082645 13.3360757691 6.51029428067 -0.422377794218 3.35979614167 4.43999420562 8.75843670337 10.2712775146 6.39298404884 
7.1949877825 4.30412036999 13.2700677911 5.53846256411 4.45212962943 -0.0984813854908 -0.616374321064 1.43656204927 1.95719173398 -0.730964347715 
14.0320109531 6.22260280228 6.19734493145 6.06608532565 1.51390367912 0.301706525371 1.82055876124 -1.75164292897 -2.44536127755 2.12032295604 
15.8524582881 3.91696463949 -5.34903271219 16.7681968096 -0.0357991386556 0.964235876435 -4.2784871937 2.63607820318 0.0245194877468 -3.60714848012 
3.89869850454 4.05898521088 -12.0942647486 5.45105610016 16.7580966536 11.460458965 -1.69760945219 -6.9564231181 7.73899090099 -0.289101227125 
13.1069211454 -8.56571566609 -13.3963819173 10.9971756329 -1.55515271414 -2.28639465706 -13.4041455121 6.69571935641 -3.30326511578 6.74280696664 
12.7494954231 0.963353731959 2.25121668035 11.6376779492 -4.35196480791 -2.39662388276 -8.64693660865 1.84982363801 -1.23219419122 2.57610306383 
10.435217252 2.62612524805 14.4305966816 5.38866731804 -3.68452033059 2.65486104404 0.277957026243 2.86918651263 3.1421468146 5.97363911392 
18.1527895746 2.85371209223 6.43423991419 9.77003434352 -5.01974595818 0.413892223903 5.67773084902 2.01585290694 -1.6902172944 3.36163516051 
17.9188771911 -8.08231778777 -4.26262659528 3.34866260965 -2.04079560619 -5.96551176255 -1.45733706065 1.19984169447 -3.22218330622 3.17293466722 
13.1724069064 -3.58570221275 -10.1127933781 -8.18634590528 6.2609892938 2.9185738861 11.5002375711 -2.05557087186 1.82228193706 1.9148061844 
16.4866613212 -8.10722391673 -0.902337227669 0.896004358189 -5.71932074445 -1.903171639 -3.56983634496 -0.307990512597 -0.948700760304 6.4278436217 
11.3503900027 -4.98691071304 7.98895870935 0.187861369492 -1.19427550232 0.289975134289 -3.02165797249 -3.83644743236 2.00306151131 5.8139043727 
13.540645011 -3.16415640699 11.2946842112 2.82220019634 -3.00640723521 1.03748557135 -0.243476445605 2.5979463125 5.87601697618 3.63526072968 
14.3053755248 2.96748786239 10.1203390631 8.20630676674 -3.24544031597 3.72484665421 2.76506119088 0.0202615667538 5.12449611695 -2.80650782112 
13.090746279 4.14568780835 -0.464317664708 15.1424726756 -2.14825260811 1.26213972032 -1.51702880949 4.21165497453 1.66102123312 -4.89100348116 
8.13473313007 -1.09110184165 -1.93002776514 4.24214614912 -0.508067110332 10.3416964444 -2.59726689644 0.739646209997 -0.550914263227 -5.11449930975 
4.80889088983 2.41355074569 -11.7814030237 7.31715935492 7.93206990697 8.85408642827 0.0962228171494 -1.29686253623 4.7975289737 5.15367742012 
4.99123444319 4.54185711587 -1.50837383986 3.36387124801 4.10799625009 8.70505730509 -0.965459439717 -5.29723945981 5.13537251679 2.07714924721 
14.2796632855 4.74111218302 1.80900918095 13.3772812085 -9.07209552127 -0.770199730448 -1.6725087085 -1.86825023024 -5.67065238087 -1.15911892832 
9.70029251617 4.95947799937 7.12819204149 5.67425323695 -7.74782789044 3.77162239458 5.15995112721 0.155827658196 -2.60651918261 -0.701093793225 
5.54441340994 6.39834909349 11.8107496766 0.321535151661 -0.478209581066 1.57556065864 7.37697760771 3.93179344757 0.818771001939 0.744314984845 
16.2554983739 -6.5300771099 -6.01731002902 -0.645592861995 -7.15687331311 -7.90481820671 3.00607350195 5.99155453078 -2.65326374779 0.122985519146 
5.62049306084 -14.3494993649 -6.69065642992 -13.1030699289 4.69944148272 -8.48838985703 2.23420843412 2.42245679993 2.84370053048 -2.07049309989 
-2.24542864452 -11.1248846722 -11.1048709167 -3.30957398783 3.45286468435 0.865976630778 2.02904027902 8.24480012132 8.22005322108 -8.76905842006 
-3.52068291991 -9.82294149994 -6.51618109556 -6.16364293517 4.25754105832 -3.02862207862 0.0567156222328 12.1289847692 5.7130631162 -5.03970553643 
4.54553319155 2.77120400984 0.660808656043 -0.371988051312 4.98283044939 -1.56829461395 9.40116271158 7.14367192744 6.26521678337 -7.58115329257 
-0.348722843891 2.74008550919 9.09259304304 -3.1976374853 -0.0969003452477 -2.30123391824 -1.29894420623 2.77378813368 1.67733202889 -4.158754781 
-2.79165286744 6.19794237096 13.0784807958 3.08113742585 1.87249638484 2.50128514569 -4.48720758491 3.39741072103 2.22207481363 -2.41752575102 
-3.31923006202 4.88709778686 8.19482105889 5.23694094516 5.63100769081 -0.782212148295 -6.15403829992 3.01467921949 -0.918668516404 0.636514800604 
0.0183868898051 8.52196383308 -18.9264219555 6.14513682394 14.0214756781 3.744075028 2.11755111765 -9.03029608796 3.64298164697 0.798959880529 
1.73307245744 7.48394163915 -23.3424008274 13.736757889 2.52712126917 1.94837529149 1.0502762366 -8.06802550104 1.24643532248 -2.76583635461 
9.87467516708 7.58234433604 -9.2214411643 13.6476946241 -10.2380695131 -5.45100990973 -0.593679146698 -7.26155592734 -1.55889813269 -5.76127744228 
-1.28725070337 5.31737149101 6.49438307789 -0.818823928828 -7.5244448975 2.64890992375 1.6766759885 -8.40040023311 2.52009628672 -0.619350182642 
-4.09707144574 -6.4817132391 7.39306102558 1.87621462781 -10.5978769673 -1.42886997753 -4.31668887175 -3.17881903265 5.75071838569 0.847530597198 
-4.30681392006 -12.0762678786 -1.94109864966 3.81800449302 -9.70684240908 -9.93524022564 -5.4566420142 0.689297001414 3.52245836868 3.33893387743 
-11.4276591572 -25.9726951862 -8.68201049354 3.35786909152 -4.0690275885 1.61369039381 3.94961576995 -7.57384942035 -2.1367259575 -0.176863973952 
-8.19580997029 -16.6134839473 -14.1100722849 -1.0082920129 5.36359508969 0.0752997607643 8.71412458962 0.538038451209 -3.57133193095 -5.8292810637 
2.75025919949 1.66335526971 1.11628364215 -2.52124619962 -1.79348733021 -4.78387418317 -0.768872542463 0.0534728070556 -1.91496362728 -7.71005693138 
3.03931633233 6.53145301552 3.62517592528 -3.15472696056 -1.0008243317 -4.47907113753 2.52108745558 1.11640573726 -2.29122010331 -7.81945603197 
-1.26704415795 4.02209487656 9.06526760791 -9.4430651251 3.64175537212 -1.69400395084 -3.1528674784 -1.55125495474 -0.99353797397 -7.33515715055 
-3.95850784925 7.31986011207 6.47216918932 -5.3684253114 3.8204504064 -5.45269083443 -5.59413875708 -0.978418240328 -2.48693023817 -10.4214093349 
-1.81687292734 7.71819027166 -6.07426649039 -1.14962005024 4.78176793196 -4.4163943548 -3.46290894438 0.122122975388 0.710151457333 -9.61694385478 
-12.1546769996 13.7948634896 -10.0656564356 -5.90667577026 16.5553596912 -2.35580449199 1.32262356018 -8.50575802706 2.64865176779 -4.29535297097 
-9.96941548261 13.3104569104 -11.8184015404 -5.42307714131 12.1172870183 -8.52139046676 3.32657891169 -6.97277451548 1.03220760811 -2.86777462429 
-9.81169327512 15.6847798462 9.95723483298 -3.93847729366 4.72891413535 -6.93576609997 -0.91349955752 -6.31636001281 -0.125525740297 -5.77306147116 
-8.35110874446 11.5675051176 14.4259627078 -4.97779443585 5.33653166447 -6.32516296202 1.51161412541 -3.48929133758 1.01498651725 -2.75117346559 
-11.1620348289 8.24564378224 11.5191338118 -5.25105137371 3.9257419514 -8.4611427841 2.25723272659 -3.0044724366 0.385343237881 -0.136971080006 
-5.13571907496 0.178006333729 0.272782649902 -9.54772852291 -0.137487570589 -10.6657970958 0.439754823689 -0.148828863397 -0.527197246465 0.380576639576 
-6.28854299021 -4.61067645169 -5.11249342876 -17.3675142859 5.41462599545 -10.4887074527 0.305083634647 -0.391575552122 -1.3869126729 0.211223945238 
-6.94617287579 -7.36627798432 -11.254039082 -11.0779656168 0.358235183201 -2.95366533508 -3.09853002106 7.68090769959 -0.458282079719 -5.03572086727 
-11.8148110805 -6.08561089277 1.11432994194 -10.8743851583 -0.100893202848 -2.52104524657 -4.79069136396 9.96087429692 -3.62606171559 -5.48997692192 
-6.21255907133 -2.23467839206 3.48720745489 -14.7721155714 -5.55008962368 3.34455545252 -3.24405004745 4.57813949792 -0.991392810249 -3.20520971956 
-6.48248000874 4.79269925623 3.84877106553 -13.4238143663 -3.82557144796 7.74950811939 -1.818295617 1.24625617902 -0.157371798142 -5.79066356105 
-4.45705386476 7.28221281664 5.45925394976 -11.4609691122 -3.70299053667 8.22235274046 -2.68017889508 0.293619346129 -0.0766560673518 -3.96115152525 
-5.29675545274 4.55810928507 -8.0712562574 -9.01246221775 -2.81842134214 10.6144553956 -7.5735698772 3.33604095116 -0.717045369751 -2.06043527104 
-6.53212050167 8.70940722897 -24.1305569427 -3.44741243172 2.72591581075 11.4620066085 -2.30427989691 -2.76347203016 0.54795345991 0.492181127819 
0.354429300149 -0.00111947692707 -14.6233059558 -4.6658782583 -14.0664802166 11.2318019324 -11.0404828655 2.13372344147 0.435695961574 0.937057901508 
3.31741598217 10.6309274333 -6.11043219776 0.931761026694 -17.3559688783 9.52745869518 -1.6766268663 5.08573864703 -4.63575383066 -0.935846370061 
-2.42314076215 10.9085442224 0.524779712256 -3.87738763693 -14.4553631092 11.0328297639 1.47046416633 0.395879758232 -3.52958175601 1.10294130747 
-1.96003017566 8.46899026168 -3.1388069481 -8.44573370339 -13.4116872061 8.79262739154 4.28030572462 -4.6151759349 -0.469980451676 0.0773974232202 
-2.50783874127 -3.92942027233 -5.92178091879 -17.4861501299 -11.3262242886 7.51991314409 1.71728338424 -3.7558845584 -0.22188366438 5.1529965541 
-2.41533851092 -6.39041581107 -12.5892054133 -20.3227782656 -7.32691958304 3.9224775866 0.683304727344 -4.87326242347 -5.30380266009 2.24115372106 
-5.22321324819 -8.7541212073 -16.626778768 -13.394596308 -18.9585363911 10.9798849404 -5.96016733888 -3.54444922885 1.86104668553 -1.45641042535 
-2.35884426284 -1.14669308911 -6.35843616732 -12.0258664637 -11.5292972149 3.87124790747 -2.88416366022 6.20573852988 0.0652796915309 -7.31691051601 
-1.03975065281 3.73390452293 -4.04467842188 -6.67133275992 -15.5606753004 8.7774531424 1.76529883159 9.9562842978 2.00443016933 -1.75757184883 
-4.38075748129 8.97957130733 2.59712283098 -9.93726600397 -8.35767122765 8.57288711301 3.79854666328 3.98158374779 4.21947794583 0.178455585763 
-8.67163664732 9.23462279036 8.0803550209 -10.175047654 -7.29847581997 8.94358925635 -5.72454852955 1.423520716 4.95211334381 -2.57460798855 
-9.55733957113 10.1798917865 2.51803214212 -7.87379632736 -4.5468132598 7.70609778706 -5.67329238958 3.99321796351 3.7480575469 -0.12502800323 
-10.4956177073 5.37505009957 -9.731171211 -7.32111422631 -1.1585156785 3.21155593454 -8.30814634283 -3.02542961379 2.50684092839 5.71466540214 
-13.1488860897 6.19329926948 -13.0014665663 -3.89839150584 3.54820021097 2.41133607868 -7.38057038504 -2.80129331354 3.89930686107 7.4129446138 
-2.10061127156 8.37535959362 -2.29619612989 3.5062037154 -12.0604713625 -5.72299057815 -9.21967199778 0.590152588486 1.77638670062 3.35683095451 
-7.4584889437 17.8981315379 11.6623814972 0.825012512573 -4.77509399893 1.7531728976 -1.00760021843 -1.68719405941 3.58969534802 0.271245429101 
-11.3137715972 23.5062954964 13.2535717788 2.00275252658 -2.61905300404 0.533429057346 4.97288341064 -1.9115910967 1.62160255392 -3.29442041467 
-8.00537263786 15.9236335062 4.24605512181 -3.3674760189 -1.12158650731 -6.12082927427 1.35634387685 -1.03481910796 -3.23811157585 0.100464063626 
-4.75887882427 6.35925794286 -2.96832073481 -7.25559341276 -3.88547638751 -10.975202463 -1.84770054521 4.46843410386 -5.36630908204 -2.60267416529 
-4.47974176692 4.8980668475 -6.16031978225 -13.2914425756 -1.32840975135 -9.2330594576 1.5168370855 5.4336881706 -2.81340949996 -4.35415417525 
-5.42248705752 3.11981274304 -6.22203358457 -8.85504615698 0.43830561271 -10.354758914 0.355416269371 8.67922072761 -4.21390866915 -6.77452129747 
-9.37400946756 7.3013504924 -1.73445553066 -11.9314347066 8.1247738725 -9.46420682259 -1.62930165275 5.73902060211 -2.40835377918 -5.22838932598 
-7.67287164169 9.27845318985 -0.479288195721 -6.01499876149 4.21158313527 -8.55838494869 -1.39763397361 6.21723641563 -1.36491128397 -1.02294344794 
-13.1764934125 12.3443831811 5.83062637439 -3.48215564397 3.47966157457 -0.85005669236 -2.56169631592 9.21198182294 0.199097880061 0.874535675319 
-18.2023283418 16.8377617541 6.15429518302 -4.36900502106 2.40033942222 5.23385233612 -3.60118332236 5.39987640731 -1.3824621459 -0.699415072999 
-12.3936446198 19.1024304084 -12.3102027266 4.07261846186 -5.79356155288 -0.706202663155 0.286347929002 5.79125610353 -2.30106820284 2.48613834841 
-10.9369342207 15.2990985977 -18.0280888186 0.432995677579 2.04726934822 1.27005138216 -1.02460981291 2.8664608914 -1.74139134356 7.03723981825 
-9.09691262443 4.9610170884 -23.4671339289 1.35341463799 -1.4065776356 5.18585674545 -8.89693780941 0.139805288703 0.341345628366 9.47272660895 
-4.61207683287 12.2659461479 -6.74348872016 -2.50031066263 -6.959558938 1.69380995571 -6.50763143099 -1.4945729554 -5.45493227025 2.97011800055 
-7.21095624687 19.8646618287 -0.966240697312 -0.447512589321 -6.29347246553 1.18862017762 4.39912044629 -2.96344473679 -1.51492488466 2.57210307705 
-9.82601860712 20.4806763298 11.1676627251 4.81421990675 -1.06075566814 1.3136722125 11.142709239 -1.95087415643 4.66505360082 1.25802599188 
-11.451332147 13.9485393784 -1.57837330141 2.36473855131 0.65638403022 -9.23183826149 5.35066679953 2.45748445716 -4.14964630537 6.47052739676 
-12.2023931808 3.78913641799 -9.61321354179 0.689293187102 6.12160141825 -9.16491218935 3.57749406661 6.68787364194 -0.50871565858 2.87939987917 
-18.1562270163 -13.39227429 -12.7805280539 2.17316706309 3.46253490917 -6.50083138419 7.83021003869 5.42011241003 -4.69590160367 -1.74207660193 
-12.1427364634 -10.5087692263 -11.8705168676 0.783482351936 -4.00010199743 -5.22804079628 7.78676063412 5.35328081958 -1.47172337776 3.31850125879 
-4.46852639109 1.13154791065 -15.3040985855 -8.14190620199 1.53958848437 -3.57694185865 3.07095271085 6.44952990145 -4.46773841616 2.97830979286 
-17.3079900953 -2.43885790572 -0.763069021905 2.63201569142 -1.65764275456 6.28751799454 9.55587061625 4.40257675331 -4.44223826138 1.9675009151 
-11.8164446627 6.91380815142 -0.453339232578 5.91663824078 -4.92614986193 3.20163322338 7.50472990502 9.6016429543 -2.88518892205 6.57634957226 
-9.85719890162 17.2189895616 4.2351205638 0.673198931443 1.62280797678 8.25436160926 3.40205102492 2.65046651308 -6.29361249026 5.40723530128 
-5.98820540116 16.9066737152 -9.13148469037 10.2281624389 -7.68752101467 1.89412925333 -2.0161280527 8.14233365789 -8.48823540175 7.58547554616 
-8.62864812159 15.8989366673 -12.5466859126 9.30958059527 -3.36180014735 -0.229245058088 -1.1606190934 2.02345496651 -5.20858335517 4.57787506146 
-14.3729146109 8.7448008261 -18.9725711675 -1.87421902402 6.07277164588 8.19122148523 -0.643377436169 5.06692129965 6.88987691317 8.03917448444 
-11.7983745913 13.4200189224 -4.48286806989 5.58286620706 -1.40566926617 -2.85760674521 -4.67191354 4.33968886314 -3.1486846865 5.27830023599 
-8.11849655259 15.4628089269 2.96746856219 5.17034292476 -5.28214273295 -10.482281996 2.07432519433 4.63307222362 -3.10733930437 7.4587590489 
-12.605824997 17.0047932177 9.13795975586 2.91979086361 -3.16392706311 -7.19457839488 8.39771381221 0.763385460605 1.48350229946 7.56205655712 
-15.555852236 2.79879015596 3.00053776754 -0.00278743327269 -7.31194857403 -9.61857672831 3.6672632466 -2.6284125726 11.0215979987 5.56207640862 
-22.1284322974 -8.56517168436 -2.84608481524 2.63605871799 -8.01773227888 -9.16445656711 3.28107482353 -3.68082049288 12.0088548459 4.83274492952 
-19.2971723863 -15.0714716197 -9.90019600025 -3.42244759141 -4.92650634962 -8.84358885613 5.6181187086 -3.56900914235 9.1579800689 4.87301759262 
-27.2319734146 -22.7524463699 -6.10527851032 3.94866536192 1.91366229162 -1.85649958919 16.1977286397 -1.02930123308 -7.27335213218 1.99189539069 
-34.7282383666 -23.8037817962 -2.51550060101 4.70565563963 -5.74964789478 0.486827585293 16.4133695189 -4.65267395237 -4.92746962794 -3.7141094325 
-14.4507437882 3.48514559318 -4.66459483351 3.64893121916 -2.96514893979 -7.83696700785 11.748902873 4.64050168872 -5.63778605926 6.52723082149 
-15.1789452429 0.891840584833 0.383894772109 6.5372649887 -10.7431988404 -4.7744359457 5.5931785904 2.11847521582 0.96764479005 1.13187334774 
-5.46132987995 19.3416566552 0.47265628743 10.2678179349 -10.9962474577 -4.0136140956 6.63764206777 -0.784499462415 3.48755524177 -7.63200340454 
-11.8750236716 19.8267735248 0.32492477851 2.84694704496 0.0855224249351 -5.09411516889 3.58470996556 -3.24902420261 1.30170335269 -3.3048827359 
-11.2749358513 16.6703595446 -8.72329906136 2.79109659395 5.81387344534 -2.9049328163 0.748519367671 -12.546754932 5.2040663147 2.96667634032 
-17.8425699069 13.8608236562 -12.4081975108 5.44294038941 12.3744920856 1.81551042258 4.93055712426 -8.03461999764 8.17637190505 -0.716672678371 
-12.0838286113 13.4617147816 -5.10726046349 3.17495808623 5.14907399941 -3.02979140477 -3.48164450375 -8.86121037225 4.66014475215 -1.43852718674 
-9.37356781103 10.0568061284 5.79111909449 4.27758177445 -4.45690722245 -8.29630103088 -5.62214099874 -4.91825275334 9.21622889935 2.16222240523 
-8.83670702566 4.709944844 14.8553499852 -0.2217772388 -4.75924889025 -5.86058121746 -3.4938034436 -4.510041174 9.63968626391 -2.39182443518 
-15.3414322238 -11.8180436691 16.026107341 -1.68635412523 -10.0566791669 1.62256915735 -1.49151387551 -8.43962870843 13.8200198686 -3.04985596419 
-12.9075617542 -18.1738939654 7.22722611722 -1.32409323958 -15.0506303691 -1.20195366675 -7.50107072538 -4.77643566801 15.5546326413 -2.46818239862 
-20.4078822075 -29.0954663527 0.415521355267 7.23166999796 -8.70854895732 -4.36388473992 -8.24165126525 -1.83125808896 12.5592952981 -4.44023342346 
-22.9707071074 -35.1071630975 -3.47363635476 8.39290264613 -6.96730952643 -4.06198152651 -1.33819023585 -4.74141622467 5.59744384411 -6.85392129343 
-19.86328124 -33.3796956664 -7.26457397045 8.92868142563 -5.00206564998 -1.76539921582 -3.28702994021 -1.50225673906 3.55116566617 -5.95136852862 
-20.8847430869 -27.7132280998 4.35403913253 11.4862265636 -6.48488554334 3.15120080314 3.11625246363 -0.515263453944 -10.0468116224 3.09124975352 
-17.0406218945 -16.061395726 8.888133498 9.11889570095 -2.46915683718 4.67905705401 -3.25180094293 1.09853713435 -0.407194788418 -2.03326163248 
-27.0277124729 -26.7964001327 16.3961105716 11.3240190731 2.01924157158 19.3003043883 11.2544789878 -2.07309143096 -12.7600033049 2.43042061057 
-15.8938409981 -7.5532263315 9.51283103725 4.59661365865 6.85996449563 10.0809479773 1.14406609769 5.86846664531 -8.73792726533 0.168807875441 
-14.3661437729 3.40615567571 12.4614312925 4.15089141114 11.3886302528 5.51324511309 -7.19796118932 10.0039945098 -1.40336286359 2.14535613991 
-14.2308361821 9.33216544778 12.2692847689 -0.667766671225 11.6008236242 6.04279397022 -7.56170286623 1.24740692442 -0.138449385518 -5.54412103172 
-13.6783755843 4.1471558168 16.4889064347 2.31780735918 11.4601002121 1.98139303482 -11.6880562458 2.66637512415 -3.37700626815 -3.55576654254 
-15.585649606 3.4309914219 14.7160298032 4.79044331621 11.3228359647 -0.449623124849 -7.17500049888 1.61912145899 -4.91047273848 0.89699571683 
-33.4739072982 -24.1415978098 16.7284659809 12.4814500912 6.08129986176 7.81869631978 0.0356849734934 -8.30537025395 -12.0321947175 0.292806125547 
-25.8497544145 -12.787061467 14.8493827725 7.78914852762 5.2319077306 2.05603032763 -6.60968564826 -4.15643742625 -4.7782011677 3.38410202797 
-22.6830167533 -7.47101989413 14.3478829969 5.2339202299 6.91643222165 -0.506935938165 -9.35728285044 -2.00862411537 -5.13005400689 1.59474625713 
-22.6689373744 -6.76991752441 15.2430545721 5.31578463502 10.510444706 -0.123355204758 -11.3049942091 -6.73335687829 -6.23066196114 1.41002306405 
-10.9069402324 3.4995727282 7.52723783382 7.40839542248 8.53497682696 -4.01003957701 -10.6531365831 -1.14836460626 -9.24249857871 2.57768085629 
