-22.4706322224 -11.2158141907 14.9212838994 -7.7045016924 -7.30382305715 -4.23237088441 -1.20594353989 2.79125629945 -10.0477659231 -2.36287167145 
-15.0809556826 -7.46605567327 16.176006435 -10.3837013679 -9.64185016 -0.0106913582569 1.65724899112 -0.278266674186 -4.72821410808 0.946896340431 
-8.81503796216 -10.4041859032 17.0989954517 -7.64238132405 -7.83301277897 1.34066722646 5.26505003616 0.699159892428 -2.48427399591 4.50001606416 
-3.25618282264 -11.5857845661 18.3710873974 -6.3141827477 -10.1304540564 2.15554216569 4.74559160165 -1.40951073056 -0.313164926308 7.15436019931 
6.7759128357 -8.66154962723 17.9791969591 -2.62832992937 -16.220296546 3.96149526143 3.8639567099 -5.37270232774 0.721734485718 10.0054134392 
4.02210856537 -5.13131810541 18.495816913 -1.23416582656 -13.1368624117 1.54218686805 0.773214659242 -10.0893396658 -0.156340916019 5.55503960102 
6.25318816372 -1.22024944153 17.3728541237 -3.5368908129 -13.3694660212 3.15981046808 1.01037793701 -9.02457704627 -1.03836484172 9.03447078663 
8.79834980087 1.5848529775 18.7349532791 -5.49701560367 -11.2750997594 2.96478517518 2.13856078042 -6.26536323108 2.43810991536 11.0058245209 
6.34198477521 3.43384982001 21.0509897765 -4.50250948016 -5.00655786429 1.23269084419 1.97913520923 -6.39606235586 7.24893810323 7.33304090587 
14.0584383753 6.900291708 25.6223739366 3.86929142257 3.99950224273 0.917353537409 3.18501964706 -4.31600437972 8.90232619882 9.74239112558 
8.94889050054 8.87885837204 23.9408902929 0.390938149554 12.0988652632 3.23205081369 -2.18025752688 2.32070927541 8.04967722023 8.41509935396 
3.72595153613 10.8893310323 19.1828176105 -3.39497573195 9.67168070351 3.02382103893 -4.00024902214 4.03070012602 5.85994318016 7.84333514403 
-4.75210936905 10.154165872 17.1433872132 -5.88085937946 5.49622058367 4.83505915964 -3.87952689007 3.15600072994 3.21877991382 4.41976155884 
-12.3800834871 9.84111145505 16.3432950588 -6.37679986689 3.908546607 4.29992737357 -0.969350643392 1.63573442315 0.863406639228 2.53664577232 
-16.8149591088 5.00737012527 16.0810027705 -4.47887778483 2.33998927505 -0.229098861381 -1.05012835983 2.91906302048 -1.15678828449 -1.32440268343 
-19.8617280114 0.721736133233 13.5973658507 -3.6306298922 0.28468793573 -0.695010594441 -3.28855588576 3.2017620127 -0.650711894477 -0.940080891984 
-26.2012509345 -3.93404266941 6.30128512186 -1.78993866734 -7.05713266981 -3.16605481975 -6.50522893607 5.17279368415 0.338493665425 -0.601133800664 
-28.0081194672 -6.85249281868 4.4883465767 3.20837156658 -8.02453625807 -3.75766369322 -10.0681798239 8.35072885989 1.63035280762 1.79060036306 
-29.7024444163 -1.03871146118 1.54563681952 6.65670367111 -5.55122950601 -0.88705600368 -5.26210892042 0.684358878767 -0.98612592974 6.2108371364 
-25.5263970047 5.10540369442 2.6609114519 7.1076476712 -1.50782605786 1.67937549222 -3.92358631255 -1.69735816183 -2.6526639545 3.09116634026 
-20.8825648939 8.95726291474 0.872940129499 3.84068665993 -3.17658055545 5.77848235414 -5.1338243344 1.14408313311 -4.362452884 -0.188886093846 
-16.175921078 8.4938415529 4.73412406246 -3.70746154861 -5.36998271118 6.24297147086 -5.49706692455 2.82784549922 -6.69091000001 -2.3772521367 
-13.2641660717 10.9878476138 1.46619798682 -1.85834931364 -3.9111568877 7.05623573348 -2.07955469121 -2.11381291931 -8.37820131568 1.58660105247 
-7.82840839464 12.41061196 1.11831007373 -6.33333353989 -6.67857726283 7.64093500476 -2.15061564358 2.35120382812 -7.16302387825 1.3203220958 
-7.25309851176 8.45631560218 0.831125467501 -9.32041728041 -9.42237981003 8.63853458043 -2.40564596161 3.47657596446 -9.28551407615 2.91611241377 
-3.81442907222 8.78566598458 0.305231573506 -9.24805938411 -2.10187992851 0.449966548993 -4.01362290976 0.108119610333 -6.08322177789 4.81221172695 
0.911010537491 7.13203758581 1.42458762877 -7.13395689687 -3.15613291577 -5.90839422748 -1.36528364483 -2.51887098769 -3.97703199144 3.95326301587 
9.70459894713 7.69654879515 1.48315875929 -10.1821601721 -6.39346302445 -7.85621810718 -4.69411492198 0.0964265831246 -0.88659315273 0.83545157446 
9.56312798519 4.71404383554 -0.0159325321528 -8.88934293507 -6.5525079985 -7.24814137285 -2.53629419923 -1.84256555786 2.08206304392 -0.551636203904 
7.96547421213 4.96678161304 4.02851871168 -5.89331750418 -6.01175239434 -9.88363048381 -0.840166472349 -4.21995595425 -0.304452137763 -1.91526311311 
6.60345459336 0.920095820251 5.50685082873 -7.44330897011 -8.76063153397 -7.50404724115 -0.966108083135 -4.79710170135 2.74445903108 -4.42945133267 
14.0957983398 -1.80495882771 2.49859870537 -3.33689829724 -12.227666554 -4.1256577388 -5.32667047495 -8.24529026107 5.36251409273 -3.34532373197 
11.6389310423 -8.40509684735 -0.592145726525 -2.79899125 -8.87493705278 -1.58651886613 -3.50397762571 -8.03430244301 1.67651961514 -0.222223583216 
6.85835200865 -12.6914439399 -0.0296485301925 -5.63400023711 -6.89530030372 0.487150571591 -5.80156072331 -5.219023003 -1.57046695578 0.335005051294 
6.78272150821 -12.3206581057 3.41793126785 -3.28405892832 -5.85995936852 1.623934847 -5.49048355175 0.352855911747 0.949938561339 -3.7046678577 
2.68513619851 -14.9496238155 5.02554562769 -3.8528635033 0.264264473729 1.94860589398 -1.68372762026 3.7701391701 -2.05461596163 -5.5412233205 
-6.66922709119 -15.9928934321 8.58809278316 -7.58388817946 1.01368845036 0.650877738881 0.835613212435 2.31768316338 -3.41997242713 -4.08430513376 
-15.5390344143 -15.0251788659 8.57675028303 -7.04579084805 -0.519030983601 -2.01687206626 1.22139140206 2.09583577289 -4.85072152197 -5.71721508619 
-20.8181750114 -14.0619561517 7.3715768579 -6.24017283154 -3.24510666006 -4.92068131357 -1.87321134887 2.15956718307 -5.57554691495 -4.14876393461 
-22.1541879414 -12.0581797348 8.45210544018 -6.06630698423 -3.2378053291 -4.07892461129 0.599055938375 0.452694826842 -4.50955902709 -5.61761839296 
-20.2276796496 -13.8322930834 6.26354891511 -8.33828278695 -0.183804267076 -2.25590130465 5.43900037797 -2.90414715062 -1.09245748933 -2.26257901787 
-12.7974432211 -19.2247250441 -0.479328961176 -10.7261131114 1.15569687894 0.293344184088 7.50279815433 1.6844399911 2.40300039316 2.35530532142 
-2.41928431984 -18.1774116448 0.402756420977 -6.71156671358 0.697417023289 3.9072189547 8.13140787762 0.996395544325 1.92882914873 0.190784304466 
3.29797149477 -16.7454190047 0.694574744939 -4.86376109555 -0.0244697526134 6.3790289495 3.53196736931 1.40245067037 -2.12657726386 0.947384549156 
10.5214694395 -16.4900049895 2.2539846696 2.8044925824 -1.85841350665 9.17982836447 2.14526375982 1.41644306826 -3.76594876416 -0.22283347948 
12.6323661203 -13.1945859787 4.30601303716 5.31556508436 -1.48205010461 9.58227802826 0.0874674025786 -0.654144227984 -0.294211897826 -1.41920018558 
15.5144897709 -14.1686870772 4.64057202073 10.2047794845 -5.44232294731 9.58603213086 -0.890787959503 1.06141379176 -0.393864260628 -4.29141948094 
20.6629680029 -10.9495005973 5.74948074642 15.1213748426 -3.90165053157 8.38548564172 -1.11616937766 -0.889178579944 1.40826732178 -1.74584929113 
18.0446704994 -8.04068831938 5.16294719642 10.3278342575 -7.75312909262 6.51622533771 2.60976876372 -1.03311548851 4.32864466424 -0.487464626182 
19.0260522872 -4.14232882298 0.154027506457 7.29605351033 -4.08117125997 5.12970516808 3.02049974816 2.89850996565 2.61614754758 1.88473156494 
20.2423063647 2.99740617046 -6.73188883439 3.67563707463 -7.48980693721 1.30205813073 3.5474817053 2.36207620087 6.13300645463 0.71441243342 
17.5420692533 11.0881721887 -5.45029071128 -2.40897785192 -5.4564775211 2.70787968692 2.59946589609 7.30745363217 5.0041645812 -0.635660077141 
12.6767016777 10.4443088817 -12.107357264 -5.93226675688 -7.4642886396 2.1082207724 5.496236342 11.1564460898 4.5200567345 -2.71948782215 
11.8370762104 15.5316017711 -9.54463165164 -5.90678174598 -5.75865285599 5.19740035009 3.37513054433 9.81229553368 3.73811751489 0.346873416647 
-0.701628666151 12.6736275759 -9.29454463695 -5.65168515649 -6.96872459817 8.62333112317 1.28658581615 9.68149105599 0.15966849855 -4.6922353319 
-7.08015319015 12.5169419122 -6.92199578086 -1.31223883147 -3.18437962191 13.0661701267 0.739474604876 5.28094291774 -1.80366052724 -3.11870007531 
-18.7602984078 10.4895190224 -2.16765523876 4.37977625903 -0.960719339736 8.36459159346 5.29077327471 0.662904282285 -3.98754103283 -4.18375374658 
-23.7908253163 6.69657841882 -3.01167316828 9.47881800489 -0.194122718488 4.60612983876 8.38533426391 -2.6230388713 -5.85088286967 -5.09518188775 
-26.9470048433 3.98943990523 -6.43233094591 10.9037208403 -1.60064017459 2.91664347598 9.96871365343 -6.87554963532 -4.89207164561 -2.82921175892 
-28.4305356657 -1.19523530046 -3.5395082768 11.3185126984 -2.60730922808 0.968351249595 7.99707586493 -4.50095513829 -4.37539782593 -2.05884319568 
-25.3569731668 -0.248354774462 -4.62562180324 12.5888199952 -7.03029715431 -1.10479427732 -2.33204584611 4.22732013945 0.17644074322 -2.54139352516 
-22.0383007395 -8.04465352384 -6.98552010498 8.94906477891 -9.20728681836 -3.20498212953 -9.57041025525 9.35585513198 7.20093239312 1.16129275696 
-25.4099915385 -3.26114112886 -4.96016259626 7.90141865054 -5.58218852929 -2.50695585957 1.44962327232 1.82669086834 -0.865934943596 -1.8992968775 
-26.8705812003 1.52950751239 -4.33967082193 9.57813444499 -3.04117677416 -1.29860613118 4.55023997398 1.15073432335 -2.05353438999 -2.5352007233 
-26.2072630164 5.38519179307 -3.70128652572 10.09507741 0.115333273387 0.833188318306 9.00582277565 1.14409173699 -5.54279329229 -1.40893008566 
-18.7061775063 9.28186339853 -2.05663568934 6.48337087484 2.34513445609 0.702135894106 7.22941008539 1.79380903697 -8.2326917098 1.34238215774 
-10.3090432603 12.9394117194 -6.01356712246 -2.34973537654 -2.24769539546 5.57450762666 3.08069986131 2.50963018249 -8.09033116276 5.83299672181 
-1.88137796757 16.6892663191 -7.0356789564 -8.37853955403 -2.57675634524 3.73067513416 2.08495102825 6.49741282243 -4.2327407568 5.80081929533 
-2.34451650535 15.4287680147 -3.56168853301 -9.51535494513 -5.15161124751 3.34825457269 2.14295613865 -0.168595398383 -6.77779023579 8.79544811358 
5.10412919051 16.4597417484 -3.37814992779 -10.5676389838 -4.80506503351 0.760618753948 0.406283962634 -1.70156378436 -7.0173056424 8.4332681177 
3.249543863 10.1099952256 2.40213392683 -3.98809661454 -6.338845783 -0.665666932951 2.30951506 1.83022768518 -7.33000470838 4.82370421112 
11.7759881782 7.95806647868 5.34233220773 -0.35113668272 -4.99049075908 -4.99451406102 2.64692926251 3.18267075262 -7.5206982786 1.87563861676 
13.546567926 2.74602320358 8.7905093003 4.33873093328 -2.00300364049 -7.24026636014 3.35594346371 0.92240996543 -6.35690042485 2.02505553857 
11.5222156511 0.268627950403 7.87972241869 -0.0499288310663 -5.6421606765 -4.24648960751 -1.88384355585 1.92033337679 -4.56641206932 0.260070195854 
10.6935255281 -3.47291597137 11.9511763211 1.88291105187 -5.61722509373 -2.52066225009 1.44293051283 2.13744689622 -2.14534101857 0.714835092563 
14.3078612642 -4.90582397589 9.88962891671 3.30044656913 -7.87620263647 0.899736074809 4.72672627704 3.7748683226 0.361216653516 0.320856575632 
11.6490545425 -9.74242299226 8.25044630838 1.62564751889 -4.24021628458 4.39265224804 5.77128829561 5.60706171822 1.66536083622 1.00879715619 
12.0688857989 -10.0452657111 10.8544344012 3.39075827761 -0.968764243876 4.66477509489 4.38832412779 5.33833838614 1.38529020239 1.10307427372 
7.70295558 -13.3918706411 11.2643907544 -1.72261799515 -4.64498549279 3.48785805161 2.89595689848 2.99107258969 0.380206941397 1.6237665473 
3.74577050688 -18.0448562088 8.3140275775 -4.2758417604 -1.32531296954 3.20445879478 -0.0882956347001 2.33981737319 1.16332715146 -0.825386254816 
1.27385071784 -17.5869461378 8.37806026189 -5.11221004563 -4.1401477481 3.91230154111 1.91964762182 6.02158278155 3.96793835586 1.15769919549 
-2.82888265086 -16.8195901764 5.89239645146 -7.00594917041 -1.31276651736 2.58667105899 0.496561255448 2.79254828798 3.55668032235 -0.406828400353 
-13.8607606408 -19.1206835968 3.59223155653 -6.72380545222 -2.35507634425 1.59786688967 1.69780274876 3.67831349038 3.29652998037 -2.51776113558 
-22.3779766854 -14.0200747626 3.20109749592 -7.35939847901 0.812917577606 -0.387429376654 2.14215866964 -0.77700908373 2.86019390798 -3.21794123995 
-21.6991196046 -15.1738501401 5.16552918672 -5.61295820737 0.678883713255 -1.38785958888 6.71251646398 0.1764972698 1.78878825287 -0.628486113825 
-14.461479539 -11.6642950701 6.97993940756 -5.11571804131 3.16599248381 -2.14506520444 13.9942168526 2.72619621255 1.87926444617 -0.152780854898 
-12.8090367131 -12.3404375001 11.2861220388 -3.11330637863 4.67142746703 -2.36001947346 14.5907782838 7.16907026888 2.46326743281 -2.90276139813 
-6.3886671009 -13.4824360225 10.8330139165 1.16834675079 9.24399536334 0.61871169191 15.0055110997 5.41015091409 0.522119468126 -3.43208972345 
6.93123378685 -13.6952378186 11.7179185853 9.10432489938 8.55951124883 1.51645735067 12.0067579802 6.60654611127 1.59957411798 -1.62640875508 
18.9098382834 -13.5222248419 7.38346961373 11.8814363827 8.01953527004 3.9510576901 5.30233978551 3.57699373732 0.0691610172033 -1.73743430069 
16.3660756572 -14.3020155762 6.49634067546 6.39425189662 1.05749402941 6.24446158854 0.972684666587 -0.620537337025 -0.413791246855 -1.36938702463 
20.7909117831 -12.4301665849 7.00535809068 8.0798555783 -5.56969916471 5.63300180043 1.17184032158 -1.00532691075 2.25692266025 -2.39287726118 
27.3488464579 -8.95621790817 9.10452965424 10.4448404179 -7.84618812345 4.99253219544 -1.71830098817 -2.14698887174 1.91580353923 -1.03042864679 
23.8579328714 -5.4139792363 10.7778741608 10.6853530732 -7.5745462333 0.267676385914 0.992819280708 -4.07675733795 1.82341247972 -0.988114303287 
23.9869571329 -2.29252010016 7.29452992193 11.384249191 -6.64960527101 0.0143706748333 3.5926509932 -1.68563669241 2.93846239158 1.19487238394 
24.814853405 7.36370082433 9.92375381183 5.39974656026 -1.31086747608 -5.4055726708 3.09676680513 -0.713368877529 2.86425291352 1.62964146123 
21.134067418 14.1605104999 13.8906335474 0.802468929214 2.42931200728 -7.73524340367 5.16356298875 -1.82102288847 3.78178148167 0.958397929131 
14.203907057 17.3183812199 18.2728514696 -0.882086717613 13.4287845321 -8.34724177658 4.34759967992 -2.82685929153 6.5201968502 2.41318625438 
11.7246371473 15.5288608337 19.503431991 -1.06880207254 14.3561176955 -5.50437820503 3.53113606199 -1.28759661386 6.39908507608 2.45552894104 
2.70418861729 15.8102987242 18.3326776123 -2.36019346636 17.8204085609 0.78525767116 0.215621826844 -1.70355492027 5.55023788422 1.23968764061 
-3.3825164535 19.0328287431 13.331164154 -6.05169642243 13.8672018472 3.55186619706 -1.61808366359 -3.25662036476 8.36917084914 -3.12621314338 
-7.53884122296 22.9144248102 11.6468239303 -5.51107212033 15.3202768115 5.96645849474 -3.81454746473 -5.08541690454 10.3948506146 -1.41372755366 
-13.0214283203 19.2402658301 9.50818188789 -6.13442098798 12.1914269372 4.42664722158 -4.56591922786 -5.03887450532 9.98041899105 -4.34474868405 
-21.3236116473 6.98627502257 8.59436086605 -4.86074018197 4.96580257311 4.22541423824 -5.31754346385 -3.05352177831 4.89044084568 -5.41688648988 
-27.3781838198 3.93597263792 6.40357333872 3.15753390535 5.85726034107 -2.70030216832 -7.50988686877 -2.01853181935 4.78441751336 -2.50473934153 
-26.2667588497 -4.89588219835 1.97057817853 0.929952907559 -3.93562400774 -6.04129915505 -17.9209690755 6.98694611749 10.5624425443 2.19685802814 
-23.5778699615 -2.5978323274 -0.0154649355162 0.0182777193032 -5.4711993287 -6.12447403529 -17.4661767917 2.73659911844 9.40813527436 1.68353563324 
-20.2203609484 6.62554390788 0.162782567058 -2.62635494068 0.263855775842 -0.332073606691 -13.0481593764 -2.95776662367 4.55433758116 -1.4330011715 
-19.2604161305 8.44177617136 3.88155880687 -3.630535542 4.20626727513 5.59964869273 -7.70094032713 -3.37191807284 -0.380891587154 -3.2241441565 
-11.8466128569 14.963424149 1.11043545021 1.69643693128 10.7662169157 4.41658535878 -5.05482282964 -4.40017734892 1.42508051171 -4.78978780407 
-1.93391363834 21.4941143593 0.0891224112035 -9.684541463 1.47299793337 7.86255463383 -7.21061730641 -3.93716591845 0.430062432643 -4.67069017846 
1.34491716668 20.5952719479 -1.87274475579 -9.27255706983 -2.10412309022 7.65710243451 -4.67543263618 -6.42423537865 -3.78294623827 -2.37734155669 
-2.02281756408 15.4491785091 3.52031885232 -10.2119399298 -0.889810618872 3.87764886139 -6.00212988399 -1.34418568917 -2.48456972416 -3.54930415596 
3.62449501873 17.2457053571 1.83656225397 -11.5767099942 -4.58880724308 2.05334373844 -5.15527762951 0.164616269209 -4.35218081722 -2.95176877054 
7.20148825401 16.64027122 2.13589592624 -10.2389491583 -0.617334332047 -3.66876629932 -2.48531557392 1.26796510485 -5.00014129792 -3.95021806553 
7.85163860382 15.0346062088 3.94785790976 -7.3136600532 2.91297254821 -7.08178294379 -1.82273077168 -1.82654181179 -6.54170915569 -3.26166021508 
16.0274301794 12.7231118392 3.03393081049 -4.72905916369 2.40145901733 -9.76899542818 -1.4162222902 -4.27559487153 -5.55036909393 -2.8710986018 
15.3698712013 11.7694667591 3.9834186337 -5.19090543627 1.44290318712 -8.80701860875 -4.24700247593 -3.39100252884 -6.36652242698 -1.95676807902 
17.5336155308 9.29532255562 2.13914172931 -1.12046124828 2.36587066713 -10.6174449483 -1.72285210307 -5.08304639735 -5.23340400605 -2.29590035657 
16.4009431933 1.8076050466 0.378970575836 0.412745581068 -1.00879418316 -8.11203441853 -4.78486962953 -5.11351387383 -7.88571713951 -1.68878753987 
17.9241473885 -2.49598889677 -0.925875298641 2.28559218168 1.07614041065 -4.14324823696 -4.88345631007 -7.41194500735 -8.64912196925 -2.89699853726 
17.867193927 -5.52552849533 -5.36944158198 2.59975758919 1.26897583802 -4.90564139755 -5.75556798153 -8.45545727382 -6.18488796041 -3.32655334983 
14.8037214591 -8.60672551244 -3.99966280412 2.96003658101 3.15815533376 -4.08371361668 -6.59104374274 -6.02478897231 -4.35790084203 -7.99887363325 
7.66112990301 -7.84694669174 1.13426248625 0.0498200187833 -0.13116875334 -4.54819425616 -6.35529656747 -2.79269860773 -2.29492985694 -12.7196254883 
3.32146185151 -11.3553575669 -0.0287501278481 -1.65717650437 1.17243346699 -3.8840688267 -8.02835449562 -1.59337833885 -1.70205014935 -10.1014665314 
-0.564496099046 -13.209532583 0.349297785606 -5.25341757655 3.41534576728 -5.28506190111 -5.81814630881 -2.07007428703 -2.83673204626 -8.25627786445 
-1.31093371622 -15.0524261483 -7.83560234937 -8.8821848806 7.19823136898 -3.26977185512 -3.43750625443 -1.90865558906 -3.18480248668 -4.13870616244 
-8.91383188216 -19.2561629494 -5.66956362398 -11.4690169761 5.86597959363 -2.96470709858 1.74556100164 -1.79656974058 -2.14401167126 -3.56270508133 
-10.2973536233 -18.8178131153 -6.6870611758 -10.934332747 5.11583008011 -5.99551420356 2.9736763027 -2.79093947583 -1.09544073027 -6.9241979244 
-15.8545145432 -19.327736011 -5.82426141371 -11.5554406876 1.74568354954 -5.46221595894 4.77938383548 -4.80784577652 2.97706371467 -2.77484335359 
-10.0234802161 -14.9054772086 -4.13932174855 -11.7433223756 -2.68553708585 -5.42990359463 7.92177333353 -2.27476074205 6.21111432546 -4.02915991328 
-5.38019043111 -13.4412829747 -6.11787736078 -11.6018654536 -4.21823209978 -2.90293512957 12.2880408752 -1.94622271043 6.84222432677 -5.08704729666 
-3.67532969423 -13.9200610261 -9.29153550332 -8.9738122649 -1.04528265773 -3.49678512262 7.23359607774 -10.3591543145 4.7677980137 -0.740846182799 
3.88230684369 -11.5706054784 -8.06968324127 -6.61412676226 -0.898470796241 -2.77783212396 7.30392375362 -6.70173756598 5.02458686481 -2.92301662723 
4.48096245653 -12.1021056851 -5.21818203412 -4.93986754215 2.1827786557 0.388238122521 5.38641888637 -6.58871660994 -0.068613994174 -1.86206131899 
16.2762381648 -6.9466248898 -2.61179203159 -0.143959412656 1.45088914095 -2.2980634841 -4.00781075652 -10.9017819842 0.300377260978 -1.29066792467 
15.2859694674 -4.57225496851 -3.14871079562 -0.662236133251 -4.46236428549 -3.61957761807 -5.16561158159 -10.9573978153 1.62062946823 -4.04250507081 
21.984771332 -0.487167051593 -2.23290215541 4.0378908039 -11.6336352534 0.888467533289 -0.898443797495 -9.48888311677 5.978694604 -3.82398986031 
20.1578311418 -2.06168815112 -0.357696423064 5.63465033312 -6.84176634513 1.66453656991 -4.34806934359 -9.59495925814 0.463896724716 -4.36608651745 
18.4700466368 2.63686230691 1.06448966412 5.94615073758 -10.0918851013 2.39933330435 -0.91772132301 -5.96967538619 0.176149532575 -4.56148371799 
18.244119154 7.497505865 -1.10645272105 5.12782843296 -8.2067027973 0.079267619214 1.86506424099 -5.54845153492 5.64001649485 -6.31891971289 
19.7255809895 14.7953666525 -6.59903021354 1.21806897931 -6.10431086747 -1.48288742263 2.13792195708 -7.02919597455 3.7217163173 -4.00161980105 
18.0199828401 15.9345586545 -11.8992298707 -4.48268103328 -4.31776255834 -2.44250950876 0.964573239808 -5.19744753198 5.00714181277 -0.294962320377 
10.34567222 17.46030083 -4.66796864956 -7.7822981579 -3.74487977921 -2.70774985391 2.79673050129 -1.16176280279 2.91491196069 -2.20683565988 
7.64399715941 22.4842714416 -1.75101286046 -7.03719595289 0.10710945122 1.49476769379 2.97140767626 -1.93588456366 3.41273511401 -2.33456944328 
4.79402614493 20.9280587355 -6.6117691498 -3.74579550805 -3.07062045369 5.44739355904 2.71478502212 -1.94454111488 3.48179736783 -5.12369130654 
-6.12738130329 17.4486076525 1.85889029484 -2.30360021172 -0.46789192191 5.37042053415 0.894512606168 1.00186013491 3.21929910418 -9.54608925185 
-14.1136085986 17.2197704219 5.46115109985 1.36999877844 4.63498139772 5.44915025142 0.811844072483 -0.734362029598 1.48589080284 -8.09739932839 
-17.2514700707 17.1125004213 4.79279585331 1.15940519627 2.65351330869 1.73952519501 -0.911621825787 0.00149442937093 -2.79163574973 -6.87801658656 
-22.4863683812 8.53504913691 5.32489869888 4.64241858549 2.49095055523 -0.13032936629 -0.985303400206 3.67623523878 -0.481416310888 -5.39215586572 
-24.3299135626 0.61875516932 4.96543665671 4.76938362863 -1.6997352365 -4.9170464425 -2.2566607565 5.30198101452 -2.37466842575 -0.65522951357 
-26.4302983717 -4.15997739952 -0.0429886990837 8.11753721726 -4.25029962529 -10.63588556 -9.08422930173 6.34243073653 -1.72562893977 8.04337268688 
-24.1373337073 -5.65245477835 -3.56694565223 9.18239510627 -5.9008160649 -6.11776870168 -1.68706853425 4.01384328828 5.16833355491 4.15980555501 
-28.3552363552 -1.64742646135 -4.9082013654 12.934771332 -2.23151935109 -6.44267313184 3.79264089766 -5.45578276901 1.30708771257 4.73130870427 
-23.8965711864 5.72830596819 -7.48614487385 13.0393186544 -0.0351535743957 0.724259128711 6.43770566911 -8.44806022393 -2.2987638533 2.29623210407 
-12.6649029157 13.8999211041 -8.35463873283 6.72815766076 2.72957532876 6.26972261819 -0.144775959133 -4.35196165035 1.31732110961 0.0615568232835 
-12.0252786087 12.1371542777 -1.39143670805 1.91983832176 2.73123535045 7.84074846634 -0.631379926816 -0.146286082765 -1.628029044 -0.167593206634 
-5.72546259495 13.0329277787 -2.35507672911 -0.106691494103 1.88384825717 8.15874324949 -1.82032602253 1.4300728543 -4.29439781892 1.77090152177 
2.82397457281 18.2669523501 -1.39465949161 -1.8442788073 3.85084406053 7.72238900007 -1.10983343895 -1.51338788164 -3.00631643156 4.83907511544 
6.94595758689 19.868243316 0.126602585541 0.853556549203 7.19769224134 -0.572494375079 0.674010927922 -3.98409799507 -3.02865132096 9.07165267379 
10.5076463767 18.2308487262 2.96621203838 -2.99456924027 5.55411697149 -6.66255517241 0.892750894576 2.73001216681 -3.64192075661 2.76701419078 
19.1215925598 15.8953919027 1.53287647804 -2.95590762401 4.161782856 -11.1468091527 0.00820585966206 5.1922354639 -3.02197980749 1.72516752683 
16.0923780172 11.5088775485 5.45143156209 3.68322611326 6.1676529478 -12.8285798909 4.0516260512 6.41477200954 -5.0207364561 -1.88375490139 
21.03263424 7.77995462368 7.05437676509 7.51272659142 9.45673170717 -14.1296264682 4.97753168285 5.7863850363 -6.06484091187 -0.889965092382 
17.9366316982 0.929692411064 5.59141706272 8.37888309274 7.63921958593 -11.7811567067 1.79668432155 2.82369507025 -7.05104224731 -0.544364346789 
21.0340438015 0.293909448332 5.00112823809 8.89387151651 4.8103789247 -10.0631578276 1.34270832617 -0.232957129222 -5.51074420701 1.44905384477 
21.0568188735 -4.75887800472 1.27628926101 8.30494377276 3.72424791269 -5.00350125732 -0.940143332119 1.48611367414 -3.50253064449 -0.977918401188 
19.3035920414 -10.3388625406 -1.94326773937 5.72219791748 4.72295316253 -1.69689915835 -2.26231839071 -0.0826689171908 -6.65688909344 0.473285243967 
14.8743005092 -13.6053179275 -5.69224671998 4.84597877484 5.52201590124 4.54139333242 -4.85245747249 4.1759348897 -5.43497006494 -0.309988301793 
11.7305983446 -16.350285801 -2.62557629716 1.69106528606 6.06729003215 5.98419947311 -6.05172097556 4.07431623631 -6.26537981646 -1.43816406054 
10.4816840218 -16.5614840259 -0.982974885237 0.24091090137 4.84213420614 5.55917455006 -6.10960363676 3.3659721569 -3.48268405323 -0.365121432234 
6.4841923408 -16.8247976845 -3.7382675449 -0.481966552691 4.84031554213 4.80998353319 -2.32835108718 3.92058408702 -6.30948883365 -1.45235763484 
4.08159105246 -17.6425632089 -6.97254093241 -4.7551648247 4.4291644444 4.69052588909 -4.84963336503 4.63349839264 -1.43961713022 1.64494327212 
0.782270993419 -17.5022967772 -13.4097123095 -6.68866537189 5.02687219257 0.296399047663 -3.2982920681 3.44704668306 2.18831523037 3.30905226035 
-4.33175123532 -18.3183476402 -12.5530790343 -4.78736942039 5.94029119833 -1.22893218536 -2.49962426657 2.518638533 0.855575283711 3.20159883716 
-19.7559918084 -16.1940602074 -6.47679918112 -3.61976387485 1.72015672578 -5.45481044904 4.53141565716 -3.16708959298 3.7111815871 0.540685247955 
-14.0762050289 -14.788740392 -7.41946021793 -4.89281610152 0.701368823072 -2.24137243035 5.70408896357 -0.482408885456 3.50728239513 -3.35282893591 
-7.75301566436 -19.0412808196 -7.80521176789 -3.82913793266 6.09102983604 0.532618080924 6.36141570261 0.0114227099023 -1.52894855458 -1.09351208625 
-3.69419350715 -15.8451748069 -0.792629731898 -1.94678922375 2.83475555342 2.01455928125 5.53347280185 3.90872211505 -2.88669415283 -0.986193266509 
0.648045415613 -16.5400619674 -0.757929232389 -1.99362033652 4.48205575067 4.659719098 2.02088849366 3.64271692275 -2.16838555438 -1.61637503299 
5.26175748741 -17.1943603047 -0.801692037809 1.29263018414 9.24728214288 5.51432442253 -1.94906444354 4.11312246825 -5.93385546034 1.79397676197 
12.8684814783 -16.1063863504 0.693273681442 5.13759203846 8.02011749656 4.83858671983 -1.66287419774 1.55113743784 -4.07736193701 0.766228602159 
16.4786130041 -14.9303915125 1.14829406933 8.32063003694 6.97305500178 6.31171484567 -2.41413654448 1.00415440715 -4.12200365488 0.813686500652 
18.9872679526 -11.4454239415 3.4058041174 10.2767360384 8.94866816423 3.05752205014 -2.59306848661 -0.330682212295 -2.07482292822 -0.302543411108 
26.7089935523 -6.09295873045 -2.1267378773 11.3367638652 2.62977971096 0.639887142765 -0.943907015728 -0.517249668196 1.49446333588 -2.68692270375 
27.8303491738 -0.388230237364 1.76184907451 11.9967864521 -3.85886757125 1.34354028949 3.07808819197 1.19734738242 4.10617290673 -0.268086173393 
28.8230363677 5.59146146156 -1.99261212046 7.36246709233 3.28630233736 -2.93994687096 1.15518539926 5.15402884583 1.19874826169 3.00990276514 
26.2540693738 9.51190217626 -6.10599793829 3.5665510201 3.78649274656 -3.82222775192 3.41952860681 8.96545965484 2.49193693985 1.22494815875 
18.0228468052 14.6580978564 -8.90983025819 1.35497970906 0.925916289914 -1.50669643221 3.19254037245 9.97894232912 1.49461447392 0.617901135526 
15.1424117416 18.0508042202 -10.7663257391 -2.1951219475 -2.26173457067 1.41018868227 2.20768588533 9.67776572182 1.09686552875 1.61702071572 
15.968099273 18.1892768882 -14.7767221694 -1.81593012037 -4.07606410835 3.64632427281 -0.0685115580443 7.58036533773 3.36121959987 2.51001100297 
3.37400840621 20.6516365651 -11.7791255795 -2.46267469742 -2.07978552981 8.42360983926 1.49495188656 -2.06248416747 -3.60834404709 4.99213815518 
-8.39852446348 19.3773434614 -8.93172776553 4.95512163572 0.400098239375 9.78842903693 3.5769692189 -7.09971377928 -3.96613356876 3.43390511322 
-12.9382973576 12.7738840012 -5.90701110713 2.04519800284 -1.88869092968 9.78855370536 4.0984189658 -1.2925390636 -5.7051354099 0.592452145832 
-20.4368182877 11.2494799758 -4.27502526219 7.32342025114 -2.49175377787 7.2969879096 9.39489746274 -5.80790976776 -4.37239541324 1.02456765393 
-27.0749990149 5.61395890037 -4.96388074173 9.54310419066 -0.698485870314 2.18193460752 7.43520615101 -3.92991734666 -4.04406716054 -1.30511755993 
-27.5322780848 1.80720184188 -3.17698586987 9.26913219997 -3.92260809224 -2.02265738644 0.761755065054 0.755580763014 0.624295490576 -2.09615031975 
-28.1142909805 -2.87954300248 -9.01593784174 12.9707554305 -3.34718786673 -5.53281130176 -2.19080293941 0.254269498589 2.14390670201 3.98458303032 
-26.8584577068 -5.03718596789 -7.81157867447 12.9504120845 -5.95603095232 -7.32672902658 -11.1138819188 4.71428745508 7.88012967605 5.56055640552 
-25.9931093179 -2.56232514585 -6.89585143033 7.78693324431 -5.24378606713 -6.55223618439 -3.0822423946 1.48768050927 4.55521085205 -0.754528294247 
-28.4884389413 2.99555720713 -10.3963349641 13.7401930462 -0.616474491725 -1.62680407897 4.5197047602 -5.99984592701 5.127042263 -3.54252074593 
-17.2759516952 9.97875649926 -13.5187826959 9.21929151904 3.41635895452 3.53613346821 5.15680066604 -6.94221505625 4.69243772355 1.03020579817 
-15.6384418491 10.0225331487 -11.8439532526 7.98235604835 2.32485759777 2.10539260264 5.5930822315 -9.46472918929 0.124439536068 2.61301241137 
-4.03790239444 11.1381303523 -14.7911785915 0.36647575979 -1.94774833524 4.29117471296 0.58129050012 -2.20020097137 0.0140040612967 5.28124089362 
-5.22969265509 8.75825499602 -11.2763001754 -1.48198845209 2.12102003861 2.37256883531 -0.436987046412 -1.01670402318 -3.72040633173 7.46462132545 
-2.01001882577 12.8174919467 -13.8651628668 2.57460597727 6.08727142886 -2.21938056593 0.4778646845 -2.88624018821 -1.20332263527 8.93493196863 
9.30650713611 17.6221001311 -14.3874712314 -3.42504844339 2.31871825338 -2.38610308376 1.26341509554 2.71945062438 1.57262167582 5.13699113829 
8.61194101339 12.5261395519 -13.1979553262 -3.56930339936 -0.967201828213 -3.11972563749 -1.87204359732 6.4825998015 -0.760990224957 3.79038377405 
13.108044956 11.7849319688 -17.1117874491 -6.68673183979 -5.26556120092 -0.300836295999 -1.25282079826 6.81015335067 6.2794726993 1.11079648119 
18.6875403472 9.73106997239 -14.2053239378 -5.55185283231 -5.85046474082 -0.615622328294 0.768870409705 5.4981293948 6.20832251616 -0.705959941705 
18.2805009636 3.34610812106 -11.629355229 -0.821123020272 -4.42849355038 -3.06766769101 -0.25371802118 3.02484632774 6.12032816796 -1.18071010918 
18.6500360231 1.07472423243 -5.55574106812 4.36442713168 -2.00153249247 -2.27514342828 1.7990573553 1.88078367117 4.06289723289 -3.99272306954 
18.7776779579 -5.21457282375 -6.8898418026 4.57824239762 -3.23051843759 0.104869889708 -2.30848908915 -1.21596458978 3.93716998293 0.0554148530401 
19.4764364869 -8.70171294821 -4.51387507932 5.71866216537 -0.226126580807 1.31854451113 -11.0712432348 -5.02919830175 -1.73617288857 3.10737622378 
21.6979069262 -11.2879325772 -0.787610872212 7.26412330838 4.08144260747 2.6697441414 -8.69934665363 -0.63477994886 -1.98277976904 1.92221715589 
20.3943299019 -12.9397033774 -2.05979521828 4.45069992085 7.65915164245 3.87099138718 -10.9612416784 -0.32287506517 0.248507832824 2.46780055931 
15.0949687214 -13.2099935714 -0.105823605906 4.46008758574 8.69384958854 4.56503737091 -7.93052365071 0.45099523316 -2.38052702273 2.2534000449 
6.61878442702 -17.5578611879 -2.51094788483 -0.372911958791 9.01358055138 4.04042312211 -7.75664771236 1.79828206765 -1.21457569514 -0.0369912318549 
2.68839470554 -18.7595020145 -5.18375766927 -5.4520803936 7.25489727864 3.97989284202 -6.55580062978 3.43296119273 0.182113176855 2.90247647983 
-1.83987347214 -21.6085719175 -9.50859875325 -8.13246441936 9.90032066162 4.79811680853 -7.59476701656 1.1757323559 -2.87748742082 8.27332111482 
-3.01270120063 -20.998093834 -15.0675206651 -8.41871087138 10.0822298176 2.32521007727 -4.00044710007 -1.95810219782 -0.635251927521 10.5405162281 
-10.6090520651 -20.1660892624 -14.2286028762 -4.07144972104 3.78201719571 -1.27392221481 0.535546429784 -5.85819730328 5.33705421552 8.69218076304 
-13.7878457624 -20.7283853461 -10.998936272 -7.48531339584 4.1238515744 -0.743861817963 5.96362855437 -4.89532697637 3.14745525582 4.0171478051 
-7.31942539833 -19.9716316137 -15.6366489449 -11.0663750081 6.97437002105 2.28736875899 3.89555697245 -1.05232698508 5.39388891825 5.83240186563 
-4.96192806212 -21.4534602276 -14.4472668559 -11.3440911155 7.15183829481 3.13794320402 4.15780703363 -2.61612303983 6.26624740751 7.29599580273 
6.59914078396 -15.2868037149 -12.5623067992 -7.57140478568 -0.301813793096 3.76776347129 0.0584526275467 0.558586213848 6.08731440846 1.34729252822 
3.59910525011 -18.6915918471 -5.53205256335 -4.56596633395 1.50828561618 4.56489228901 -1.59722472655 1.74424050985 -0.600971827297 0.761526509617 
12.3284297778 -14.8938043883 -4.55580638957 2.63053601377 3.57455815834 6.27393124792 -3.24961265909 1.26959380493 -1.33218890733 1.58999604056 
12.7560929002 -15.4083246602 -4.61141551099 1.95535245681 0.113861151079 6.92838125851 -3.63790869751 -0.811380336052 1.05035978036 -0.673067186583 
16.1281380925 -11.8762191255 -2.42944694829 5.54513181645 1.24344824432 5.18820324484 -3.30387635923 -2.58227271947 -0.170530251813 -1.96069342934 
20.0397997603 -10.1061733044 -1.44084486331 9.88739437742 0.104537061879 5.31283447626 -5.31163918688 -1.89961104962 -2.54186811834 -2.94627778329 
23.7350449382 -4.35793602598 -9.28731896004 11.0457375763 -3.09925820206 3.9852743422 2.62352392363 -0.655873657027 7.48752100186 -3.57661730113 
21.7642117299 -1.12451072957 -7.30764542838 5.98521265314 4.6121575386 -0.363931443528 -1.09503609425 -0.217578042012 2.73996205584 0.563730331426 
25.9328533461 4.87576777847 -8.39983339799 5.81694039905 2.35021183033 -1.25560570517 2.36055628696 3.71391880819 3.76846439606 0.335182355753 
19.3705841255 12.8610707171 -11.0357256816 -2.44956904355 3.56993540659 -4.78910243036 0.211269593317 5.66809591394 2.28783067433 1.29752478594 
14.6416367302 15.3600837626 -8.05857194641 -4.48697495363 -3.44393043429 1.41762686687 2.56350221517 13.6147960674 3.54373907204 -4.29242887656 
11.9622844239 17.8983752602 -3.23990739809 -0.791124777231 0.549262074996 -0.263622847583 0.297604965889 14.2332625066 2.96218259863 -3.34727465782 
-4.07247813175 13.2385361617 4.19453907468 2.21966676263 6.46865564839 -1.01705814832 2.18750445132 7.67013615913 1.62499019645 -2.77970743347 
-8.60267181478 13.0277562591 6.09483862767 2.38876787089 6.5876332572 -1.10591836116 0.884062626584 8.25611762265 1.43727961486 -5.00114989278 
-11.702412947 10.5372722583 2.29217849421 1.53851518799 1.50282641584 1.16614057166 -1.74065268353 9.03112350839 2.7643454593 -7.25515733896 
-17.389805053 10.6231680823 4.31712194566 4.24045559682 4.17786630875 1.60277844259 -0.632159460369 5.22920177941 0.992564539424 -2.97629851641 
-23.3850159034 9.81699298263 5.72329384637 7.19433372733 6.89794579291 -0.791263928517 1.23091035773 1.68926296247 -1.79343840974 -1.20969698228 
-29.207668834 2.22518787992 7.28838649559 8.86729952064 1.94900343146 -4.30110926498 1.16043706615 3.43489661784 -3.29575207192 1.64469678209 
-31.7248048005 0.587016981407 4.10710519401 14.2113302456 4.26130434985 -9.19766563904 2.75084701615 1.03145829819 0.201931871804 3.49607571293 
-30.9370141357 -6.64473067834 3.8023445639 12.5472635911 -2.66256891834 -10.0886016632 -6.62854775468 6.54913510476 2.72807634448 7.13715538072 
-30.2265178753 -7.08404479899 -1.41782379878 10.3328588484 -5.56426077041 -8.07035471324 -4.69729659019 2.1708904082 4.09051755109 4.3764505703 
-25.0810695845 3.25248750668 -0.73010339511 4.47708978741 -1.31982703268 -1.83515397105 -2.40345065252 -2.86759592403 5.61752353584 -2.70241452214 
-21.1849849864 7.21220492964 -0.861637414479 -0.689086748401 1.31089637871 1.20877529455 -2.65078893201 -3.75614847232 4.66713647691 -3.90367686983 
-17.1124695823 14.6471970051 -2.77656093305 2.0114854981 7.50852793247 -3.03504962315 -2.24561114962 -9.52182537452 4.58380847161 0.652896106143 
-12.1375101654 16.8207511098 -4.06137599117 3.43680611424 10.1569450414 4.96888219835 0.11340480298 -13.3709157679 2.1945589573 0.667933505411 
-8.88508320293 16.8720692517 -1.90420566674 -2.3527430529 2.75442964841 5.1158000492 -2.67457866791 -6.10961310167 0.173933528306 -1.60376439316 
-6.10822435252 12.0254672075 -2.39053223095 -2.07662489543 1.79100574444 3.24705503035 -2.87005985442 -4.76783783916 -1.56543495603 -1.00942256049 
-3.07375744724 11.4072026687 -6.262406644 -3.05127245161 1.13675200779 -1.57375353414 0.332644379189 -1.41183975777 1.48381998831 -0.599950598644 
2.22634648328 10.4575347683 -8.52613350633 -4.47001074615 -2.20508699442 -0.285158038475 -0.1159808176 1.50736224617 0.516200906495 -0.614642966617 
5.9081417337 9.03249123293 -4.99903159063 -6.81693302883 -4.20920866883 -10.5294950146 0.362939060379 3.19936956377 -1.01637354097 -0.56688644953 
10.019813516 7.51526262392 -5.42016886405 -4.4132503271 -4.0811413884 -11.7603555921 3.65002627756 5.50815854243 -0.964850623854 -0.869589527162 
13.7557908325 5.18913730482 -8.40042368665 -2.05247275451 -7.82041265434 -7.3017195025 4.00795469193 5.25771979961 -1.63788123683 -3.26712652214 
8.60666447405 3.24325130462 -6.42206124658 0.174322674667 0.368031971942 -9.16649261569 3.80267036021 -1.5855714834 -4.79738866051 1.71665957284 
6.87802166684 0.113834289146 -9.1140462151 3.59779817144 5.89175630087 -11.9418834438 7.17170738012 -7.17022279132 -3.09124147084 5.74587897021 
11.7832127406 -3.62765837579 -10.9068224075 0.27341382656 4.24499447923 -7.68989798817 2.10526170238 -5.62419559026 -4.0257424929 5.30360118414 
9.50654096306 -6.42634359166 -7.879294644 -0.627425200376 4.91234590563 -11.0416643948 0.12765849742 -5.33053336527 -4.72836980103 4.83112292654 
2.3303564196 -11.5050304524 -10.6764591287 -6.17673974808 5.54835482778 -7.99368750545 0.117374496602 -1.54626501646 -0.233181045273 1.60635693259 
