-15.9037173957 -15.5716632525 9.10823882963 18.7618428493 1.25434429467 2.80678585914 -0.16784613427 -4.57501889912 6.5818595316 0.00987674507038 
-4.6331527431 -13.4970116147 11.1771717906 10.5819604459 -9.26030883565 3.41530973354 0.371543574394 -3.88658266487 4.23331562095 1.00701603483 
0.113386229525 -8.92113454002 9.99302908045 3.65065601618 -11.572526521 2.22601539342 0.9015792649 -5.31355228974 5.79880952782 0.926068011599 
8.55354360887 -14.0841631198 9.63844988616 0.457534676178 -1.10669634191 4.89733378309 4.03921970591 -4.87519307125 0.164211553457 -2.07517257705 
15.9089308449 -1.15636398263 1.57281316741 0.961392544562 12.9158716024 -0.614071774667 9.19055927412 -10.1628500506 3.00443812299 5.77838379103 
20.7656350353 4.48192421317 -2.06994280711 -2.05963726169 8.98522424505 -3.29580016178 7.00676037496 -12.4456653082 2.10771075096 5.67178969189 
11.7967515214 2.7693159323 -8.78757359409 -8.87798492132 8.2269721058 -4.27417088746 8.28178242744 -8.21883077625 -0.824248802021 1.58528257145 
13.347237289 -1.96463865442 -9.47106767732 -2.00973540084 10.7821820138 -3.21693686156 10.2133806114 -5.18598082039 -4.06577879452 2.25188268234 
8.9614392359 2.29679927501 -9.17188958442 2.60829314999 7.84110830951 -9.32160891463 4.11412194537 -9.93894629523 -8.70020395987 6.46094275773 
-0.755154728896 -5.41075236801 -6.43219579941 -1.58640045214 -2.65394023272 -3.34357649883 -4.10700746925 4.18575674325 -10.8128934649 -3.1075761952 
0.151311175447 0.913180189328 -0.0495140926552 -7.42588780784 -4.55421644765 1.84467020015 -2.25707230795 6.87586109431 -7.35275397136 -2.76243893175 
-5.80262937681 4.25356727462 -8.73468589145 7.16195271267 -6.29285835994 5.58122382626 0.542025517564 0.338297751582 1.19618047549 1.29178043644 
-3.41916095603 8.38643194057 -7.4984828864 2.19168942247 0.565537761538 5.87333359784 -2.68687330307 -0.0400112548728 -0.763967637454 -4.27683427829 
5.86179993327 8.9176393149 -1.3145391808 -1.30134012105 3.6325506542 5.13286376653 -3.86299695009 -0.980623283546 -3.83877798816 -8.74233223089 
9.65070169258 15.6957548123 3.0709030023 -2.65740085778 5.77479685465 1.49476284754 -3.56478348764 -1.34276223797 3.92393835177 -4.91881501935 
-0.324011032939 3.66328886976 9.86394521293 -0.263959664664 1.51510898541 -1.59435486954 -2.42631466429 5.16135135065 3.63407483243 -1.33699189881 
-2.44572231326 2.21032628811 10.7775799952 -2.49149325539 -2.6037861501 -1.86788592113 -2.21607975359 2.54086171175 0.367437247809 -5.48526482128 
-4.05066254528 2.6861248905 12.200494354 0.464988638259 3.01681720563 -6.23662228508 -3.67086680845 -3.74325122502 1.58049335147 -3.65772067126 
-8.61189283527 -4.48418628887 9.99629539735 2.29134769837 9.28371006674 -7.21891429715 -1.09723770582 -12.1954312286 -1.29488841027 -3.33745141795 
-7.13502893652 -3.9928103494 2.70736148608 2.1178876282 0.267199265213 -9.20042575374 2.96884071784 -6.77414186602 -3.64590172002 -1.45037821974 
0.973114832364 -7.43307905377 -4.27531428746 5.77234449022 -2.39401788659 -8.66580606935 3.6388977192 -3.11982787116 -5.76412006388 -1.89725805132 
5.92782573361 -11.0289057717 -3.23191063555 3.33282024659 -11.4427314297 1.54232545781 1.38131418704 1.57769728281 0.0327316393607 -2.17597486781 
17.6358281921 -10.2400661187 4.46240435334 1.63678536938 -2.01937477321 9.87778069428 5.0483314839 -0.0148171160158 -5.62391713077 3.92153944809 
23.4537188356 -14.2244449092 3.30529588474 12.0399913627 5.42569598234 14.8793618598 -0.905071004867 -3.16807929335 -2.62515236066 -4.95809699348 
25.122024467 -6.34383367363 -3.65587432572 -2.2349849405 4.18139668545 3.63062966837 -1.47343994186 -5.58409755914 -1.35032824778 2.76619061417 
14.2090661803 -1.35479741453 -1.9143862399 -10.1419899272 4.05216443299 -5.58059995737 -1.89224548095 -4.0590065831 2.81459544694 4.59147019152 
9.11727295449 2.4435523537 -6.61089867148 -9.50779187061 -1.62283463045 -6.21312646872 -4.16932388891 -3.12087844034 1.52234089611 2.00755826389 
6.22036615957 -5.56447072406 -7.28990083941 -3.63353517073 4.37320654557 -5.0967329355 -2.58172592713 0.587004434105 -5.661893826 -0.0727028949259 
-8.84476580669 -4.5884319655 2.74036653423 -7.04429906564 8.34746159036 -0.444160378618 -4.03867919525 1.35189596545 -4.62651966908 2.34618407551 
-21.572690461 -4.32797830619 0.868286677431 -3.79772328034 7.78246852406 2.1570886647 -8.36328052083 -5.57349453586 -4.81741244198 3.25055950899 
-21.7348845976 3.03272632594 -0.27242902275 -4.38312299918 -3.1592906536 6.34503363775 -6.10252143863 -3.1104924472 -2.73103758623 0.219720384142 
-18.199502719 4.81875838035 -1.05690661197 -4.47096078265 -6.78024798202 6.1370079429 -3.95004664776 -0.683808141126 -1.69428106957 2.20140539599 
-13.4330579462 3.41569852023 -8.43726706847 5.70556213039 -1.39242168811 8.82269121876 -4.85577678789 1.43473655837 -0.343897422386 0.18581875539 
-1.04632318103 6.26970787635 -2.41043100189 19.617624306 4.52123173709 8.09824550225 -5.40462746825 -3.54040666718 0.65362777041 -4.27457506702 
2.54518636403 11.8176103009 -4.79329508116 12.4271248464 3.63189644529 3.64020753593 -2.37499011536 -1.62038998234 -2.98255559529 -7.09227509084 
10.3286867092 9.86880853319 -1.35881164871 11.120763721 -15.7367775299 2.99471241331 -0.694766125036 -2.12913977655 3.78186946962 4.81891701394 
4.50217195246 12.5775508781 6.12560532734 2.35317023958 -9.27660254543 -2.89205399869 -2.01682037536 3.78931243712 -2.49328797309 1.86787554539 
-5.2551817765 10.0208065651 3.58920399093 -1.0536824583 -5.56015098648 -4.53149477197 -0.0827253540476 0.364265336932 -0.92642034901 -1.07865090347 
1.86155604431 11.5388841548 8.41363777277 -1.88341760813 3.98597235386 -7.56752229895 -0.776977754908 -3.29394075017 -3.33353489153 -1.18240635681 
-7.85803159707 2.39078698625 9.98408281279 -0.404225779127 5.16750487441 -5.42126213293 0.270817454911 -1.62950235456 0.598868111088 -1.52458112515 
-6.75676404329 -1.01062431444 12.8732761653 2.60901662088 2.97709100567 -3.80848107832 -1.65426416503 2.85549056582 -0.964327057848 0.320274764645 
-8.83284566188 -5.86283038674 9.78294882415 2.44375856033 -0.287937438579 -1.7147897607 -0.149719167827 1.338591227 3.15807977756 -1.44764682636 
11.387607727 -1.86800775372 10.0943348775 -6.01845474007 -7.21082490386 -0.675720521054 0.261578379519 -2.51619075654 0.989049175522 -0.408455369287 
19.8376555434 -9.55136030061 5.68107180333 -5.88297269974 -1.1178099987 4.71825709026 -0.17634545166 1.88636296907 -2.21448223888 -4.80701146142 
23.471757024 -10.429526229 2.31419855256 -0.359605302482 -2.91298373387 10.6304747285 -3.41249307357 2.42764147617 -2.72008498305 -2.04759519549 
24.7428402499 -7.29376929205 1.72970330289 -4.0193499647 1.88889720645 5.94887104093 -4.05858273524 5.36251928785 -1.02327733619 0.965130038073 
16.099067296 -5.38495807396 -2.91442640805 0.163281639602 -1.09852325148 -3.30805731258 -9.24558689231 6.69333017312 -3.71271572553 0.181086077579 
2.91127017264 -0.310069885478 -9.78390657659 5.3404140894 -7.59227548528 -8.33048120005 -16.3267855063 -7.52349874379 0.182614841482 2.96640842659 
-6.26626417197 -11.9845480766 -10.2943074429 3.53903789348 -6.19815517845 -2.99419902609 -14.9351087046 2.92855188954 -1.46701562239 -3.9329875291 
-15.8783804861 -9.06367444556 4.03000961747 -9.63866343774 4.08101307025 6.02307683123 -1.32260302725 10.3475268365 1.41347872174 1.2985193698 
-25.339738697 -5.02523322281 -0.819711149085 -4.34779204821 10.1040550329 4.00188718741 -3.1581379295 1.17518311023 -0.481414665842 6.31107160965 
-23.3256368664 0.475228001756 3.47855223688 -3.99650224155 1.94972550545 7.54497053866 -3.28612361094 -2.92693440961 -6.19800657801 6.59823355628 
-20.9600824141 7.26080966932 5.24528882117 -4.20285885526 -4.48811807182 7.5044853849 -2.22249816001 -4.81606122324 -3.97446245436 4.52988038358 
-10.4461411722 11.0426199963 -2.11264357256 -2.90302139825 -4.00619488354 8.46865195219 -2.50455520474 -1.79159274262 3.7878194816 2.87744860413 
11.4634972888 17.9853756396 -2.27620673601 -3.1133021025 7.40486279588 2.16662384527 -3.94001951988 -0.811395513387 5.1334669213 -0.797124038719 
14.682840288 19.9406096518 -4.34449684323 -1.98560629747 7.52432033462 -0.333366254031 -1.33073314509 -2.38822899362 3.96753109146 1.66189198221 
11.5003268074 14.3394211097 -5.37862506495 8.90343951197 -2.46468836026 0.332816222372 2.33594643521 5.13786356609 5.37047534034 6.2927637595 
0.711616839927 5.16716009012 3.55539919503 5.06617599879 -10.4822995649 0.204336479837 -1.75750568191 5.05879654566 -5.71135240758 3.73639317488 
-11.1141622583 0.526614111082 4.8853721906 0.554776448713 0.758344084336 -3.18623729336 -0.910848266351 5.73069445878 -7.39974702494 -3.20784730334 
-2.02990379696 4.81234610927 -2.46432185902 15.9763889311 5.22447102782 -8.93061503857 -5.39014386064 1.46578175459 -2.04691585769 1.76069369873 
-12.1810191569 -7.86500754877 7.29696844987 9.84265572077 4.81718317913 -2.57188957338 -1.57095058701 5.87001294083 0.385015363424 -2.69727787784 
-7.4537182553 -7.52776826809 9.23204970568 -1.61342196415 -0.600502645731 -3.15851240537 1.9366759862 3.53851062789 -0.774943598313 -4.08553889063 
-5.12180680196 -13.6692844228 5.21293648505 3.21924886051 3.96758400446 -5.27171607606 0.95298374231 -1.92196834723 -2.39878301205 -5.39767729619 
6.85254483823 -9.88416677907 4.60392062865 -7.0938156451 -0.51227469793 -2.5788199292 4.79580871019 -0.899047542624 -0.770334181877 -4.22749044781 
12.7388398948 -4.90887138029 3.20886448184 -8.94539097083 -0.36881605056 -3.13882867736 4.88653245707 0.140951578267 -2.29861559068 -0.156613284155 
17.196418823 -9.24346310026 3.49148145192 -6.44365444831 1.81669644538 1.84123348659 0.913420662854 -0.783749679764 3.85710571668 0.744310262654 
8.65858409903 -0.433109848445 0.443329867111 -13.9776348494 -3.05644829902 -2.18640880029 -5.93000886116 -0.215723769046 7.63121434023 0.097567967851 
11.8082703581 -5.16549948848 -1.49048041682 -9.04244647103 -4.78790965173 -1.6054040468 -8.11092658468 -0.526588884931 5.2587070779 1.3845892659 
21.2523271589 -4.9355404025 -4.556673515 -2.19796003633 -4.5405905625 -0.824800934122 -5.71406848066 -0.904574125665 -2.72020369651 4.33834889008 
4.54436760517 -8.60202356015 -3.10616826789 5.74646765339 0.934224409212 -1.38702842015 3.50596091299 7.78068437359 1.37603853246 4.3626095136 
-21.6809202374 -3.65464652922 -9.18428023028 3.29323855888 8.38862241181 0.640288502811 9.84065177135 6.48954353262 1.93723537232 7.39083153448 
-22.9576525704 -0.827870192594 -5.97629481109 5.53573545446 7.6199833051 4.51845895758 6.96945452591 2.36157448946 1.66063373806 10.7955199011 
-22.8899317693 4.03988146377 0.195327752208 -5.47313520092 -2.79135923553 9.36046494419 0.96622697851 1.30829291917 -5.89865164431 6.12117024187 
-21.1768385291 8.74078895681 5.89539085089 -3.50731596271 -4.45596891813 7.25919732241 -0.0836754636747 -3.51629753008 -4.47106078068 5.3295644374 
-8.07188874187 16.4210624717 -1.26464032052 -6.54784114707 0.783722388537 9.7149654917 3.43004651673 0.807763442845 -1.20607348001 1.34275576448 
3.06984897102 15.9608338487 -0.623473576322 -1.91087341111 11.9189166136 10.5355626089 -2.11812866848 -2.02813179963 -4.64690800562 -8.73424656586 
6.53124438044 17.429209732 0.689551446355 -3.09044385448 10.5776410461 3.61103365532 -7.77586510985 -3.34057987574 1.08847314939 -5.09663809008 
0.122258822232 10.29812453 7.69470159383 -2.35646832681 2.05288704065 0.560230150013 -2.99909807041 6.47650902521 5.36995001521 -0.067258952506 
-8.78721238853 3.77811020951 8.47411556271 1.82368879896 4.66510777392 -2.75333876848 0.694664703683 -1.27817879583 -2.3170827034 -2.88942182953 
-3.93833551332 0.63774772319 3.46866185897 3.81605801657 1.84839928908 -5.56537891593 4.84187149126 4.7953289586 -4.06763338044 -2.62707439796 
-5.63854832899 1.3472425605 -4.38527215675 6.93282844934 6.62380657665 -4.52262913549 6.51681594923 6.56268068851 -3.88668202893 1.06588309371 
-2.3810956242 -1.66816975551 -3.42698286769 11.9212975922 6.52740576809 -6.94565722628 5.30295711486 7.70425112992 -6.11716343887 1.192492459 
-0.988621655896 -4.62920163617 0.322169964299 7.70713123587 -0.474157609891 -3.4001463465 4.07559574247 10.01915339 -1.27420186996 3.16848742762 
9.05980075095 -0.468744811421 -0.374769052515 4.46568983266 -9.04639331169 -1.01415674995 -0.173570530654 -2.10244048685 4.69687656555 3.29138306162 
17.8649751374 -8.32067223661 7.56279240156 1.86960590939 -2.05371706361 5.0814225927 -0.623181794637 3.02189576552 -0.904556325038 3.71887755284 
14.1329444254 -8.17920283739 3.2067586387 -0.597519551167 6.40757974262 3.36890363149 3.04231488466 9.12151577715 2.87092881988 1.28483859202 
11.6663010312 -14.1878787441 -3.22145798097 -2.91588367165 6.63201900153 5.49126403673 0.33326873551 7.75234434698 4.58973417385 -3.35543306496 
10.32430561 -0.881431844623 -7.29289078904 2.31356199252 4.24980727422 -6.27101244993 -7.33236392689 3.56185861169 5.68518013669 2.34811665068 
3.79911986142 -0.490141731395 -9.32396823569 -3.089296947 4.51306080261 -6.5520184228 -10.3748796205 -0.98906503038 1.97117049934 -2.61444877914 
-1.66502884481 -7.78658448222 -7.47745765238 -0.585496446541 7.19436552085 -4.53672749113 -8.55151593855 -3.70269792503 2.28380162807 -3.837534764 
-16.0139920792 -5.55755011876 -3.98286493973 -7.31382631152 8.76971285171 0.636434253475 4.28512357653 10.0574373352 4.24757434497 -2.51066581819 
-9.85897107216 -3.95840464343 -4.35108397742 -2.99235533523 6.71169822246 -1.21878163452 2.52177779117 9.62588333426 1.85460491878 -0.124236876448 
-3.46108628926 1.67102911973 -8.00968145671 -3.52741787113 -4.0028609319 -1.98949335876 -0.462297511506 12.034471415 0.0311891238825 -0.138505527852 
-0.755446432934 5.50933550486 0.0179336914677 3.35323675271 -2.89468059487 10.3028498733 0.806839949148 2.08888334963 -0.852610257795 1.4855503294 
3.22762258305 9.37733893095 2.26987398019 -2.18389530745 -3.96072684485 13.3368553963 5.19118394002 3.23510998796 -2.6562324102 0.379476665628 
3.15137650385 4.46137138107 -3.31495827739 22.8077885189 4.98974405506 5.02650208633 2.24348063471 -1.20519980973 9.19633198646 0.354969299717 
10.2457326886 14.9684902573 -3.09589496235 10.5039517611 8.21594045969 0.152712031527 1.39876236779 5.46061050058 6.11207296628 -2.93021400614 
8.59313882744 13.112448504 7.24814603613 -0.212742782656 6.37198966748 -0.63564041986 -1.5319872405 6.01207006068 2.99933580969 -2.57068267866 
8.41575969402 10.4216728702 7.03774126218 2.20826892073 -4.05490863374 -4.16298833466 -0.479207703728 7.45855699365 4.89766292033 2.20119359463 
4.79727209419 8.26299396926 10.989655542 2.88695317586 -5.72491704669 -3.78947139602 -2.60851510909 4.41790878475 -0.826221502809 -1.03584448268 
-3.57667897105 0.926354818038 12.1116521452 -4.61803654237 1.69697951482 -6.52567173662 0.0174930966353 1.43818054761 3.9793195517 -3.00162699236 
-9.73436641277 -1.42773845507 8.72884630344 0.665292048112 1.77139731435 -5.03965612312 3.9069574918 1.41567175792 6.53477487849 -1.72249261945 
-0.658357648885 -6.43014929211 8.27431371126 1.83397222452 -2.28394429635 -2.80757134422 0.830512253558 -3.2605448025 1.3427447447 0.0560392736566 
2.411344588 -6.09608569512 6.89879726794 -2.18333421243 -5.55163890679 -0.314033278273 5.29340134468 1.79147958577 -0.425377064085 -0.00384658401309 
10.9290190365 -0.567403261132 -3.25834448613 -1.90332025173 -11.2619438441 -1.24327601113 2.67775441878 0.396463025221 0.796537773079 3.76704867551 
28.3764629634 -7.2001268058 4.03656385362 -0.870488346132 -3.39486326439 10.159783535 1.74203633325 -2.65131745675 -6.02441120589 5.1383713199 
23.306964194 -9.03615844254 -0.0883321783375 1.25116045883 -0.685989721208 7.98211581737 -0.742854621183 -1.71015054081 -3.49542143311 3.03807095365 
9.36129446011 -8.24052268811 -10.3795037919 7.73080255894 -8.47969898334 1.08363062432 -11.9721130723 -4.44780199347 0.898986777554 -1.3233981976 
13.2170602822 -3.82464876336 -4.47412800503 -8.70431286848 -4.83308961977 -4.88420157784 -10.2073032324 -2.38295039962 1.49759959222 -0.286194894322 
-4.24217226712 -5.488379053 -7.53766712008 -13.6283694816 -2.26421862185 -3.58992401341 -1.04247691503 2.9529693406 6.12528474863 0.960989517825 
-10.9417517035 -10.6369119056 -7.75391462355 -2.45422999841 3.59447966422 -3.72749627677 -3.82399332762 2.90881292993 1.21479936961 -0.340595028459 
-29.4987741952 -9.4470747476 0.789460310291 0.513168034781 8.40778373824 1.95946996048 -4.47659582151 -1.00935966495 4.22485265094 4.63927743935 
-29.9442156463 -5.42473294676 1.4433977658 3.42923299657 6.04633530545 1.72784709159 -5.79253620832 -9.11533439198 -1.70933045333 3.6249262747 
-32.8821169323 -3.40269673687 -2.16359188247 -0.926063580567 -2.10711846422 5.11161987246 -4.88773915252 -5.72125881135 2.1618839889 2.36127819742 
-10.1776053672 8.6822988862 -5.48335243401 -7.75185259202 0.431902521537 3.81358253861 -0.291747797844 0.0262197786701 2.84736874202 -0.0406354268733 
-6.96385610513 7.52331350099 -8.41697224687 -1.74161927812 -0.748327584898 1.60365383681 -3.6943445352 0.500781451 0.0806477677758 -0.168240025354 
8.57933697021 13.6996786989 -1.0678123913 2.3539422982 -2.26343301756 0.16461636488 -2.92885544339 0.501716161583 -3.725941948 0.942066723958 
14.5582686247 12.0384379348 -5.93861194851 -2.53465129676 4.28578229791 -2.05211567742 1.82096546926 6.23363135576 -5.43920566045 0.0511538802534 
5.33352777326 9.27921239736 1.02725374626 -0.816487989307 -5.29456222016 -7.01823755104 -1.38949687887 5.6122482467 -8.03555648485 -0.625952993292 
-1.92902130919 8.1102361167 -5.08153029646 5.56222285837 -10.6478231958 -8.93591088034 -1.99210769768 1.18795820303 -0.283521161577 2.83414421258 
-0.553170195108 11.0801198806 4.87646441499 4.31809782064 -1.15366778653 -9.67080729223 -1.94220992881 -2.88188432875 -5.85506316151 1.47917483043 
-11.528606501 5.08027249741 5.13579878754 -5.04006220065 -1.58767658304 -8.55157597004 3.01156424427 -3.01468877539 0.43950366212 -0.159757317602 
-5.59622628981 5.11937625266 6.39806129574 -5.01667197077 0.542855374759 -6.46421135756 4.19514447293 0.203426260815 4.93645663569 0.245380836092 
-1.74153192125 0.354263070611 11.0463990284 -1.36278005629 -2.35710607682 -4.74151788934 -0.854693965107 -2.16977941378 2.5631268087 4.18437501328 
5.15120839132 3.24973974345 11.6524302386 -1.46230409871 -4.8648818767 -7.22203373507 1.04406506554 -2.20175105521 1.89545565878 5.10883514306 
12.979427589 -3.45872702865 7.93505185062 -2.05127272156 -0.941813452835 0.149993200409 -0.333501708353 -3.13849865146 0.556537946609 3.52521744911 
10.0016421817 -5.03386485297 1.35298392799 -3.07960799321 7.45373759231 2.51466831478 8.74916025489 0.663329148811 0.785015814659 3.61083422474 
12.5963188809 -3.9138412844 -0.984700125559 -3.23449684875 3.44389723274 4.48421807867 5.80207038626 0.547252274085 0.525480432418 4.03164497767 
10.449385926 1.12872532093 -9.91875880578 -1.35044999975 0.0411555202746 0.297365754262 4.14419995295 1.17607133183 4.30982388902 2.35355785929 
-2.5078293286 -17.5694659598 -5.974276284 2.25973944473 0.375568432125 0.946283144371 1.25486514372 -2.41857460604 -1.20467414854 -5.58476430259 
-9.41555748326 -21.3371045684 -10.8242033396 2.45425379571 1.487494092 -0.778420847049 2.14307921841 -1.79122907192 -2.36230738209 -7.79694608512 
-0.692778205305 -9.34816040846 -19.5303652518 2.3439250576 -7.35155219294 -6.48641532291 3.47211304682 -2.65104600438 6.29793356988 -0.592767960787 
-20.3851081021 -8.36762375724 -10.815115608 -7.74156419559 -5.01593956194 -2.01537023867 4.4631416883 2.37094322401 4.29063330173 -3.27755059375 
-23.373371386 -6.22011823829 -3.883453644 -8.06710667148 -5.68176930675 0.175926917613 2.15525484336 -4.39188997764 1.27515580845 -2.24857100848 
-15.1152262524 0.914238079529 -5.740597163 -4.69949678918 -11.5182153575 1.79638954949 5.33265972484 -1.84548728661 5.07122019093 -3.75047135988 
-5.22309270371 6.67247646831 -5.60029556184 -3.31833213983 -9.61744385361 5.14156092034 7.79609555435 -1.76570572021 4.46675167495 -5.40164533896 
-1.52786962357 2.74033350485 -4.39258452518 -6.12063753034 1.57748820657 10.1731172343 7.97021488393 -4.69514601151 0.609615687719 -10.1826557336 
-3.59461596474 6.48774764974 -2.85552421848 1.09095632725 0.737967588729 4.91522450196 6.15732865292 -8.07613029902 5.58195787335 -9.25948386749 
-5.89323576911 8.92839404814 -2.59406103887 -1.69227310245 -13.3186900482 0.219604822278 10.0231195773 -9.25857518848 -2.50380688311 -4.20845217824 
-4.53622111953 4.12910347919 -3.68563520079 0.0357142655157 -11.9959461632 -2.39462383819 14.7044464337 -2.97292125628 -2.79973163617 -4.44477796988 
-4.85795494966 3.74477384469 -7.3394822156 0.668773524386 -7.9907204216 -4.85135241183 16.2886728244 3.05076389982 -2.29746989642 -5.01932832835 
-5.03143308573 4.94389686107 -4.06709696764 5.07567887449 -4.10922445974 -9.52653839767 9.31952762674 -1.21020192678 -2.87197303653 -0.417856900604 
