18.2026320079 -5.31773800324 10.917502248 23.0528653155 4.2798821172 4.88294825748 6.42770173964 1.26485815587 15.4214715661 -2.88363144602 
11.6892393205 -6.73610542136 10.7090336346 25.793406483 1.32662362928 8.25129120894 5.784640741 2.05381353019 17.7833971112 -3.00341992419 
9.83116177955 -13.7525021889 8.7342993187 21.5986183457 7.40159554395 6.21497737678 13.0840868243 2.20745621176 15.6979079741 -5.57831238728 
7.10271518951 -19.9149383785 5.40713577319 17.6821206237 8.03345498186 5.20983211111 14.9405114123 4.02489935701 13.8333708454 -8.99873388609 
8.94918558603 -23.0026038612 10.8958771071 17.9266708398 9.22390273363 10.1795175969 12.7094588878 7.53497813164 13.0489979898 -5.74965344668 
18.9961363698 -8.14934464893 15.485992474 24.0870080246 10.8130677893 4.3756409201 11.9880816668 7.60890476361 10.1825843419 -6.5802231304 
23.6753194077 -8.29119302264 14.9849476587 18.8188285433 13.8639650521 0.566383407991 14.2029170367 6.19715914715 2.33492213059 -6.29086731758 
21.6255816366 -3.06057457092 15.1619747815 11.2315676866 12.5555366636 0.113316600628 12.673843042 4.22039973276 -2.05188995552 -5.31273930326 
20.2949540713 -1.95942191768 13.367752579 9.77114861815 10.6852046685 -3.43508085948 14.3011813679 1.84668178148 -3.6881909075 -4.78330059101 
18.9617601499 -8.73726961704 15.3918916329 7.32856040725 5.8528294287 -2.17089433574 15.2968600388 2.12304281285 -3.97898449675 -1.50743171753 
17.8293391714 -9.33942716274 13.8950841171 4.35941531804 3.25827484309 -2.5184291094 13.2128336525 -0.407612562906 -4.9945095538 0.738123204916 
19.4184699229 -10.033914847 9.49606864492 2.28363382817 3.45640060993 -1.77435375386 10.968079269 -4.21763528356 -5.25526082943 0.8962957122 
20.6007323677 -11.4862392234 10.4320841421 8.70994086801 1.14722339736 0.496738167511 9.21990606188 -6.7743956286 -7.23114754723 0.436901906895 
18.2328554647 -12.5096860024 9.74214607508 4.87466030226 -3.57315585604 1.69807664501 6.11447921249 -7.86691108732 -9.79499004247 -0.328859589449 
19.5535505788 -7.413989309 13.0547815408 1.64546107057 -4.42289229266 0.362446439253 5.43155772607 -6.95138651173 -11.2218254633 -1.07132775993 
21.5650439898 -9.05064184839 14.2286992491 2.04438676146 -0.751418155744 -0.600412435865 6.40508090057 -6.65570479232 -10.4399547563 -0.447707262494 
24.1967468326 -7.68424172741 15.5675661691 2.5544217116 1.08212262707 -1.04861621195 1.4066626278 -3.43811724161 -4.56939377698 2.72028405604 
21.8139788952 -9.09886843652 15.2372527953 -2.39503497229 -0.107647709601 0.0887516123916 1.36712800803 -0.393775980288 -2.3522532656 4.58092903037 
22.487744798 -7.49505954789 10.6753739216 -6.37482691944 -1.08109176293 -1.79366074049 3.4670989074 -1.44489294678 -3.20760036564 4.47227278932 
20.4852414299 -7.64446000195 6.60071223235 -4.01047242087 -3.93005309973 -1.80582988074 4.00903773074 -1.06056910759 -4.79910235143 5.08139259669 
21.1877204193 -5.97121882573 13.4241603333 -5.58366037539 -2.94748503096 -4.64514594045 5.16133498516 -0.40252544286 -5.59615073182 4.45345463012 
18.19582337 -2.17897863873 15.5810787766 -4.46448457867 -5.88456882396 -5.71544871118 2.73283523942 0.242414374113 -3.31695929614 5.3461675556 
16.8916901952 -7.82197963536 13.2483182248 -6.14346449578 -7.54370529811 -5.17139282665 1.31386118938 -0.189615332669 -0.431480037979 4.53308295616 
18.7505770215 -11.1208879275 10.5871953614 -2.37298422842 -7.74126502128 -3.62834467111 -3.1446507347 0.663321011112 3.18781559086 3.4847788577 
16.5868416478 -8.49639736062 12.2112781 -1.29884966525 -10.4705684163 -0.134962929016 -3.80944192044 1.05460308288 0.982156060316 5.01789049704 
16.394305024 -2.49306353741 8.48694466561 -1.8379695383 -10.5106017351 -1.60065522501 1.24027526719 -3.39978073887 -3.7348237632 3.74909576021 
21.7313511728 -2.92910839691 9.06100993958 1.44336915572 -7.66411253511 -3.18299390287 1.78707714269 -6.55091609791 -5.88776519187 1.8580808674 
28.8507119893 -1.4153159308 6.78420088088 0.953810710527 -10.5968116373 -1.34200244524 -3.22792051271 -6.38130435475 -2.72772070731 0.830232390397 
28.3653565374 -3.43074510683 5.74657544341 3.44128476442 -10.7181730139 0.926848099195 -8.88734947341 -3.20063568032 0.910186209964 0.020810202027 
29.8214971089 -5.86398480858 4.76922648312 3.71374345075 -8.76473909635 2.99500786051 -7.8117404772 -1.93959494896 0.0573909310144 -1.68025575703 
20.1328941176 -6.72233692795 2.20673140181 -2.36010440152 -9.70332041858 2.08362589059 -3.33673614712 -1.65701610798 -0.812962020945 -1.18351362926 
25.2587872916 -9.26816366438 5.86880197232 -0.877635503231 -5.93032015326 0.207291424753 -5.54474078268 1.34385013852 4.37198300231 2.9649005969 
24.2056177391 -7.92436386743 3.09999627846 -0.0208429659684 -6.79584433117 1.29281116033 -5.56597460864 1.68085844011 3.59320615464 4.73685733805 
17.8186176422 -11.0747259909 -4.58873306932 -3.99414446072 -8.88236869136 -0.0142743343255 -2.30219078309 3.63448779732 3.89518799976 3.66250202882 
11.2533402795 -1.0670664735 -5.09076452036 -5.01860703747 -5.24903566854 0.0496029737135 0.351605828108 7.24507563405 1.41272682898 -0.310743236997 
11.2587605152 2.28928222896 -6.0706996461 -1.47935139123 -8.60906039538 4.61124958948 -1.00700281819 6.85978263496 -0.0869064838221 2.41274713814 
15.8981488744 1.48486737072 -3.46038280309 1.14415711913 -4.86381995247 4.81443636966 1.48200942051 3.9767852067 -0.399562456062 1.16782539371 
15.7884499084 7.456964941 -0.683385621337 3.04474194908 -2.55124715953 3.20359308252 1.88316483462 4.05920550566 -1.45626206713 -0.0559395655957 
13.7832773539 5.19822940495 -6.51739246097 3.42480309467 -3.73254903738 2.1157820556 4.88293951662 1.17309280184 -1.47784987752 -0.502712244359 
15.5351298259 4.99951254257 -3.62139512847 0.556011712716 -4.24365545032 0.194304371447 4.71003859311 -0.465784292408 -2.03710072008 -0.582349554114 
13.5820070829 4.09800657529 -0.0535952341039 -1.36788573355 -3.24969487225 -0.910452858586 2.46537153764 -0.153079436868 -0.479766819413 0.500874397639 
8.16761920642 5.23583005293 -2.26570956003 -4.68927571189 -4.80084900954 -1.51203493955 1.83642429329 0.541091256219 -1.06771875109 -2.12564035165 
4.10826782007 3.46953946811 -2.84137517123 -6.15339298326 -4.41452791107 -1.34863923398 7.43246451384 -1.88689141693 -2.43315219327 -2.95272703825 
7.38912372139 6.40476995388 -3.4260531092 -7.67376283188 -3.96631017476 -2.14965307552 6.75216652524 -3.41399725363 -1.54326018731 -2.49391687316 
9.82059505326 10.1363964353 -2.78854006101 -4.9085825244 -1.06724764319 -5.12679789 4.51445584303 -4.0137230793 -2.87119600513 2.39570150675 
10.251786325 15.4554424065 1.0025691596 0.0499536003953 -0.18376100143 -4.46692599253 0.477050880867 -2.13720041012 -2.54442228214 6.02965927693 
12.9518083544 20.364035497 9.61477554747 6.63302179169 -1.15780341183 -6.0658145016 -5.38188227349 -6.64199373715 -3.90190138848 6.82324873012 
11.4139695417 19.1719610849 11.3313427498 4.91833731228 -5.27283249244 -1.80486050795 -6.87271745735 -6.60861814022 -0.00481858304771 6.11980585736 
7.90992524155 20.1335924428 11.1925779513 2.43129997878 -1.547749333 0.579435299732 -6.87371179373 -9.00879161903 -0.66927393463 7.25690669908 
9.40548223956 21.0241635825 6.43848626564 -5.50062346149 5.10282799018 3.98704413773 -2.41685211836 -6.40191056879 -3.63063605587 7.77205798088 
12.2848355934 25.3256860943 5.96501336007 -4.02909889029 5.67481218444 2.61281725412 -0.246416224795 -4.93513493068 -6.23994740655 5.8643392747 
13.9311500331 25.959644337 5.00798839961 -0.438719682544 5.61558578567 2.44458798672 1.67732410545 -5.74052668192 -9.85738035566 5.35566583067 
16.5383659455 20.2217177955 3.6912135527 3.83760567287 7.57883415203 1.21859212152 2.09060371997 -4.69970994612 -11.5695379911 4.80967333191 
12.7818251255 19.0184900619 -1.79817128094 1.62091973005 2.24860661383 6.10671096904 2.46877909574 -2.75908074081 -8.80165951259 2.67338277127 
11.183853878 14.0498239747 -6.15152380643 -0.896537444242 2.44408644007 8.68204616095 3.70608091337 -0.74693602993 -8.8934628316 -0.402113068444 
12.9246090996 11.3441918723 -3.48099152582 -0.717149248494 2.09803820655 7.79250651365 -3.84247075598 1.60623858101 -4.67078831081 -1.17967386194 
2.68088753892 6.27206173031 1.39580128124 -0.542514458905 2.6416227549 14.7783483283 -9.45561083834 6.6532044241 3.5391222737 0.651034006915 
-3.86091112488 3.32291862002 9.83066216256 1.04316232771 0.714153747742 14.1460649297 -12.5836412881 11.458747784 8.47866154855 4.02892862389 
0.316798515361 -2.57264813238 10.1054456923 -1.33011912699 2.21801810928 5.78289077217 -8.94418562604 10.6132758268 4.71202243256 3.66794333011 
6.8694344504 -0.561682456169 7.84249328281 -1.43130151213 0.636667918124 -0.0615850472289 -8.15714465312 9.02567466092 3.8911375362 3.69002823879 
13.5537424688 2.12743914434 6.91210108351 -2.01917506074 -1.59239232814 -3.56970471353 -6.26884606689 4.53309879272 2.68317182378 4.45492653982 
9.0332388252 -4.10054062192 7.98269906346 -3.39337772118 -3.40764443978 -2.79393278553 -8.39017759071 7.22393622202 5.65495001503 3.86989670793 
0.323079566676 -10.6011845049 8.49975678477 1.04898326243 2.42755459973 -3.96041124678 -12.6766389144 7.16889921823 7.97219054339 2.64665496096 
0.94015504306 -11.9486257202 3.69626382777 -3.28981801671 7.27970515529 -5.94922703778 -12.5452420217 4.43017246053 9.37545187479 -3.18786121914 
-2.83322016608 -17.6541921763 7.88005710054 -8.68342098611 9.56701914653 4.6599697548 -11.5035617555 4.05179570674 3.27224073416 -1.36707031135 
-4.76523032695 -15.1473996877 3.36569986448 -2.97701907633 7.16268424553 8.76048290516 -11.6620931476 7.42058952886 -1.54225165917 1.71924561402 
2.91225972388 -10.7735676827 -2.87351879687 -1.96893328485 4.00395728687 14.5785684965 -13.3032829981 2.82709636424 -8.21769523757 0.877987678597 
1.09778002894 -3.11673731841 -5.20939444831 10.8599458287 -0.0926657270901 19.9106377848 -16.536971252 -0.0731393961706 -7.62665441227 5.99873546333 
0.211543373092 -5.75217455084 -11.1016565144 13.1263081587 -0.53007755328 23.1516494777 -14.0702323419 -6.78999559558 -8.19342974773 11.0272935093 
-4.37038641275 -10.1222742265 -15.8731426977 20.9254713528 -0.97852775447 22.9120776963 -16.8143722101 -6.53380129281 -0.887618700324 10.2664005389 
-4.13528077508 -6.45585851089 -14.2968569569 19.3581038762 -1.90420477286 21.6717990691 -13.9316783297 -7.08975743451 -0.320311803554 10.0784180123 
-2.99790964556 -14.538022549 -16.7637482779 16.8198578531 0.569839479886 15.8286976708 -11.030124055 -4.10610165942 -0.392584955628 7.5104768072 
-4.96803905272 -19.2837748808 -9.10813579201 -4.26771420866 6.97709998026 4.84044384827 -4.71251962249 2.33631483942 -3.99568800689 -3.01675053629 
-11.5841543559 -12.953545519 -4.04005026892 -9.75341783998 9.0084807801 9.33886320906 -0.692434397481 4.80610229732 -5.48052518172 -0.609492264241 
-5.83786769739 -13.5987303857 -0.939323808248 -14.6398271678 5.06393766675 7.89573216868 0.140042365944 8.12301800977 -4.33818769825 -0.90469915187 
4.77676763295 -11.332046808 1.78301306636 -17.1612210496 2.90753137391 2.24166611888 1.91081016222 5.10492308957 -4.39767074278 0.617332448029 
12.2942641735 -7.44820846348 -0.365518952386 -14.695250971 -5.06725198339 -0.290495280009 0.769424642441 1.10795836793 -6.44250346 1.02556790235 
14.3801890315 -3.3383211607 -0.252378181372 -10.157046317 -6.73546242833 -6.43770010564 3.09508787937 0.187017858915 -3.23849344079 1.86847324047 
7.85384721135 -8.87622059886 -6.6414921565 -10.9032662327 -5.89698044127 -5.21275486963 2.94777889818 -1.21470309517 0.128202718074 0.805339713381 
2.25988333226 -14.7909789632 -5.29235013851 -17.0371552133 -4.24318375324 -2.12225169415 3.96218916926 -0.467294801074 -2.1095063453 -2.04968852857 
0.66054437844 -13.200604131 -6.70733056244 -17.3479361248 -5.42213684521 1.76344454794 4.50387177024 0.296168606358 -4.70137848869 -3.14360134209 
4.08426306147 -9.16833636804 -12.7356846575 -11.1011451087 -7.52912827476 6.59165576038 5.30003183104 -4.17165771584 -4.50861877779 -0.40751446087 
0.347476748303 -7.90802123975 -13.935625962 -4.81437770771 -5.39661762288 9.37926456358 8.1144545518 -5.26219995649 -2.17684228098 0.540037689059 
-2.73654128574 -4.07721740634 -9.64778986031 -3.62431361373 -4.44928292345 15.014374455 6.27534371504 -1.08389844667 1.85393976455 1.7734315142 
-5.82869249407 -1.69933340435 -8.00103901735 -10.3263075275 0.104884290265 14.6993527621 10.4267168923 -0.723131795702 1.04002422861 0.00555345370097 
-7.83442602511 -5.06464470965 -6.04940418702 -14.9623402787 3.14374862403 15.5623634795 9.86761486976 -1.07871636811 1.7711193623 1.10858980334 
-6.90179796077 -4.30085564205 -4.29517513581 -15.5377117108 7.60300029028 9.48307950949 5.41192302305 -3.60767416933 1.26111305095 3.54671198261 
-10.1278773428 -5.45803745272 -0.903426839332 -17.3368087295 11.7078907492 11.683319853 3.71056456873 -3.64421861364 3.92627108412 6.94619320431 
-4.92252400835 5.2895297914 5.88395643474 -14.8616417856 11.7530633651 12.0617683496 3.40272423656 -4.29437298243 5.57912803253 7.65428515623 
-6.02798014007 4.88523183655 6.55562988747 -14.3437595908 10.8418362541 7.91627622079 4.70796061019 -5.29670598667 4.67905108046 6.67011205592 
-0.191224903298 2.24043623652 2.4725656681 -9.82970120663 7.73036474406 -2.01288067379 5.32848385514 -5.52756368903 0.166318330589 6.84125118282 
-3.35081205254 -0.745192304801 4.93822249917 -3.70138716422 6.65828766129 -8.31925930491 3.65803460451 -7.75516712755 -0.375446463676 7.04726372716 
-3.66528338171 -3.61144296991 6.31463367938 -4.38627110676 7.65378575429 -10.6693693793 4.07460011166 -10.9066298729 2.07153943636 4.71041457483 
-13.5440298595 -13.2776872085 7.68399075998 -7.47237991184 6.07214664626 -7.61680625521 2.68498807735 -12.0628313639 2.85489580771 2.59769508051 
-12.3402382851 -12.9847217609 10.6883424143 -9.67588824844 7.53771511726 -5.80699730629 0.963408912483 -15.3329676687 0.286184617765 -0.289929544777 
-16.6657766725 -15.3974641649 9.97780832816 -8.72430356616 4.52450531327 -2.41380793925 0.675934361951 -16.3184430044 -2.80960183723 -2.62402182866 
-13.6373928041 -12.5337424426 7.60449344228 -5.13483887422 3.23211856325 -2.43855864163 0.86361998431 -14.842831986 -4.50072995424 -2.20057273841 
-21.785458306 -11.0301208808 7.31804098967 1.46059850923 1.83930339736 0.19053585877 0.423471059435 -12.0717456278 -3.38027557887 -0.384788121662 
-25.159684549 -8.22688807965 2.80988294004 2.26448684746 -2.80488374722 2.53305340478 1.25156572406 -6.09899422645 -2.68291667843 0.961437037337 
-28.3160205629 -9.83046713871 6.76394065625 0.689634096155 -4.61296465558 3.02486707312 -0.414522212537 -2.83397927318 0.346629098817 0.759312020246 
-30.336265495 -8.37297227997 9.97635919614 -2.02206916575 -4.51760627457 0.521360388102 -0.00542587873073 -4.65972829259 4.78251885555 -0.916246885131 
-30.3220098293 -9.64552561191 10.6275432619 -1.36745108639 -2.77065589143 -1.19275073159 -1.16539178049 -1.45034933627 2.08688562728 1.37916186187 
-25.8309364058 -9.5395930771 11.4012994874 0.736058027709 -0.867088056822 -8.23082989677 -1.71006197172 -2.39644163186 0.0327930966795 2.44177423327 
-23.9840042334 -3.56330307385 10.8269986543 4.25679957958 -5.17963325298 -10.5284699852 -4.15503952633 -0.458164271765 -3.39190300417 3.02692507129 
-19.2359886702 0.691890677134 11.0773107408 7.01498307459 -9.93014903609 -15.4503442957 -5.98336487482 -2.57951690885 -1.61423589053 3.4626664317 
-19.8369160187 -7.62026574896 9.07580576585 2.68467768977 -9.95706746255 -15.2023422304 -1.97260832956 -5.89929501407 1.73401664145 2.25788340862 
-32.4503407438 -15.430145108 7.65351890377 2.77126579331 -16.7052330327 -8.08240054561 -3.33910827032 -5.2674928296 4.10666072719 -2.3059136519 
-30.0493583343 -12.1370005599 12.4081351494 -2.84580892977 -6.64687018263 -4.31303016344 -5.73160519846 -5.73480085122 1.77018548766 -2.80454579619 
-32.3162637028 -9.8872354827 14.6015108281 -6.9702699323 -3.76611137347 6.30901625005 -3.16729694059 -3.15434735788 1.28852985486 -6.32193382714 
-28.497697059 -8.13163851108 10.7614609823 -9.29868386475 -3.21973957218 13.4964477725 -1.71004199264 -7.80433095556 -1.73627713521 -8.09857617775 
-19.6659731923 -5.48176736322 0.0600573899054 -5.32787858495 -4.62498327162 8.97045442627 1.17372162926 -10.5360833905 -7.65134763865 -5.64927305582 
-13.280956015 4.14883871565 -1.83792978952 -5.1931334751 -4.00772102632 8.4243185589 4.81278714788 -10.3931676718 -2.75223991917 -8.72426811304 
-7.4611575354 6.84137447371 -1.60905147825 -6.36582852795 -3.14651067508 6.47793029245 2.34164788697 -12.7196099233 0.435002598642 -8.58835709422 
-8.29591232034 8.12568256973 -1.21182460738 -6.94232977102 2.18620448192 3.11209729803 1.97907431751 -13.7225978473 2.14766592836 -8.47166520726 
-9.58853183087 11.1574607942 1.80083526731 -11.3088912908 6.8566964546 3.65755577262 1.49996409722 -10.7782412006 7.55151085441 -7.57010929898 
-8.67647537998 14.5635584067 2.32950500001 -9.80496373279 9.15399988831 2.05171125803 1.35585663291 -10.1166372926 10.7817010114 -6.95023578305 
-4.88478619811 17.2200902193 4.11936405226 -7.93949694415 8.24818305126 -0.457967202267 -2.71618547254 -9.48155683626 10.3494871057 -6.60725917729 
-0.474394748589 14.3786353412 -5.62585074745 -2.44739157753 3.27953533172 -5.06470582077 -4.21835234113 -10.7644954029 11.0250022592 -6.97124781065 
5.63059727964 13.7975644715 -13.6659477481 2.94698191667 -3.86510419736 -10.4215720268 -7.86068350751 -15.9285505095 12.9378088341 -4.48103133452 
9.69186504768 16.987094747 -8.0871357123 1.511228954 -7.92840173086 -10.5442411233 -8.26647731721 -14.5208641802 12.6564908653 -7.60953266496 
2.92100250016 17.4198352809 -4.83024918066 -5.31846248643 -4.39816056345 -4.06250085297 -3.86916266811 -11.040719161 10.2022241863 -8.7776038467 
-1.98046161073 22.5747231868 -0.967889357953 -6.17878290166 -0.717329024425 -0.12208305712 -1.38702340767 -7.72169669853 11.1207436622 -6.38239779551 
-3.82474461318 21.1471983337 -1.39939454403 -4.45863026867 4.57828235276 2.33868556902 1.90090337274 -3.34723098624 9.78186493191 -3.83989758579 
-6.99061466391 23.3963112047 2.91460108278 -2.81046280754 4.03550411543 4.6229510815 5.74470340561 -2.1427652347 11.1168510506 -1.21038661337 
-12.0136836932 21.4864037615 6.60898627553 -2.22847324482 2.45835430597 6.6682849093 6.14280241312 -1.41178809576 7.69224373843 2.93016536992 
-19.4982292363 16.1744607319 6.11299665961 -2.62430396857 -3.71853830086 7.4101416783 7.02753352956 0.180129678382 4.9745664828 4.37748973436 
-23.7613974448 8.54210565044 2.71938095526 -6.82424169872 -4.67726073368 5.92801116603 8.78987156169 4.4051570786 6.52926519333 4.71402032291 
-23.1047734901 6.35587362519 1.29839363445 -6.03924363334 -6.52677598911 3.63909617665 8.92779869145 6.48261335195 5.19713507323 4.78539575669 
-24.3316261172 4.79792669248 -0.0695150155172 -2.52571965989 -9.40591034574 1.00172393006 8.410067002 9.3833265549 2.71853821123 5.25973319638 
-22.5708476663 11.4157834433 2.59043983539 3.0377158274 -12.4386399089 -0.132637348641 6.78204692469 10.0272034216 2.69043925577 6.98662507139 
-26.1354077515 10.7662907364 4.60507160491 4.42171240964 -17.774934983 0.59480787154 4.42123146415 10.6466738817 3.0844698993 4.02851876011 
-28.2699356185 8.02081205086 8.1947197774 3.19901411843 -15.3443359758 -1.99936607601 3.79916148335 9.9636052826 -0.0633487866145 3.33649380322 
-27.0236935005 9.0882365086 6.45615139923 6.7305814079 -16.7637991413 -2.45893041634 5.28778746432 6.95022845687 2.69688225052 1.52371426449 
-28.9880542803 6.07278483053 5.36360138693 3.72589158291 -14.3474135617 0.122604122764 5.40885467509 2.03581744504 3.03245850288 -4.62919539046 
-26.180126376 3.68782350097 7.48054369281 4.13947451441 -11.6967821435 4.29144621953 3.63189812763 2.40243159613 -0.119563428823 -3.46216272574 
-22.7601854602 4.43278842456 5.66757743766 4.96242006449 -10.9250030002 5.03142181559 2.97988144508 1.66977083905 0.619793853478 -4.19585466297 
-24.1655570055 0.290908499488 6.23901763339 8.5347821453 -14.8407747085 3.60796644599 0.189465993151 -0.316803660244 -7.61194617351 -6.04747293549 
-32.9195356237 3.24097579572 10.1155322622 16.1517745353 -17.4844254825 5.97440255192 -6.19461560605 5.6846446892 -10.913090956 -8.09481792276 
-25.2674160471 9.68819005381 7.81726967973 16.6148858395 -13.7980823558 3.15499394534 -2.3080812884 3.08279352185 -7.5936000566 -5.12446728561 
-18.5303894821 18.2052777132 7.76495089301 18.0246867144 -10.995687775 -0.701772533715 -2.38488167652 1.61661240348 -8.60443802621 -4.65218390328 
-20.6914135472 18.4709023868 7.95681430185 16.6725162572 -2.21076094898 -0.353938201971 -2.68228758565 2.8527059975 -10.8369590618 -4.23078092344 
-22.6570494531 20.9768166185 7.81451480119 15.7978685443 7.1240501276 -4.34578705367 -2.80262300113 4.68812592632 -12.0112181955 -5.35710934169 
-22.7210888339 17.5283272998 5.73640021586 12.4517945584 13.1663048919 -5.68951836686 -2.34486516287 5.32879302609 -10.2144155029 -8.55623924955 
-21.6302675804 16.8726028938 3.7709756554 10.0398970246 19.228728832 -4.57978170875 -1.43178674173 2.61160818759 -8.28946078943 -5.66991566303 
-23.4903072164 15.7979344491 4.69887202166 6.46938244761 21.3609896505 -0.269412782625 -2.15972450549 5.88350717358 -6.15330051574 -2.25179206168 
-20.0212636673 14.7407077149 6.59170350203 -1.42780230846 21.1922501264 6.32929866118 -0.434747870905 4.13267754975 -2.2984734041 2.7871402247 
-19.8834160164 9.8102666679 7.73358402924 -4.35827622011 18.6256567693 5.91884601983 -2.22408031854 6.00525614289 -1.06056769976 6.43525635425 
-16.8592660542 9.15179136552 4.9934314195 -4.82039881296 16.8919179318 2.91483165269 -2.2250296757 3.86170738965 2.5678756397 8.15826634929 
-14.6937865536 3.04175025138 -1.03812947154 -0.350054779032 12.7091158319 -5.34418897043 -3.25794755647 3.87084976975 2.19225702556 8.79771729856 
-7.10048807158 3.32536423676 -5.24417828423 4.2844256734 9.77243191838 -11.8186943053 -3.44629670882 -0.0609735630585 3.8982687687 9.51547077042 
-7.63616018671 -5.94967157945 -6.93056899243 9.34098706548 9.24744095065 -10.1878438609 -6.38966469996 -3.69460122719 4.86302630239 9.42227925086 
-7.1892163238 -11.5888407786 -5.90736450548 11.2598408873 11.4668157303 -8.46625671553 -9.99235920749 -7.65996633441 2.07698658949 7.96831258679 
-7.72106423585 -14.7970790586 -1.51604857574 11.1438605706 10.5077161352 -9.15326487851 -10.9729464604 -5.81489279226 -0.114652882816 7.42809050032 
-8.81537540772 -21.100460312 -7.48024446075 10.0722636101 6.00087074864 -12.827118336 -7.72515939782 -8.36241822355 0.898345361825 4.33861806689 
-5.05520639896 -12.3223444644 -15.3640425501 13.6427990899 1.00434449161 -10.9259135089 -3.49356735138 -9.24492696195 2.83178626791 1.20229280726 
-3.23399529138 -10.7530339274 -23.5755858166 12.2871500234 -0.633054083011 -5.7259949491 1.86388989964 -10.1073431402 3.82723087111 -1.57017352029 
-4.08948575631 -13.4922484028 -26.3157919286 11.6587086072 -3.52348144297 1.43051880666 2.63388536038 -7.02733676165 2.70503428219 -1.11780754412 
-4.79666897126 -13.0257265233 -26.9183874073 6.218461092 3.57474478775 0.156029315283 5.13091548569 -7.47456089668 -1.64340633408 -2.96291555204 
-6.77964453318 -11.1575224769 -27.2018008675 8.5407324707 8.23567087797 -5.08655946912 4.33986209767 -7.34998244588 -4.10969245033 -2.6498427287 
-10.2150255173 -7.90341627847 -20.3632692558 5.51346650893 10.3947821706 -9.35337949865 6.24747489918 -1.13129942606 -4.42988319524 -2.5132669674 
-16.6673246911 -9.18095412534 -18.1859284297 -1.39600420566 15.3350675488 -11.1501502407 6.9639419187 5.98627478542 -6.70287893375 -1.6160579701 
-17.743686418 -11.7720719112 -8.67784785863 -6.22836542085 10.8866153291 -8.00682610383 6.01236596901 10.4420912216 -7.22445375243 -2.34932376754 
-21.909207862 -12.1336773543 -4.62526658222 -5.72963175585 10.3000838643 -9.19475598319 2.87180053945 12.074506726 -5.13668884982 -0.632764156797 
-22.7775018001 -17.0956853033 -6.15648823615 -2.80314616497 6.21990870047 -15.1844461874 -1.26944402393 10.6119255859 -6.07742587051 -0.306021498375 
-19.2712303003 -13.8054399812 -9.92707378276 0.057759587682 -0.410325046199 -14.5606104285 -2.30864424144 7.0217015466 -3.05369254984 1.64517030378 
-11.5317046176 -6.60361726723 -8.84758336221 -2.25793537827 -7.41999206897 -13.7545292 -0.764329556937 2.14756093122 3.67969117296 1.92804492332 
-16.1120984323 -2.90395245692 -5.26679261779 -3.4480238167 -9.8294635072 -7.31865000237 0.86364002406 2.25907820076 6.07443366685 -4.04793924725 
-13.3800047418 -2.6405014632 -7.392730335 -4.95640262623 -3.84495320305 -2.79529290561 5.00818327818 4.71859481518 0.353291833445 -2.17426069395 
-14.6279114917 -3.53601119538 -9.73043955238 -1.18746021807 -2.66097931976 -1.25191731747 4.96461789972 4.75629180507 -2.0707987226 -0.549063074279 
-15.9496496551 -3.34599276981 -7.2240534977 0.950874673828 -0.987899323811 -1.42856500889 7.16338378489 4.42190805822 -3.92181351347 0.712311493857 
-14.9117955401 -0.799320254301 -6.54282111904 2.94559318264 -3.47409878692 -2.48556235598 5.48860872308 5.86113040414 1.3250415747 4.03633926425 
-12.3566469372 -3.65296640476 -5.29584676295 1.03532266588 -3.4253813967 -1.46349662557 5.56979730602 4.21372870771 2.70282888301 9.61580832224 
-8.4438061127 9.12211340475 -2.50761731386 -2.13248968429 -1.64255435233 -0.279123865633 7.11452003946 3.95230045794 3.67420867253 13.1350444007 
-1.56214518253 13.4883641749 -10.7348400203 -0.439229319362 -1.4020606157 -1.39660530595 7.2522621957 4.16206765261 4.50217175158 11.3914139401 
1.29335233694 5.1747444521 -15.0328866137 0.941428570059 -1.07377830012 -1.33162932527 5.59054775214 5.3564793394 2.6323173185 13.1102286254 
2.84881700531 8.83008738233 -16.3380121217 2.0148638594 2.00418480109 -6.43148845635 9.53741477281 4.67867154678 2.5671237413 10.8852411938 
5.74702419178 8.81868916922 -18.8445132332 4.92782841344 0.0327738467481 -7.07399379114 11.3801069852 4.93625562447 -2.03217636883 10.755546868 
12.8911691371 8.31891283645 -19.59852796 5.94550003096 -4.26110702357 -11.523064812 5.16082033128 2.80687425717 -0.69620737388 8.82086893479 
8.66253988267 5.21901643855 -14.7870413476 8.48647163835 -6.3404500984 -10.0484157797 2.96094966937 6.00232034842 1.73092898147 8.2963105635 
3.93778948724 -3.81439683984 -11.1918690826 -0.79677597707 -6.59031930737 -5.97088729529 3.51293682067 7.16050126172 2.23763627701 3.4600888002 
3.33277892609 -2.82865520019 -8.34524805718 -4.53991994565 -1.232871784 -4.25504715286 4.937078763 6.28722871792 0.576993905491 -0.317296552777 
5.84580661024 0.81622185145 -11.0419641905 -6.82037126685 -0.527571204449 0.115509412461 4.85736677412 5.70508082343 -0.640931397234 -2.97350155632 
8.663456695 0.0373205751077 -14.3089861197 -2.06172134196 -1.52263934372 3.32841521922 1.13952791752 3.22565054138 3.12325237521 -1.74423758533 
8.60753527625 -3.10016983715 -20.316482653 3.02542763995 -1.06348251872 4.04913536526 0.0238672210342 -0.359811866105 3.24868004425 -4.27102135923 
8.23204116066 -1.01772049349 -19.9560948477 9.27584791827 -2.96307908874 3.59963481963 -0.604292623198 0.165585018066 4.82926851984 -5.79838119177 
12.5177824924 5.21931967188 -19.8935847681 5.94059832157 -3.86123512143 2.43801358047 4.5471442996 -5.25221002784 2.33809854372 -3.8814795203 
11.3010613074 7.09704881092 -15.7658180224 3.19257879621 -1.65505581743 6.14093416216 3.32776665107 -1.02882945075 2.69365628892 -4.82354806443 
10.3892553524 7.95215646919 -10.1657738826 -2.27341314299 -1.13300707145 3.92615259149 4.86603404758 4.75648263411 0.112146091797 -3.7374520925 
6.41950925764 10.7986001467 -6.9690993512 -6.55648674922 -3.09991209128 2.38246899524 6.69721521593 9.32678884955 -1.9038342492 -4.84685784015 
9.91225829546 11.8437575714 -6.72098688167 -9.0904441753 -2.85644251168 -0.174841372698 2.45472628246 8.62214445951 1.65664261655 -3.83879355682 
13.6308298127 13.6887419689 -5.39616504742 -8.95162222954 -2.04296970471 -2.18669792436 0.51568583096 8.55707511374 3.78117603103 -2.98659312507 
19.3816731684 5.27479981585 -4.23342923715 -6.00175530954 -6.32032960997 -3.06985837424 -2.10303192358 5.1665425198 3.81897832171 -0.404008360796 
23.8754207233 3.99093579548 -3.35954616517 -6.51608339901 -5.08154990693 -2.25113623173 -2.89665042828 0.28226887972 2.61101295738 -3.26264303483 
18.7906923495 0.804162132068 -4.31114629232 -7.78508785421 -4.57757214381 -1.19585299733 -6.00253684954 2.74249726776 2.98846305477 -4.23960235804 
12.7453450794 -5.59253197666 -4.99917417454 -5.76407200702 -3.41985988298 -0.838268599223 -11.1606683515 6.54698424319 2.81571628362 -6.0488325026 
9.45421956713 -9.37366207746 -2.01047868545 -11.7893818039 1.19562057045 1.8620751741 -6.52380402581 5.89899099765 -1.12319209825 -8.92626439273 
4.85479996215 -6.65071728803 -4.75486707193 -13.227359349 1.69889442007 2.74615246993 -4.21946406442 6.08859218021 -4.5091120442 -11.7616230461 
4.16789190828 -0.720115044136 -4.71731556983 -8.95902260048 -1.46564506564 2.89351166453 -2.90877240298 8.14674121467 -6.66503046357 -11.3406674977 
8.86365846973 -7.02584496692 -6.3263851384 -2.0123628155 0.95523542633 2.91754529927 -3.90035838602 7.58704268903 -7.83681494245 -11.7905038527 
10.8287850648 -1.85658240768 -6.42745197145 1.33265244765 -0.124001105377 0.857297729879 -3.16699071228 6.03289963802 -6.63990419374 -10.4177280277 
13.4569677123 6.50669285128 -6.83363762252 6.56913573012 -1.72073879469 -2.02987782615 -4.68273963881 1.43103739763 -5.5585135997 -9.40898687692 
14.4002432167 8.69653216566 -6.31737881857 7.28745052147 -1.28293048553 -4.49531585704 -0.826434390208 -1.91281658224 -3.14644886134 -6.57515833747 
15.7083528886 12.6012013778 -7.87990238945 6.73212520542 -0.610446038336 -5.15413338683 -1.61452287093 -2.24178538456 -3.25606099101 -6.46746255185 
14.1113625313 12.648484305 -6.87949080134 5.23173976111 4.40746950933 -5.67467636178 -3.27898928789 -4.58215340323 -6.07393114091 -4.44161353227 
10.1976198973 11.1295980962 -6.98945154668 2.60323535054 2.44729036478 -3.16367631017 -5.32464218768 -1.65907021705 -6.73881863723 -3.70138505092 
6.25626622759 5.73359667934 -9.68663867432 2.74215738471 6.15282615541 -2.62667479401 -6.05409722712 -3.6451880917 -4.61260137743 -2.65826210457 
4.08938938241 7.83864384695 -3.55708910588 4.83290846206 6.52068035489 -6.30808242216 -11.2626261345 5.93483521723 -1.9070753759 -8.09800778977 
2.78433592686 6.86389831399 -2.76964341005 2.53036800191 8.20527110199 -7.93366029661 -13.6995604974 6.79571698518 -0.585908762915 -9.15890272077 
2.51290077179 8.30738097523 2.3036065869 -4.53202717239 7.83609946116 -4.5510190448 -10.5944217653 7.95027670556 0.437552852552 -4.86254508201 
7.29533209105 9.46072308711 6.56935247466 -5.74175594679 10.2940808337 -6.5961533422 -8.8303654684 5.96701201912 -0.196677414093 -0.290610781368 
12.8370241454 6.31836040654 6.00012437723 -2.35913943587 8.0576577612 -9.59513829426 -7.35297655039 4.79072510055 0.647857272854 0.665201689579 
13.0418346023 0.538218776717 4.14520027751 -4.85293085644 2.40609722128 -5.15507846036 -10.9465367166 4.65819712162 3.85261668171 -0.566394498698 
14.3122086946 -0.894138844113 6.766261874 -4.2711085778 0.224745812158 -6.25156848683 -12.6637901555 2.90517017046 6.29141702381 -2.28238961316 
9.34209927061 -7.00198427414 5.66057857263 -8.62343826718 1.93386453423 -6.61309441473 -15.6649082374 5.203760638 6.84066505331 -2.10576886585 
7.565010087 -3.98414165224 3.64498562768 -11.8907321979 -0.318886775859 -2.62113470066 -12.8764603622 7.53916418075 4.79560522462 -4.87616486094 
8.60573882138 0.617257702738 6.20686035433 -8.1993810409 -0.547552279819 1.95475197537 -12.8574226201 8.50974550576 2.37282296092 -3.61616212275 
