-12.7331878876 -4.07659058563 -4.21408004348 2.29186734456 -9.75211413953 4.92291520828 0.554770915235 -4.4509900323 3.34542129626 -2.10016189135 
-6.57430878184 -9.07485397162 -5.11196743216 1.60412741339 -12.8131076907 4.13911963875 2.87375082125 -1.23808706962 3.14870148215 -2.26018666375 
-6.49043481834 -12.1997030922 -3.07748417958 -0.0166527199928 -12.5320623914 4.92924678553 3.96686596287 -0.630781449787 1.6336133672 -2.93014225321 
-6.57390599051 -9.99171603279 -4.454769801 -2.6367940173 -14.6746576098 3.38219457241 4.36594343311 -0.314328197091 -0.224690064524 -3.32895996822 
-2.01406955986 -4.97697586836 -5.52380846635 0.10347595155 -16.6254934996 0.861882330392 6.96831094669 0.0722543610762 0.541815661774 -4.65212942305 
7.76175398786 6.7229411089 -5.8771427769 2.67013110194 -12.9607841004 -0.699820316709 6.20578357685 -3.84286023439 0.549033021312 -1.95041132265 
13.8963324891 5.7899312641 -5.84186072202 -2.57812154474 -11.207572163 6.04001145532 4.72749672337 0.0638146023227 0.985578838924 -3.09476397152 
17.1209323021 8.76894665672 -12.4242129686 -2.3841110066 -11.1811872281 4.52826589964 5.38015229913 0.4709218997 1.95354261672 0.712300483334 
17.7745632066 12.6687664697 -9.06973185093 -1.54787928664 -11.6589739218 4.25995410225 5.7738872105 0.355414641984 0.957775821466 0.3781143331 
16.8463914974 8.2916950464 -11.8405180336 -1.86527696903 -8.26652237607 6.9144436566 8.0907453138 -2.04253769102 2.66273289004 1.14428707717 
12.5833185941 7.03463931156 -16.2032309671 -2.53220819495 -8.47544856453 4.54259579795 8.82084981123 -3.43020890077 3.7623863574 4.22521649751 
10.4290066884 4.27631801306 -18.5890358143 -1.68866112697 -9.47865764608 4.90687796286 7.46399989352 -4.55159194325 5.68541600421 7.97371522729 
1.51081033508 4.06949253245 -19.7492878602 -6.72035993465 -9.20884059756 6.20889669826 5.8255251002 -0.889984657963 9.20728837592 9.42281765126 
-5.52510489571 1.90103151378 -21.4471703705 -6.63339430558 -9.61354849394 3.64781262058 4.69305156618 -0.162285550485 10.1351406255 9.11567695397 
-19.1838112503 9.11137882676 -15.8785062606 -6.305887377 -5.49434288337 3.78317282375 -1.42755058341 0.777011656977 9.40947622919 5.7853893918 
-21.4498239228 11.4860744733 -15.1318176455 -8.10282725291 -2.78593599939 5.21722415759 -2.3178828838 0.0386051667307 5.84164126144 3.54718382272 
-26.8544354087 11.0889982194 -16.0183226255 -11.2662419499 -1.48272116354 6.16502415283 -3.93160347125 -0.595750931658 5.22091924436 1.97442528109 
-29.8623891929 13.579160585 -14.3711610364 -10.6194774389 -2.89398604777 5.92920181622 -3.23184208686 -0.638421360508 3.72600066081 1.93311548426 
-29.6901360835 16.4339476408 -14.6374971613 -14.8359071589 -7.41974564712 3.77058091411 -1.72355293636 -1.51337851147 2.78248883391 4.74626492724 
-24.3739032938 15.8834993391 -12.5352538155 -13.1961244714 -8.54778984429 1.06311990853 -0.51573588571 -2.85786760864 1.0534365062 3.80349397554 
-27.5293073614 20.3303234807 -7.95855362654 -13.7958486812 -8.71081861636 1.4152674363 -2.77086609291 -7.08627421908 1.12235229838 3.11073975023 
-19.7229801986 8.90262344476 -3.3153440837 -16.0216079238 -11.265792695 2.43863500853 -2.64059060468 -5.81034215665 -0.625696804812 1.31730105829 
-12.3949678614 2.58174467504 -2.12519038572 -19.654793904 -9.84067624248 0.224118138617 -2.01515338271 0.327535373888 -0.39884810242 2.47050214214 
-3.05748937127 2.44540379765 2.44403549345 -19.9342022013 -10.1305077289 -4.59562260828 -4.95962659466 7.28597675904 -1.93070829805 1.13730854723 
6.30557401002 3.89326436704 9.44200116979 -16.023494449 -3.50220563558 -9.63815134799 -3.37576121853 7.41288753689 2.0818268896 -1.25918647603 
14.2289619408 7.52438110682 6.13987701724 -10.8904502833 -1.32455954884 -6.28602181635 -7.7658677141 2.37176143751 -1.02343531007 -2.23241899877 
16.6048241356 10.0119564384 -2.06728565773 -7.40883111635 -4.16923874454 -7.65356718719 -8.6145208604 1.97161215628 -4.3548598833 -2.26943730233 
15.974704221 10.7449201859 -2.68376094581 -6.15464463768 -6.35324506272 -11.0762983439 -10.9547863665 3.14980544132 -5.57883699012 -4.0107207108 
12.5045955372 13.1211114115 -4.86582565372 -6.60292464641 -9.49761954734 -13.614544165 -10.6139939406 3.67989683094 -6.8619177671 -7.21001200145 
14.4278905219 16.3241114797 -5.12767880078 -5.63993606797 -11.7888738374 -13.0600871751 -10.7601429299 3.08434847575 -8.59598405164 -7.42234190659 
16.3467814602 13.5510902621 -5.28087930319 -4.5804661938 -6.28043141175 -10.4125102613 -10.9144873435 -0.902307172136 -5.67781253768 -7.87825933639 
16.138111674 13.3093072567 -4.08481372901 -3.6847852627 -5.29891712556 -10.904678002 -12.0236453762 -1.64705332861 -0.412735468369 -7.12002911559 
15.8599193462 10.1926873024 -4.10720233724 -2.6306430686 -3.69169950574 -9.62038399476 -12.6590454408 -0.343095649334 0.843231734314 -5.89350506909 
14.4992338032 5.89277163677 -1.26043790207 -1.54387561073 -0.194328840514 -9.06895315375 -14.1394933884 -0.441122578568 4.12880829975 -4.56451594354 
10.6053256394 0.325432019342 -5.47604779293 -0.89429059138 3.34660190331 -8.31724786891 -15.6096972346 -0.078010789779 6.59741419158 -4.47416767131 
6.0239803637 -1.04728375336 -6.4095657179 0.102384082694 4.08182690551 -9.74679727644 -13.5976740715 -0.530484267611 6.36371166523 -3.6836179019 
5.2115829926 0.963439075133 -8.17209681334 -0.0195765992542 2.78403321032 -7.82075395754 -12.5161183443 -2.27813346252 5.67966340965 -2.39766052881 
5.03920886162 -2.65421925053 -7.92802648878 1.95651808826 2.27366083042 -8.64525151501 -11.9702441828 -4.1858279724 7.3568451549 -1.35565541387 
-5.40438565376 -3.81375572547 -7.33384084197 -1.72070129661 -0.415858225048 -2.76510535687 -12.0866126037 -1.6454084814 5.81879967798 0.0504648855856 
-13.681420651 -4.97760077728 -6.85624767566 -4.19309994137 2.3098053521 -0.930120978578 -11.4897759851 -3.84632127448 6.88011969841 -1.97516903434 
-20.1962752615 -11.3836890985 -3.52086796785 -11.2524867503 -0.994047703829 0.343009406598 -9.13153064357 -5.21197919016 1.02068657057 -4.65716776865 
-13.6570296188 -8.23271948684 -4.93228600321 -8.87553894375 -4.66575995518 0.0240812696617 -4.68898898973 -10.8199382544 1.22496943474 -2.89952160694 
-6.68820501308 -13.0501607951 -4.22644648632 -7.42906290029 -5.02601296828 -3.45348232009 -3.30724491364 -8.74397492822 1.34812368145 -5.07288998597 
-7.28106501414 -17.793868351 2.129626212 -4.85139255752 -2.60820447993 -10.7049447285 2.03938114995 -4.07266408903 3.00040062454 -8.74405161357 
-3.98418898171 -15.9682706223 3.09075470813 -2.88846347027 0.515282791589 -13.5053929108 5.38433009419 -3.3334921119 4.4915115627 -6.77509222845 
-3.69814139706 -19.326225481 2.21465119355 -3.86799094775 2.35800103954 -14.4664748592 7.57654367312 -0.0521455108808 5.68115029257 -7.5411688981 
1.25182464964 -13.0592849583 1.01419281372 -1.11809767046 3.37312944811 -10.0132985029 8.04423088516 -1.63089411408 7.79902299454 -5.96565449574 
2.33632964919 -5.20094614172 -0.252295342813 0.0548078850585 5.67859916127 -8.9567223328 9.16284454803 -4.09198617267 6.70484646714 -5.77881220086 
8.50272801488 4.52373914073 -0.109795060439 1.00895313198 9.32919475687 -8.11857180274 9.33747075659 -7.11917000279 5.72317164184 -3.80057782729 
13.1405535162 6.55324126136 -0.630537226222 1.29083032202 8.94430725837 -4.79395439771 8.82051588819 -7.89657490349 3.48602650002 -2.87307898952 
16.889169269 1.34282366265 -3.02955653926 1.39261736813 10.4656301912 1.7867614553 6.06202372168 -6.65392863602 6.16302959733 -2.18424938832 
18.0156125554 2.60101424767 -0.818119571598 0.802297199534 10.8353594891 3.1386617278 6.87655337788 -7.3087242036 6.47061322643 -3.27027477925 
18.0793954991 5.13997647162 0.211042219586 1.01940172225 8.59700733191 0.249967499546 5.11349674186 -8.03198324285 5.03959403206 -2.82704743632 
19.7650536356 5.29108000425 -2.29137687072 0.932771165328 8.49015542386 0.220959707701 3.18414261818 -7.95435536343 4.83074325287 -2.85183506616 
16.5210085803 4.63542743884 -7.38626009991 2.396799569 6.31960482636 -3.20363375516 3.50336254924 -6.49986723313 5.54018059597 -0.458854334103 
15.0341627577 4.69401673734 -8.18958383035 4.20279016654 4.42669760806 -7.70680278689 3.25180326074 -4.62333073453 7.11404029596 1.57442927482 
11.156028509 2.66376021274 -7.61699588202 4.28838220988 5.21800945601 -6.83426914224 0.517907164736 -2.56496850248 6.32930161669 1.29185176227 
0.682071680856 3.48887366026 -11.3812590139 2.60175801005 7.40100291688 -6.54098524094 0.448322512159 2.03387699619 6.99597446722 -0.200923583733 
-6.07960241876 1.51089277395 -10.7665321204 2.04992112566 10.2638011272 -4.65270068354 -0.458793424722 3.99564262925 7.51094582894 0.911819052549 
-9.11904768539 4.46742925148 -7.25797515773 1.31360920218 8.38582541959 -6.92949204912 -2.33114542757 4.98022165496 6.83570838869 2.88410358814 
-4.31177687417 -0.139294735753 -8.16660011245 0.387248114255 9.0771112189 -9.98746469582 -2.77729379291 3.36843566228 8.73829964586 2.0441592357 
-0.382973340691 -1.13986458908 -7.86267081395 2.49351396622 9.44467846786 -5.31316668886 -2.06099400205 2.90562360875 8.07426350715 6.02732684663 
5.694114608 -6.05654625618 -9.04566320529 -0.440184573003 4.84249285029 -5.91912977295 -0.506488208999 0.101041459896 4.99485936108 0.771299813253 
3.62645897474 -16.2426955981 -6.20870295254 -4.8569208938 3.67108633141 -8.62659168592 1.84122711317 6.95940971441 0.814422256326 3.09269230696 
0.312700424896 -25.5892069055 -7.39264146494 -7.72216470955 0.28603829939 -4.06444632509 3.69357106918 14.5097267223 -6.00665933377 7.68205457025 
1.52382015858 -24.3074597766 -7.03949960054 -5.06522295093 1.5481795756 -0.948398505584 4.22027390537 14.7526536655 -5.11966533527 8.91870862084 
1.04214629974 -23.8768759244 -9.88996036866 -6.66901217091 2.62088345203 -0.525384667049 5.04848721279 15.523513525 -6.03714108673 9.14332250251 
2.28695225226 -19.5315467192 -10.8257531115 -1.57041754934 2.74306505664 0.088207643492 4.69264499702 9.43362507582 -3.27051154422 6.68431314286 
4.40798703892 -15.276655041 -12.6562183942 0.0162075103641 0.998661262947 2.5863481617 4.2974333986 7.7119216735 -4.08513780008 5.61374411637 
7.39129846076 -12.4756757765 -10.5080493125 0.706589566334 0.40736696946 1.57723058413 4.92935337216 6.22756803779 -4.6843702606 2.42367286383 
13.3858691954 -2.4928947594 -10.7611959566 -1.70946447596 1.02942278999 -1.59627621031 4.47205370723 4.43180404508 -7.81100703786 -4.22885150218 
20.9036415464 1.12334752819 -10.7789689111 -4.68851330243 4.33111801754 -1.01279584273 4.87448318904 4.78331107926 -9.20866939457 -7.63706358005 
20.9259690328 1.79006147843 -13.0238973114 -6.08680600537 3.68232129132 0.0668360222994 6.5766946125 4.09171353869 -9.22238646618 -8.19359250292 
19.9820192951 2.82304455665 -13.6363805492 -4.79548081476 0.110956654948 2.69286747036 7.57423708146 2.42742148933 -11.2748400166 -10.028567985 
22.0302721784 -1.53913589941 -9.70368034375 -4.13128978345 4.41512729699 6.03223042244 5.27844234431 2.4062748902 -6.72235950624 -8.68926998755 
21.1298127996 -2.31258905047 -9.49267276712 -1.3092480539 5.46640236675 6.18681337446 3.61441644185 -1.35522314055 -3.100873208 -4.46983692551 
20.853289995 -1.43864000633 -7.86281420567 -1.11707447567 8.76904965318 3.98257677958 1.43549423652 -1.00949802379 -2.44792739179 -2.67534260363 
22.6486130868 -3.05051605088 -7.16527287828 -4.37778669566 13.2052361647 5.41084331488 1.15963011829 0.162959931578 -0.472241462961 -2.02192432306 
23.017164621 -3.30826041515 -7.16275025382 -4.14326495156 11.8699597367 7.71519808078 0.815929704736 0.341161168705 0.359369865495 -2.25224363087 
18.4306972299 -4.57539779486 -8.36739437264 -3.73966341299 10.0833663741 6.63112161045 1.13508821963 -0.667641193418 2.59721576591 0.614699354728 
13.3554635527 -7.18468957359 -9.43619959748 -1.47660481222 8.88326531414 4.67626491674 0.349147422348 -2.64144023903 1.6480393348 3.2557924184 
3.97671571317 -10.2355977343 -11.344119478 -0.127544918239 7.99067343754 4.34368836071 0.0282336263681 -5.18898486186 4.61145291237 5.07237120199 
4.99023071999 -12.2111800425 -11.818004505 2.50213321473 7.65832721492 1.84912318943 1.67252284147 -6.62992270755 6.27531348616 5.03991432855 
-9.22323672923 -22.3843401037 -6.92748649513 -3.31113357151 5.24010888461 2.82154574353 1.27536068591 -3.02471107033 2.12470572539 4.97214286363 
-14.6847141041 -27.5621252797 -1.26087390222 -8.23967153671 1.46670608827 4.88615442326 0.611922567732 -2.28922893473 -5.63437138103 3.79740171233 
-13.5407694942 -27.6407238995 -4.43820090432 -9.74351588661 -0.364757273258 10.2054709986 -1.64394399526 -2.16476514062 -9.1962909465 3.11900645995 
-15.8071051128 -28.441803013 -0.112061085324 -12.8647251126 -6.92778573358 10.6234565812 -1.96569767603 -4.16054886499 -15.1561729381 -3.63697095888 
-14.4100875315 -23.6345576389 -1.8050317553 -8.84164046628 -9.56258582643 7.74877652208 0.528021292928 -8.10749544104 -12.932319543 -3.92908429157 
-14.2962309766 -23.8665334798 1.37214182342 -6.81028080777 -8.03091404685 3.00453233809 2.32089934366 -6.64649824653 -10.8212168735 -3.62835449159 
-13.0051074291 -18.8992370193 -2.38551752202 -4.40413937571 -6.26568089687 1.87297271573 3.03757678599 -8.62499649508 -8.74530974908 -2.85904411502 
-12.4888861866 -16.3431789159 -0.513989313938 -1.16666313532 -2.15837522197 0.772753351185 0.518036446325 -6.82943837785 -8.38751201433 -3.25304519545 
-8.06395546465 -9.91345819828 -1.93725408582 2.83590383712 0.396619037926 -1.32774299013 1.95940797476 -7.1374307078 -6.54978529322 -0.750188168345 
-5.19577791539 -3.9512789678 2.76290366266 5.71696802503 2.64852560594 -8.04705308655 6.70491645015 -5.44212701782 -7.44536005413 -2.4392238825 
2.45647604488 0.0921000752108 4.11348453041 2.64409664969 2.09891667469 -7.4731708138 5.81469206644 -2.78165547631 -6.1693811837 2.61366246856 
15.2104861386 3.99909399419 0.142016245706 1.78719935876 6.25802549406 -3.74005834159 4.55980876363 -3.68716968901 -10.0476274378 4.00684658486 
17.7994944406 6.2632984181 3.89298568722 2.44290769479 3.8766091035 -1.94024315903 2.82778268209 -6.80825402437 -7.5969598971 3.45038425684 
23.4691633934 8.09905034687 5.2288315144 0.896617900148 4.74678331408 0.751981058179 -3.10236678705 -4.75801471283 -9.76183762665 5.11210421314 
20.9890392881 6.93397747466 5.09245592493 1.07260740725 5.09167934771 1.95354117547 -3.02771729651 -5.48348664638 -8.72084418139 4.77099154362 
18.6665909143 5.06109893998 3.81877281147 2.29782876506 5.63706583063 1.8973362707 -4.59117813205 -5.25898471146 -8.12472315304 3.746921883 
14.1851612962 3.28903578163 0.706490909481 1.46957900604 7.83655069364 -5.7541112127 -4.79058010574 -3.86543056978 -8.93220785282 6.58675574149 
5.40968382091 3.11112002818 -0.331681435206 -2.16177444195 8.17718997476 -9.95018018269 -1.88339760475 -0.623935669351 -7.72949611562 6.04826426947 
-8.86720763216 1.33973029863 -2.35855249123 -3.78992654956 11.871089894 -14.9613650339 1.22235318566 7.6220419457 -8.36231619713 10.4419402542 
-13.1553653529 0.588432663629 -2.68957238795 -5.03048271212 13.9740799534 -14.2520324121 3.17020440781 10.988177896 -6.49381662443 8.88698082567 
-17.5120859867 7.85552928734 -1.77503579767 -5.02733532305 14.3775794077 -12.1431367314 1.24448363056 6.20788187193 -6.21334259743 11.1716470631 
-20.3227963078 12.7470143658 -1.48002106072 -4.46601499714 16.5017264931 -8.15381586848 -0.846115727851 0.23465780783 -7.9255628197 5.03099675996 
-28.1990148637 13.6181127145 -2.74163785403 -6.66044675763 18.6456543714 -2.38791962397 -3.15911555855 -0.22135058634 -7.49004868524 0.232280969486 
-32.0519370226 15.6596727288 0.330653197713 -9.24736928693 16.9024803774 0.781994310372 -1.09517349495 -4.63932455719 -4.96441470495 -2.15879410722 
-30.9697516516 9.60806484723 7.10539698516 -4.90481810047 13.7542100091 1.96763870031 -0.43096069812 -7.84663985816 -2.0639263992 -1.72058480436 
-28.4275630188 2.77453666774 17.4154983301 -2.87300558558 7.41449392855 -6.58134716163 4.21264463154 -8.61863631707 0.481073970781 -1.26282185583 
-23.2640647913 3.0079315669 18.8627125859 -2.06658971535 2.80188546364 -8.95702523385 5.83069050367 -12.4666413343 2.38172312137 2.4120136315 
-16.1561222172 -6.63385353537 19.3089891858 -5.95137802331 -2.15494111476 -4.26798400705 5.74692672224 -9.86068210575 2.15185091767 1.46638197749 
-8.12772275981 -11.5622174057 17.7323055524 -6.19022980075 -1.35759299405 -0.34211244716 6.30307433653 -4.69319557836 0.775898804231 0.813188198029 
-5.38737243341 -14.286981559 16.4142073667 -10.7001965995 -2.6656459537 -1.4975923029 4.77219133352 -3.78693075638 0.0507297800297 -2.11078034122 
0.47769114808 -13.0645398558 21.5947952422 -11.8035400758 0.373728334857 -3.08786399422 6.81532689324 0.132610935949 1.69746255988 -3.19882571142 
9.50703966321 3.10321399113 24.7624914654 -14.1990097012 1.45138615728 2.07461249813 6.69035478844 4.55482021292 2.01780442291 -1.27137856766 
15.6083461874 8.89267573142 22.795018728 -13.5153536629 2.05974339445 6.55148886913 -0.212042568601 9.66839861359 2.89970538723 -0.766406847448 
17.1324020161 14.5970696696 19.5275489944 -11.4844273464 2.98006561322 6.1851306707 -2.35448761664 7.56707268646 6.77224304039 -0.0262116298353 
17.9660551853 17.5351947926 17.8733625869 -10.8471160416 1.54281803503 1.10690942643 -2.92157323294 6.99873397056 6.15292480719 1.11746248897 
21.5276924313 20.8908747358 13.0079783595 -10.5408227066 -2.02294132603 4.4423391555 -2.08499072717 7.74368327726 3.85029729484 -2.76212363096 
19.4190155389 21.4662761333 14.1297786905 -9.79254632131 -0.0582765118583 6.89831443973 -0.145465843827 4.67889023583 4.81146642853 -0.88948408299 
17.4629937323 13.44802573 15.9334841247 -7.62667704302 3.51997710037 13.6481441776 -1.17213680244 4.73222479203 5.75959595982 -2.56280553869 
13.7679773093 11.3245737552 13.2132691022 -6.86872872129 1.20118900626 14.7892034571 1.54964109743 5.57595372359 6.32759672732 -3.94265095424 
11.9078486471 -0.0740812596522 16.9863931192 -9.22719799775 2.60240412252 14.9100342821 3.38105973353 6.80842990337 6.12253442414 -3.92556983325 
7.62562361749 -8.68596746486 8.92258061949 -7.37788477763 3.01149700796 13.256974985 1.55849158996 6.0363705734 5.23904249452 -4.21759811215 
-3.8504343169 -18.5568537563 2.31639713521 -5.7578049543 3.58800921373 9.38655968666 -1.48331847607 3.73074940555 2.26876879483 -4.53651671497 
-6.14808878957 -13.6800058885 -0.658520278905 2.70917476469 5.47624433228 6.20029257407 -3.72743997003 -0.510735765484 3.77429365295 -3.62587667672 
-0.956806697772 -18.0182455544 -2.81843144921 5.74557174987 4.40296337204 2.05780225577 -4.59642201744 -2.12109821508 2.04010290509 -3.96572814354 
2.35587313534 -19.4538342444 -2.23072757615 12.6901744703 4.87289013945 -0.0556166140334 -5.13581297264 -3.28749275067 5.32413533475 -2.64338714936 
-5.74705826305 -25.3603190095 0.21628955947 9.59015555448 2.01799300078 2.62078351469 -9.14291729093 1.35118519059 3.48897301067 -5.0464152191 
-4.5448244279 -27.3943389707 2.87297876399 7.88263678619 1.20757921568 -0.0310175962242 -5.21774390897 5.32399412481 4.47680681147 -2.12776699205 
-6.35524254931 -29.2970388423 8.40936017564 4.26425419544 -2.41236788598 -0.951281531071 -1.04102212291 6.95246894121 4.00594773808 -0.547639052015 
-6.13181049215 -31.2156771225 12.9828984817 5.70149337316 -1.35619937427 -5.27600340016 1.1375106366 9.49493527858 4.68876316342 -4.20745089373 
-6.26582078575 -32.8957240702 11.1135719076 3.59941742803 -2.16301396182 -5.79336195479 1.96419552799 12.2569816523 1.95307585457 -2.25832748662 
-6.84887701807 -29.8194867872 12.7893627729 7.59758370441 -1.67784046065 -3.25048126612 1.37879288944 8.01251020516 2.75758865752 -2.64931733049 
-6.81804284681 -21.8416176119 7.57483976543 7.65422993643 -0.549402015966 -0.363050989576 4.64388278866 2.83234872347 4.39800894733 -1.14986989754 
-7.12449958102 -14.7586775701 7.6478889908 6.51313146577 -1.34138340671 -2.2219341642 8.69834478459 -0.530422595061 1.66545517928 -2.0291957155 
-2.59596665394 0.00360246493311 2.72998968732 7.97244199863 0.533932177616 -3.68499747354 11.0508914151 -4.83146596145 2.48086374845 -2.86882484464 
6.25756389015 -0.815066320868 3.63835223846 7.71388575061 4.28046354773 -5.5811145383 11.0676848001 -2.10388314429 -0.799426839152 -1.53353707382 
7.38295629697 -1.68857019812 1.86439287766 7.20687904511 6.59390939387 -0.964578607807 7.92230723029 1.718651972 -1.32754109023 0.802261449253 
9.37601030084 0.303593078346 -0.258599093149 4.45130032232 4.18084835867 2.02717709587 10.7284117532 2.33994233483 0.155324896903 0.251556719584 
18.2748834679 0.892564031832 -0.443522795564 0.0519101703321 4.96290018196 8.65742358969 9.24485106466 4.30089245029 -1.98202993757 -3.30932009093 
24.0308373891 3.95326550812 0.069213753632 3.63364580413 6.32207952832 10.5924980834 4.3849010839 -0.500218575525 -1.66852401682 -3.96619915416 
20.4735868671 3.82007791138 -1.49752996237 7.16337622666 3.551689907 8.38510670606 1.85164695699 -1.85651850331 -2.19354710749 -3.81578263627 
20.4292902723 0.51474825579 -2.59075925628 8.26670380886 3.99704543226 9.57561052618 0.80700342618 -0.984701045661 -0.60950288976 -3.77201839705 
16.9983503548 -3.68126028947 -7.19343553812 10.2638156911 3.5363459943 7.4341111123 0.407603518007 -1.50119292318 -0.928630377666 -0.771738295238 
11.3312083645 -3.12615968203 -8.01512069247 10.9790262003 2.48390720509 7.0353426589 0.221165329812 -2.7429573702 -0.892033184674 0.415681850565 
3.57027298735 -1.35469473955 -8.68679275345 11.6381707527 0.884882155065 8.29264169788 -1.05375784161 -2.59682605732 -0.34952374612 0.816091770365 
-9.41449489822 3.90772951395 -6.72278747476 10.6275577315 4.57036669087 9.3637177183 -1.87605623792 -0.991795854843 -1.26479235759 0.233583751987 
-20.6862326572 6.59120970198 -5.45192825257 8.90855984825 7.69810844492 9.91619065861 -3.5236427999 -0.754350213872 -1.72194297025 -0.567969112601 
-23.4566993322 7.72495641994 -1.75203277424 6.87075795956 9.1039740056 6.99264941296 -4.44452841669 -0.626245346046 -5.55519678542 -3.54046505703 
-27.1243796927 11.9626060628 -0.533261853249 6.03913601118 11.8677734156 6.48402626678 -3.6449248651 0.908945300329 -6.13963031676 -3.84478577069 
-31.644692826 16.10788097 3.79697474072 6.09927073244 10.7876871438 6.33845226829 -3.7249840333 -1.11043777049 -3.17028592542 -1.32799875868 
-29.5614585614 18.3115621928 7.42495610469 4.64163538102 5.71464319271 0.862714947389 -1.1152387288 -2.57982428124 0.5654368654 0.466970716166 
-27.5998549433 16.6399237009 11.4958129093 2.09096628539 1.06732732609 -0.188039678226 0.698412773281 -10.5958964893 -0.704162332509 2.95613648165 
-28.39973021 9.32202544587 15.2715315174 -0.792554612295 -1.43980838505 2.65060382443 -0.248873879348 -13.8284252295 -0.140859436984 3.31711860623 
-18.5976265759 6.06209488264 14.8170564331 -0.678804558246 -2.10246921668 2.78339011404 1.53777246332 -7.63262497796 0.603339718785 8.61881243166 
-7.36061710765 -2.49122957545 19.0009338605 -0.137387747191 -2.38838550435 1.04645811785 3.85807127028 -3.51349853773 1.41334544706 8.14970874135 
-5.77524713684 -3.7880701941 17.663228021 -0.869064815576 -2.84841303878 -0.646651957806 5.84011195779 -1.85491830349 0.88334496237 6.10765426925 
1.25503730417 -4.10043020883 17.9964485329 -0.474498594228 -1.34775343815 -0.0675335586178 4.53328017268 1.39693852036 0.285279865087 7.51585095042 
13.0446464569 16.259205164 18.4721514149 -0.557583129077 -3.32516121968 -5.73432829247 6.12567463875 -5.45495783348 -3.2539893562 4.0173808834 
14.1139622052 16.1630121109 13.3029140039 -0.484463986168 -4.56136093305 -3.96135880282 2.9071131313 -7.66987862438 -3.49250269477 2.73620107505 
18.0887746072 11.7778299721 11.5578080893 -2.18010253846 0.762600325567 2.71551580695 -3.71907056516 -2.86174736497 0.43025628331 3.11605997335 
18.3365191308 10.2558947953 9.48753287467 -2.57306679997 1.21874112781 4.50294599006 -6.82405620711 -0.409059530152 1.93618911669 3.97012051914 
17.4682769289 15.7469423744 10.2361120645 0.586648042179 -2.32028942083 1.21011780471 -4.77532489025 -1.98470489746 0.120117503415 4.5530332406 
17.1510603466 14.8124336422 9.36516778095 3.86552432546 -1.84544850048 2.71671716865 -4.97898649058 -1.43064682273 0.182362720452 4.61049806062 
17.3649261224 6.94107400548 11.7125504632 -2.30953127944 -0.557367862286 8.49669852244 -10.8034987188 5.59766943037 0.783923797837 5.5996761359 
15.5021457131 4.79679994281 10.945966077 0.482116416597 -0.764519290043 9.11841897637 -8.76763202669 4.07273522157 -0.899651174023 7.66776139083 
11.6211829846 0.71680271004 8.98056813988 2.61886650332 -2.38978996293 6.182654329 -9.84195835996 3.26900291594 -0.831328170063 8.6696984319 
9.97614903449 -9.34848420232 6.00126580836 3.95389449119 -0.608493312043 6.89444312888 -13.8201688044 5.63772048272 -0.780089770665 6.36535839656 
7.91449990917 -10.5939084434 3.56572211433 8.2338833122 -1.37425339214 5.87111550137 -10.4376609753 2.26394016626 -0.817950989391 4.06163870512 
6.08845494989 -11.9850644468 2.23298860441 11.3352045302 -2.76662053455 5.39089658889 -11.059485456 1.36054021187 -1.9417818368 3.39515357157 
6.14038236081 -10.6878667024 2.14303600449 14.5646853153 -1.52150900788 2.0962181293 -9.04177607439 -1.90868399307 -1.68959550363 3.61261661018 
5.90065054299 -11.0443268788 3.17796072126 16.6584535486 0.735239942708 0.874137108653 -10.624280788 -3.70160355497 -0.313066765811 6.21176771121 
5.30683592611 -13.6347189054 2.62775933304 19.0891989704 -0.505671700015 -0.14827166605 -10.6863879707 -4.0345236958 1.28243379562 5.9467034172 
1.56901965201 -14.4074140951 3.27305638094 17.5382574525 -3.3687620195 2.97279457117 -13.2283932294 -4.98004828446 -1.65764118929 4.25474898917 
-2.64687630452 -14.0218279784 3.09290091858 12.9402492468 -8.34326997151 7.08092493141 -12.2982247355 -4.11613616035 -1.84681996829 0.359205368748 
-8.04806913381 -15.447911475 5.88161334048 9.16929087331 -9.42954166425 5.56327665139 -10.1418260829 -6.87280246634 -1.97713883945 -2.69218121496 
-9.10202265376 -20.0377412546 8.74263942972 7.15645050477 -11.4570885063 -5.12703737751 -2.27204425063 0.256271341747 1.3283104974 -2.7265582165 
-8.97357793502 -16.9167889231 4.657296175 4.40818936654 -11.3010812915 -2.12745889102 -2.78196126816 3.92920306977 0.182476636786 -1.57615163511 
-6.40602228279 -14.9785476161 4.49899666348 3.65369156255 -9.43578375294 -2.99407374656 -2.20117956176 5.46912396407 2.63488134836 -0.136119516065 
-8.87310139857 -10.877341789 6.7587802289 2.20339139289 -9.06867689542 -2.85130410542 -1.01544260407 5.97250565141 2.54203247443 1.19467489071 
-5.25233048604 -6.25721803605 6.63634842244 5.65692444484 -9.75475184743 -3.63907045152 4.72104198732 6.32832896782 3.41761963768 1.53925234272 
4.52059672977 14.3313105973 7.34196053799 6.13375517733 -10.9780053169 -3.68196434917 3.75050518837 1.07531463742 3.89665250038 3.92112900015 
1.82222991996 16.3277851228 1.38394755278 7.08427670072 -7.66144009609 -2.86653163521 5.72419120715 -0.774407221807 0.407073097553 0.00272909154826 
8.07502014561 17.5966040142 -1.4953746158 12.0277489561 -8.92265251968 -2.73580963557 4.16018613455 -2.72898848319 -2.35457516678 1.57809835524 
10.5571372024 20.3210648128 2.74132961472 11.3814211208 -9.20434477711 -2.55399802823 3.6275147757 -3.43956233552 -3.11392164321 1.38184061775 
12.8984123011 20.5359977478 1.98541998217 12.648996235 -10.9984215582 -2.27329009627 3.6498849448 -3.06504385555 -5.00128060343 1.78899141153 
13.1150120473 20.267796795 -1.1045358358 12.3562823638 -14.1580906965 -4.5702650533 4.74220810979 -0.252146010371 -5.64201914971 2.38774561267 
13.7158123245 17.4819744281 -1.9356127015 11.5618208947 -15.985544467 -3.77551837782 4.81119396886 0.0280314970704 -4.48172545003 1.21350141139 
7.92703325598 12.3972270181 -2.22624367264 12.9493039474 -15.0434265279 -5.13223684178 4.50521575597 3.88337650109 -2.75648362235 1.96148653124 
-11.5205714625 16.1665288174 -1.37869145856 12.4372180382 -12.9795896444 -8.32352843205 8.0619153761 6.06482521424 0.678989237563 3.81399731454 
-27.4042744133 13.8336880588 -1.68631874737 9.3629093689 -6.91707745004 -3.7595728938 6.97496204475 6.90449905889 3.87278520943 2.84199342746 
-31.7219615005 15.0140342441 -2.65760339047 11.4660423109 -2.41043983262 -2.15418596706 6.91648105106 7.290578621 3.93241816469 0.895862207784 
-36.3632819945 19.0225002302 -1.66129332939 10.7300704993 -0.742063589729 -3.83517112217 6.57012870783 9.24883973682 1.39705660631 -4.3056505523 
-39.6563803766 21.6873804974 -0.626784994861 9.64786991293 4.33178647029 5.39434253095 1.93250636195 9.99830168328 -0.57770579442 -9.17675241253 
-39.3530696732 25.3834573208 -0.735426110131 8.88278630171 4.56179009888 9.20162303067 -0.61822792813 9.98465393371 -0.776004612592 -8.46146923407 
-40.115495876 27.7170532144 -0.702640359932 8.95074537655 5.03435367904 9.84254476933 -1.35332562227 10.5145757269 -1.88238093957 -8.58344419066 
-36.9596844345 26.7128567029 0.644220818495 9.15364988304 3.03532304325 7.05691555379 -1.18376863466 9.01778998618 -4.13363417955 -8.090718593 
-24.2773829814 19.6705174586 0.179519559017 11.7174273134 0.591105086903 1.92777650473 -0.0232646431864 10.499722744 -2.50257567833 -4.25923902409 
-0.172519309578 17.1024915756 2.37680676275 12.656348292 -6.23825708353 -6.94259973029 1.23346397378 11.5763905685 -3.98389756531 -3.42461076857 
