4.3019806551 20.9526065413 -8.71913039372 -4.34801848011 3.50260217807 -11.6255040034 -4.79864605797 -2.46988092194 -5.69854676142 -3.39022987305 
7.10951459034 24.4063794515 -7.80514499028 -7.9053011047 2.61437647745 -10.8129080575 0.448359406067 -7.12865372152 -3.55083857735 -7.16497850906 
8.83762513299 23.8745235837 -9.28382093121 -6.00735943169 2.8693188982 -9.30804490506 3.04537277669 -6.00691375201 -1.93527449781 -9.22583469898 
4.68947066142 22.942077286 -8.66408641321 -4.72431527306 4.13114502991 -5.30688679312 0.0968715533836 -6.97263862471 -6.428493893 -8.81009612088 
6.08859275656 22.2631968468 -9.57397670157 -6.09561523406 5.25560780345 -6.6367708166 0.152363380253 -4.57860911637 -5.00522201139 -10.8180581619 
6.27367735492 20.3844240008 -10.1547470083 -6.79932377684 6.52660925036 -7.56094662385 2.85959988704 -7.03487379219 -4.34385877335 -9.43793437136 
7.22636920059 19.1768792957 -9.38650908091 -9.03091761713 1.07497660733 -5.02970628783 3.24216220041 -6.06626545806 -5.88210616331 -6.05696042976 
5.35177675191 20.3383161028 -6.20379882228 -10.6596702426 -3.68323618148 -3.88016591704 4.32892318782 -5.8439316803 -6.34293609978 -1.43697148134 
6.8804558869 17.5031335814 -7.01843612071 -7.46265363172 -4.22765352983 -2.11439967033 5.19820452597 -3.41216687251 -5.47103447884 -0.681501988075 
3.83560722215 14.3042203358 -5.53754820199 -6.11411116276 -6.36737459002 0.360917587205 6.97097939337 1.21768863784 -5.10547825628 0.709653235223 
5.02616882432 15.7485776502 -5.50938137601 -9.50995404918 -5.81031939656 1.58539932226 6.17291544516 0.704015196065 -5.50687995084 1.80760280273 
4.52680186763 19.7032510157 -5.51034172385 -11.3230479211 -5.60857496903 4.94544646562 8.47333888848 -1.07650931113 -4.29214723928 1.76016794307 
2.7434106337 19.2147127949 -3.75354472448 -11.7498380951 -3.56075603057 3.75124362693 5.88710944272 -4.7467739534 -5.81260925337 3.09571439574 
4.00870627237 19.0595873251 -3.17532397749 -13.2873677861 -5.87151697578 -0.297633554275 10.1543014466 -3.5150226937 -4.11350653841 2.37452206946 
1.57458272731 21.4100999393 -3.33096309058 -15.5303230048 -6.3084270076 2.84180733409 6.7538409267 -3.91434519071 -3.91291800337 3.78711864349 
6.30855443338 17.5186732118 -4.39287982008 -12.935764812 -4.88806072722 2.08118215947 5.41307242651 -2.178696496 -2.74504601434 4.76586917907 
5.726403338 19.6052903632 -5.42802951454 -11.2980370374 -6.04688629281 1.38550431779 4.95387280645 -1.4921218409 -1.86550903187 3.30283085804 
4.75143189501 22.0395357699 -5.25855796691 -9.12332235315 -3.80106662711 3.0787520272 3.04452518212 -1.32188163891 -0.629950981243 2.74988184066 
5.4200001978 24.8685234234 -6.613829716 -4.33788064608 -3.61306328738 1.67389178297 2.40705941551 -1.80885910998 -1.98696808334 -0.112033357829 
9.72052543599 28.9046351747 -5.69186399182 -5.58877541533 -6.44957280486 -1.92996549791 1.16363014772 -2.05046610684 0.404948722554 1.98321827492 
8.70114155607 27.6589254614 -3.2239185949 -2.51307433814 -5.96945690269 0.470132180601 -0.73775902776 -1.76096569007 2.70395227696 1.80770866108 
9.82647714018 23.3077784893 -2.82850801704 0.952219233593 -4.0608755261 -2.15557435487 -2.38314035981 -0.765117583778 7.44279795411 0.509811852012 
8.14279532709 23.3330077318 -1.21618966466 -1.99928290691 -4.55265636226 3.48624107861 -4.72666718504 -0.129197442041 5.26716976666 5.22858658103 
5.79585497545 23.6426408503 -0.000422391280101 3.31834771967 -6.46071121836 5.84167401009 -5.44325612734 4.31140203603 3.35329046599 0.412396547246 
10.3572578929 21.5636483948 1.03221718403 3.66162084193 -5.75931647231 8.08599782645 -7.07032334515 5.04162402453 3.12329453281 0.564264209044 
10.9857187615 16.8290821606 1.17193264456 7.6113640081 -4.2543939171 6.59954515008 -6.86709249527 8.03333934606 5.92889565808 -0.712370403227 
10.4965683376 11.390382284 3.5783235372 12.341237715 3.31389159343 2.73469333309 -7.08720849426 7.14684188963 3.69828152601 -2.76763399781 
8.61816806011 7.89321719557 3.57907388584 10.8575938865 1.67638415005 4.52470357362 -8.18796818434 5.6430006161 3.31304789441 -5.14077021498 
-1.60731167382 10.7470155553 7.52964271261 10.2030289303 -1.48414709211 11.3502114603 -6.91652778222 3.57151714812 2.55895428474 -2.70138131334 
-3.73454520034 6.7404059645 7.00537534746 10.0377441418 -6.40925205093 12.1776995737 -8.71252104838 -0.634155328357 2.09040880352 -2.79382545205 
0.061805496134 9.41697598779 10.3054894814 3.81092564006 -8.3686518936 10.4185103321 -5.82183042408 -1.52127916248 1.42936094512 0.736126336496 
1.30104969832 5.16274606821 13.9842114596 3.48938784729 -13.4963632387 9.15361439229 -0.990129484013 -2.6113236916 2.43083011289 -1.04634840204 
7.99224445533 3.67682821813 9.44719006839 1.8696311438 -9.33151437624 4.43613421972 -1.05763050121 -1.05305522132 -0.462626819918 -2.19087579807 
10.5661861547 3.13130958239 4.08224193748 -1.88094497037 -2.29421266565 3.70981927218 -3.92379079828 -0.947283254213 -1.11630755302 -1.23128625563 
12.2013373951 4.00886464635 5.0633296716 -2.14957272599 -2.32488281263 2.13860182984 -4.13818667704 -0.904448045817 -0.554644229035 -0.677766064693 
10.9330129698 2.62242614108 3.47272957093 -1.95014377152 -0.553686737086 1.20946183391 -4.15039316773 1.47533591696 0.380645114322 -1.85535590852 
11.374032383 -0.561562824076 2.60539634278 -3.71491639615 -3.01439208755 -1.35100112143 -2.45195339049 6.10480508058 -4.81820617948 -1.65805095748 
8.84856596786 0.0170989805335 3.03182236272 -3.11622301831 -4.45165134747 0.972113768568 -1.77311655131 7.71485543277 -2.95600951854 -4.65364144363 
9.6553324429 -0.0989579834995 3.64543240986 2.16497047335 -2.11411858603 -2.80808444992 -1.39227044517 7.64555447613 -0.683761965674 -7.61802107606 
7.00552856458 -2.52578810363 2.11016045955 1.78122272301 0.622658073329 -0.0516418431377 -2.70452604624 6.27059304591 0.416690551799 -7.46405543806 
6.45323946656 -0.111824635658 4.39346877895 3.99848601014 0.815332622967 -4.58358121935 0.447756135676 6.48684273463 2.8793914631 -7.79972687512 
5.44080503014 -1.28328010612 7.72119068204 9.56948226211 -3.94124413903 -3.74910867078 4.33558339114 3.02184839578 2.23665404483 -4.76622954107 
5.25754628911 -0.569816262419 7.58172665546 5.30110015994 -6.26679935908 -1.02379158522 2.36535032252 -2.16894094183 0.924135858286 -1.68050427292 
2.86625753525 -0.319065959281 5.63300384907 7.85926767135 -4.80543691882 -0.422842664457 0.550805887094 -4.08933180299 -0.467765188585 -0.381754232392 
5.50786280323 -2.2048856218 2.93359850995 6.37951482507 -3.20567383684 0.362227962276 -3.57130757699 -3.5476240212 0.177335364496 -0.909448818351 
4.74229408254 0.549745261825 3.70742257085 4.7593670228 -2.52852013762 -3.38624190063 -4.68787070251 -2.81128207799 1.49985561929 2.86793727808 
6.3423482899 -2.0538966186 5.01215205624 0.281870830098 -5.69665938294 -4.53733327092 0.102989194773 -0.0228110701419 0.362372714679 2.07733885949 
8.88276325959 -2.35780697312 2.47978785594 0.431130180321 -4.41593559147 -1.49380044519 -3.87466578675 -2.47993246847 1.24288066614 0.619158705384 
10.4550708443 -6.41769227952 1.80459690553 3.90419895139 -7.56254355112 -4.87165663812 -4.56258618841 -2.3360418351 -0.0924977128309 0.237360391529 
10.5871555312 -7.89734969351 1.09537173888 0.966251280277 -11.6671151369 -3.93807683649 -4.02373886464 -1.50429533274 1.66696575895 -0.755914579139 
10.394036324 -10.3280960534 1.53859171787 3.56877428641 -14.4346979234 -3.11263440048 -4.72389329197 -2.64718974539 -0.948984802851 -1.77079948258 
7.27891481937 -12.1076710422 0.393142755837 0.74109519333 -12.4234697455 -3.56609678339 -6.80320469535 -2.61726314029 0.255872734689 -1.84288084778 
10.5975267458 -15.0458856964 -0.861565867631 2.05355907256 -12.1876734569 -3.24362478514 -5.3130124229 -1.06669879388 -2.64747681781 -2.33183572267 
12.2237080219 -13.9950048862 -2.79584742022 -0.297100112703 -8.37762223428 -1.72907466533 -5.66587372237 1.22716367088 -2.27180378285 -3.30729180012 
13.0126373322 -14.3337021981 -2.04858079634 0.935429007122 -9.68006401381 -1.61913683506 -5.14497725418 0.682880385338 -1.95326806175 -3.74379710484 
12.0814623204 -13.2032564805 -3.49266411399 -1.47989243695 -9.93599614021 -0.375486846394 -7.03311945544 -1.20303468188 1.13002789064 -4.37240004608 
13.4898024535 -9.35502112256 -3.87468091328 -3.02800421817 -12.3823321774 -1.32577582552 -3.74082060454 1.37372896231 0.838643469309 -3.6726158639 
10.4119439765 -10.868327325 -6.47911632245 -0.173866972594 -13.0568175937 -1.98934947036 -2.76888058932 1.60139229885 0.278843395616 -4.21092418652 
11.4908422273 -10.8934032396 -8.2751344616 1.34002960835 -13.7064802061 -2.06566456081 -2.23335742188 3.00318182003 -1.65646292861 -2.17223899122 
10.3925716164 -6.52411942288 -9.56722463872 -2.11969906432 -15.8415023815 -0.88506967991 -2.05237801675 4.57990923279 -3.26599326677 -1.33095304827 
9.53621993734 -5.24260828846 -8.67655770559 -0.0790321019497 -11.8057888418 1.01166622012 -1.32798624579 3.74669819074 -2.43610029692 -2.68161502633 
7.13046297268 -4.03135027225 -9.39985839546 -0.353111157261 -16.4091275543 -1.32263318354 2.19554969056 4.90105662266 0.481977375005 -1.60594179456 
5.68238126169 -1.47852922902 -9.82187361022 0.407349654948 -14.6189794826 -0.858550687717 3.14976015918 4.03707855732 1.70367029633 -3.57350619465 
8.4104149757 0.297604061434 -7.38481515282 -1.97437469274 -8.68746439762 1.39713247409 3.31443334163 6.36949251101 1.84224691611 -3.79381305306 
9.76212038068 -0.557205568596 -8.25547754519 -1.62535434028 -0.867714641498 1.30698216412 -0.0809703457084 10.3555682888 2.92957735125 -3.91789432567 
9.74887616144 1.89146823429 -7.06175060244 3.71511373849 -2.62910507456 -4.11310288525 0.370727274618 9.83125435425 5.29590399624 -3.25529004701 
5.18933356575 -2.46980394175 -8.32343236856 7.49687933656 0.0969566990694 -3.32737001432 -0.866419272169 4.01074742265 -0.366431530956 1.37745235203 
0.638167223189 -2.90376844272 -9.60122529816 8.95063457498 -1.49791157217 -3.32313118572 -0.772410920538 3.07950109757 -0.65235646091 -0.0268706236456 
-4.13971886607 -0.619331303454 -6.69693604067 11.3735386454 -6.33532232878 -3.42908442479 1.95712345892 4.52723005578 -5.02883730566 -1.56082151248 
-0.433230913165 -2.67206999631 -6.0487212905 8.50314405876 -1.51095276916 -6.31535737443 1.51832556127 5.41536331095 -5.04199861014 1.58478112641 
-2.64443277249 -1.78423011915 -1.8923126175 11.4124063101 -3.77951698666 -6.17181093199 1.04866196617 6.43340132171 -5.4899981606 -0.153086950755 
-8.04540321967 -2.31396436394 -1.10753527983 3.46467453648 -3.26008628037 -5.42358245726 0.558762680916 3.39397323067 -6.71594079373 1.16390062449 
-7.15994804771 -3.04178332396 1.56357863658 3.38065176149 1.23488912295 -13.2633264322 2.47084609815 0.845915704608 -4.11132760552 1.2088580413 
-11.8286881207 -5.76079629337 -2.96283194204 0.63400396499 -4.62667154152 -12.101276652 0.704969649551 -2.82789863618 0.391043293514 -2.83735925758 
-16.1821958026 -1.35915904149 -4.78330523026 1.36760427421 -5.32167508186 -8.34306013952 -1.97812888668 -2.37382877016 0.957705270967 -5.76334073677 
-10.4374341917 -2.59189470463 -7.46925036726 0.0414127325186 -4.34286547494 -6.14494129595 -9.72935827196 -5.94881608983 8.47977555286 -6.7974145706 
-7.95938439757 -3.53999065072 -6.25533938403 -1.10454212479 -5.63924110751 -4.44578079687 -8.98545195089 -6.22047431748 9.33542055685 -4.01011653933 
-10.4040596662 -5.69593057867 -5.04028169311 -2.70066103413 -7.11691216055 0.547389660619 -7.61745630549 -8.10116889381 7.79232508095 -4.6225258993 
-2.94248165565 -6.33333452789 -6.8958702045 -2.99146357046 -6.18952240378 -1.58701626168 -7.99361076814 -7.61692861972 8.61574745302 -1.83656589977 
-0.169008090982 -3.63203168952 -11.5649960533 -2.79776578867 -5.09988601526 -7.91595972938 -5.13400785085 -5.24538184306 7.09823051782 0.325508676125 
-6.29384974327 -5.09012644135 -12.7727371309 0.422082062822 -4.50029150506 -9.05901913459 -3.38437885079 -3.91512415353 7.18392804906 0.591879400353 
-1.67889910334 -0.711039646685 -15.5238085815 2.4215544121 1.79882327961 -12.5142724134 -0.445747810085 -5.27735976565 8.82390927544 2.7940649005 
-2.80474232081 0.11315547257 -15.7275797607 9.36398633393 3.34783276936 -10.0553693838 3.03100449226 -4.7157654575 8.09217191055 5.79607555346 
-4.56933434197 2.99415847722 -13.9742444735 18.4582096264 0.113717938311 -4.32220182447 7.16188623372 -1.53253725778 8.91435041944 8.5542507132 
-5.96376704357 -3.36740695924 -7.41653394789 12.3418356087 -1.09302188954 -7.52746889358 6.61049214616 -3.83340995608 5.76360270086 4.8322094251 
-7.20265739734 -7.55286199723 -8.05732915759 8.05616883459 -3.04590441551 -9.28759223633 5.46903121992 -3.15704122997 3.49181425495 4.6754070181 
-15.6053871206 -10.9022491993 -8.47882588947 2.25297549506 -7.92601575736 -6.80597723036 6.89798974905 -3.46679293841 4.6328159115 2.67025330703 
-22.529838959 -9.01050295599 -8.93020801015 5.71338855991 -11.5360725621 -1.77428937448 2.76329791683 -1.37268033203 0.757549405727 1.13885258493 
-17.6859633598 -10.5090008404 -12.774026181 0.3153683308 -11.6923926609 -0.568100535822 -1.08226611057 -3.58826343527 2.67472996025 2.95014460706 
-14.2650830766 -7.61784963543 -12.3767209112 -0.0653182490817 -10.1127169855 -2.49468314915 -3.77018527772 -3.49662949572 -1.14914489846 5.76774607823 
-5.17998923773 -6.30046696572 -10.8812999575 1.60629482813 -6.356755714 -7.85936187167 -3.9639609978 0.547689686839 -5.42530599453 8.75091174239 
-3.59227161723 -7.30308285703 -7.54641516248 2.18853681828 -1.93235237611 -10.423709602 -4.61354428962 2.00430477828 -5.42794979341 6.8100506722 
2.6054683368 -5.5909707902 -10.0707247986 0.0638546193827 0.0166019757082 -10.0065237737 -4.6403446923 -0.120848036782 -6.26001849571 9.63621768901 
1.53700493723 -6.92974347565 -10.9423107281 -0.476277624742 3.10029081245 -10.5154280585 -2.2992391732 -0.0614847399043 -4.41693418019 8.98876335028 
-0.397480880133 -9.11282822684 -8.26225270992 0.419912493863 4.6115908532 -12.3737615345 0.00573299378594 0.197945667334 -5.4123618845 6.40795984955 
0.963746963664 -10.0275912162 -12.9042405836 -1.12948288133 7.65606407063 -3.04963583234 0.738382753952 -4.92135854296 -2.62186210293 1.2610166124 
-1.74097061763 -14.3769259611 -16.3725911806 -5.27236356276 5.40870156915 -0.549313575638 -1.92793582136 -3.74771519948 -2.21391737138 -0.795166598635 
-2.66273342831 -17.4699374699 -21.2189824377 -6.09287265378 1.84685606362 0.215821499527 -1.74652823408 -0.744167705432 0.146075421367 0.0672416731234 
-4.49431616286 -15.3217573562 -23.3415341 -7.34085722231 3.91460916274 1.79748287075 -1.13920909811 -1.16476836085 -2.02499938472 -2.98549998422 
-1.54115876921 -10.5165038983 -21.3663928749 -5.0034435137 7.11346276938 6.40409658862 -1.87737686753 -1.74211360541 -3.73061828037 -4.89980720088 
-2.13829098802 -9.29162441259 -20.3600059218 -5.25371975236 6.49182636875 5.11253201752 -0.687400504485 -2.53558762167 -4.67290707154 -5.21420797987 
-1.40380853045 -8.18855169569 -18.1204173912 -3.10951298228 7.16953616115 7.20434748385 1.13386198051 -0.984591541648 -3.41858662021 -5.97517032318 
-0.773147542437 -9.59362720766 -14.0311494244 -2.23901789564 4.55018216603 1.27684421292 0.0890550192109 -1.20701927328 -3.69721591571 -2.53251461394 
-3.62794140302 -6.18810556002 -11.428763186 -0.3149127018 2.32971020779 4.52679128265 2.40571132197 -0.967028042385 -1.05985274127 2.36320623091 
-4.82557313718 -2.00268388281 -9.04477816743 -3.02541275843 0.380882260013 0.319082738991 2.89550757871 1.7863443137 -0.755416667298 4.33039931221 
3.28696759288 -0.782484135213 -8.05247350149 3.07739569895 6.20986529718 1.09677962823 2.57693606281 2.20075241136 -1.24928937681 -0.229701619912 
3.02171171338 1.8999649786 -8.83382735417 8.87295177753 7.8375220355 0.730714062322 3.24151500381 4.78789738697 -1.15751980239 -0.862564579753 
3.45633990973 7.86339673503 -5.83103026608 14.9508733172 6.70327110922 -2.64971199804 4.14721240514 7.05990007575 -0.468966757041 0.811439264146 
1.24709905835 7.24718491273 -5.50813935137 12.2937027788 4.98896744181 -0.359413361595 -0.111343631764 5.19667636919 -0.970133057877 0.146853113027 
0.977250014826 4.21195608102 -2.10654635032 9.91280828189 4.59716293971 4.2419334591 -5.75438361657 -0.61351067866 -1.4263601721 0.383500703315 
-5.13060669492 5.72804217657 2.04440865912 8.95490334428 4.39484653996 2.12494922276 -6.38275442699 -2.67154288521 -3.45711385737 -1.45333801444 
-18.2994813705 10.5879986217 3.60700329535 9.0670502622 3.60476089871 1.73594144493 -8.81154073898 -2.79191369121 -4.08402442636 -0.360086797773 
-14.0560021319 4.83530685735 4.08287435364 5.57304102844 1.05742242999 -2.429604351 -7.09134100567 -3.35081563015 2.61493247013 -3.17335154977 
-14.1730890253 2.18314292883 4.38041373861 1.60380352927 2.00185762456 -1.74769493114 -6.6631956324 -6.16507081487 4.39923472092 -4.25151120315 
-20.7403882501 2.72674367582 6.08304809706 -2.70857890868 -1.48574469588 -2.90924109267 -4.15518479727 -4.92711577774 0.651359837044 -2.39155971727 
-23.5668436675 0.106131037246 3.09971748263 -7.66792653617 -3.37507733157 -5.75772338231 -3.16204298472 -6.11281075392 5.86074532592 -3.84941503169 
-19.1016211633 4.55595570064 3.42317344046 -10.0705431842 -1.86571433575 -8.58392409582 -4.00614729481 -3.88522125821 6.97260618012 -1.23580347962 
-21.1042244043 9.23515272419 2.30148691003 -10.6927236811 -2.83223651566 -4.79980362059 -8.89038032165 -1.88336031774 6.70561407097 1.05145274618 
-23.2284914941 8.08131987982 8.55070336694 -9.45765248104 -8.26806618136 -1.31944571681 -7.95859074283 -1.25594462907 4.49480445913 5.26793804652 
-17.9310104471 5.50635005508 7.17295717484 -8.15801228478 -5.46109173809 -1.7131569278 -6.51575897908 1.49976271427 4.40286354269 3.82516791422 
-15.0816666295 6.29628567952 4.80976008657 -7.33780753072 -1.49262265577 -5.73597709969 -4.50859027458 -0.199845365769 2.42380233603 7.40878080971 
-21.3627396558 2.12371212167 4.05933609603 -2.58191106963 -0.534415300617 -9.43886647549 -2.56865263035 2.09101282565 1.27827009457 4.76837478739 
-16.8195085932 4.06401692283 3.45444901729 -6.44564427129 3.44321126391 -7.25989351263 -2.78736118869 3.78230353687 6.05524990273 1.55813595407 
-11.6189383098 7.57265440855 -2.27339671341 -2.55071382622 1.00074442182 -9.3414760171 -0.429068735071 3.92300224572 10.2345995038 0.816697686449 
-3.27963931734 9.10014264874 -2.38636486134 2.17406542477 1.96852167826 -4.70794752524 -0.761571440371 2.17631397699 10.8014572615 2.43745891003 
-4.69547538955 1.12145820234 -5.16772238382 5.33596485763 3.12232571809 -1.097149552 4.23154210008 3.53068904245 5.98700773104 1.34053878906 
-0.983038280938 2.87521482293 -3.49176438322 8.03649231317 0.274003446018 -0.710155256816 7.84737873767 4.24596594164 8.16317563023 1.22933356176 
-5.9972478703 3.57243615007 -0.362260352121 7.79510866127 -2.87370956171 -0.447578614697 8.71219981836 3.16230240929 4.6610633359 0.892069381371 
-13.9469078429 -0.353132738605 -4.16707726074 4.79430975078 -2.97903400766 2.78936391166 4.07098797649 4.23452128091 2.60520631399 -3.00643847419 
-18.0724253496 -3.39261164819 -1.99227460944 2.98508759664 -9.65284268271 4.42823526825 2.48118680211 2.28136148255 -1.18002114911 -6.884292588 
-16.695083196 -4.60070621184 1.0822236492 1.34524701828 -10.1069491825 6.05811968454 3.4294741291 -0.10343764075 -5.36724957796 -5.53427899577 
-16.0479760538 -4.93170313172 -0.787723006078 -0.184183342296 -6.95359823652 0.81499901367 5.05897856397 1.1150063837 -7.27309519618 -4.97478518751 
-7.34240630658 -3.8247312451 -0.732242853973 0.802190377628 -4.94751395953 -1.12449854195 6.87651771814 2.25985416808 -4.91823550988 -4.88228355943 
-4.51686178723 -2.19145904803 -0.479890645091 -0.797742821286 -6.93709265365 1.59905993588 6.4915351267 1.51592200396 -1.87618266056 -3.70077543806 
-2.65779749403 -6.65740650727 -0.645008931371 -1.44110343792 -7.99311309173 -1.3525121141 5.89401284928 1.96102259499 3.55936276818 -3.71013731617 
-2.15962239135 -6.05455189701 -0.177183413116 -3.86047558253 -6.6673891305 -1.5219139596 2.47143629559 2.2124021585 3.77473980689 -3.85581794838 
-3.32106808119 -5.19708557587 1.18483749322 -7.08551777398 -4.80526989663 4.07793828997 6.8466804011 3.2667841371 7.78839204654 -2.01267048821 
-7.57569438806 -4.80324339072 6.43167304318 -10.1045080993 0.475409077455 7.70983894275 8.19932794918 2.87998640934 4.93026451693 1.66353397315 
-4.19760930483 -8.80807625569 -0.478607229348 -9.66139241977 4.95196745869 9.71777576386 7.55713261939 4.28826944501 2.40173418483 3.53534495114 
-4.07386250794 -8.28626644417 -2.65005266001 -11.9188338894 9.73347540025 10.5483361345 5.6260644777 5.15444196245 4.94855240883 4.92914585298 
-8.90021649171 -6.17565221519 -4.20797083088 -9.5491804472 8.62785926084 11.9168865128 3.54288453591 4.42122922355 5.74752396491 2.71451975944 
-4.68337591507 -4.43766257847 -3.26099782358 -4.37092469702 7.06991077073 11.5941265983 1.02153331665 2.39142031501 2.926714227 4.57873220068 
-13.9961981606 -1.1012951048 -5.73529730906 -0.336370216814 7.24660341708 13.852846602 3.20881011496 2.69509903988 3.17380325459 4.88184814216 
-14.057426523 -1.31465043927 -4.79700976384 0.784933288367 1.17616902996 7.93334566909 5.37979005105 3.5729628739 0.34354332342 3.51615591515 
-13.1148444126 -0.998909249664 -4.8163261818 0.145641196475 -1.11202504212 3.99653616599 5.39640430143 4.70260499185 -3.19605580964 5.36570447667 
-6.52459295123 -0.242631724201 -5.63677954702 1.16330050965 -2.53010816263 1.60681629944 6.44462161656 5.42592754672 -1.95898817205 8.86547860645 
-6.26817620189 1.40292750918 -5.72914372511 6.12602796106 -1.651223942 1.52669844772 5.17818425415 9.12492780341 1.43984043122 9.468919963 
-2.95770169922 3.1614437441 -7.47522346888 6.09369500294 1.34164819093 2.5238184493 2.06885050665 5.17401149503 0.586747101484 8.48213133753 
2.72457651195 3.98933390884 -9.44200158156 9.95097434091 6.26218114023 -0.130400517224 0.978563995887 3.67206360157 2.93978612303 6.99299760683 
4.3212421486 4.30049130524 -11.3929225659 12.1693347189 8.61870884781 1.68568940738 -1.11659170271 1.07079311707 2.35901823844 10.862559506 
-0.568793238988 2.3030339538 -10.0450748174 9.86078764967 7.00447987994 8.0673330712 -2.77805785386 -3.66835043776 -0.423033943268 10.0705568662 
2.23706222906 -0.0440423167874 -7.11795617779 11.8120162652 2.69612694287 6.58733965474 -2.1920743896 -2.04999665849 -1.7102051523 9.10174322567 
-0.488329948035 2.94414911001 -2.06528847779 11.4813401351 -0.862094298841 4.70382873074 -1.18732291133 -2.21655168838 -6.91336651835 6.67455358752 
-11.4967566514 5.98784079838 1.96538806446 11.1182412574 -2.5700190416 7.63337060001 -1.2813671308 -1.0357187906 -9.15049178305 3.54472093093 
-16.2567378872 5.04132113273 0.787897288408 7.81769705548 -2.1452058067 6.50809669609 -4.68823432434 0.981668279639 -11.2504084422 4.1161652222 
-21.9725783876 5.30902591024 6.19122096965 3.78424055705 -1.10033583698 -1.98293233457 -0.225858377163 3.30736481462 -12.8305511101 6.55561940463 
-19.1847936625 5.89959907477 7.90445915173 1.2213479003 -1.14494058883 -3.64891901204 -3.65079938601 3.23852055988 -14.0956310943 4.50120399944 
-10.7508862608 2.38695055728 7.5071652146 -5.52897556814 0.731960773416 -10.0663731492 -2.47897359418 6.28066304361 -10.4141935698 3.31341821257 
-18.6155626536 1.4174544631 5.77682019383 -7.51567360947 -3.41813764953 -12.5970419407 -1.55111541969 7.08532409056 -10.4950640166 0.606838924164 
-13.3302492181 1.23878298514 3.06649685166 -6.60680925991 1.24620320846 -3.66380161219 -5.20470069027 4.08181302993 -7.67023616581 -1.85273323806 
-13.2459753097 6.27543490479 3.21682956946 -7.62243852966 -1.29880983656 -5.18462108772 -6.59074349967 8.31427385579 -7.22791312581 -2.51289503092 
-10.3153346848 7.97553217234 3.64678021286 -11.640570448 0.643326316527 -3.93664604577 -11.642533536 11.910766165 -4.16457110825 -0.0841347832915 
-11.2047779286 4.7663201881 3.83623077587 -13.1102021074 -2.85052327156 -2.4855875753 -8.41531604211 11.9878990444 -1.78031464654 3.10528900046 
-9.57892215983 4.25918501894 5.87751119078 -11.3112493527 -3.47775758665 3.66333465943 -4.05232354103 13.4040585364 0.55769086513 3.85848512461 
-8.18423786135 3.57230437947 7.01865422227 -8.67917039425 -4.17345365789 4.26298048871 -0.957570839174 9.59058516302 0.559512484428 2.41882760919 
-3.40282478488 -0.670654225788 5.64441691444 -7.39139883436 -3.94698464524 0.20534724585 3.91708518905 9.74393213664 1.08502901229 -1.19170848088 
-3.5951845625 4.14046339054 5.5239448539 -7.43867745515 -6.00626775862 3.14433627828 2.13067553965 6.84192916971 6.69894032035 -2.59713139214 
0.815592779586 2.4665847464 1.31382138079 -0.182157541161 -0.0704160603494 1.84613227802 -0.769384259424 6.79574606212 8.21834240657 -2.71176453535 
1.80129989678 -0.491171669274 4.12455348511 2.92422170286 -2.09752937703 2.88996035504 2.02529253695 1.58463809094 6.38018729957 -2.95459222535 
-1.9415125911 -1.04147147134 5.46437897301 4.86002946684 -6.30804570195 1.85587382069 9.98203170919 0.821938244963 8.27743820791 -5.01649511846 
-13.9999778653 0.613766803673 5.35848357308 8.92209771087 -4.18446688401 -0.83231319455 14.3462510075 -2.14791394454 3.06562918249 -8.00192466994 
-19.7750586109 -1.12373268113 5.95648338541 5.61630376907 -8.84083007967 2.80995058465 16.3621686016 -3.74110240596 1.29637208387 -8.94759374652 
-17.4823411404 -5.33560162963 5.97930683622 2.11544424066 -6.67711171414 1.73077373597 10.6015938327 -4.2407097401 -0.346856140839 -9.1647953962 
-16.0125584935 -4.1050104326 9.57907635331 -0.391625016974 -6.14976742932 1.13456554803 8.62704273181 -3.63089312456 -3.63596662854 -2.4180126497 
-7.16548940059 -5.98516448999 9.01534225639 0.223792082786 -2.25889616313 0.58504310361 4.98653145051 -3.53849965543 -0.756937474494 -1.79817285441 
-7.91917576382 -3.68510546759 12.1574114607 1.5085458862 -1.78608796936 -6.34566517375 9.95786216544 -3.41793757818 -1.7378181723 0.124919140117 
-5.65591977701 -0.202241408491 8.54929662884 0.40870665912 -4.32026619716 -5.07531954532 8.21412646647 -1.15961678321 -3.11610846355 1.00946705429 
-3.45461255504 -1.57046448375 7.98383285799 -3.16643875 -5.20480055601 -3.15180742985 6.9434576734 -3.13623971163 -2.92334648815 2.88667311637 
-0.63418249004 -3.52108063351 7.4463664027 -4.69536254512 -3.37675175311 -0.619970769806 5.21515986316 -0.446325951271 0.911004541555 7.45727981587 
-0.245085266273 0.05380862047 8.84634156632 -7.05478059688 -0.530689737698 4.29338678674 3.31698094945 -2.25393304887 0.511047702218 8.73155364895 
-2.45698038223 -3.02798582158 4.77620428518 -11.7241533931 7.26537915376 7.74530098728 4.41297258664 -3.3529117496 2.16487254081 1.19323743318 
-3.03124720981 -2.02094962715 0.606203180625 -10.0069938864 10.7774248701 10.3432967353 4.00057626303 -3.45533041324 2.1815631625 -2.57602059878 
-1.69952700682 -4.82139414363 -6.30664786978 -9.54862728696 11.7280952792 9.62077274203 2.07974027444 -3.4830666232 -0.314729597035 -5.0274879911 
-8.04216952804 -6.0899945048 -10.5727186306 -11.824508874 11.1011754659 9.78259297766 2.66344106667 -3.36482893903 2.52495633622 -6.5034684591 
-9.85381579989 -5.08134089318 -12.8093247144 -11.3378423356 8.23419442946 9.50555668022 6.01761786701 -1.58571130274 1.42401813982 -6.52774145766 
-8.678195825 -5.57792628897 -11.4941676586 -7.21801504133 6.38221823108 9.02448966675 3.12079781516 -1.1197486367 -3.17216015678 -5.95633081395 
-8.50491200495 -4.71739641792 -10.8648565415 -5.83485032708 7.81102413278 6.91798458517 3.91838537929 -1.48563063054 -3.07350940123 -5.72331792981 
-4.01840787922 -4.64601861913 -11.0026185418 -3.04581126313 7.16324162386 6.09038227494 1.15445909619 -0.324213465337 -0.874940020418 -3.37118327417 
-2.02740339847 -2.37524373056 -7.09133510994 1.56855704255 4.04104919915 9.30877433067 -2.189511999 -1.14603737341 -1.31329573153 -5.36559004923 
-6.52293715619 3.62937036151 -4.5125655937 2.36579767431 2.54138878016 11.0440857028 2.01713124532 -0.45916773606 1.3565349183 -6.91216313706 
0.347718668443 6.35346862608 -6.9973515765 2.96593187455 6.05205041151 7.04962674172 0.199458479644 0.523798148447 3.45923556703 -3.60268571491 
-3.10842497738 7.00415243518 -7.4072900395 3.79553456423 11.5769963711 5.88902837372 -2.87457430013 0.877205885894 0.624288100972 -1.95554190901 
-2.37859485967 4.53820974466 -8.75475083023 6.19640744453 12.7464996759 5.68590159258 -8.15557207145 1.94124371071 2.98827805992 -3.13329220717 
-3.50945949425 7.65920272503 -7.25996348583 6.03936417767 13.3625732614 7.41508114804 -7.85705146785 -0.729337788014 2.44795960448 -0.454797454596 
-11.8874612927 6.06565316291 -5.75997708892 7.50219175611 8.73447699435 1.73881639392 -5.18693073474 0.494690069067 -1.75071189191 4.46553024174 
-9.15953258794 7.11087166035 -1.90602116197 8.51266721579 10.7600399476 3.00524941105 -6.97665581866 -1.02999615037 -5.32512109381 8.74398762807 
-6.46965058676 4.10017300987 1.82759179345 7.3610587985 8.1354782162 3.58092253119 -2.97417897325 -2.17301170555 -3.62406360383 1.78843705117 
-9.35859121293 2.24906707211 8.29057073243 7.15926590838 4.53278832232 3.97064987211 -3.12126889858 -1.34204112291 -6.11671203758 -3.05071982067 
-11.5386593501 3.10947223622 5.98770762851 3.45975680978 2.99661373668 5.45370308189 -5.14735279697 -1.36709474397 -7.00966933353 -2.54163376219 
-5.48934322009 3.34719299269 6.46396446023 -0.222119158689 3.4367544872 1.94061855857 -5.31243604063 -1.3215926411 -4.39465632015 -0.509669807936 
-3.55258382297 3.43123057208 6.28584863778 -2.32667844097 2.11715246017 1.32287830436 -7.73925011824 -2.02584374941 -5.11017821109 -1.34382159758 
-0.423254259113 -0.972100135934 6.81809722585 -6.12458312498 0.742443334561 1.21424938214 -4.73685847094 1.31876839494 -1.29489896595 0.0497467843782 
5.35592184396 -4.16003302983 3.51288675106 -9.14988550481 -0.0989338165973 1.77355331044 -5.68581279662 4.24810742944 -1.51034872318 0.232094770718 
8.10443491018 -3.04986773956 2.18687460234 -7.02249004016 0.399544313233 -0.0606512101805 -6.80117279677 3.98477387 -1.28131799299 -0.798077983872 
4.21249762757 -6.58005743034 -0.211491044708 -6.07745208103 1.34352361756 -2.57633577463 -5.97131626317 4.96432278083 -1.1790108628 -3.90304373726 
4.63360209499 -6.4346862184 0.573104741973 -6.80561750757 0.562265124721 0.457911850185 -4.93700677251 3.9324048534 1.30470916514 -4.62001738906 
4.00836241634 -4.79917732853 0.843946014214 -8.95763129726 4.06277941117 0.285698648756 -5.21134091009 6.61290907025 3.11713073034 -4.36758075653 
1.86072589423 -1.27112790065 1.90372180896 -8.52023360928 6.88029834997 1.53383517933 -2.17836414586 7.69307989971 6.65121785469 -4.39101865566 
-1.85537905748 -0.154952788125 2.49624158339 -5.97403774803 10.1098716095 1.70420367293 0.648997612877 6.98579355981 8.12422263526 -3.8596608143 
-3.15561848044 0.225299712397 0.69749470908 -0.253952058427 8.7050622919 0.130034239882 -0.571699082402 7.51044768258 5.07755664197 -6.67272481224 
-0.0814263442252 5.4697552677 0.03191278895 4.82674217567 11.4679746563 -1.96999777939 0.586758056342 7.83601306086 6.50046083019 -8.72542782241 
-2.35933343543 4.57116182734 3.27422304411 2.8554222278 8.17442018406 -0.834770898815 1.30310239622 5.2877846942 5.5432015876 -7.4525902296 
-5.64092793456 -0.142100494729 8.28177058726 4.63589308404 4.30241789229 -0.0767329981715 4.36237074598 1.58130626388 1.48976560592 -4.70901982797 
-6.53573853981 0.0917800808284 7.61278875311 5.14969818847 3.34693339035 -2.23258009654 3.27509353562 -0.577223475828 -0.563216808683 -5.0405354389 
-4.59215284104 0.167673927151 8.46789134202 7.10000526025 7.46581380335 -9.18925523603 8.37712452318 1.11772946903 -0.114520393739 -2.93595805842 
-4.35755688225 -4.19973555362 5.84182823088 1.44334186987 8.22079416255 -2.56276183439 4.32809155347 -3.33707251322 0.270966270556 -4.35396785917 
-7.79043161088 -5.07081617594 7.06099031091 -5.78976870552 5.10763505067 1.50441288607 0.98217305994 -3.76612140253 2.47870292435 -3.58566702505 
-3.51946040132 -6.94720747322 7.65846402534 -4.79599636263 4.45269668409 -2.44522028282 0.351617903185 -5.28579511894 2.18836097174 -4.68962746684 
-2.30389060688 -4.27903611125 7.57298482861 -0.736687153221 1.88596931181 1.34090996972 -1.50173275697 -6.51273065958 -2.03114717951 -2.04070693662 
-2.40650795831 -3.78930257779 6.73761804749 0.481387013283 4.07343706609 0.542597924887 -3.32199434777 -8.08320125309 -2.76673855325 1.83065076065 
1.33135064247 -4.07438206345 6.17443915918 -0.220597081848 6.09714553623 -2.1019237779 -2.09124859255 -8.77984234757 -0.627584466727 2.15785585936 
2.28609466915 -6.19185483291 6.42041479299 -0.591302274594 0.667221024297 -0.593236914308 -2.66809180354 -6.74587396039 0.222363093005 1.00874927409 
3.89542222163 -8.11381006927 3.65552361409 -1.11014741108 -0.00458961445779 1.23010474989 -4.93832651447 -6.23214122915 -1.78257521356 2.53420164419 
3.77206139285 -6.96610999219 4.54880453095 -0.891324600891 -0.0150861017727 2.99721483336 -4.08548882843 -5.49246341352 0.317154369626 1.92852213551 
10.5902632869 -8.07023276765 1.99597685242 -1.79212012746 0.869435379615 2.71855162029 -3.7548863566 -2.45343767529 -1.62418311059 1.89474226669 
10.598947741 -8.15738832807 1.94291434716 -3.88329293647 1.8114673465 4.01242466764 -4.11959642574 -3.29290460596 0.467394995567 2.70611648029 
6.88603252358 -5.68277357818 -1.24208974924 -4.26558856206 3.83531162734 5.13800711968 -5.70668924248 -2.44354832188 1.44922978654 2.13143414559 
4.63218967291 -6.44192217778 -1.52806213569 -4.65032597273 1.99405768545 4.32797362936 -3.04888987035 -1.85563557776 2.5070293419 2.18333041206 
7.39519456612 -3.50859011699 -1.97385912105 -3.90431765656 -0.154665363135 2.90638140245 -0.78393851596 -1.40059424956 1.98682800083 2.51364411113 
4.3562982312 -2.86512000609 -1.32456724358 -4.79941628757 0.365794930479 5.59275248522 0.428831669627 -0.31008593806 3.07732121553 1.09250626204 
7.07930497268 -2.77461743348 -3.30817072719 -6.01910504417 -3.72051018978 4.54903956053 0.931964646346 1.08992350466 2.31554518832 2.97310616252 
6.81616537161 -0.0486985267414 -0.553420859326 -6.65831213582 -4.53313189679 6.32645233014 3.48029512979 -0.439265036681 5.12150231232 5.60494484444 
4.61840843764 0.889137516509 2.02299310001 -4.92495133319 -7.10978292859 8.88874287792 3.38763942036 0.0366631570064 2.99116013685 6.75982251036 
10.2425144744 -1.39898671513 -3.22060639204 -3.20808065194 -8.37567531635 -0.696500678765 1.97303411541 3.14636160179 2.83818270007 3.89608629765 
4.11544901741 3.44442943398 -1.09948877884 -0.163252430571 -8.47214001648 3.31834619419 3.65287965048 1.32327130954 3.80730653101 4.17610191486 
-2.52076426875 -1.92267187964 -1.13802830129 5.61102705482 -11.4652712059 -0.202829223692 2.28565640246 1.59501529108 -0.167766824549 0.517815903437 
2.61286594343 -2.25490680058 -0.200553729188 9.31176171041 -12.3103608451 -0.199192306324 2.25557549403 1.71486589469 -4.23404729408 0.390585720687 
3.47378915614 -1.73165101912 -0.666537902556 10.126138903 -7.94319234232 8.78231806699 -0.932331146524 -1.93107336465 -1.68497158219 -1.16556986114 
-1.04881003832 -2.56923424176 -0.173972910353 8.10775066653 -8.03654882954 10.688044827 -2.45430884417 -1.78181781781 -2.41892044075 -4.03594431455 
-3.58285483145 -4.06763934706 0.164139557223 5.48657275327 -2.33061135584 11.7494281275 -3.19438373344 -1.53608496355 -1.93685683982 -6.94735393688 
0.743557981851 -3.84840495533 2.08178485277 7.41420185154 -2.11839651858 8.03958110174 -0.714304380152 -3.76646446144 -0.940212730278 -5.62172884396 
0.58897877908 -3.02805616914 6.84548168424 6.86881117526 -1.328385827 6.83952493454 4.61433499241 -2.80833300522 -2.1411121872 -3.24993075841 
4.25977618302 -6.79348512231 5.50971316469 2.47416365782 1.48419782302 0.352692288851 1.8616610448 -1.84064794486 -5.42594739869 -2.71748556907 
3.68604696825 -5.94690958781 8.36662088514 0.926230919391 0.0801718906317 -3.7101251877 3.57170942341 1.65384108368 -9.26973001413 -3.82161188561 
2.75364585177 -6.09795157889 9.70951818419 0.116561915168 0.0206601852278 -4.55379908839 1.57706224108 4.010564176 -8.56631198911 -4.1646359308 
-3.01918289801 -4.68068847713 4.70443762294 -3.23990331079 -0.662317310119 2.59016769286 -5.00636019004 4.84325326874 -4.91399998408 -5.40030401396 
-2.86553175281 -5.47157288263 2.35396856708 -7.55492263071 2.18159173914 3.34442825256 -7.36419195348 6.13025529308 -2.76279448558 -2.41879864682 
-1.35597338254 -6.69220800694 2.45040422484 -8.43676673635 3.15613614906 3.01462449572 -5.9631135527 6.01659636553 -1.11360348993 -0.403025744398 
0.425773326603 -4.05696028744 2.6812172229 -6.35277729665 2.2343159635 -0.371768783749 -5.96825120397 7.62810099507 -1.38895095776 2.56684020981 
-5.99525950505 -0.538972192829 5.34039942373 -8.49091669535 5.15572211887 -4.11068960174 -3.00060736774 8.89362944859 -2.18397912936 6.33815804089 
-1.66282893679 -3.6292446409 9.03140827865 -5.9816256023 6.00989482629 -4.28392459824 0.648093110822 8.59112027206 2.45376110825 3.33303891469 
-0.767543948872 -3.65922736222 5.42913566881 -1.95388853348 7.00805000473 -5.39724983991 1.28577199417 6.10669615825 5.84519423832 -0.345996515749 
2.6182107161 0.562319501369 2.4544678913 0.809386551133 8.97933423119 -5.16557266345 -1.36261762945 4.38894773082 3.96266129615 -3.9186971457 
3.37452635927 2.13582615372 1.66133703503 5.85292039333 7.44072461359 -5.94752187685 -1.24814155104 3.15714205292 5.672534877 -3.51576662582 
1.36395184081 3.23852078421 2.97478161299 5.55585137563 1.65407587657 -4.5212980222 -0.913446062617 3.08398854653 3.7884101466 -1.34815719152 
-1.13885234567 5.56843157159 4.59197192056 7.41914254852 1.84415459942 -4.59944421689 1.53379751686 -3.04163330156 5.2033009527 -2.8868899552 
-2.26220383045 0.218315843714 5.84907698049 8.18746491971 -0.746704661646 -1.25707275075 1.44906761129 -2.49133957117 0.773976582837 -0.504067112793 
-7.61737752911 2.85117664742 6.01829012257 3.83963615564 1.82879141038 3.9455283981 -2.84045986828 -7.04552078364 0.144200627662 -1.84739213282 
-0.672943570307 2.03957878171 6.77962370181 0.150072797932 2.59087712155 3.16638161369 -1.62951943385 -8.62053710576 1.95035769354 1.44769657881 
-0.161991866154 0.859903615674 8.00778197263 -2.74769938626 2.4581475381 1.19915345939 -0.185857715271 -5.56529552868 0.644036079876 5.40128490314 
3.2751105444 0.989216477948 9.2551363139 -0.82916994605 -0.645839508418 1.76638719919 -0.842676258202 -6.08671131085 1.73248889149 2.0592201155 
3.71807029669 0.82948020191 7.698045518 -0.885422236094 -0.26524825551 2.31805918738 -0.901691115692 -6.02759999087 3.92223601445 2.16857276886 
2.72303558587 2.82361454712 7.3863192197 -4.18627192085 0.806936855831 0.866790412372 -2.75039051547 -5.26638881252 5.63112863019 2.96026912847 
3.27029320607 1.40470062942 7.85075907185 -8.87015953046 -0.489169054725 2.72972652253 -1.1815536472 -4.55998494868 5.25667821645 4.34359405322 
3.50517986412 -0.992335913772 9.57189289207 -9.78513979539 -0.599965002971 5.16310458824 -1.26378812027 -4.54918398299 3.78860358358 5.21922212246 
-0.126987155085 -3.92543048904 8.35050417851 -8.81818170306 2.071238693 5.83636984443 -0.219156577436 -5.49284787598 4.24611868829 6.89793022547 
5.59676127099 -7.01438546249 6.1445839554 -5.51975005708 1.81294100816 5.52886417469 0.0489049157082 -4.29849404261 1.31982475686 5.99774835738 
6.41410027349 -9.5607603281 3.82115699799 -5.26761996042 2.05123415976 5.50680072047 -0.952897379955 -2.37811771133 -1.48536694036 5.69608716994 
8.37354394493 -9.76469397054 2.88214521395 -4.48717134796 2.29672491784 4.18472313097 0.707547076995 -1.20929134753 -3.13578632713 5.29976723693 
6.34889605382 -8.35479239625 1.87616566449 -3.66364942901 2.29727321412 5.60281099274 1.11016641338 -1.31859710325 -3.53613390993 3.15843568816 
9.01310715873 -7.48427786669 1.24782571129 -3.60042440748 3.03358653711 3.50244944372 0.407160870571 0.282463731558 -4.22510582822 1.90051756591 
7.5577270949 -8.19954546184 -3.00123887058 -3.45850706015 1.7921011024 4.7842231607 -0.732345661006 -0.42096727846 -3.49516058246 1.92914150384 
7.40553366299 -5.08951863334 -7.02377814437 -3.59563104932 3.02258343654 4.17818884372 -1.21540823409 1.08474372679 -1.82061972315 2.71004535024 
7.24866294713 -4.68848089948 -5.48406935222 -0.135583390477 0.398032649198 1.04230097068 -0.506860913093 1.44847880457 -3.63454440459 3.98593155819 
0.384516460733 0.661894527875 -5.43675417997 4.27567657213 -0.277903654105 3.8915102547 -0.257295703609 0.9893481591 -0.457014340858 6.71329712938 
3.24257387696 3.23400713743 -2.57943139263 8.28861736109 -0.743241529143 5.53376480645 3.38242992806 -0.660340249419 -0.366356824209 9.21923304601 
8.96233016156 2.83452166996 -4.76374607633 9.06936513999 -3.1322742246 1.47826756346 4.73910552573 5.11526323393 -1.02052871981 4.88707133277 
6.2527157522 2.62310827467 -4.51659287549 13.5521220798 -0.864714222132 2.98048504036 1.99002314671 2.95464564261 0.922991796506 1.5082100111 
5.48167722798 5.63520228349 -0.0368466695271 14.5199164011 -1.5138424583 1.21020731182 1.26974076128 3.75965670164 1.03446122079 1.08759867957 
4.89181420929 2.48587514097 1.25014972944 14.8721070283 2.36617557046 2.63526226926 0.751990393336 2.51307836035 -2.47883865525 -0.124770542522 
0.166135508516 2.65604453604 1.48366231641 14.225831675 7.14608165436 5.44117641674 -0.870486140605 2.7465422577 -3.11560748316 -1.04128153172 
2.30858509464 3.34338361919 3.90680736773 12.3906509061 8.77223838367 3.44625797822 -3.72366442183 -1.13560096128 -5.44163655804 -3.33283912694 
-1.72366464114 5.96633991393 5.06829803851 13.0574047363 8.40613769222 6.09972134073 -1.97732131258 -3.07040073314 -4.57118726057 -3.3403478381 
-7.28748792075 5.14331776238 7.33422378886 10.9020934842 5.93371074002 5.73971302177 -0.856490633941 -4.54111611191 -6.34100510748 -1.04064035214 
-6.14185585483 2.01068962084 7.79019025458 5.95980191157 5.85157634357 0.746480979219 -1.14506412621 -5.48936006616 -6.17553434119 -0.761557103386 
-0.959376532101 -1.04513470836 8.61230947014 2.73250791091 3.36448697801 -2.52475329057 -1.4083040701 -5.58781803932 -4.62655185088 -1.14896064626 
1.80157894825 -1.06440382488 7.6821303283 2.79745966986 2.31061120989 -5.16779381924 -0.804923395992 -3.30424763451 -1.47476862727 -0.877208351824 
-0.884842052538 -0.129126324734 4.5599198206 1.10158293463 1.91155073149 -9.53558127034 0.511235849646 -1.49463963655 1.25389590534 -3.25407239881 
2.12590658432 -1.56815237266 3.93772080508 0.15454892631 5.09838564435 -8.30684694941 -2.44137662113 2.5282953627 -2.3568543797 -1.89010822626 
2.50562280735 -3.6660160273 6.05091086252 -0.934464833855 5.40550226743 -6.68246445523 0.133304476273 3.44494476861 1.3479888498 -1.43609627327 
3.78396724683 -2.54194440497 10.3209967328 -4.6323986451 4.60713578472 -7.24778940472 1.78432449809 1.43321291405 4.2688972014 2.08831594566 
3.39310967739 -1.38053347374 11.0889117247 -8.46154069243 6.4836853511 -5.24644877874 -0.287695439301 2.62969610932 4.94651166356 5.93458064256 
-0.231677552944 -2.35467583642 9.25177263024 -6.55555819636 7.83081603567 -9.12707280371 1.56524208131 4.20910340132 3.80505497982 4.42369523161 
1.8208994502 -3.71019186229 6.17641022375 -2.16264560431 8.45609580646 -10.3528975102 1.48454641355 2.00292064485 3.73973487393 2.67862183691 
3.68616092492 0.556407470562 3.70889543901 1.67852844014 10.8624609572 -11.2773391857 2.87190995968 0.151243288538 4.36404196382 -0.538513045002 
5.23646163059 4.71057902318 0.712451415319 2.8757919014 12.9200688133 -11.6310425021 -0.525012859063 -0.0179022672347 4.06342007725 0.880960738794 
3.63491219937 3.32958834878 0.44773342471 6.58619501126 11.4403196976 -11.4026837441 3.05434454912 -4.75261481096 4.95135650723 1.56931405743 
6.57438861467 0.735067684355 5.54723962449 6.1019021648 8.83016702324 -9.5235387586 7.23950713752 -6.58271426242 2.44282060902 2.12260658627 
5.52316250821 -2.53274410135 4.20212449683 2.22344198635 7.29094105409 -4.97531324323 2.01879468404 -6.80800331453 0.247550773306 1.3182646149 
5.32179815925 -4.83580739217 4.18568565918 1.37970516143 3.78328499228 -2.49911189648 0.404159109569 -4.02248474187 -2.72764059362 -2.22389276321 
5.42153514144 -5.23349381474 5.36369536223 3.44183072762 2.194590414 -1.12777783583 3.32344030332 -5.27548394762 -3.04337299457 -0.226237941892 
4.54660626456 -2.46111048315 7.08754470796 0.481010487621 -0.153546165536 2.91666634216 4.23935588887 -6.29210735803 -2.02009590833 2.82955432577 
6.12614498057 -2.9820200588 7.41485217193 -0.966881156624 0.293889722995 4.74370876635 6.07050785993 -1.16559229558 -1.8104678258 0.266353187783 
11.3134885668 -3.90169747717 5.50826657548 -1.77335124375 -0.400533585269 5.19134560611 5.31278560401 -0.612001240886 -1.92747563349 0.154749542498 
8.72883799406 -3.39843840885 7.64717008649 -3.74135537483 2.7435929692 5.02999055819 6.91642974147 -1.73652242788 0.763526971554 0.983154016671 
8.85531188285 -5.81333415896 9.61085461905 -2.63352322638 3.84334794337 -0.0597824140767 8.69690583435 0.943341299145 -0.150460261607 -0.0354373815176 
8.60752366725 -7.15273108836 8.13574159124 -2.44783609031 7.33750022825 -2.58675593194 9.76644352813 3.75333615683 -0.353356474747 -0.18530772203 
10.5317924837 -7.45074194039 9.8842156511 -0.283826133726 4.87432449782 -5.65165460711 11.7539436144 4.25932036517 -2.96486375378 0.522002471811 
9.20606910498 -7.03307037598 5.12167871274 -2.17014137301 5.98655976251 -3.55177959565 8.83439758538 5.11884042758 -2.39180079797 -0.0531134789423 
9.17944499153 -9.67258569425 3.96799824995 -1.0470694244 4.46593334608 -4.89823550786 6.68602730796 4.63748486528 -6.1067690176 -0.420666198436 
10.2216004533 -10.0171531049 3.59524538616 0.461696126649 4.52133364077 -2.93529142719 4.40135403042 2.57991454614 -6.56290709682 -1.30999940134 
10.553454956 -10.2611956535 3.6588442711 -2.11632789983 3.2631580905 -3.02097916162 1.70403144693 1.48800399236 -5.25786581786 -0.0537273556043 
12.3694658807 -7.44529227627 0.850677228726 -3.53556195535 6.9272722136 -0.519122390435 -1.20917509931 0.950212046402 -3.82601470501 0.620121514582 
10.7997412124 -4.56503305412 1.08673466293 0.623892109951 8.15534405871 0.592302387027 -0.95397700596 0.378625176082 -4.69558814926 -0.448560145572 
12.0578435366 -2.38341591364 0.812813878584 0.460785971451 10.7345948149 -1.90943540191 0.0523837863372 -0.712962739148 -2.15112799504 0.916427894353 
14.1881735789 2.25390553234 1.80074391216 -0.409817189061 6.3415964677 -5.4311993769 2.62511295076 0.265815166812 -0.417559480838 1.18158139699 
13.5473937356 4.78529334982 4.34639698796 -0.253643043134 4.97004452971 -7.30895278578 5.41766026655 -1.00641040299 1.49118304564 0.683538872391 
11.4962390603 2.59979861824 5.57193740223 -1.20503656368 2.29675426096 -5.75697112308 4.81320659071 -1.40022904438 2.18623531393 0.56748988012 
9.80813972231 -0.837769586645 4.09049202913 -2.17791505457 0.0550420234539 -1.75049813051 4.75720929826 -1.24299244442 1.34425347767 0.969929552002 
5.96419938755 -2.64979154553 1.30020266946 -0.254588263304 -1.05522288572 1.9287839673 5.58095170648 -3.81880676081 1.53268306331 0.742073318138 
6.79560892408 -3.50288667 -0.513928312712 2.64908034091 -3.93936301439 1.39827357343 1.41187344166 -1.98983150362 2.41037989631 -0.85400089953 
6.24213026433 -1.40033059517 0.618327775324 4.85033355904 -8.1603011544 4.11836277983 3.00744442557 -1.29116703068 3.78279429567 -0.429735972469 
0.701201226618 -0.453904569447 0.922299132206 9.88177991954 -6.69613185409 8.30269397912 -1.11991613156 -3.93475895164 2.6490035473 0.0592695861092 
-0.63602698292 4.49525274045 5.01191897154 6.83252697881 -3.77871293909 6.70425794562 1.52115446581 -5.77074303733 5.06888553403 2.22761200419 
0.42881478579 4.42828014908 7.35917380956 9.16047687775 -3.31393576641 3.16328963016 -0.278367802901 -0.51562990748 3.04404301941 2.55808445436 
2.02983087586 3.6962357548 10.4994641608 4.02573517733 -2.64020620367 2.94445371966 0.233238016372 -2.95609914666 1.30765294626 3.53914445478 
6.76125168059 -1.46072932696 10.3343153135 2.91538823453 -5.66413143433 0.695895487035 1.18049374205 -4.32348450483 0.0808099322902 2.72775028875 
9.25257326783 -8.53527800071 4.98711259119 0.825061136447 -3.76383201751 -0.0656828463204 -1.9774444499 -4.83552811725 0.516646603888 1.74447791383 
9.95309518098 -9.42254456978 4.76062568709 -1.03442774077 -3.76381843226 -0.626479405957 -2.46863356994 -3.46564150758 -2.17182937476 2.4936435311 
9.14061658888 -9.92741175978 1.40652762068 -3.63160708668 0.437117738845 -2.75027456423 -3.38054918798 -4.81794909987 -2.13546916124 2.53022667299 
4.75982413294 -10.0504559129 1.30595569629 -4.702448275 -0.758165290356 -1.10611532619 -4.08882115189 -2.3191377317 0.750949859649 0.617539312357 
6.07690514499 -6.71644384136 3.64822229216 -5.21843356529 -0.256347220056 0.391254108292 -2.57680392462 -4.1381695927 0.442819965649 2.04357767311 
7.02040082052 -6.64643584346 1.31533639662 -5.54996824875 1.26925428283 -0.541088963864 -3.90075108481 -5.78159602748 -0.10565605665 1.24886932956 
7.95582966284 -7.04694593915 -0.156551490614 -5.33763850714 2.01376470003 -0.324472298183 -6.24111501141 -4.72131965134 -1.18737824975 1.29178870818 
6.94686039334 -3.90207298664 1.03033869267 -6.57176998055 3.73381462064 -2.1410100488 -6.75339193607 -4.83039000659 3.93352901014 1.25206088399 
8.44991618909 -4.02583001761 1.44120474666 -0.59103556542 3.17819554199 -3.36396774511 -4.32069501547 -3.77776871855 1.11669352917 1.88400191451 
6.85292987694 -2.3198930722 4.01401527831 2.02131372072 5.79685596501 -6.41803423975 -0.86512805934 -1.11447738014 1.98258630114 0.983907805182 
10.1983238803 -1.96433766769 2.42159345209 6.21272089189 6.07796827178 -6.1887610697 -3.50001311473 -1.1334851924 0.0492899617576 -1.24192935954 
8.45197646535 -1.35094590176 1.65901264171 7.65340404012 7.46576130365 -3.71919085381 0.681541456435 -2.14953602318 0.22170922329 -3.13595809786 
