-3.60342589088 5.93677593 -10.9648029228 4.16364464336 4.94827446322 -4.13670125733 -3.93960148776 -2.79392102517 -3.83371528874 8.3088512907 
-6.07643890576 7.53052797017 -15.60632542 6.67598282685 7.74091851902 -3.05520159459 -4.84379381965 -7.41644657051 -4.43823412046 8.62970895233 
-6.8397031765 6.08000248486 -9.0644540791 7.70080228887 4.91116223783 -1.0242191202 2.63477807417 -10.3073070169 -2.87413704402 8.65198997899 
-11.7557058096 4.38745566544 -7.82739859549 4.24347228879 2.02272924576 -0.169824967756 2.24097901706 -10.4299595594 -1.82107576395 7.85102613971 
-12.1784500795 6.20251590688 -8.9850599367 -1.15401525601 1.68688643786 5.86487694793 4.16807040483 -8.05999241664 -3.30018071181 4.56398348876 
-12.039741999 -4.62940019104 -7.79344491121 5.35952050697 -0.761480095548 3.52224717522 7.35243260184 -8.08844148346 -3.93958551081 3.61794520166 
-13.8735418706 -1.65133677707 -5.43515656534 6.60194911464 -1.74957594866 5.27130970586 8.72802753682 -5.8528541993 -4.10156689671 0.396311277353 
-10.3913604453 -6.0423856422 -3.77582165764 9.35158511281 -1.30529794624 2.94185862533 7.30739458839 -4.36739931165 -4.66818788967 1.73119557848 
-7.62434248378 -6.86373532522 -1.6935438429 7.82644980744 -2.90805799301 8.40848372208 6.83182332553 -0.845721625347 -3.03750104044 0.182285289654 
-2.34989744613 -10.6804574905 -1.1675418172 8.21880190787 -2.30775000947 9.8057014449 5.28211771701 2.56194487001 -1.1770096545 -1.51291276256 
-0.356063279353 -12.2140589048 -2.59067838856 8.4087611029 -4.09580601683 7.77520793213 1.88776887519 4.94240349119 0.270153305474 -2.94800229016 
-1.33540824454 -13.7186247901 0.113857304588 6.57062698967 -3.85167311719 7.61223933863 1.16391095862 4.88400133433 1.80514124045 -1.90211347825 
-1.55863381051 -15.0024815639 1.13751685025 3.40598729984 -2.25495102586 8.53283042575 0.358128813498 5.4630595409 3.23273527539 2.16856423263 
0.708766227442 -15.390734473 2.00513578303 3.10704127888 -1.28340434647 9.69255843843 -2.46358428735 3.51574537716 1.94308954323 2.71222118031 
2.60499230803 -16.1271389455 1.09977546119 5.49565367997 -0.54311502053 9.35479217362 0.35875689467 3.74241924417 3.4525146729 4.56893672705 
6.44012890156 -14.0919934126 -1.03640865287 7.20772151406 -1.84151175556 8.34585435452 -1.88775897946 2.95069583494 3.88485326291 4.1012255592 
7.6553761166 -14.9861808154 -2.63249942911 7.45754752303 -3.92731314975 5.41921330359 -3.0849670426 1.61221493685 1.11742959328 4.80899013105 
9.22451104226 -12.6559472526 -5.64808825977 6.36379209729 -2.98671754614 2.97766241829 -3.28402896897 -0.640488656096 1.10046363988 6.21175694752 
5.73409249045 -6.94670477715 -2.10686978987 3.71438589153 -0.716685163654 2.56155390015 -5.36248591067 0.54483091169 -0.524139915893 4.35685923618 
2.21520166124 1.57903377059 -0.152376082178 -2.05878713306 -0.585645818732 1.75930181757 -7.9552011836 -1.38088200051 0.172268020675 4.89554759382 
2.97934634023 -0.229968013781 -0.59213354978 2.37637969644 -2.98389968231 1.31130933812 -2.55067192782 2.34984284417 0.305151468988 2.0808967448 
3.27590450521 0.927894859607 1.36610888399 1.83441585401 -1.27775905057 -0.896025905942 -3.36703734176 2.55805868757 0.997679268309 3.67607150482 
6.95794111811 -2.55402919342 0.281518986603 7.48211435207 -5.17500711876 -2.50140797654 -1.80443401582 -0.399080980538 1.14814693869 0.0746991692511 
15.1151469099 -0.433104729996 2.87489256901 12.045911429 -7.97042786913 -5.97800863101 -1.0969253914 1.54804628875 0.265381674171 0.152566171621 
22.0329718326 4.37682920462 3.18713102822 10.9398437055 -9.04568049381 -2.26982887672 -3.0798056877 3.76926808771 -1.08840609453 2.19293886704 
18.4230766625 3.03828787174 1.80700636006 11.9773539273 -7.49002482288 -4.15930563803 -1.75231198429 4.00850748095 -0.293818027978 1.04074262048 
19.2041528976 9.04112078411 1.97170231761 13.309826506 -6.94563960909 -0.798734398886 1.26366622936 6.18456776356 -0.546319258897 1.14653020564 
13.3606743242 8.38947416593 -1.13173813804 13.6349438827 -5.9527277043 0.0481851370904 0.724286924424 7.94382934274 0.442535313841 2.18470914822 
4.54710860711 11.8715726588 0.348007387198 7.22957139582 -2.2540420079 2.11808445173 -0.258177804642 8.13072462448 1.64283234309 6.79683754048 
2.53075999366 13.4282057987 5.50110824392 6.97001356822 1.97849823541 1.37922944403 4.13645946886 5.37176321585 8.09352830225 5.83931230903 
4.50877845442 18.7769563363 4.6771336175 5.9063566482 1.82190747544 1.05297244176 0.248431813346 5.36745286518 9.33580473007 4.82559208021 
4.01866285415 17.8785927334 4.45108377183 2.72046744607 3.6686100305 0.295180807528 -1.3143853979 6.22127086985 9.34408534722 0.243152094702 
4.26182666355 20.7322305835 5.70859964251 4.78563913009 7.39873239006 0.541513180865 -3.16422981107 6.76874229602 5.08234991107 0.343669331346 
3.91092753795 17.0444540551 13.3773535931 4.56890258861 8.1480983132 0.478134658539 -3.667428871 0.304699689829 3.46776168053 1.98391257399 
4.92813139684 14.1028482577 7.92384609684 10.0265783307 8.13121656839 -2.03064049678 -7.84605624991 -5.6026347527 -0.0691841739158 1.9567128197 
4.78979966831 10.6367440404 4.75302958385 11.0356877974 9.2286862819 -0.825602745513 -8.95248191726 -4.49460233908 0.237861918334 0.4348651846 
4.34394092478 9.19857380984 2.65743659637 7.26768253026 9.83317409228 -0.159097056418 -10.6910407595 -2.96555352689 2.30949476395 0.789997244258 
3.68452996486 6.43747334838 -2.97029445307 3.8438696546 8.97214129806 3.6554352318 -9.69690423582 -3.18830224155 -1.34186248906 4.03203711537 
0.464058986397 0.301937000817 -5.03523384699 8.81763734524 4.93317363097 1.39599208653 -7.29917663959 2.73754417381 0.254441946085 1.98857153368 
-0.0218825181481 -2.80239395526 -5.22052220294 7.08878474893 0.314414402266 0.391954764725 -3.74811544184 2.62408602165 1.08962892844 -1.04521733477 
-1.57727769808 -2.27115939615 -2.23371870005 5.77637082158 -0.0332128321005 -0.29583734423 -2.02385769961 4.12933343139 0.516469525604 -2.99980763146 
-1.70920178356 0.412474390707 0.421918938964 6.66967091907 2.96995732073 0.522101619611 0.207818481433 1.12844594743 1.71368293087 -1.91127262498 
0.0670274596907 3.74986295144 -3.26255284909 5.52524214215 2.23920259075 3.47829440136 -0.0165708518156 -3.5250392428 3.94986110808 -0.278538541495 
-2.42906106725 2.90352883211 -4.10302501278 6.07189406997 3.63922261986 0.528491604526 -1.41069390623 -1.18961776963 5.25607186914 0.894221414568 
-5.53509602242 3.78904654377 -2.60814447179 3.00726003413 6.44875768703 -1.27598429764 -4.34533973984 -1.82399810187 6.30156218167 -2.45414774275 
-8.12313809992 2.03857235287 0.890147423242 -1.79241819076 4.67761064786 1.01404857492 -6.7905483024 -1.16372055199 2.77697960437 -3.02438141516 
-7.98570324609 0.970670432796 5.11197998827 0.329609853299 9.80019120919 0.18978740556 -7.97199756189 -1.6466469407 -1.1939329817 -4.58911179993 
-6.70433578979 -0.738210647813 1.04474735135 3.03346249015 6.7512214579 0.38383942765 -5.468365038 0.204864754215 -1.2359267851 -8.51146604947 
-7.56289170421 1.69013841082 -8.45264286375 6.0862321446 1.35302496241 6.21136137927 -7.25249964757 -0.578784282905 0.88710454628 -11.4122146387 
-5.46709726695 5.99584388849 -13.103181755 4.89556867861 2.27064681933 10.1313610896 -7.77774623742 -3.47856388753 1.12113101975 -9.48451458816 
-4.0261241103 6.58148126718 -13.3332270966 4.93810329115 0.468534663126 14.5311469466 -2.11908220949 -5.30956796383 -2.4131496819 -11.019911039 
-2.26698900474 0.77263654783 -12.20777439 3.85812176636 0.280589643068 14.6333456387 1.91585106642 -5.0320927851 -4.46232629125 -7.55159158879 
2.69824772334 -3.83739830923 -7.28325106578 4.71453186104 1.99968966723 8.89334236916 1.3448544708 -3.88816337916 -4.3694028548 -4.72951426156 
7.69639825551 -9.45883332386 -3.27008387611 4.11784466035 4.36948859723 8.44427834253 1.42673635442 -2.00288027162 -1.34061766547 -3.19918082245 
9.7982903997 -13.6643635036 -2.67637889976 3.37459893902 5.62093038383 11.8167909768 1.47435035083 -3.43553166486 -0.928039965081 0.0555191416528 
9.87402820074 -12.0773365435 4.83648476872 0.304393244177 8.45091689629 11.4113408141 0.577381508663 -3.33249603229 6.06567060738 0.851197994255 
13.585547724 -10.7492013768 -2.02586033635 4.76808840857 4.02595404145 6.70623504969 1.51853644043 -2.94233925572 6.0326543749 0.953841552824 
11.9608735268 -12.3697788344 2.46001307137 0.829994906644 5.31314448179 7.11507892559 -0.669925342496 -5.27372604624 6.71009803297 2.86466713505 
10.9248785886 -9.29089307105 3.50367484096 -1.01785714533 4.50797806645 4.86815078089 -2.57839561417 -4.89378689635 1.07536589026 1.94385218348 
7.53358984063 2.31162255393 3.72610716839 -6.62306167443 4.43799865806 1.3861313835 -1.68194356449 -7.76758805573 -2.14415767472 4.17374656247 
8.56438994392 3.9448154144 1.32177284137 -4.606419282 2.21362106108 -0.967765862957 -0.641559580322 -6.51431019077 -3.38236529678 4.10160300076 
13.7980049562 6.23281423794 3.9617639459 -7.74123901145 1.47706765292 1.10376811789 -3.64375419031 -8.12328391501 -2.0920779125 5.56511285054 
10.8763897698 7.07860047182 3.17158760088 -6.22155779501 4.10712888998 0.565273683492 -3.30146070171 -10.0538256222 1.15159658417 3.8628159918 
12.9867701374 4.5367733521 4.19833437875 -1.87811135956 2.94942169435 -4.24784445285 -2.60778216829 -10.3326068878 3.21867128696 1.2036061507 
18.7076634674 3.63486162478 2.65690776108 3.89882177624 -0.592504673032 -6.14621164082 0.562090590304 -8.42438312772 3.21194601963 -3.08733998378 
21.6916987078 5.82962132758 2.29938650952 5.6245947103 -0.876799715929 -7.8773063093 3.19780675871 -8.81115095557 3.33368271302 -5.69743192539 
17.9505286913 5.49961984223 2.61894467092 3.79816493177 -1.42034737695 -8.63513201629 3.82927664581 -6.9383928474 -0.536023858111 -5.42238064435 
17.4824719364 7.27532792453 2.45725002453 2.08815465159 -1.79905498657 -8.82327841105 7.81977308506 -7.80775752527 0.163500810193 -5.32902199332 
18.5560988613 4.90452294646 0.0592746901377 0.245098655812 -0.312884655958 -5.97068086889 9.93817275267 -6.78650759598 2.58569168716 -5.7834130275 
17.1509389094 6.10086129135 -2.41532847775 -5.28183810564 3.40457728957 -3.02427908879 10.9653597347 -4.28922201872 6.05972255509 -4.60689556442 
12.2383412276 7.67170941207 0.392114415507 -9.91870062067 7.0085249174 -1.42638049055 11.0294183659 -1.71412037696 7.51527565616 -4.18064211107 
4.61790435387 4.25767299565 6.16959951426 -14.9786354978 9.49608589923 -0.146141626322 11.3260147195 0.204054601509 7.38546015565 -2.01842838729 
8.19765506086 3.33952137164 6.01810076983 -14.0083253697 6.57300040566 -3.18779344094 11.7115572665 2.52297870794 8.85353878035 -1.15921590661 
5.87249312359 1.1783097778 -0.681654357405 -6.95083741061 3.69710400461 -4.93548121026 12.6519135745 2.8746072719 7.53448499109 -1.65162443338 
4.34276223233 2.81928825053 -3.93169165894 -1.77004760403 2.97239441573 -6.32948157007 15.5407858333 2.87486533912 7.14226771666 -1.5331567784 
3.36460575226 1.63981686937 -7.66945399012 -1.25591108029 0.292081358762 -5.84841877578 9.59441104459 3.40154003504 3.26046712879 -0.583237908537 
6.46517536313 -2.62328067905 -6.55143145839 -0.28411017621 2.37818490586 -6.52347570292 8.68016544709 5.74036014134 1.732508488 0.760294246359 
2.20708929651 -5.65220602048 -5.11680338189 -1.92262523747 2.12294048557 -3.30305094702 6.19400873749 4.00340860617 1.80495674378 0.357941738584 
2.92217478302 -3.61008581405 -8.77334340156 -5.06526637659 4.2266575599 -4.03092513115 2.66002267786 3.83379876852 -1.12250830895 0.615866509411 
5.68166062585 2.03999679963 -8.84336669936 -8.07727971743 5.98902622795 -1.8105097658 0.472231997596 4.47911080126 -3.6351706144 1.73713206534 
5.23352723793 -3.72545302059 -11.5257498884 -3.87913220185 3.02115415128 -0.582213869021 0.123174635355 4.43050679051 -3.48123175948 -0.374620258862 
0.910651036364 -0.498746973802 -10.4491229822 -8.2862832276 0.77769891758 0.625220424328 1.08898541397 7.21500712266 -2.87872852664 -1.51655402264 
2.36799127209 -3.19161290765 -10.5210526984 -6.6406543969 -0.213999083979 -0.38690524251 2.45537450223 8.68470239186 -3.49323374518 -0.403233384478 
5.12985720993 -8.89059408195 -13.9068774009 0.0606558131942 -0.0833171251541 -0.547867982662 3.47614229602 6.26929964707 -1.49757284498 0.17342576491 
2.53071897817 -2.2133095011 -17.6728984138 -2.71460404246 -1.29359223685 -1.58395912596 1.93752989455 5.37770154671 -1.97166318853 2.91864615938 
5.77099569272 0.101761206545 -18.5310751332 -5.19266257479 -0.297252933187 -7.66130847257 -4.22276722907 2.73223708334 -0.778711861708 4.97441555561 
2.90217685213 -0.687216442349 -18.6900733758 -6.30833442177 1.79532667245 -10.1292019523 -8.78305138943 5.34351450237 3.99177175722 0.166139637223 
-1.72725790739 -1.36283849527 -12.9920845811 -6.85908376507 3.55659735269 -8.96060930026 -4.97619057803 5.55367374501 0.979268752973 -4.78828621432 
1.67593457775 -6.02896394025 -10.829979566 -4.4584711451 1.07775184211 -8.00572534007 -1.86862820727 6.54281540684 -0.850453346012 -5.66811626895 
0.364874867339 -8.94873910372 -2.35204801816 -7.08327813125 2.78336162048 -2.37907337944 -0.858711166697 6.5530177386 -0.440929028619 -6.92629654961 
0.764031131967 -6.52626521018 -0.983494944412 -9.75418247941 2.89860911986 -1.70990440354 -0.600451176965 6.5082332144 1.45252967041 -6.79443782147 
6.53458102086 -8.65281648595 -1.14091103946 -7.63328815946 3.77688588202 1.90020875899 0.362385081822 7.27293415357 2.23336939757 -8.51525429221 
6.56241995832 -6.1363315116 -1.7715377338 -5.83408585016 3.64545608794 4.5128421595 1.52095206149 5.94115664693 1.08643059574 -8.73959492485 
3.2165650355 -7.76993014604 -0.501381613517 -8.54248441427 7.18254774341 5.98365977034 2.07981358476 3.22809863344 2.56687567254 -7.14208521336 
3.8438345379 -9.06777627301 2.45920298362 -9.76760434525 12.2207274904 8.40177903262 4.00482087458 1.37216822664 -2.185921524 -2.74573512805 
0.587738273543 -8.21652651419 2.59001680487 -3.31181146327 11.5074914023 7.44966374394 6.08487068276 0.904731599691 -3.60617790431 0.0454343201099 
8.69023584269 -10.4175361337 1.24470269021 -1.04828187646 9.84742007907 7.72960618524 3.3048236819 1.78734237556 -4.28064627752 0.836599180882 
9.2298772296 -9.89074954429 -0.746362815825 -3.19516223299 8.53764792979 5.91837786387 -4.12752479302 -0.761284677345 -0.817268689335 3.07619584297 
8.47138388444 -10.1524923026 -0.879342419776 -1.99802159058 7.01609078323 2.00683951257 -5.99493008637 0.21043893161 1.41810072117 0.571722932442 
11.8987448228 -6.8407242159 4.06460183167 -4.30053391399 6.90765434119 2.02643576527 -7.36600613747 0.998270867779 -0.501715150599 0.844332348868 
13.0087214598 -6.05768820226 4.41129831664 -5.52324692307 9.09253478081 -1.22288215745 -7.82287202284 -2.03526666226 -1.97880725909 1.17959994673 
8.80708095952 -6.9075842456 5.88478898198 -10.4016986176 8.5062125113 0.39812685802 -6.649778757 -1.46599086377 -4.02623056036 0.995666260271 
11.5229655007 -6.2953584062 3.17113404744 -6.83118950908 6.41681997752 -1.25242485543 -5.12929053208 -1.00797974197 -3.39742380862 0.756144804147 
14.9088652121 -7.70859323005 0.226832901599 -1.26314668012 5.52433971538 -2.00964943026 -2.57553528437 -1.40893967757 -3.98229816742 -1.54623006129 
17.0461330812 -6.42047676276 -3.87092012931 0.681750871569 4.10847773538 -1.35691169852 -2.61467746009 -0.721396066821 -3.38235216771 1.09469792166 
19.6066208239 -4.80807676482 -5.34080081439 1.79169814843 2.58553691379 -3.33881380819 -2.07339656168 -1.06363394271 -2.44551835151 2.16431108854 
20.6963965099 -4.25302219103 -3.35010105995 0.888176034929 1.50098258556 -6.21617222946 -2.65146676367 -1.93266866752 1.67882760123 2.40068681871 
22.4790008064 -4.03835327156 -1.40417674814 2.42808888856 -0.318751492589 -6.01596949837 -2.14717520627 -1.01044170367 -0.594809849972 -2.08744806651 
22.0125142348 -4.12321633043 -0.216331915017 1.16749589236 -1.38955675918 -8.14939209347 -0.503435149409 -0.184973672054 -0.548934463334 -0.657590431774 
20.3313123089 -4.10838286161 1.37284798913 -0.513571569117 -2.22829234178 -6.5155432149 -0.984282289725 -0.881701922179 -3.33700546618 -2.37835259895 
17.0327907112 -2.87477510786 0.529043043529 -2.5142962041 0.258951868495 -3.39264431126 0.984259398043 1.6829607495 -4.0329271154 0.969377157738 
13.963663168 -0.0434460120855 -3.06646566156 -1.79807882944 -0.585470715058 -2.05150854905 2.25880760894 4.65666029817 -4.11159660507 0.27020685807 
12.3206721395 2.66815308697 -0.212598583839 -3.74986089873 -0.100319455393 -2.47766678205 5.85627803301 4.62225958894 -4.36599284658 -1.32170531286 
11.181138175 6.66880795098 -0.829212601014 -8.8363938184 2.78526362666 -1.29987344841 5.40760677437 6.88259371007 -5.23358475938 1.2403223801 
10.2834181368 8.36714820652 -3.0090973335 -12.0951699494 5.30707733609 1.6031899331 2.37014201973 6.82465055918 -6.86314704336 1.85782860126 
15.0262734673 10.4567338851 -3.60769839501 -4.73689461505 4.56152965409 1.59382295574 1.26786516051 4.87514743638 -7.16550545164 1.5313574235 
8.430415151 11.2465381934 -3.89387569245 -1.18193457477 7.27110193611 4.55642397344 2.16240169651 8.52452219877 -9.70683399824 1.65139969855 
1.19796233296 4.95978563065 -1.14213981963 1.72014608286 11.1382457935 0.670903713989 6.94387035005 5.09844902284 -12.0170443621 3.75414025736 
-5.14368189006 2.89049047406 -0.150305474013 10.463663782 15.8315833039 -3.34767683531 10.5213218366 0.423500262497 -12.6959652574 -2.00476903307 
-6.9654071935 0.808776825832 -2.64989075026 8.79070750903 11.1091177776 -4.84607463486 6.42173843036 -0.669510822033 -12.2834218142 -3.54257998617 
-4.6595124646 -3.60104077759 -5.81761671458 8.75617839712 7.67020598016 -6.98424351503 5.19463984584 1.4529128559 -9.12790363459 -1.80155822311 
-4.97709456545 -1.70630551863 -8.57633259932 5.36337854798 8.48297727633 -5.8173358629 1.49825620304 -1.18505838323 -6.32408565531 -0.123151574831 
-5.54254201713 0.921477538737 -9.95894852163 8.16875270416 5.53389557362 -3.88960916235 2.57959914395 -1.98597163255 -3.04127879796 -0.0854970681712 
-7.06068499784 3.22458069321 -13.6774439517 7.3186841926 2.21770665593 -2.60766578151 3.61729693808 -4.71196640647 0.62957684572 2.39629411416 
-9.44913077723 8.98274529497 -19.3592935647 3.4857982863 1.56230869291 1.49374071385 -0.139928433872 -2.22295990233 3.81106153799 2.97246989041 
-11.5211066986 10.4479035617 -16.8798778427 2.97401032038 -0.8124360335 5.61046322146 0.671691058713 -4.32217611429 1.59599660967 1.14930504421 
-4.16404594558 18.3587977978 -13.4219363107 4.29611291173 -2.58539408663 4.97059089518 2.51851803119 -2.35586561486 0.613353398443 -1.22329740404 
-2.92096814714 20.0717235317 -10.4916902179 -1.86296509935 -5.05968276118 0.628035079641 -4.90831835902 -7.05091039863 -0.160730184078 -0.45818267965 
-4.72689991032 16.3947248952 -10.8643627607 -3.62398607083 -2.85759250562 0.223557781043 -4.96151145519 -12.2370070938 0.637593978099 -3.39647774579 
-8.62258967845 8.85343216817 -5.80988833904 -5.57790023604 -2.14354301447 -3.6806442566 -2.57536953381 -6.5289420412 1.17239139689 -7.67023979177 
-7.44431541392 -2.05395740381 0.586977811683 -5.80573297119 -1.63171465175 -5.57512709716 -1.69387270644 -5.02738526387 -1.07130282701 -6.26990897925 
-6.94741699365 0.369652963939 2.70113190373 -6.06758775684 -1.21268724846 -2.3403790795 -0.655657231426 -4.30285482959 -1.46733179288 -6.1875895416 
-3.24065061072 -0.0589454051265 3.06702687671 -5.45310743233 -2.44956144905 0.701007562875 2.01355623651 -4.76780113286 1.34653624173 -6.8744640777 
-0.218923758552 -2.48428542306 2.65461079042 -4.27241505977 -3.38584736836 4.35586665017 0.537110357796 -4.22584857059 0.915453360145 -8.44849140748 
-1.85531094392 1.38838359994 0.246512344583 -7.98318664707 -6.34682748132 6.11408123548 -2.12058420825 -4.76471730574 2.08817127582 -7.84038229955 
0.211616513396 0.0476001024744 -3.75629662893 -7.23881670261 -5.13035522308 4.11823405339 -4.9626034847 -4.23355756451 1.14303367304 -6.09069340217 
-0.0153884615781 -6.26273899722 -4.86439803448 -7.14066730765 -5.47865078173 2.02220157137 -5.23837859052 -4.29181381309 -0.0386972042571 -3.30514788894 
-0.72704053558 -8.15991494082 -7.55649450661 -4.34539234049 -7.57526740098 3.14448687059 -4.40257964071 -3.94167671136 1.95610942656 -3.19795842056 
2.79089984866 -2.26399952591 -3.20492996931 -3.88082422266 -5.47571841234 7.34366676474 -3.12500488885 -3.71396019473 0.504521392871 -1.72182664235 
11.0220886405 -2.62998714753 -0.397339149997 -2.84131068245 -4.81368688823 9.94918881037 -1.58455059887 -1.83153778686 -0.0796842728626 0.619174404891 
8.35379160877 -2.70002738285 1.00502528416 -3.29066536911 -6.17528021024 7.33968664459 -2.32925882725 -3.55739861023 2.99597272873 0.0837841785613 
8.95491724047 -2.12621572392 1.41249570537 -2.07429396333 -5.79512662581 6.92797460846 -2.36349379049 -4.33997075455 2.42056072009 -0.237381944028 
5.91394270204 -1.20680258686 -0.577075016391 -4.31254285224 -5.3765937245 6.82939562986 -3.143067156 -2.88929337539 -0.240551672898 2.71223486652 
6.81642290936 2.52908288801 -0.348214270708 -5.19522636014 -5.85157769835 5.1724143581 -2.76494393597 -0.524337017506 1.40691655516 3.65521156374 
7.55877842537 10.4298681059 0.289416406552 -9.61818634502 -3.15533922443 3.91111886906 -5.34387527801 -1.27270557342 -2.65247048697 2.67902825148 
5.8991857891 10.1110736762 4.40365735317 -12.9023459725 -3.4419465443 3.79694734617 -3.2340484274 -0.876422560965 -2.25847393309 0.555868191859 
5.96081676648 9.48366418475 1.60150985478 -8.50779397221 -7.04589284209 4.31999834708 -0.20470255307 -2.46903143006 1.02134809825 -1.71606536738 
11.4542538251 5.91184153685 1.25883134911 -3.52916807239 -7.82987648684 4.38629595512 1.40105388074 -3.98127277816 1.67356734307 -1.67751383738 
16.8196025864 0.060431697912 2.86546401121 1.98093727059 -10.9713437611 -1.08675262136 1.86010703978 -5.733456624 -0.849270992432 -3.66231229621 
18.0276185349 -1.70713645494 3.49507881049 1.22962446331 -10.4784870119 -3.5995053757 2.14703441745 -5.02746740103 -0.453562907962 -5.4376195738 
14.0663524578 0.783103585179 3.00723502557 1.15287398231 -10.0279981041 -2.992316139 0.828160771386 -4.17952840216 -3.62343824539 -4.55597207255 
12.8021984841 5.18157429318 2.33375462576 -0.207536568663 -10.2667214357 -1.21677364421 1.92354434893 -2.43831068432 -2.82775495395 -2.26953339954 
9.78755717686 2.28964567047 -1.01612599152 0.544533632512 -12.3251415701 0.160355446164 2.92663929657 1.07605314311 -4.2008627792 -3.02439924347 
6.53828459723 13.2001289889 -0.273805793265 -4.74992417001 -10.8748247061 6.00160244284 3.15371809312 0.828033369618 -2.9717737796 2.444050633 
1.87093063231 11.8673743817 2.99766509543 -8.78841653638 -6.86276569243 5.5129152442 4.52412493041 -0.464473470299 -0.0993549675517 3.67811010305 
1.58002171967 11.6314868539 -2.14436138009 -7.37941872073 -5.9854216989 7.36092159467 8.17384095694 2.42771725838 1.99625446984 6.53549183 
3.1617102721 11.1752705837 -3.24204819751 -9.08617041297 -5.54058379166 5.96390667452 7.1173653057 2.95852239321 2.87934015298 8.10906420226 
3.75087998001 15.7454217995 -7.78032192661 -9.89323776302 -5.47976770753 7.02277296391 1.20928178569 4.71814296835 3.15753908908 6.1769809981 
-0.523589105457 15.207842076 -7.20637581235 -9.85348551851 -6.85436248396 5.59610889719 -1.65950821744 5.70523947738 4.14337715711 5.27422729767 
0.306435255583 13.9444884354 -7.14712915317 -9.02341471921 -3.70939955288 4.12749346952 -0.00563297735673 3.93964557741 1.75445223913 6.31136421625 
-4.16623976762 8.11095499371 -2.71646598938 -9.78176611841 -1.62172474845 -0.227758744127 -2.32152281992 -0.187934115788 -0.122286951867 5.14952298378 
-7.2350270347 2.97037912271 -3.5540278427 -6.08974547337 -2.13291302052 -4.1472314187 -0.964954098547 -1.25499691259 -1.117996835 1.87198122889 
-9.9593294912 -4.72323768115 -2.45248709842 -5.61401761913 -0.197475036949 -6.69974838969 -2.01959252288 -2.40243776638 0.466961967755 0.957950927037 
-11.4940899731 -8.77610077545 -4.06149603011 -2.41016773026 -0.636786363056 -6.368851605 -0.407101294628 -1.61814547543 -1.09305128785 -0.170828746963 
-14.1050769015 -4.83345473097 -7.35297016422 -1.69971875502 -2.45106523772 -3.29844551284 3.61545119608 -1.49112039562 1.01290579 -0.40438868735 
-14.1857162173 -3.78261711344 -7.29217145533 0.725958683548 -2.98644283093 -1.20854673374 3.84674059245 -2.07197743623 -0.366302996021 0.22611268955 
-15.3941514047 -5.29019467275 -6.95109342893 -1.22109356258 -3.14328383623 -1.65412090626 2.32202021574 -2.17364780592 2.14605568612 0.0734268500411 
-17.7300549726 1.94104233272 -9.8634479356 -4.84715497734 -1.22541750597 1.60208655939 2.04046223229 0.52309820793 3.36996664861 0.344560915914 
-18.6432954151 0.116556612027 -13.3097748699 -5.10748757787 -4.72982840713 -4.43352298252 -5.29529325904 0.0162372939924 4.23561908786 0.778476610395 
-18.056922829 -6.10257884995 -5.44415094896 -7.05003770423 -1.71683756158 -6.30580297808 -5.61013820183 -1.92543911565 2.73697773756 3.33788746063 
-16.4442562638 -3.91974438575 -5.82976679897 -7.9132811682 -0.0426141860753 -7.8470117876 -7.12791897625 1.41278406879 2.78750773801 -1.31028246342 
-11.34436609 -2.36661574357 -3.05129820565 -9.20193801191 0.464434285364 -7.13740644054 -7.37510783234 4.68384267986 3.36746267876 -0.128472521994 
-5.71783817216 -5.73084469045 -2.09208908685 -5.44017564334 -0.0122427448029 -5.34330511436 -3.72842405665 4.49850171842 5.33582421862 -0.777565021261 
-4.81097241538 -8.55003765362 -4.45388585512 1.06417513857 0.338147275179 -7.79144360792 -2.44125013745 2.05887355912 5.81460570074 -0.378690538081 
-6.62374110346 -7.95100616794 -3.53679731224 0.942175860908 2.51150124189 -6.52449679937 -1.61710897493 -0.765036467675 6.61262562544 -0.972697651739 
-7.9203735017 -11.0845962993 -0.386731543364 0.525588763796 5.09138889909 -5.7912426288 -0.554556887476 -6.45502894494 4.92023198877 -0.627795079748 
-5.19292438948 -13.6689325024 -0.831900618462 1.6758103287 1.28173719631 -4.64009022648 -2.51172188909 -5.05509736775 4.22523721003 0.331919094298 
-4.0352757796 -13.7753287448 -1.26473067182 0.913860657966 -0.756737766322 -3.08601013376 -2.43635329654 -2.2693409518 3.35085690119 0.870402157867 
-4.41088867031 -13.4453769448 0.068545774769 1.56508077367 2.86147678676 -3.87134775533 -2.05593667665 -1.70569273116 5.38151445436 4.70742558931 
-1.57846659181 -14.4508232918 -1.43898616835 3.79439491456 -1.58322061006 -1.7046999593 1.28176073662 1.64992589099 4.4216589597 5.43907193562 
-4.24046088369 -12.9495755473 -1.75362829356 3.50157662702 -4.42498460603 -0.982106781376 2.95976110485 0.581147997014 4.14087189617 4.60820446184 
-0.806108707005 -12.9939580528 1.0936551559 4.59933122119 -2.93487284801 -2.88202404551 3.06036438054 -1.00187884097 4.77518353663 5.462385645 
1.38228895726 -11.8845604074 1.50291736705 2.13575545634 -3.14442318222 -3.78068221364 2.82334381811 0.322428962835 6.71821583839 5.97521395195 
0.225350989704 -10.3831067594 3.18359857391 -0.216183866375 -4.44917488643 -1.52160306875 4.14468797796 0.279052148548 5.85888976435 7.50747095799 
-6.19262853271 -7.94069543353 0.275742667815 -0.228247124589 -4.60858412267 -0.652439681092 4.54596281332 -1.80274720402 1.60966364493 6.77213629793 
-12.6163229169 -2.13802240583 -2.86881978417 -3.09324004198 -7.06324094236 1.9489284211 2.33352401897 -3.3488187431 0.602545253192 6.15761174732 
-9.76381522945 -0.990336719643 0.334144169865 -2.34114425546 -8.04130991344 -0.0296448561892 1.40500483171 -1.73879364233 -1.86947089348 2.51883746577 
-10.2343305665 2.9024605352 3.77897699449 -5.90974597647 -4.11920066953 -1.54015278904 1.05434359552 -2.74744465632 -4.46909513158 2.36818171137 
-11.4392803663 -1.27401493426 2.01528796181 -2.84036311621 -8.00012516823 -2.77191372985 1.34462738691 -3.84921969986 -6.49717976224 -1.10841065168 
-10.6603138125 0.440718711074 1.09061454933 -3.63486380851 -5.95612447471 -3.51895487246 1.07764124784 -3.50909620114 -3.90759782384 0.308516456812 
-1.42423265152 -4.4812326564 6.03484608335 1.16260645715 -4.03131217797 -5.0945359859 1.9144359248 -2.43025578341 -5.02762668299 -0.723288155835 
8.33153732361 -7.84928744249 5.52802104142 6.97946959335 -6.97138966123 -8.49242032863 0.64600214732 -0.736320784204 -2.55498349624 -0.717387767764 
6.46712789002 -5.61369873857 2.5477633781 6.98509833167 -6.69113686538 -8.88053850754 -1.38607155215 -0.165725486306 -1.65438842612 1.56481867092 
6.67011365103 -6.83777276017 3.66829004631 5.24143419333 -5.84752850733 -9.25349366022 -2.20633289298 -0.499938250995 -1.63441075428 1.23928784826 
5.02161595971 -7.71294038162 2.24910104668 4.70749091831 -5.72097052453 -4.88920653686 0.396594331989 0.936836963796 -1.43291633774 1.77621618722 
2.33767894218 -7.06160599174 -0.681497823123 5.47273409465 -5.12785124587 -3.21237908134 -2.22068825594 2.37473869319 -0.734554082854 0.378338532924 
-0.0883545129213 -5.54727111524 -0.594975428121 -1.45922872778 -2.20526995468 2.14959417906 -3.39373819708 6.19045006539 -2.95204670082 1.26393821888 
-1.70660591805 -2.78176972472 4.10042536725 -4.87403058649 0.476400378906 3.55234473651 -3.44825897683 4.64773724055 -6.34136645029 3.00300911629 
-7.42632029887 -1.91671185363 7.2099110126 -1.84749482198 1.79312640197 0.748477429721 -0.207709213382 2.56468154678 -4.69526227012 3.8210720338 
-6.92927584512 -2.85893255557 8.80521510418 0.549840470952 2.69579187989 -2.58348308225 -0.547915354829 3.78722042874 -3.26903122475 4.2815048345 
-6.98300988866 -3.21496013275 5.07830479433 -0.66878775949 -0.977613523345 0.226285553809 -1.31907577069 3.47145586333 -3.91606481094 2.15953088286 
-11.6996510314 1.54355500174 2.9903528957 -2.45969236283 -2.01877754654 0.269711217631 -0.894778859202 1.90925265375 -5.16367463956 4.18592266199 
-11.9643914796 3.62312006564 5.4904561569 -5.84193671316 -0.747123694054 -0.450959624152 -2.99340788631 0.721158575917 -6.31602148794 3.56248991934 
-11.5080767376 -0.00434257048291 1.60277810031 -4.33867309728 -1.00052351899 -3.96614639725 -3.06681980417 2.83347967394 -6.51521444796 1.11421064184 
-11.7696479279 1.18778010058 -0.100107157723 -4.12640128289 -2.03075210847 -5.22150835361 -3.3388762062 5.02216914374 -5.61747588372 1.57805495703 
-10.51582945 -3.99430061706 -3.42429843636 -2.32892885412 -4.05416485238 -7.12175194479 -4.11220242687 5.28490843568 -4.10210022446 -0.311427985295 
-12.6498602977 -5.09698320957 -1.9473621941 -2.16917171882 -4.32022519237 -8.55981521253 -2.59080620569 4.84218432252 -3.31856223674 0.255935896304 
-11.1481700526 -4.61905684623 -2.42388286391 0.769172482564 -5.42401392494 -8.09985248721 -2.13019354304 4.97225231327 -1.23267136886 -1.91033843463 
-8.07987769027 -2.04040643077 -3.27651658698 5.069384432 -6.22478764603 -5.87595114662 2.72386349968 1.92377225296 -0.917076734567 -3.59415639943 
-10.3022788154 1.63923406099 0.20704484796 2.17175990034 -4.93579452385 -0.581759751312 6.5432508585 -1.56497603788 -2.00297202897 -2.42434305628 
-11.3601612377 -0.417525449101 3.64556629231 2.2200581346 -3.97983729154 -2.11600570325 7.83646995391 -3.30189096446 1.60886876609 -0.546813664234 
-9.87005526006 -0.399874278317 -0.0666625910852 5.71855637186 -1.77959689524 -4.24956945893 8.60262408829 -6.17498233097 0.490719250512 0.862708173316 
-9.95901355703 2.69394406372 1.7422093286 3.93739983989 -0.407182222477 -4.16701726221 3.09502085055 -5.16397226295 2.70806312568 0.764033389574 
-9.01768999262 -0.235887846059 11.152008424 -2.44192830237 1.66226245528 -2.54945339117 1.68066555171 -2.8787707063 2.99753734315 1.78500563341 
-12.6736018416 -0.20098286397 11.9901852439 -5.11589503789 2.19196134231 -4.52055570388 1.88343300493 -3.54609534098 0.468382410041 0.742604702271 
-12.3091126645 -0.706137677432 14.9641313881 -5.95696317823 2.81813710249 -1.32465264943 2.20136640951 -0.729555007003 0.784678489423 -0.243095520965 
-13.0980433714 -1.87009774366 17.1251506522 -7.18712775707 4.78313330403 -2.4178972286 4.58995532777 -3.76570208954 0.0651212009051 0.628736433949 
-7.35583535057 -4.51310135867 10.9980481316 -5.43707303217 1.2106428003 -0.175603647898 3.31741880304 -1.2471398415 -0.0614962201483 -1.17398772464 
-12.515174316 -3.84741625869 9.43734667966 -2.83022389408 2.19271216539 1.31776743304 3.78947060245 -3.37857816518 -2.36638295096 1.34830320928 
-13.8384825716 -5.26397361632 14.1647275508 -4.37232267194 3.21982617352 5.19674193941 4.24463964633 -2.17963435592 0.596311644961 0.0729137898208 
-16.3816864625 -6.82309818989 5.81136863266 4.30533470488 3.51369099603 0.960279903584 8.39066240307 -3.98070203637 -1.66629431807 -1.05424858583 
-13.7131228885 -6.77541473334 10.5546533411 -1.03987618445 2.82713727053 1.32189135452 5.72422270767 -1.77031150361 1.05254201961 2.52240423797 
-10.248626416 -5.58186119106 14.5448253062 -3.16984616304 3.39061173574 2.32974446251 2.89078938848 -0.429417801714 4.56928084669 3.07561476885 
-8.82250328998 -5.07120638074 11.622795307 1.9603445866 0.749061170896 1.78125791381 3.95534426374 0.808386722312 5.06933836672 1.23478285126 
-5.7831239606 -4.30963772881 7.48885067248 5.86466039364 -2.14438772696 -1.05650141526 -2.12475289899 1.49396124183 5.81504879462 0.869102742261 
-3.71110498194 -3.77716973688 3.18140934045 8.35182466194 -4.68026140331 -0.0656932914757 -3.07319788714 4.65117672389 3.36113481864 -0.362317285611 
-5.18903847526 -2.99248509808 7.9937894874 5.09332450088 -0.0795718467538 4.9388546922 -5.43603821567 3.92208437545 0.674272871992 -0.992288754636 
-7.57725524384 2.74743147045 9.05264322863 -0.676004956876 0.142644725055 4.72093829882 -6.34373894004 4.24858422303 -1.71351012992 1.39272630677 
-6.67378868566 1.65146871455 6.97559964378 2.33010463464 -2.09882606915 2.80065108601 -3.42095823293 2.41750373396 -2.22212681368 0.482968621236 
-4.8014406655 2.10359135477 9.73321409546 3.47757831787 -1.66966500528 -0.83942457389 -0.951814642044 0.314767916751 -4.05955456651 -1.40996849629 
-3.59240237656 -1.14320575372 15.1571737875 -1.95018400819 -2.63638648585 0.297446971784 -1.74070655758 -1.56138658192 -4.22010978881 0.480438011254 
-7.22050275944 -2.34970827938 10.5734280345 -2.33618621174 -1.72868602697 0.916273094001 -0.43639529549 -1.17749374378 -3.46866752392 -0.641875403341 
-7.29940273006 -4.34070591199 12.2968672352 -3.36287879793 -2.07003296633 0.133503312934 -0.931254259895 -2.73329406564 -2.44062118076 0.391418073845 
-1.1898994273 -3.45879752425 14.7350741135 -2.54158523749 -0.318304680394 -0.707202921615 -1.79281349056 -0.54171374803 -2.38337445825 0.718836131874 
3.3756671412 -1.4254213835 16.637430078 0.972360260036 -1.90004979225 -2.97609432106 -0.783437082098 -1.82250441683 -3.63809797631 1.13523809404 
2.71312293594 1.72928719444 16.6904938372 -0.590279516535 -3.27477712159 -3.080047815 -2.6000024227 -0.514182712283 -4.3988240487 3.62254093446 
0.595188660979 2.37218074715 17.4059989464 -4.68442900271 -4.3760262737 -1.19516740864 -6.60536268364 0.663040526939 -4.21125712546 1.2846964033 
-2.03602394097 -0.0962692100128 15.9923221931 -4.5042035573 -3.50555233592 -1.92835470094 -3.61819673492 -0.0931748341761 -3.98581830684 -0.199525268828 
-4.02460106194 -0.900088679253 1.46170094412 2.5579067136 -9.87301680372 0.618589462014 0.288638760204 1.63918639902 -2.56520969092 -4.70144780434 
-9.66958246706 -0.25647907254 1.75219839488 -0.56226137007 -8.05363325802 4.82613751921 4.13107185799 4.34660708327 -3.73913313195 -3.0895400024 
-11.946190096 4.07209035091 3.13324222893 -1.55992088781 -6.65677123087 7.81719337456 5.02477238883 3.48272414226 -2.2172930581 -3.88324464143 
-6.74842386164 5.44482577477 3.98592619107 1.78009970604 -4.59130195953 4.81754374521 1.85654573518 6.38157697192 -2.75596776585 -4.69021422332 
-5.07060429863 7.94068818213 5.43161047625 1.24095146062 -3.23622456741 1.60050420428 0.454568665856 5.30789772634 -2.29680197646 -1.28226911503 
-3.86577572884 7.78848382462 9.38708785031 -1.71798573791 -4.71292695736 3.13021963902 -4.56407512131 5.00771704672 -4.42106676759 -3.50011185764 
-1.28387900246 11.6132815611 5.2339810957 8.05363660751 -1.00549924773 1.28524663574 -3.07784721944 3.75589171367 -4.76910131653 -1.90412058549 
-5.73520459936 14.5797243578 7.02306822018 3.29475964967 1.63146546573 -1.07067809361 -1.9580521338 2.44151625086 -5.39491912289 -1.54502750417 
-7.40563971937 10.4473544967 6.2381758336 5.29610801666 3.59526848457 -2.48609137402 -4.15710052486 0.070601917352 -2.65330008199 -1.08038805598 
-11.6874693858 7.42405544689 9.42122617787 -0.268207206502 1.43004592455 -0.923796220518 -5.81971529159 1.33105718675 -1.10520420901 -3.23037345012 
-9.590323615 9.15546140222 5.88880968883 9.91562130337 2.72054783878 0.0340056300208 -1.33094371581 2.71865652926 -0.139237507128 -5.18591280177 
-7.68339072218 8.37287806532 3.83741463731 13.3264236579 1.17226623036 0.135166177311 -2.88251115287 5.23443570346 1.36878972535 -7.93985438822 
-4.34186746109 5.21105585595 5.08423105359 11.9349690769 0.0188880972133 1.14959595407 -0.511451825476 7.67507602725 0.291651827618 -7.61877060155 
-4.81750356064 8.01122730838 5.25168567976 10.3884621529 -0.0407606176 0.712861026973 5.75868145098 5.8890141103 2.4516108445 -5.40028632546 
-5.67071288849 13.7444061496 5.79633388989 8.129165218 3.50585891208 1.26782834655 7.38363769188 4.00287183917 5.61436874632 -0.893858682401 
-7.81755899126 8.84608450392 5.17911597088 7.94915944791 4.88512439447 -0.830443564555 5.69829236179 3.51856471333 5.02605019744 2.41171369135 
-9.2435770705 9.12586539485 6.17996917571 5.55582123144 3.73942781594 -0.458427118186 4.32161995366 0.755549657734 4.6538766676 2.61510913221 
-11.2749716541 12.4406508456 2.47820663406 1.84081563717 4.88107689565 -2.14139227093 -0.229985514389 1.02597621119 6.02727709078 3.73258900881 
-11.7681121562 10.7201281047 3.10104081149 -0.0269846697227 4.13617798984 -1.78875120731 -2.43060325034 3.39332830123 7.62457174533 -1.03472363177 
-7.48703398364 7.28981456892 0.580215629497 4.67017841487 1.1684612051 0.339891806965 -5.89175348688 4.58596816458 10.8306546706 -3.40925606559 
-9.07527726798 1.63924420332 0.046575620835 -1.10610942246 -0.479780448715 -0.123816103245 -6.73645722558 3.77758914934 9.76059420754 -4.20897356579 
-9.55687694152 -0.946104410516 4.14690686707 -2.11371953056 0.984664491195 -2.59959615433 -8.50181811142 0.779320382957 6.65939210741 -5.59624533754 
