14.7365111291 7.16210544824 2.92283882514 0.515785188133 2.45773747388 -1.6717044014 4.7084544398 1.88158775611 -1.35167275588 0.557808888945 
12.8199390563 4.31362889489 3.56479090005 1.93347312723 4.00741782309 -1.17795585698 3.89092896495 2.85793093379 -1.48268478521 1.17266817705 
11.3795749823 3.31062913409 7.44269207489 1.75825951447 -3.03030222472 -0.370708060397 2.36856387741 2.55400616038 -0.884110243501 -0.554419491154 
5.57493254696 -2.64167514089 9.31419472889 1.24167099291 -8.52415335933 0.0564507351071 -1.40020746317 4.92602098032 -1.93576207446 1.38145096473 
11.7796133303 -5.87619529887 7.08465736852 3.02966627405 -2.83656191149 -1.89668965004 -8.80999936208 5.2863001046 -7.32087797035 -2.67991164966 
11.5498855736 -2.26157747733 12.1684409954 11.1583041847 -0.154561669703 -5.4108116175 -5.32859422192 6.36072529597 -3.68154013125 -3.10058465837 
8.51900251415 -4.11155693359 8.43316120242 13.9053415145 0.181558623514 -7.12949405085 -2.91628452415 4.64127896374 -2.78716004725 -3.54580721108 
4.32088804109 0.113602908833 12.2997671094 18.7287614997 -0.70954512198 -8.15253047518 -7.01668830667 -0.298555870009 2.96115332097 -7.05980686327 
6.81967107151 2.83946856018 10.7923202112 18.4787440007 2.63524615482 -8.72764104403 -0.688194471889 1.41793850619 3.62135131032 -4.68049012975 
15.112313725 4.28795739201 6.1031032838 7.51795245433 9.00813557864 -7.85594254099 5.57986429053 5.98033001849 -2.34713923327 -1.06771915759 
19.4629470545 4.53386784561 2.82739910206 6.84788067456 8.02589597634 -4.90092588942 6.25335217569 3.18380531083 0.426372906601 -3.12745159418 
18.9361974478 3.18350114571 1.27730068884 7.55132406493 9.31472908599 -4.64252105075 6.30288574162 3.69869451984 -0.162835453613 -3.00342547205 
19.898973655 1.79337201582 -0.742869140936 7.28770437747 5.22331913596 -1.34152118095 0.918228577197 0.0910531189959 2.54706599473 -1.8023928368 
22.3849765959 1.94067064543 -2.5554301012 2.92678738213 -2.61875017775 2.13515418798 2.4320356515 -1.24728341451 4.71097518398 5.04589959888 
17.0894291294 2.83200114762 -5.27388143141 2.57530863136 1.57497143227 1.04365852625 4.0358671922 -0.909911803535 2.33628451582 6.05065088458 
18.1313247304 2.58097385915 -6.14358792148 2.03979010307 0.0452023462818 1.80979562919 1.57616277545 0.26846423385 3.33151371763 6.79747812062 
18.5823032324 -4.05851551157 -7.85960958177 1.98091135264 1.15437936608 0.51619529042 3.4793433454 -0.209121931032 -0.183693728734 3.48175021274 
19.9318564926 -0.8177459276 -4.97907305325 1.76015314101 0.715250447383 -0.999053883349 2.73161302415 -1.20681224945 1.66225438676 3.49829360735 
12.8986306628 -4.96081781334 -5.41349206341 4.50242841869 5.56533387811 -3.61262689192 -2.16485845508 -2.67726621518 4.08047849779 5.99389262727 
22.6793503401 -4.37598995547 -7.63085375773 4.27592130931 7.17441511671 -1.84142213453 -5.97842471319 -5.07511018189 2.35170739002 5.35911901003 
19.0766332421 -8.28952157812 -9.78282697274 3.12085919884 2.38537803131 -5.11862204195 -8.71958316253 -1.59402937304 -3.21711188132 1.66629515046 
22.0706422859 -7.22074009889 -8.08948039143 4.72050525785 5.35239206046 -3.80140940777 -10.2459816913 -2.72969010626 -3.21695865085 4.88271390856 
18.0903377777 -4.58307313188 -7.21559280168 3.19672794657 1.11768604187 -0.873900670292 -5.4235016892 -1.96119272738 -3.64198656992 2.64853201643 
16.2574508647 -6.24650929501 -7.55121292496 3.25061872775 -2.76632223762 0.236708044887 -1.03338912746 -1.64441252898 -2.40086366965 2.13176521956 
16.1787102707 -5.7981263112 -3.63088231444 -0.567998973863 -7.13557740184 3.24698069429 1.79236721571 0.0494639683226 -0.105007603973 3.6002378637 
13.4532821782 -6.78462528033 -11.3361247015 -0.479947328309 -4.37774143064 4.49865655039 3.16444561592 1.80801628707 0.062858474921 -0.18427823075 
10.8281516217 -9.46151588233 -14.0457467289 0.634839374055 -0.0251918655248 2.97277230965 5.95279245747 0.360201874536 -0.0713417700151 -1.75824487386 
17.0716213445 -8.13145011246 -8.91675533208 -0.859771610234 -0.750226151005 4.08041815139 2.48830038272 -4.08573068181 2.69565011941 -1.98905148266 
16.401891621 -6.80767244319 -7.3899859732 1.19760174349 -2.31412474202 6.16682733561 0.0821491840326 -5.37861224395 3.47279041776 -4.01047630604 
12.5954229843 -3.16152309915 -11.0913975706 -1.87283997825 0.480062779742 4.61889849607 5.09101092615 -2.32947493574 -0.0402698818758 -3.20871259267 
12.4414220825 -1.03609308121 -4.14360559436 -6.71348812232 -5.64380558215 5.02370824542 6.37189944875 4.24087582247 1.40153859565 4.29292937112 
11.3689119984 -1.46680879649 -6.52584672 -6.18604468304 -6.60832185202 5.1469078571 5.4177730829 2.48991972844 2.3987666716 1.79920771993 
6.95454480047 1.35608349446 -1.50926628411 -1.54685949354 -10.887306617 3.06970388512 2.63331072157 1.53734221317 7.36776408883 4.64502442918 
1.49382923916 -2.22050155539 -4.51226579586 6.85264795416 -11.7306979823 2.49584338274 5.16811749839 1.2132929532 7.60996935809 4.03469954091 
0.427286916183 -3.66609702978 -6.73067221225 4.97947482862 -6.9574535533 0.612056880527 0.870876212921 -4.43066358054 -3.15638884999 7.3156278961 
4.4638679774 -5.97833550101 -9.01060163671 1.99700562732 -4.67827824488 -2.89298095376 -4.06656448322 0.598507037175 -7.09645236016 5.09147354406 
3.8887960113 1.56626861449 -8.37238994272 1.19264879508 -0.801859522158 -0.466783912831 0.503640915582 2.19060414333 -5.70977169695 5.85578603752 
0.416595217465 -6.05866449525 -9.09822958398 -1.0977795676 4.07831917887 -4.20173734807 -2.56064673409 -0.702815647195 -5.98627653835 -2.98922875154 
3.55907295122 -3.61645911519 0.32449320095 -0.815772493508 6.55622714115 -4.16218366731 0.136793126462 -1.28430581399 -1.77989838327 -2.23545161674 
-1.99967868106 1.18508621837 6.56519864408 3.25039496969 4.34310610073 -5.95560206154 7.43422115827 -1.47103411108 2.52925233 -1.04449566364 
5.91162688272 3.51629949218 4.30672942546 -8.32348754569 -2.02103503936 -2.84087060903 4.42361514994 -5.18612692874 0.539545399474 -3.26139475157 
6.53079365475 3.04913268492 4.89456536514 -6.42712093228 1.44809764558 -2.30501827183 6.31035054727 -3.26369914479 -1.72771760403 -4.55261315943 
8.2643204526 4.69255360053 9.14460360284 -4.60448485259 1.47949184814 -3.07482614356 5.18221610208 -4.16415364125 0.244730468115 -4.18447791963 
6.75353510734 0.568543017047 10.4129542995 -6.78295612942 -5.47969749497 2.43571128451 -1.05214963078 -4.75279978387 0.415918842659 -2.76894848603 
2.41557620277 -3.96068035959 5.27511617043 -6.86977077938 -9.8098935878 0.918387513759 0.113437611665 -9.23335744727 3.16058433419 -4.08062907899 
4.74972599988 -0.798154100081 6.29755252401 -8.26321630357 -5.60175454245 -2.86265027139 0.789579606313 -2.72487513776 -4.06416012801 -1.97645294496 
-0.543275988374 -2.98163091475 4.96709669505 -7.59368267301 -2.92455052114 -3.19607053759 1.67741973025 -4.02917789983 -3.26005463744 -2.39898569819 
2.44705102364 3.20236783093 2.80636232195 -9.54497870632 -9.42116640524 -3.7658725358 -0.338820533245 -10.9638632906 -3.31047332562 -4.96087791305 
-1.39470019554 4.49208476623 8.19654267745 -1.41397636339 -11.6470764024 -5.31426694707 5.11285005874 -10.2187342085 2.91294874257 -4.67154888473 
-4.49982878762 -1.81503929979 11.9659570735 -2.63634404019 -7.50036651047 -1.9622238119 -3.6152112778 -11.0240311608 9.61532116502 -2.04563712451 
-0.0463215894516 4.01429365027 2.86875013915 -7.80974793653 -9.45607771083 -4.40951991713 -1.75600302996 -3.25726612401 0.601603181224 -1.0124170969 
-1.97197025561 4.43872794357 3.95986325558 -4.66089644895 -5.97882291104 -6.31493765062 2.83479743493 -2.35239464165 -0.123591842294 -1.96502957556 
-0.375388855284 -0.349938208687 2.73803518508 -1.62760625079 -0.732009562272 -2.94975101194 5.28719707115 -4.10646622812 4.36362551222 -4.20421960456 
-2.53926857219 -6.39882997071 -0.145711327251 3.77754223042 -5.44649436642 1.52340923012 -2.780212174 -10.6808917929 6.21628720409 -2.65874512655 
8.39383536365 -4.88324405233 2.34944922883 -3.24479127114 2.39328086288 0.146221726751 -2.69023390259 -6.20592354095 -1.40488442652 0.719995092064 
12.4737090841 -4.579573157 5.0293705532 -6.8001389717 -0.722996279019 1.4402685922 -3.16933250115 -1.28437650947 -3.10376594375 -3.92234813953 
11.5724077215 -3.76902579849 2.36563419407 -7.09544328354 1.77804842212 0.666846035736 -0.635783557329 -4.09408896182 -1.50469798443 -4.23001446591 
12.8776627005 -3.42626367977 8.04502044508 -10.0946895756 -0.481397088014 0.545748490393 0.28000176059 -5.93271320542 -0.953536003241 0.357374025641 
5.55403917571 -3.26151426657 5.65720557317 -3.44367692289 -1.38277580675 -3.02070593124 3.96219459649 -7.56572354055 8.06449731429 1.09389069355 
-0.951836651258 -0.543173285174 0.0628055689566 -6.01302050475 5.49522854253 -7.20435333832 8.44978949526 -2.69271782719 6.69392849751 -2.16600694072 
-2.43807318431 -0.462091393114 -4.28643941283 -8.40983680478 -1.19990361356 -7.03809627116 0.501062928583 1.80242043989 -0.140498434594 -3.27471594097 
-8.45525638795 -4.041284403 -9.33855147106 -5.5041290023 5.6030858078 -10.5340958404 4.95873885583 1.80421171192 1.37704858637 -3.59486574878 
-8.36384856122 -1.15137921215 -8.06505204498 -4.9297115095 3.22981793104 -7.95940622324 1.03911221565 3.17286526033 -1.88634634229 -4.72168754417 
-8.25376445782 -0.386966209126 -4.71332143025 -0.763234856721 -0.775524211646 -5.30855367793 -0.405012907324 7.29263728262 -0.982272112399 -8.36280535638 
-6.28426528759 -9.87428910564 1.76992236105 0.947548715677 -0.564746276729 -0.0925602726553 -0.655155775894 5.23151219738 -2.02173153959 -2.79151743862 
-8.76462029901 -7.62488629099 4.67072693426 -2.83758131203 1.0704724172 0.662973895536 4.08369130995 2.52515507062 -3.45851646461 2.72987766293 
-11.2692035038 -8.45704642653 5.01886265902 -1.10186748871 2.86048358672 4.09487342097 7.5150206302 2.41575877818 -2.74235238818 1.24322341893 
-1.37169826929 -5.22171294156 7.89603530448 -8.35807087575 -2.32648005372 4.3874939209 0.117467460929 5.35178433472 -6.5998302436 3.11250918771 
-0.647817040386 -3.48442771838 8.890800406 -11.7348531717 -4.00571739137 0.905067450421 -1.9550005371 -2.31358283925 -1.1656404533 5.24645372857 
-7.23532912893 -2.06955438579 9.0292736741 -2.03682886577 -4.85355689298 -1.62948175007 3.72606128676 -3.83630353793 3.4331094467 1.08992590927 
-13.2472004971 1.26764290554 -4.5618187658 -1.49052225631 -2.93484016958 -4.63399868763 11.2463811041 -1.20249234837 -6.18939484449 -0.553527910581 
-18.135014171 -2.86537425186 -4.06922277322 -1.62359535366 2.43018744969 -2.35518546994 13.2796663482 -1.92851727967 -5.7968315215 0.541560183618 
-10.3207947958 0.927675138368 -3.71622980851 -5.69025045366 3.94969724742 0.900685402413 2.70916576887 0.278327993987 -6.51957784622 -0.995632972164 
-10.5877145661 -1.94747666181 -4.16275975377 -4.29041964054 1.50245011045 -0.205269461833 0.626397831319 2.94004275518 -1.2290907894 -3.6340311166 
-18.1653307729 -13.4556577763 0.194214020433 3.99138750883 1.6214425635 0.386638557366 -3.4768539181 1.81162006278 3.44710955933 -3.19274841816 
-12.588478358 -19.4694580793 4.35238510811 -2.42144461118 11.3868606518 2.92806828486 -9.46652827708 -0.836352471198 0.935106765283 3.77297030846 
-13.4503280337 -17.2062209245 2.61248033036 -1.46008165616 7.84465061651 3.15824162073 -6.22265031402 -2.37364999492 -0.0540158532616 4.82274310739 
-4.33625354942 -10.840472939 0.527818355678 -9.37906150965 5.71607671441 -4.31567729053 -9.95651388708 3.89034387178 -5.62424426212 3.04239680658 
0.824246097832 -6.04625648133 3.41162465757 -10.5960543086 1.27033473401 -3.9643388633 -7.46661294098 1.73396755166 -3.84017589389 3.66019218761 
-1.87092371746 -5.99885675866 4.66861498515 -5.82542296935 7.35742239715 -7.08547146424 -8.43466561429 -0.653328286143 -0.270323123933 2.97771188084 
-7.94367838702 -1.34463886908 5.73054246592 -2.08498213216 5.90134266825 -9.52193899594 -0.677500988998 -0.860773988245 4.10005809519 2.52979327463 
-7.74179485075 0.0839322123737 7.23616374908 -2.29411334954 7.13842631898 -9.1115054566 -0.646242665608 0.507875425485 3.18438813903 1.58859389197 
-4.3019134933 10.0690525161 -0.249523558341 -3.66717918168 -0.0518101790575 -1.44413399407 -2.76634128777 2.97347262644 -1.96893528214 -2.42109979448 
-6.05550564133 10.6786378443 -8.75024569089 1.10843890206 -2.11815158077 -2.60314794066 -0.976813358874 1.8380680643 -1.91935409516 -1.43855193152 
-2.47111555639 -1.63271435842 -0.70754823183 7.48982226617 -0.460505703468 3.10042870176 -3.32255410001 5.35762358229 -0.630154699304 -6.51367945653 
-6.84912743711 -6.48083720537 4.81409896829 6.62629115772 3.2392000973 7.1995065059 -5.14881711386 1.97115522502 -0.816294407184 -1.86258458687 
-4.22433657009 -5.69470738142 5.79102825737 8.4017273614 0.963015017543 4.8072265885 -6.6395998399 1.28255939399 -0.0208591252291 -3.23831314782 
-6.01105519883 -4.08783469486 -2.86648473769 0.623669080519 -0.0787222091678 3.20224672716 1.22253219379 5.61308639074 -7.67437749394 -0.126867287146 
-1.07063650077 -3.20500723822 0.0386630622461 -5.9805130378 -0.943525063784 -0.849685887357 1.43012066167 5.90006970743 -5.26090813896 3.24243300851 
-7.73302148662 -0.677372115444 5.78420384045 -2.08274720736 -4.33440487781 -5.81829369854 0.614380702784 9.79832163738 5.69112779641 7.78180493334 
-11.5543489753 -2.17128116925 7.98751697773 -0.0513802793641 -2.52766975952 -7.61634651411 0.62260776509 8.82447529116 8.06159681644 12.7075966596 
-7.77173901445 -1.04429413751 10.8972896604 0.0568308155232 -3.80309832537 -8.3211395103 0.805829690927 8.47878115451 8.05582783479 11.9594002367 
-12.1289967539 3.6575729748 -3.10403017563 -1.30167632707 -5.56200655226 -12.7832794219 2.64220944786 6.61724345745 4.85838677043 9.12671280824 
-6.17646603261 4.5528720883 -7.05446571082 -0.734872462811 -8.23064397829 -12.7483439443 2.67527405422 5.88645733721 4.18559692356 3.11432236747 
-18.9050701859 -5.31997030615 -13.1445432756 7.69609242032 -10.2490796219 -1.43621689618 1.58200019659 -0.117329088749 1.608172122 1.11899564552 
-25.2018163487 -10.371135342 -6.91882156125 17.2313343112 -7.65992300216 4.22629612768 7.14959337488 -2.84699428065 3.00323676958 -1.49852514899 
-19.2510229444 -7.12050691558 -8.97758362157 14.0488685857 -13.8788300035 2.23012017674 3.22121033277 -1.71732818806 1.62654667955 -4.21322536267 
-16.9546000574 -12.8786668318 -11.4174259922 -2.99475202552 0.779044585653 2.85018779498 4.88877309868 3.13024481364 -1.30969568353 -5.45096995032 
-5.98897170731 -0.305693841197 -6.22835323618 -10.6522364957 -5.19064349844 5.15604643086 -4.41157508951 1.86501186987 -1.00358526098 -0.871268338597 
-5.018137363 -2.70508735951 2.424444053 -5.75438603277 -1.41026268608 8.73759318643 -1.86105275747 0.550490403155 0.254744297925 2.68977277064 
-11.6949537544 -7.69521414438 7.30635416093 3.65534770218 1.65755387809 5.15235369634 1.82079009347 -4.83493603241 4.92612346043 6.8319109205 
-8.06565013161 1.00540983894 7.98953372168 3.76906881771 -3.40401160178 5.86549124829 -3.54452788835 -3.42420876793 3.49652921083 7.06517152282 
-11.8981197383 5.31082490331 -0.0534812857545 1.15729375355 1.92267186316 3.94072962581 -0.151185198857 1.13493054288 -3.87394165178 8.93365676895 
-6.98340718676 18.9900792049 -4.22021265019 0.645287314205 -4.19017395166 4.21993995736 -4.39867517654 1.29214730639 -5.37690707485 7.55963705036 
-6.3269089945 11.9906834958 -4.34841963396 6.0426058439 -1.57483488275 4.70373006758 -5.97469308698 0.511652607927 -3.7513574785 4.42217447955 
-7.87354928433 13.0798003791 -2.78530871362 8.39507053231 2.58872494479 6.14687781463 -6.22981438788 -2.46622014309 -0.0380961492109 2.94311448778 
-5.68133226889 11.1788048499 -4.9407089506 7.14426474188 -2.11842661855 4.08367456921 -7.10015516786 -2.00215195023 -0.0771233706321 0.908778719961 
-5.79173304444 -0.308091439303 -1.74494071513 4.20581094731 -3.41420028095 3.47810438315 -1.0105196871 2.63633168822 -2.56886972147 -3.89627017839 
-5.02660972055 1.4946723843 7.63138766719 2.73869735485 -0.275713204924 5.00275522017 5.29137816847 4.22381827544 -8.00799175533 -1.69817506982 
-2.96364686556 9.78496471791 10.7597731945 0.456120714648 0.592604309408 5.63417712599 -1.72324037019 -1.79523719732 -1.48905913082 -0.966797370115 
-12.4072322439 -4.84510472538 4.9854927774 6.67043707441 0.337286416904 9.91067715277 -0.358410936998 -0.815711598236 -2.56465433229 -1.61397650857 
-8.00398184985 -2.59728799955 6.84089402997 5.66518569779 -2.16814867019 9.7575708983 0.334299484865 0.127248365026 -1.98459955473 -1.98412850032 
-6.7088005883 13.7615942828 0.533279222933 -0.863260221379 -5.54297466811 4.468903423 -1.37789358273 -0.195538952889 -7.45317293372 5.23033772856 
-3.5900232451 8.05356951931 -1.45771859676 0.330604341653 -6.07472919296 -4.19837178371 -0.358566019742 -1.24730540716 -3.26310031483 -3.37925558404 
2.78322495534 0.599866483787 7.3878677926 3.93777272652 -4.53048103097 3.83200607145 0.625710993764 -0.564383161575 -3.66869892972 -1.13779407841 
-4.0520466602 -5.47081559013 8.47630894209 9.24608759491 -5.05706924108 8.62920929658 1.89487339559 -2.46893748178 -3.33458749795 2.53115495385 
-0.116923941632 -0.153110202887 11.7260045711 3.45858489724 -2.46955780949 4.32118040791 1.66407292141 -0.930977380394 -2.69942072058 4.39474629684 
-4.38876452632 8.47360728307 1.18948917353 -3.48259040734 -2.49389312909 4.21406949847 2.7756364255 2.50421632118 -6.76453727688 2.19859928101 
-5.28233314562 7.94504310761 -1.12217373008 -5.60888003833 -2.18238069566 4.14891122613 3.20278634912 2.05917238251 -9.2137608851 2.38488701008 
-8.93422027816 2.1348175469 -1.09866780046 -0.395080517105 -2.25003663998 -3.58343919685 -0.557884976145 1.01611887443 -2.07089931621 -0.965268392854 
-16.1723250742 -7.44592652909 0.124416529967 1.56635947211 10.9600968681 -3.86643718204 3.84018843703 1.90796343419 2.45270080302 -2.09160544503 
-15.7663610088 -6.07506868285 -0.874289517544 3.6578193352 6.85795040119 -5.60505692051 0.923040863607 2.96720619193 -1.44504717714 -3.19170885362 
-2.63605701953 6.04482256528 -8.93531562314 4.27244866716 2.74976129869 -8.02131707896 4.72102127213 0.916256489891 -0.504943270397 -2.9838136579 
-3.38691301001 3.97637592028 -4.69785413646 0.841509283966 -4.31556461007 -7.43361827047 -0.67179818742 1.0589728583 0.0423951451457 -2.94081408912 
-6.39310555343 10.9451544558 -5.10888415186 1.92626715966 -6.4549000612 -1.91369124188 -0.329279081264 -2.72365451484 3.68403128707 -2.31191863759 
-11.9234249616 0.662676921155 -6.59601599768 1.76691600392 2.28529457978 -2.86504867414 -3.46495171902 -10.3335550962 3.07559936998 2.80163904128 
-10.6455147214 1.88308112157 -6.46408959152 1.94334521178 3.34285276465 -3.60315027444 -0.890493259149 -10.3084446676 4.34840000274 2.66818299274 
-8.02702838615 9.23217611938 -9.68861553955 0.287862209094 0.196869635305 -7.89385619775 -4.77914392579 -2.5655745006 -1.98969338684 -1.29497392196 
-10.9392230551 6.97489146722 -15.9472561071 -2.67008420177 -3.50445750386 -9.65168372262 -9.4766744851 -1.20599128794 -2.30267326401 0.080594175235 
-1.7731086294 3.80727033916 -3.35455122956 -4.70432809797 1.35932123441 -1.40452206621 -10.0278560857 -3.62628246374 -2.13809188557 1.01344527601 
-5.9023121526 -1.4639866528 4.54810520036 1.53272514977 5.32673098118 -1.26689371987 -3.64121016402 -2.96125332342 -3.07746977827 -0.799122594256 
-0.632340416084 1.37678909342 5.53335930634 0.422007071144 0.321285580479 -1.8400027107 -8.72229120189 -1.75009312595 -6.04096906953 -0.832244923924 
3.43176341009 0.945865370175 5.56422388718 -5.82713026997 -1.29886808944 1.91427241009 -6.22633674652 -2.96997030996 -9.55235281551 -2.36533665255 
10.0136236431 5.21005155659 5.8188432781 -1.97564841633 -1.43788855307 -0.320291745103 1.02638693152 2.86313630137 -3.24398766771 -0.38476961652 
4.91702315782 9.44167032096 1.82319916585 4.84745889268 2.99154013129 2.17104724996 3.60264927551 3.00673161733 -2.68905622356 0.3996712913 
0.670764447866 -0.883074004509 0.72277836943 5.86094325681 8.97851518398 9.68791200452 11.5192014679 -1.47387530155 0.322725158476 0.415115773166 
0.0848779067422 -3.75790832009 5.34933049112 7.36038646379 4.22037699529 9.66839186745 10.659543418 -0.841114150105 -1.05840354773 2.65356472948 
3.75149962417 1.33008429385 2.91713777737 -0.680165174755 2.47651935664 6.33343200273 10.2048410523 3.04551644344 -5.395031271 -4.23750253644 
-1.40550188162 7.28954548699 1.8557190675 -2.20985028504 7.55554165839 4.65695233415 5.61867027329 1.00106444294 -5.18476355253 -1.52649102558 
-3.14555701041 7.50536413569 1.34429268586 -3.62099227028 11.4714135243 3.01454556719 2.70010680347 -1.10712313881 -0.310674503175 -1.31209037636 
-16.105444774 3.84698425674 -3.79019486076 -3.15821108993 24.5788448065 3.37870924137 4.02064432006 -10.8677637301 5.87430842004 3.76714127844 
-11.9277165452 8.66345287282 -1.79331308243 -3.09437261263 18.2422519131 7.85526121337 0.263996992429 -8.07586931067 3.24757872543 5.7887039216 
-5.64147404156 19.4260309358 -3.18949779598 2.56783641602 6.49053932965 -0.811003271997 -0.0444696415397 -1.80455364923 1.01698758308 -1.66260405174 
-0.385106195145 22.3238894891 -1.90741808753 0.211605906459 4.02086220535 4.13703162582 -2.94639455895 -1.08291158559 1.59971381472 -0.916239015713 
-4.17576856542 17.390749225 -1.71581223238 1.36440157027 5.19786368953 6.91560027906 -8.45774495492 -1.57122607777 4.21107744728 -3.90228348971 
-3.57915928611 7.11091196034 0.104833554431 6.35394048243 -2.01655780636 3.12510378408 -8.17028319447 -1.64057949521 4.81561464501 -4.52732518521 
-4.42553271214 2.26920957716 -3.34434517726 5.83200086234 -5.32788595974 5.75159813269 -8.98775890838 -0.0243564433785 4.32813662433 -7.6692078349 
0.790380131338 -2.17236327703 -8.04273255988 -4.96740865379 1.95013215682 4.09962635212 -3.14023700795 5.07396179673 3.00863774977 -8.05834988675 
-0.797235391131 -6.75750756485 -8.36367113317 -8.29482078501 2.11460344319 8.6081214316 -3.4299455875 4.41635261865 4.41854048023 -9.27466984665 
1.85422766991 0.926922161556 -3.50354698 -13.5865357749 0.385207827595 8.84575390113 -4.87893088065 11.7043798222 14.4556070773 -4.85362997487 
0.801761295826 1.806969989 1.7542452259 -6.71502442405 2.40427850466 3.55717071015 -3.58669324184 10.7832161774 14.0662683459 -4.35468011372 
4.22443250042 4.17381735659 4.04267033409 -6.04259026567 -0.186505725404 6.46204058967 -6.07540095984 8.65432801335 11.4542199585 -3.11539026215 
0.41548442776 3.85610173811 0.234486208095 -3.42781365449 3.85486587572 7.00821040994 0.900468576289 10.9804035694 6.66140542675 -3.68256124423 
12.8836011892 7.23227409844 -1.65585980742 -5.77599537337 1.31891808603 9.03822070029 -2.46243528492 6.96878721669 6.54623270174 3.22412958404 
