2.03044180468 17.4447161805 1.21811067051 -8.79833374013 -7.64202333976 2.89973031344 -1.38775816184 4.88648129746 1.12852607501 1.93054146155 
4.29146130505 19.1903915663 -2.66809139966 2.38023198006 -1.60662076718 6.67898352058 -4.50527031104 6.84832331257 -1.44804196283 -2.66578454927 
5.48480896736 27.0780210217 0.715669977587 -2.7774764324 4.38904219828 12.5224175062 -4.1063364285 5.77966156094 0.470364651629 -3.2653142523 
4.70526352393 21.4011816933 1.47131571739 -11.7841730536 -0.549264780677 7.25164640201 -2.67487844269 3.17695283284 -1.85715478072 1.57130876811 
5.54603731664 19.0093611005 2.29517238516 -11.9072684498 -3.18212202413 3.10748011217 0.292158622747 5.88561175555 0.253984375819 -0.142734415718 
8.17726489599 22.0834336282 -1.15853720557 -8.40689645917 -0.77145032055 7.11653521615 1.08348308668 4.75729449112 0.554522167493 0.562919121038 
4.69286670822 22.59218469 0.506358705022 -9.66063212043 3.74282210546 9.36780921542 1.84952829072 2.8020905933 4.52025091253 -0.0741037165245 
7.91691892653 23.0792075419 2.85135303787 -15.7444459087 -1.08613952152 4.2755737596 0.72238514504 3.88055033387 4.96307399802 2.8365012221 
7.82813406716 26.5724023718 8.20482911153 -16.6449125523 -0.966339740445 6.35023725068 0.684768942015 3.36380055638 3.88123748918 1.12566686486 
5.35666537018 24.90059678 2.78321022718 -9.40239975757 1.34642545678 7.19193537211 1.94615275366 1.2715305981 2.08472651568 -1.86569716708 
3.18082094426 27.2082786795 5.30157341072 -8.10736832064 6.58034297478 10.2642972198 -1.19438137804 0.461009979924 1.20263112723 -2.05241254475 
7.89954971906 26.942713794 1.28310447698 -12.6050253472 4.69763438531 11.8507639566 0.7073192327 5.81872850242 2.02398930251 1.88320565717 
7.44010326295 24.9441817579 2.14178094483 -17.4486659991 1.12438320828 8.04011064563 -2.10250516676 7.01104968454 2.2755797541 0.892366287462 
9.84538835863 25.3440838424 1.37169685367 -8.79168442052 3.32927847588 10.9480317746 -2.98300991672 5.57227218412 3.52704221521 -2.38820507215 
7.53824208448 22.9401288428 2.15197027099 -7.75431318055 3.64238295777 9.25486235172 -2.31267236663 3.33939910155 2.47292608764 1.68023597084 
11.6084653453 18.6247028853 -0.605889002216 -12.8631625023 -7.1939556564 4.25574356734 -0.30434398228 0.148413863853 1.90795046107 4.08229459483 
15.4157277396 19.7261598171 0.411976905555 -13.6767741905 -6.54481343647 2.5783395775 4.54779641972 -1.8629112106 6.29415723307 1.60688851572 
9.29821572301 22.0043501925 -1.3281213201 -11.8953701643 -2.62502476265 3.14148785414 2.03334617735 -3.30245403367 2.64703213767 1.26378311638 
16.4242180283 18.9277023021 -2.35434140816 -3.11801046218 0.406656509906 8.2363399477 -4.90127178695 -3.59709432434 1.08926760683 0.974372166522 
16.6226081082 19.364800202 -3.2724681165 0.942886615804 3.40033394261 11.8463289645 -7.7366037991 -2.79186240744 1.2976670418 3.37853406918 
14.2410047442 19.0487828458 -5.0980046608 -13.0958580102 1.37425878701 9.98029870659 -5.91905880606 2.70549362497 5.21429528925 0.767537499122 
15.8195292942 14.1113325326 -4.11423761241 -7.16469336324 2.65680365155 3.8829322368 -7.71978779748 -2.08969149043 4.07782532608 -2.63397301781 
15.368486598 5.53743373981 -12.4751884406 -3.51183315541 -0.38090702653 -0.970954177783 -2.39966119588 -1.71092168212 7.39088103101 -3.54867507106 
16.3418110254 4.61197791209 -11.4065340011 -6.65105298305 0.153065145539 -5.70335123037 -1.95836367107 -3.34206377356 8.21344951852 -7.82426763213 
23.5931040772 0.247071458333 -13.1926073888 -9.54107796441 -3.24650976766 -9.41148518173 0.94336232753 -3.15465955874 11.6990844803 -10.7680493684 
16.4483397415 2.54759853678 -14.385544446 -6.598707583 -2.91953506514 -4.99154494948 -2.64163542384 -1.71753339515 7.60826933393 -5.30608566771 
18.7646329183 6.07869389613 -12.4124329771 4.39449392386 1.42492545875 3.97184024495 -11.6549175714 -4.37889510533 -1.02248254449 0.108185769985 
18.8058379219 5.53359206829 -11.3223721965 8.60340068148 6.59897115738 9.69841525336 -13.2695550319 -3.40564590119 -3.3953822777 0.656928300935 
14.7233629815 -0.020243403384 -11.6887028171 7.0036696361 -7.58162593246 3.14675350152 -11.2412374007 0.651004807968 -1.74241358882 1.36471582578 
12.3744543155 -0.313265520135 -10.2671706499 4.68211975808 -5.83661166842 1.89775104217 -15.3958522981 0.707761679647 -1.24592131454 -2.24982047411 
11.1926926409 0.279330081258 -14.1370145142 10.9747239568 -0.649727736788 5.09456043008 -12.4525207998 -3.32527872515 -2.86443657895 -0.648620044012 
17.9847574013 -0.889528858932 -9.1158532378 4.26576442938 -6.91722026502 -1.1512426175 -3.70183115333 -4.6017501988 0.501642102981 -1.76933268951 
23.6154073931 -1.73509873193 -12.6667335056 -0.444041670275 -2.47815345102 -0.798969662085 -1.63500517013 -5.09501395445 1.6002332553 -0.999289424503 
15.6786580592 1.3672847208 -11.4443984839 12.5881730384 -4.7699301155 1.33772503517 -6.49512924308 -6.72073076835 -6.6079601555 3.70762769048 
13.8478442093 2.76580784546 -8.66122152706 22.0061260671 4.44628788082 7.89189901564 -11.1816862804 -5.68633249674 -7.93532677037 1.11016029929 
13.6944085383 3.12075598844 -5.60216696756 16.0069201955 2.12242426439 5.85985124194 -6.700398927 -7.66057724948 -7.49440621722 -2.55162660306 
16.7479730542 -1.4009171657 -7.83378591967 3.90077429007 -8.54760443398 -6.60930882997 2.81218301473 0.456235822015 2.96720189838 -7.24227560124 
16.1640698337 -1.78071747396 -7.74384216225 6.91215178298 -7.23924374856 -4.74649707085 1.02673842961 -3.44283919427 0.272468119208 -1.85361404683 
16.3190298934 6.67514377374 -5.01985323123 8.90929473798 -0.498330519817 -1.88975070937 3.45171596655 -5.58420263862 1.99233895339 -2.19634560492 
15.0827484162 10.7410623292 -4.64411324159 -3.20275512007 -8.34350080018 -3.7630080194 7.38816115967 -5.46193552169 4.05820483026 -2.57629997645 
14.6125037772 12.0410620317 -6.44844347992 -3.7028987994 -7.87921985932 -3.49746766417 8.14468789362 -6.7230918512 1.54499828941 -0.125250756304 
7.84478617044 16.0371322936 -1.91777109076 14.6587396956 -5.33976763871 0.831008379364 1.60311049643 -8.74104563575 -4.82567803419 1.97003028928 
13.0934430079 14.5270073399 -2.43329476809 15.0696335131 0.525926581639 5.84482846911 0.531597985436 -5.78248125673 -6.0446745519 3.12038761186 
15.0498354231 9.7577822227 -1.91138000772 4.92746865182 -8.14470298389 0.47423591312 4.58262794466 -2.21926478667 -2.55674057815 -0.341740354439 
16.6047043095 10.3924719505 -4.56023386354 -2.22248405401 -6.15385856346 -2.44351152174 10.7841645898 -0.957499852226 5.33805389282 -4.39395944331 
12.5821552504 9.33464384252 -2.56514078977 1.93016284619 -4.50635258573 -1.30625503439 8.52513998677 -5.25083673118 0.343607291058 -4.4925013696 
9.51504559022 10.9237193749 -5.12998313872 7.59617085292 -3.40440294276 0.795064376402 9.99068769525 -7.75509053217 -0.361568153048 -1.93730597629 
11.4103731057 16.8119304673 -0.293566583573 -0.432333160536 -12.6461810273 -2.28372641342 11.5708470718 -0.231102306688 1.24380065215 -1.20762266803 
11.1888114668 7.66179193566 -5.20356414956 6.10280748982 -12.4418824862 -4.4851002165 8.39812300042 2.5336365159 0.104491819332 -1.04449032474 
13.1870472509 3.77614654326 -7.35587065068 12.0796449379 -4.64767809546 -0.862963433137 0.399759915792 -5.58441137875 -8.93969700093 1.79724924765 
15.3763719561 2.98971608894 -11.2965305792 13.6876940317 1.37396078284 1.30846703866 1.8683553754 -5.82959475838 -7.59062536171 4.30358173478 
18.7892694145 -2.23187948919 -9.09597601743 5.80242456724 -6.70123121053 -6.0602424508 6.32564514237 -2.46940148719 -1.39952971639 0.912735926723 
23.2313829068 -9.6758115465 -11.8372400471 0.849104829531 -7.15895217629 -8.82098553611 3.85513966651 0.211921775407 2.96997476977 0.869754996908 
15.3197487371 0.652148096714 -7.24447140226 2.19911564512 -4.7233195384 -3.7989616368 0.0974844606689 -9.07584228283 -3.30857200068 -2.44130144289 
8.98517275768 4.76038163256 -4.05865173787 3.16555423593 -1.61158134476 -0.280637875058 3.60368605916 -8.21709743453 -3.73519504407 -0.951682869447 
14.2281646299 5.19830226644 -3.94713869608 -3.10263805738 -8.50583282697 -4.65896604759 6.1783230461 -4.84338642805 -0.389416986834 -1.56410059279 
16.4126948376 5.64939705669 -7.99261739877 0.222763719955 -2.2590766697 -0.316688766778 5.85665395547 -3.03953067704 -0.153293025749 -2.63210763369 
12.6945793112 6.9956361103 -7.02536519394 6.9912381667 0.336850118273 4.95295807174 2.08880073376 -10.0856792175 -7.70185800017 2.84151591769 
11.1268484801 8.4074362025 -5.96147791621 9.2745192735 3.04230657745 5.24370310715 3.42116228936 -9.74898654846 -8.08512069864 -0.0811353110998 
14.8230927965 7.76069326809 -3.41748051565 3.42455292296 -1.89928116221 0.421639487451 2.89557689362 -3.09607571536 -6.76151477109 -0.828600214627 
20.5024466441 8.37642432657 -6.47092316058 -6.11528079692 -1.97496756913 0.475495490326 1.57318624609 -2.97135893879 0.250684359362 -3.84478340181 
20.4782767325 4.33777841519 -5.17677817455 -5.97658436744 -4.03038728042 -4.45866673237 3.58885842061 -4.41429416152 2.58948331645 -3.93031280543 
12.7769072932 6.72432752773 -2.52321958894 0.63138480393 -1.4007537619 -1.81266085462 3.58374660208 -9.29353344984 2.11948785952 -3.02963086007 
16.924111456 2.78068291417 -7.73610679416 -5.30901101486 -4.96961798933 -5.07898405208 5.50435847103 -4.16911120377 1.45146397203 1.05192421641 
18.1438314681 -6.69764286344 -11.2791570794 -2.71660834158 -12.6311381328 -7.81504611999 7.50185451597 -0.754921578868 4.0194432975 2.12913278108 
17.0421338594 -8.23192113047 -12.7117947926 -2.96404879216 -8.75436374744 -6.7161095042 4.00721462789 -2.19383522491 1.52951751336 2.1643054508 
13.2256507206 -6.78323608988 -12.6059807831 5.50724697055 -8.1042604424 -3.55043212168 3.25604421826 -2.76407167155 -1.31347788123 7.05695725762 
10.7640332405 -0.816464820242 -17.8291151094 19.01721115 -0.0953205881711 6.28471915851 -3.46431367407 0.14318866674 -5.65740372854 6.30796602601 
15.2491248494 -3.44240890307 -14.2575170067 11.4977988201 -9.08004163978 -0.525269622598 2.15884937753 6.34205087615 -2.40630864277 6.03052948573 
21.9466462499 -8.87884726955 -17.7019988591 2.04707368651 -2.88133041301 -0.758859501893 7.19875767635 6.90892203385 5.09607114036 3.31175060775 
20.7704509832 -6.64904908871 -14.6105360809 2.85019126872 -3.13617948372 0.900274769879 6.70639226611 6.49483135203 3.58682173208 3.57836757759 
12.7966328771 -1.78988647698 -11.3932266561 5.54719468646 -2.53200120502 3.50633843503 2.18967761978 4.09365621245 0.256694294307 7.44981284213 
12.3415178555 4.98155693209 -11.1382564742 14.3810994636 8.53805570457 14.2783516224 -0.976160284283 3.45958347743 0.663110984012 1.71288226251 
14.5327234733 -3.00566836615 -14.1644557546 6.44413968045 -3.59881480194 4.53318718742 -1.67214387462 6.34687721602 -4.71481825993 6.79932440702 
18.544892144 -9.1751435766 -16.3148679611 -0.0550432796819 -7.2394455602 -0.136551061318 -1.28309228378 7.89816375201 -2.88736617565 7.4543697924 
22.8773308116 -15.8673870364 -16.8906736699 -0.814215370252 -2.09436691032 -0.832919019761 -1.13539641859 6.89515070239 -1.82809654814 4.11373185042 
21.6637178914 -16.4736869538 -17.8033329736 0.0449654125941 -2.19656466207 -0.344463145349 -0.24340563268 5.41350774632 -1.3907568071 2.5977181834 
18.639895565 -13.5948786872 -17.3141252958 2.88188520178 0.431238153937 2.16949843076 -3.01378062449 7.93003867983 -1.39909803318 1.82928744231 
20.1785749799 -18.3618458153 -18.5721392935 6.88960382472 10.0202361367 3.38558162032 0.426723515716 5.07581961689 3.09105156812 -4.91774296422 
21.0095414672 -17.9420442487 -18.4378667551 5.38410841657 10.0887431393 -0.144479780917 2.66163431514 2.64315648825 3.63982290322 -5.3734755734 
24.7883596779 -22.897635611 -15.4939653356 -1.00781300223 6.4051300478 -6.02357483144 3.5875255874 5.33424978158 10.6763895243 -2.61902759011 
23.891492969 -21.5176363584 -17.178175572 -1.25218223097 10.0560577009 -6.44597107086 3.0898973945 5.14326031071 7.15995132897 0.82407827643 
23.461881547 -19.6082766502 -16.2752006546 -0.494977541097 13.9641750602 -5.42396078348 0.560872010481 6.18454687621 7.58379455807 -0.104595072501 
16.6779200381 -13.1941039521 -8.13458535001 -3.94776055024 9.90279309093 -6.30070287442 -0.28241748535 4.99838104608 4.79425503719 4.38678452018 
21.8419610856 -9.24925888908 -4.27546197883 -10.8583889082 16.0370984279 -6.63347465909 1.4119687564 7.12658991891 1.73110846281 8.12349576366 
19.5435598529 -9.25333421597 -6.7159819038 -8.41029237738 12.5140878572 -6.898675511 3.69852012989 9.49600104014 0.0613389503684 6.60727234361 
15.4432548194 -5.88267095915 0.434026526713 -4.86109027702 12.0160737891 -7.4156877622 4.87485554337 4.52747807959 3.80833988549 4.55645506629 
10.9732877042 -4.3576500986 5.29523198626 -1.73057009462 12.6550555539 -5.79660462488 5.58999955706 3.26231413599 1.72906541646 5.61297749461 
10.4481744648 -3.21241609052 5.49847533693 -4.69774501249 9.31146073029 -7.99826716919 2.78663503887 3.08605560563 -2.87833601317 3.91974902569 
14.1634074439 -3.96138216383 4.1176293612 -10.3180540938 8.43300754944 -10.2193728597 0.312591453546 2.01908314835 -3.46128979901 4.13400009017 
11.7381999268 -3.57021244261 6.66666889825 -2.84622049469 8.4621477398 -8.97338484052 2.51913765216 -0.811807795715 -1.48949331013 4.08045357388 
12.7550115644 3.67778712223 15.240467241 -2.7558039428 8.47912457129 -6.65342656712 0.351314725756 -3.1191325695 -0.877861690596 1.42232349717 
16.7866519142 5.93527974418 14.8952937261 -5.29168618223 8.55359798559 -5.54046413704 -0.163583162347 -2.24931912646 -2.24957825767 0.999287542959 
8.27159383617 10.2693547261 17.2753919579 1.12885008662 2.73654460178 -0.0106643638852 0.313644596492 -2.76184779326 -3.32855032746 0.537155693343 
4.90910327704 13.0895385777 19.3429784602 7.48324189321 6.40791280879 3.13061662704 4.88652945965 -2.10435062378 -5.46510039427 -3.8196109742 
4.62429332983 12.2524917895 18.062161018 10.6092121757 5.84162664081 -0.626153380558 9.40012948965 0.415262589567 -1.67964042067 -5.80063285432 
3.85969970194 8.71249148706 14.5755394377 4.60142607687 -0.0522954650561 -3.03043258156 8.2683973637 5.27265447054 -4.65206218621 -3.21363376195 
3.82679646024 7.43575800866 14.9365371341 -0.607491460475 2.98781827321 -3.80049273934 2.61227583866 1.1346893865 -5.94086757803 -1.40649943245 
3.23559913457 9.77168194723 17.9082376224 2.66289577432 4.84686173662 -5.59868150167 4.83698219632 -3.91207924157 -1.03333158497 1.00409558444 
1.56101013882 6.29152820748 19.6503313425 0.580336394775 2.58886284538 -3.59398986464 -1.42015012884 -6.32168259168 0.849571746585 -2.27106201429 
6.8006129815 3.4679783064 15.9410334733 -6.30375848857 -0.441015114064 -5.2091506268 -4.49478464012 -2.84365007019 -3.64467455541 -2.33193389784 
4.36387192386 6.80582001558 13.4102579994 -0.861939505238 4.99346973005 -1.05485949529 -0.356231533896 -4.16264480572 -6.53816646914 -1.23642129897 
2.74436722576 9.60596305153 15.9178814738 9.80139517022 6.15209155013 -1.4152423895 7.2953307359 0.548558446362 -5.22923525735 -5.20831214114 
7.88843352195 8.67727512098 14.4678710721 17.5187482798 5.0100886186 1.02724439571 6.02392901495 3.74986232502 -5.94167004974 -4.07819039882 
7.02299652769 9.03198256562 12.2396384927 0.47722931172 -5.24416018919 -5.18161025328 3.91436035111 7.25799389412 -7.32163820297 -1.24208655938 
5.4865698962 2.58326345777 12.6582559603 3.75847096793 -5.46541318806 -8.2207267335 -0.985540472116 1.82597642184 -9.00053287318 1.94179974443 
1.11435329261 7.31765050316 19.7531994586 10.2745266593 0.379578001481 -5.94180650683 3.89204948786 -0.640349477732 -2.46495411941 -0.399661125508 
5.42320642488 4.02928923189 20.5467311645 -0.0659229296827 -7.98173540621 -6.95785488234 -1.47875965816 0.82092392153 -1.34577391192 1.67574796292 
5.1667985449 5.44540025587 15.8678440878 6.07292478725 -4.94026087325 -3.1216134023 -0.882799721163 2.18328723866 -6.75477038095 0.754128187317 
-1.33812631623 7.42292724936 12.0236462218 9.77766166533 -0.00926554200997 -1.5341917787 5.17111230473 -0.307576921763 -4.81088768114 -0.0994504993236 
0.78552541578 5.47953583597 11.5620417316 11.392105533 7.91759213575 -2.44344150122 14.7897595983 2.21782685217 2.49166260837 -5.31393819512 
6.562950605 2.26453204344 8.60717421176 2.76920898807 1.60298247908 -6.17159093316 9.89078152814 2.04321123227 -2.86737442268 -7.02518590976 
9.90097383934 -1.94985990653 10.5673085483 -1.44179766486 2.46972980025 -7.65849744637 7.81069198308 3.11408212542 -4.2603532312 -4.3103482959 
2.71555285697 -1.85614711353 15.6472562659 -0.726390068069 7.65636696357 -8.23484239323 7.74478803489 0.223737384042 -0.155414374382 -3.54915485204 
3.59028591998 -0.419511914934 16.0310507566 -1.89303547588 4.8893368564 -8.17034107683 4.17408579704 2.36926341497 -3.57271000415 -1.23621848192 
10.798351406 -5.80302407731 11.9426548534 -10.1810034219 6.54169309069 -9.22772446625 0.323846230111 1.19456110584 -3.3073889621 -3.34090404584 
9.23551404109 -6.79871636096 10.8790779725 -4.81549431094 9.94584138557 -6.69812365578 1.57942244148 0.456067520642 -5.51908552968 -2.55000468723 
9.30517526086 -7.656390923 11.4163256118 -0.606434818354 12.6546064356 -3.50830575863 -1.79989303166 -3.95470294263 0.906023647654 -3.10827721007 
10.9144115375 -6.87874113411 9.01130317707 1.3243462456 14.6693940521 -2.27827582937 -3.46625429563 -5.02641548553 -0.719155652231 -3.71470187166 
16.8019333324 -11.246573469 1.71982037537 -7.0637315349 12.96406165 -4.00729259956 -3.7718687746 -3.46707740938 -3.00441775793 -5.25818103996 
10.9546444624 -6.75461722534 5.0872361716 -3.588413063 10.8491474224 -1.5757177596 -8.32477077046 -2.44429302944 -3.00807408172 -4.10160967209 
10.8729906138 -2.70344820269 11.4353441273 -1.56406350062 15.7882751882 -1.95627066583 -6.95585999755 -5.45336495686 -1.50990583866 -0.445172707067 
11.2332948768 -9.40095643021 5.31107547221 -4.47695983848 11.5814875606 -1.8337094292 -3.72393631697 -5.12286834905 -2.95247634255 -2.05027907587 
10.7725022829 -12.2667851568 3.1391722566 -6.08087988983 11.716780613 -2.39400670336 -7.42433686971 -0.435462920512 -5.86735575348 -1.1719260003 
10.2592106664 -11.6997934706 4.56945933879 -8.1980463285 9.52575034948 -1.13548304653 -8.74366135717 -0.457428889321 -4.76996626142 0.898847305378 
9.35486186081 -11.8352897654 6.15986683036 -6.77302461305 12.6234529639 1.65993498722 -5.70830115881 -0.0428156160571 -3.22572659089 3.27485517627 
0.0551653782618 -5.05642754165 5.71203176795 -1.81685995382 12.6312211991 6.1537600943 -5.8346029624 -1.5042257302 -0.259056627551 -0.941273384614 
2.09534094007 -4.76355798717 5.78628835198 -0.600508675706 11.5837914968 4.3985081578 -6.94116570237 -5.59326337916 2.32623721959 0.322136351131 
9.37033591691 -10.7323424727 2.23216513827 -9.35879530602 7.13407314771 0.911347079109 -5.32172220634 -0.669471015909 -3.7094262194 -1.90396800413 
4.16154666796 -8.59076773157 2.34559344814 -6.52181368596 3.60530793534 0.120208433059 -7.13721206432 -3.51625090647 0.262178791641 1.09926982579 
-1.98103307344 -9.12164952279 -1.56879684892 -0.235925235447 9.15005499834 3.65828280822 3.81543003407 -2.23969345368 5.13060913822 1.20672212706 
6.09264566666 -10.363533946 4.80744525822 -8.13970392416 7.37525440601 2.55962596901 -2.59368930596 -1.4175790059 -0.836719151111 7.05470370089 
4.7268965568 -9.01238050492 6.30938235231 -8.27117331131 5.05554382697 1.93080804224 3.86020038107 5.95364977048 -1.97079253754 7.25646431525 
4.21092862068 -6.17340970676 5.1839945989 -1.51458772607 7.7243826284 3.66268406891 4.84947751257 3.64068423852 -2.39105886819 8.01971772835 
1.63957335497 -6.80045897601 9.38718074633 4.09495886883 8.13285431209 3.22226800571 3.28104593616 2.87870450947 -1.74637905484 7.66068589871 
6.61094133718 -11.4969364145 10.471615862 0.573656608957 7.59254382563 0.898421102523 1.56576106872 4.10095545627 -3.16400236237 6.74197686207 
8.3413748753 -10.1678110009 10.5849022463 3.18452386479 2.46761419651 -0.266640786349 0.0967834048805 4.81434565327 -1.19230485052 3.03946949406 
2.36908645918 -10.4140706923 15.4847118931 6.76127837711 2.99416749053 0.128765682431 -1.39748573605 1.8418964382 5.31489807401 4.45516186135 
1.88586415695 -13.2093619934 12.5997961369 5.47030897109 -3.13273895815 0.574798504258 -2.58225005996 1.58591618733 3.54410312591 5.2574102531 
2.86956912752 -11.5643482197 8.40620274596 -0.316628348883 -3.77557038246 3.8493552569 -2.42249645018 5.20286398253 -2.26555740756 1.33383355013 
-3.09132887478 -7.69398343219 11.829494832 7.76120925351 1.31288581044 4.83740102842 3.0268265223 3.53533568733 1.28313577314 -1.96707506406 
-4.57312301538 -6.1845859975 14.9523376352 13.3085635611 -0.317007767434 6.03562046392 2.12723983565 1.87895813981 10.1484038716 -4.23078777891 
0.838372511253 -6.13077829012 14.8420699458 7.38044257907 -4.40816145964 0.870543821076 -4.48596944464 5.06344342548 3.87869373911 -0.449013854502 
7.76440506939 -2.94601238344 11.6019760386 2.97932930063 -5.46717524911 -0.363122857628 -10.0006456997 4.43348813502 1.87037794809 -0.0653448108684 
2.59787110057 -1.51593231084 19.2699709732 3.35060798292 -6.60177449049 -1.71768642226 -5.54597529467 1.11442415225 3.75210304932 1.27684628401 
6.02391171724 -3.47677785654 17.115977436 6.27288092136 -3.04049483897 -4.25820495262 -5.62320476351 -0.129837659538 0.342857356251 3.55948399871 
7.46752134726 -6.7369386276 12.2324414055 -1.66455983943 -6.26138419461 -6.4271203772 -8.39411638818 0.938654822739 1.87841021298 5.41547273774 
1.16831023657 -2.80567972305 7.60635166685 6.81619789096 -7.1046209452 -2.56469470162 -1.54188295157 -1.8382961701 -0.561786823575 1.63097632276 
-0.944247300667 -4.55941838125 12.4359681964 13.275085868 -1.97938732933 -1.12222009989 -4.17961934524 0.455200863763 1.30371245295 1.39347039935 
1.62309894108 -2.73062618335 16.0689268196 12.2350812235 -2.49397372333 0.0144949809026 -5.74535576127 3.09697894808 3.01775579068 -1.36065845659 
4.08437021196 -5.384175202 7.07883101147 5.16974281716 -8.84353589603 -4.1995734949 -5.85393568456 6.74619716025 -2.39245302712 1.96797781316 
1.84774003594 -2.19565485186 16.1080201848 4.15999121711 -8.34062344501 -4.13062980718 -3.57631596758 4.4323638534 3.77888816041 2.67293459459 
0.559257482174 -1.02696367367 20.8233833595 8.39951126505 -9.29293578801 -4.60609589916 -2.7462701085 2.39352705472 7.93409875377 2.33956167889 
1.29531267065 -7.81681258019 14.0939041766 6.56111114608 -18.940793945 -4.49554315327 -6.17585381884 -0.634294006919 7.59714435885 1.828721275 
4.35076620394 -8.48035780218 12.9018009034 2.07558038093 -17.2271476683 -5.16437736639 -5.18717491068 0.383135095451 6.70895351916 -0.923249906312 
0.644643785014 -4.88484009919 13.2046546813 7.0793889722 -10.4906205235 -0.933103521631 -7.87172248683 -1.64076498043 4.10316082735 -0.258881074478 
-2.52663858537 -5.10820656108 13.5227773712 15.5605182536 -5.34713313807 2.83607073309 -4.54761079666 -1.81242276531 12.3088958827 -3.40354355972 
-1.94314426865 -10.2866841659 14.8036763978 10.3214865776 -4.61395411009 4.45864019547 -3.35898214009 -1.30642266079 12.692128318 0.726931481589 
2.00111657922 -5.00832829006 13.367521722 -0.851460449374 -8.52075987408 -0.928510951623 -7.49333357129 1.65479361648 5.19297299462 3.89211593531 
0.960466806245 -4.10626193135 13.9807038915 -0.919722018015 -7.54620757678 -0.854447340857 -5.86425014066 -0.951244983175 9.38815188309 2.65003138663 
-8.09253354449 -1.040844517 15.1108383593 3.02598092235 -6.16786067333 0.332224607648 -4.07000006418 -4.19247691189 12.1370477776 -0.335148881228 
-5.94323804873 -7.0890618591 11.2516670227 -3.81639554247 -12.2282603492 -0.757124849779 -6.85888918303 -1.12566509635 4.64374754064 0.495271359067 
-3.53266810111 -11.0095322322 10.2572419879 -6.08636018911 -12.7221969521 -1.67611765265 -5.73833251946 0.828503718416 5.03595654723 1.11487102689 
-8.46600892351 -7.55251187499 9.70693567797 5.20806290375 -9.25422784993 1.06199274666 -2.14231585374 -1.47022719589 2.56855390055 -0.221437064283 
-9.76043340945 -11.5404579722 7.55071265573 8.35853646807 0.535106266853 9.44734141253 -0.721573381092 0.224238576889 7.01870004934 0.273548382834 
-5.17428554884 -13.3345078993 9.44347516187 4.1233333644 -0.833112658777 9.03747641662 0.135122170906 2.34718376949 4.93257965552 3.10770383925 
1.88914662006 -16.0055976396 3.02579056718 -6.22407887448 -4.53412309431 7.13883484794 -0.474006157204 5.51352723202 -3.55726114253 2.38730754989 
-3.7541689641 -12.6763575161 7.70367737067 -4.30155148796 -6.39537088384 6.18072147544 0.37125746529 3.45532185938 0.640942473612 2.29522642692 
-8.72400964109 -12.2663122818 10.3924113755 2.92690724972 -0.0363855276204 8.37243609864 3.11610403983 0.411347853266 7.10717306044 1.76932519371 
-9.17822197582 -11.5895736827 7.53330033801 -1.48355763826 -7.44252319811 6.93192235531 2.90900015172 1.55726730744 1.19529608963 1.3949956305 
-7.49427453282 -15.5598253122 1.68758165049 -9.09940440043 -8.75869845144 7.51551452593 2.58515461569 3.29043093989 -4.73078991443 3.14814530974 
-14.5087393222 -14.6842723114 -1.8659634426 -4.56824948627 -4.91921521991 10.0354926951 5.48329915337 2.46024570339 -4.84094440016 2.04655579556 
-15.5898387857 -14.8606854835 -3.69983652707 -0.608959504303 -1.04140752302 14.9494209337 3.67472326163 0.672488433899 0.217932876099 -0.549490907769 
-16.9071123368 -13.0136984728 -1.27999797518 -1.85759047376 -1.22027988659 11.7597158051 3.55075369805 -0.356219380796 2.26129336546 -0.204305782556 
-10.8177748485 -11.1365621306 0.0833710227906 -7.7873482047 -10.8209000424 7.61820409844 2.49023540685 6.21199024536 -6.20681275522 1.77598827388 
-10.5996081203 -11.7164327725 -0.918695703924 -5.66389062822 -12.3916902859 8.64158516663 3.00882142947 4.75366930566 -2.58015636493 -0.0167608910479 
-17.3911068917 -11.0608276175 -1.86533731979 2.30082203317 -1.4747607965 10.8612336437 9.88955808639 -1.25946550726 4.47863139827 0.317861886489 
-18.921762756 -11.699233559 -3.74105140561 0.762751527177 1.63642491469 11.2358152673 9.06921245586 -4.91186965893 -0.124179379158 2.94568471463 
-15.0055128347 -11.7916332651 1.1207289186 -7.90746264774 -8.9253804976 5.82564824797 6.03405087682 0.347479586394 -6.75245086977 2.26994569891 
-18.0924628328 -12.449685156 -1.25462773698 -6.66693734178 -1.90203238769 9.38651166568 5.78082302643 -2.89525864324 -9.25055381403 0.0560944643713 
-23.5438454229 -7.98301188369 -3.25513619891 4.66804678612 6.41077034907 10.1382619346 8.51708667596 -3.3914902159 -0.0259510348165 1.07813574528 
-22.7288511983 -5.80569646165 -1.04564940345 9.29476393781 7.27351747209 10.2548909178 4.83111068812 -4.03883656908 7.35954977061 2.26862115403 
-13.3637465315 -9.57276776027 -1.44816691593 -0.791895408485 4.06059007721 6.43365579097 4.78163538385 1.06248669615 -7.75289957024 -0.949024453974 
-12.3456787105 -8.84599200712 1.98743735342 -3.72214984247 -2.57964748835 8.77802325821 4.75380601862 4.1621661763 -4.25412438273 -0.757110990923 
-13.9565120467 -9.61308924407 4.07228461212 2.00931984049 4.61493039015 10.3036493882 4.70817449658 -0.572097943527 1.89945146394 1.37379545416 
-13.7135082252 -13.3628220047 -0.635321714681 -0.798914319015 1.36358447577 8.53353533651 6.25486316513 -3.31606236038 -0.997150435539 -3.68230794084 
-9.94634621623 -15.4064272473 1.50412360166 -9.07776224492 -7.55572534962 7.03392808457 4.87601252895 3.06983282581 -5.86657006465 -2.90710151202 
-17.566327709 -12.3960173935 0.139264026043 -2.76777976984 -1.4241816555 9.38290498193 6.79893956237 -0.244532287914 -2.79893790967 -2.82130194458 
-19.8887621197 -8.74073027454 -1.92551969116 3.49369088431 3.15998006735 10.8714886645 4.78353906952 -0.932133250522 3.15274031686 -1.29248923613 
-18.0250368368 -9.74458729936 -0.907690551473 5.26683975536 0.647455993016 11.1184956588 5.58992597232 1.18138612536 3.34704595416 -2.72969144745 
-10.87844626 -11.8434351373 0.226965692702 -7.00617566262 -8.13147752564 4.05469552304 2.85449862724 3.21675636283 -9.05866158458 -1.92336924497 
-10.7695527581 -14.3926526495 -0.618594371883 -7.02304896481 -3.16852837589 5.37802191643 3.54424926848 -2.23812642028 -5.69533296491 -1.10204813562 
-14.2249087995 -11.3221865765 2.91183988049 0.244954051816 0.494479484981 4.71274700598 2.99342377686 -2.93363742669 1.94799761323 -1.3351233271 
-12.1719141413 -10.1187560981 -0.857758288784 -3.79000561237 -2.67205954183 1.24265282506 1.8074816231 -3.67893977084 0.272460729354 -6.46153009686 
-5.46871884165 -17.1387443532 -3.78096096099 -11.1167447351 -4.00553100036 0.0962005064384 -1.65094057411 -0.363928258006 -3.29924978426 -8.87476575513 
-12.6658418124 -14.7575591611 -1.63266672764 -8.40715697064 -3.34836766648 0.966773746166 0.879643552305 -1.48312527138 -1.65462233633 -11.3221803502 
-20.149915735 -9.50345083988 -4.03428760806 -2.05947445961 1.63290967401 2.08384094701 2.53746559342 -6.12237246337 5.59672627025 -12.04828906 
-15.5124125963 -10.5783552522 -3.49812232613 1.95371489675 5.86821624507 6.42309267823 2.09759494266 -4.55041806776 6.36459717891 -12.6735919005 
-6.12678200934 -12.7999482098 -3.25716550345 -11.4745173697 -1.40873448506 -0.648881975582 -3.51240661393 -0.918084941163 -7.10794403871 -9.94369957672 
-8.39785456347 -13.5474484102 0.315465814272 -10.7275575894 -2.72158783316 -1.24648179687 -5.09889204193 -4.36933111107 -1.47796974226 -7.07637585725 
-14.536575297 -10.8372645228 1.7173643546 -5.67286192767 -0.202462645565 1.9684645829 -2.58501410465 -5.82775844562 5.44953852691 -4.87192520463 
-16.4595797749 -10.8527095664 -0.789005974507 -7.37382756402 -0.537352493917 1.26945296356 -3.11531722199 -4.57444647767 1.20129628435 -4.87454329188 
-10.3032297424 -15.4408492997 -2.41527276861 -13.7407292068 -3.57136865436 0.594836665968 -5.57138147036 -2.41261998222 -4.13537570673 -9.44663458387 
-13.712089005 -11.4727016378 -3.62565230805 -10.7640707992 -0.123303843104 0.421094157889 -5.41482668775 -7.01627965097 -4.74659472311 -6.39705319505 
-20.381464173 -1.6836491843 -8.17307954265 -7.85689257476 1.1049893235 -2.64315991445 -6.61788340846 -9.82825499822 0.890912264934 -2.46622628386 
-17.7115208478 -0.436307189976 -8.62848568902 -5.94967615518 -0.946248633073 -4.81460787436 -3.96399033118 -5.86438887079 -1.1840135349 -1.62525978807 
-13.1567182626 -3.1027001775 -5.28269002994 -12.3923117706 -8.35635545521 -4.75636858645 -3.84036221088 -1.60115786234 -9.50163192967 -1.56067457788 
-17.2116845662 -2.65494270043 -7.31443908866 -6.30415756234 0.0362763977788 -3.74467557417 -1.86251505931 -8.42108588269 -3.08381893031 0.878422026992 
-21.240856891 -2.01359848511 -8.31298845662 -2.46098134281 4.59594533306 -1.33735024833 -1.72628391549 -14.7201886834 1.15960230208 0.571501083223 
-18.0642560807 -2.04206270869 -4.13660462811 -6.26024267491 0.447618478528 -3.24110765899 -3.09366299316 -10.4921847007 -3.55637737155 -0.772560125675 
-15.9941019004 -5.01509665742 -5.46819392103 -7.57938239376 -3.50020182739 -2.82155014334 -1.54873391795 -8.74607537782 -3.95999726406 2.68175788071 
-25.5829564914 -0.340709778328 -5.35518274244 -3.76014322109 4.19938994156 -3.22163238184 -0.970829660777 -8.71485638492 4.43720221026 7.72713402245 
-31.4215879567 6.78618317463 -6.4527112754 0.741818544561 7.04639320432 -6.01150989244 3.88829741917 -9.25337414722 7.90063734587 9.13694321654 
-26.363930206 2.16866343976 -4.74157011728 -4.30052039214 -1.07692021942 -1.88704543942 2.22915844315 -2.17475310643 -0.258962684191 6.2235852097 
-28.0056370573 3.98755502064 -3.16542343409 -3.09166172979 1.85016734897 -3.54052773346 0.25899200077 -6.27652357386 1.34691172668 5.12436965686 
-28.5270868316 6.87512551275 -5.40544693078 1.11446199806 5.01580482028 -4.24684364366 -1.11259427723 -11.2004320402 6.18093569411 8.21408357039 
-25.0212028769 5.18657610208 -2.39371169279 -5.4886906103 -2.42629624025 -5.77735969702 -2.45343760852 -5.20784066352 -0.63890366082 5.26326590485 
-26.9586718348 3.68033164486 -4.64144016836 -3.41214678934 0.995343085455 -2.70074807803 0.53390643859 -2.45783373633 2.32198164936 4.90152245172 
-32.2246134289 7.76023883192 -7.28179135731 2.07892826851 5.98345415493 -4.46664358109 2.29865893998 -3.38670492839 7.93778515801 7.03135182234 
-30.7720091005 9.39601746309 -7.15324297649 0.563494341315 1.77976341499 -8.55462017477 0.732829360165 -5.49841735255 2.1294483371 8.98543976784 
-28.3727968719 8.23639861934 -6.45919320638 -1.403590152 -0.714754338989 -4.37594739217 0.484714091156 3.61338676214 -2.58376058642 7.04028039202 
-30.975921255 9.18638188915 -5.36425819871 -1.07268083822 2.76929537144 -6.33385706987 0.217084613434 -3.77862848567 2.85289642789 9.00918084505 
-32.2308537132 7.98889142271 -4.76403168326 -0.5008402188 1.63535238938 -6.38573008667 -0.534092911023 -4.60635859859 2.84088072442 6.74838238125 
-26.35389125 6.92172167388 -2.53778335823 -1.28561191483 -1.92247732031 -6.08002404199 -0.248952729764 2.67660346727 -3.14805278795 4.59719217277 
-31.0535806464 6.88127470442 -7.6959753621 0.206689366373 4.6011128299 -3.54673795088 2.41585005528 0.540213599957 1.90022247223 4.78430185739 
-31.5500130069 10.4410334503 -8.5276462056 3.46924843907 5.17245752629 -6.57184506844 0.0983923944892 -0.545017865327 2.31768970191 2.15420264302 
-29.7598893987 9.60252148524 -6.66046736161 1.07133671142 1.75119075393 -4.39290716373 0.501133361354 2.90605332937 -1.74399532906 1.77106015666 
-30.3233224892 7.44081851823 -5.21475687797 -0.0920947024377 4.04214278603 -4.72868448512 0.567810701591 -1.2894939935 -0.129753231453 6.08528844281 
-31.5939811493 9.18794768282 -5.59203029283 2.4971549173 3.15573157459 -6.81484142272 -1.0077650324 -3.32412146336 0.286885671101 7.39689073203 
-29.0307795059 5.71694158535 -5.48871680719 2.30270092282 -1.02631499518 -4.97535294257 1.38124508719 1.96503950086 -2.76960029209 -1.25118134244 
-24.1558331571 7.02609235397 -5.51436674527 0.865100297929 -1.19227305791 -5.67563272445 -1.67452464284 5.8953436347 -3.76871390548 -1.09875326807 
-23.3928411693 7.7039672245 -6.41796331761 3.77361166056 -1.97104392191 -5.7616394281 -3.1922992662 3.22010008122 -0.954385164361 -3.4077306454 
-25.6429029772 8.95991413027 -7.92964059256 10.8056740305 0.834428247183 -5.90294318554 -0.851743072795 9.58638180818 -0.386709855886 -9.44373920233 
-26.2633363559 8.19921993797 -8.44248255759 6.36291979765 2.71364715874 -4.60857553389 -3.38269620705 8.38152730851 -0.227624509225 -5.41226195112 
-27.3996877253 9.40699846482 -9.58895002652 4.41213801828 3.51636740333 -6.03450356196 -2.312788892 5.72986848065 2.42694459926 -0.045279174018 
-27.0830035769 9.06000375071 -8.46782806677 4.92837713482 1.99403003475 -6.37400614769 0.51271785718 3.3282050404 -1.42222785958 -2.12428497216 
-26.6051339072 8.27674422588 -11.5829542891 4.1889549338 2.58346451653 -5.11057600438 0.115546831354 8.79815654593 1.09375197674 -4.19589697649 
-27.0066080173 9.90529798571 -9.82261989969 8.69195663006 7.54949816317 -2.90547100351 -2.59568403788 9.98243722156 5.48473412925 -8.43388872855 
-24.5462719951 11.3023139054 -9.91067610058 12.8003251692 4.57303312251 -4.4165023738 -1.17376403523 9.3973751236 0.643386043809 -9.84014559198 
-24.7462002573 11.7534318106 -7.36894510852 5.73673029861 4.32160650958 -4.57596633878 -3.28385216343 10.7990317906 -1.48005069639 -2.78206924623 
-24.1968869227 9.51092585728 -11.0588503986 8.75033852139 8.58512776471 -3.54497468755 -3.96113781281 8.84120795839 2.47944799086 -2.20140446301 
-22.0205542467 10.146087601 -9.60674834908 6.95197315722 1.31865267353 -4.27205027501 -5.20913639798 9.61515740009 -4.15088572164 -7.43935925401 
-24.8545903897 10.406330281 -10.8193966934 5.8266911428 1.04924936813 -5.9348275592 -4.99365816549 10.7871596471 -1.54596631021 -5.14483946722 
-23.4890248693 9.29149786594 -10.1636646974 11.480252895 6.60284814847 -2.36051744815 -6.43598376196 10.6762551477 0.961531564073 -5.57830955501 
-21.1754829579 3.42914562607 -4.10207629587 -1.57300642791 -3.55441458663 -5.84257221398 -3.32803278067 5.43485871488 -5.16197840447 -0.499214311949 
-15.2387350645 -0.331407429721 -2.46664114913 -10.3616955006 -12.0365689114 -5.77479582845 -3.52609553264 7.26293196624 -9.02076780928 -0.731217565029 
-12.9156818564 -1.87769217194 -1.89432418158 -10.3947136985 -9.64349676197 -6.37064069143 -5.14292332111 5.29927492692 -7.31945634964 -0.820213524847 
-15.5881131348 -0.381693467001 -2.80206082217 -4.09057901367 -11.1207637744 -6.93905949921 -2.07679655984 3.05117276579 -4.6879620916 1.05499173288 
