10.6093000668 1.99534583935 -3.6796500739 -2.43371876088 2.69743620139 -1.86802102188 -0.684024709365 -6.9730732593 3.25587169171 0.23657494757 
8.30934348309 4.99766531369 -3.0389517359 -5.72679113072 4.08304372833 -2.00234859015 2.1596330136 -7.9191207463 0.210151283535 -3.86211152363 
8.84697279261 2.39217878801 -0.665266636839 -7.42585291479 0.519638644599 3.81053669015 4.55712646188 -6.92523499992 -5.88745723212 -4.07606228924 
6.76899333648 5.92622197577 -2.30271422665 -7.93970882901 1.74096659921 2.09050904873 3.03338391637 -8.24046578605 -6.17937480536 -6.5693718349 
3.9926679656 9.91101602553 -1.9284295736 -9.22159599434 2.78289830771 2.8686498937 3.66078318805 -6.31881017231 -4.58667702536 -1.31664048681 
6.01206393121 -0.710368020149 -2.87499996652 -5.6114137706 -3.54267324547 0.665114756084 4.21570308607 -4.94506218114 -9.76802589048 -2.08572859909 
6.71237313367 -1.94926858768 -3.9227067396 -1.44507332776 -6.92277696089 0.534340561069 2.13533316568 -2.4248672185 -8.31638051937 -0.302069209474 
0.638921473941 8.28879696283 -4.85081945602 -5.98213484391 -8.20724889984 -1.35917809414 0.80780442804 -4.77756676603 -5.79778481045 0.867144350445 
2.24076946844 6.07971727255 -2.88870760798 -6.35902277159 -3.1646100313 -1.23212476069 3.39933584416 -7.49835511614 -10.4807059687 0.432644307 
2.35550499606 8.16361725954 -5.07967695777 -10.1317047574 -4.34153903045 -1.53186008572 3.94673357231 -9.79361611511 -9.75336171974 -1.10735253339 
4.33205480512 8.6101431458 -9.00094536565 -7.79575867851 -2.23322420594 -4.0876304117 1.35640210654 -8.60404668335 -9.30501001794 5.57199712048 
2.41861227979 10.1951574357 -10.2696844516 -6.34982055654 -0.288940285576 -2.0653490022 -1.37468644516 -10.4631602495 -7.46299392049 8.2419896642 
4.52520886691 8.5926081104 -8.46941973983 -6.19526068624 0.13545170132 0.246434064654 1.23306864847 -6.01290268247 -9.4478774689 7.76289006147 
-6.03731758887 11.7164310667 -11.8315784522 -4.95349220344 -2.37719496304 -1.3386052458 -2.13855280094 -6.24055641589 -3.43535729411 8.76339297259 
-9.56109860251 13.8453205263 -11.0775978541 -4.90408695062 -1.51394186172 3.55243278998 2.84112598645 -5.05601001388 -3.3097822015 12.9910626936 
-8.43509071618 8.88151605557 -9.1616438266 -1.73273166135 -2.27793717081 0.373607598292 4.00719503704 -6.56293025368 -4.02600883898 12.7399948499 
-3.45513765285 -0.906792655021 -6.11344382732 0.514728589262 0.638649508021 -0.23077953649 4.85503216646 -2.89297047911 -1.64179387879 16.1218738422 
-8.01121461975 1.1287891468 -9.23297222333 2.95183674932 2.51481140287 -1.49415457046 5.7007011153 -3.24022562089 -3.17563208734 15.4577794003 
-8.30295680112 3.41745853767 -3.38066202036 1.62451669956 2.74786070878 1.19819431385 6.11558401453 0.145479240405 -1.40866490988 15.4028476419 
-13.0010505151 1.97555262599 -7.84367059198 2.6436647797 4.48935388263 -0.293640876727 0.83467692499 1.35693489067 0.490207584655 8.44251806929 
-7.23759039989 -5.34100447161 -5.22730173314 -0.212040781081 -0.715196685952 6.58886250555 2.25848610011 0.817407286607 0.00895555121721 6.21962673461 
-5.79305262474 -4.18109294097 -7.3043568308 -0.16992892068 1.5918769641 6.11405862337 -4.15981442881 1.9305638785 1.83449969641 2.25608091155 
-9.075259238 -4.98356626314 -9.64736699106 4.78660273815 3.01831759552 2.13638732571 -8.00605624282 1.90765953405 2.44604205808 1.39072995995 
-11.7308811951 -3.86605748661 -8.8360414494 2.69985574523 3.03638887488 6.44710173792 -8.57349727434 1.69288980952 3.31731156958 0.62196024557 
-10.7086349207 -7.27079878763 -8.91412816002 3.92877261151 2.92265127515 8.3683120545 -6.49206333723 -0.0828490553734 1.09144844255 2.25442225385 
-7.91608119316 -13.825292823 -7.4596444089 5.94872311166 4.65723864552 7.22272656457 -6.47548244103 -5.91873307477 -1.44093533489 1.69927168806 
-10.6390061256 -11.8945204156 -8.20995959824 5.8499699845 1.90495706821 9.37751664233 -5.74807013752 -4.83632771821 -0.00306557045928 -0.772068437422 
-10.466179762 -13.9020250011 -6.04616413563 3.15531951718 1.48125770662 11.8239994245 -4.91248943176 -5.83031119131 1.35189845171 -2.02652789865 
-17.083809022 -20.8611969258 -6.21105621134 2.34101469942 5.70801479182 7.16971337444 3.57431587384 -13.8434231022 5.48616698527 -2.44630718307 
-17.9298869923 -22.4995526538 -5.38152112461 0.364653310046 5.22766508139 8.51989970521 2.31240135147 -13.0527549218 8.84425964341 -4.29045356483 
-19.2316110385 -20.2663979396 -2.49279055288 -2.47297364641 8.26400400926 4.66826593296 4.94499452706 -13.4361567319 8.68205835796 -2.2129748171 
-19.5469797353 -22.0855830131 2.63686524286 -2.12208988064 13.1244224891 -0.987454153633 7.92447328091 -11.7797897244 6.97198171519 -5.36009677679 
-18.3824814132 -23.2146226981 9.52479471399 -12.0878057199 16.9354030329 -10.5408788355 8.19837928695 -9.99457085855 7.48770742437 0.407251324774 
-23.3995168267 -24.1271797128 8.92676470189 -12.2180198342 17.4063892757 -17.5014635991 8.61760304776 -7.67227598198 6.65565590562 -0.175345617362 
-16.3667958905 -21.6267523664 5.41808173084 -7.51710317156 9.36043747776 -8.28470999925 6.3906688867 -8.46178859067 4.02607659096 -4.83442442164 
-9.78571260403 -22.3351063189 -1.0873501025 -1.19932902073 5.71613995949 3.59542987436 2.32640006409 -6.63500907514 2.24672254078 -5.82931022426 
-5.33830307406 -20.4416747962 -2.93094338438 4.48312136338 6.82638285434 6.10986842361 0.367795947466 -5.7498023916 -5.8572542439 -0.669520692953 
-11.8078589368 -15.8271588886 -6.78011272825 7.39697884142 5.38408836477 6.38106471463 0.191960395148 -5.30916827344 -3.8276087759 -0.361040791537 
-8.08625582865 -15.3632608398 -2.33151879629 5.14139410306 -0.959820682287 8.34065191961 -0.1892419559 -5.86290594779 -6.95657761653 -1.40335782889 
-7.33274146895 -12.8868400923 -5.83231429529 4.22968724561 2.0718015135 11.2435570471 -1.30271014264 -3.36598651635 -5.55596096973 1.80970128347 
-13.0137653523 -12.535636768 -6.46555309531 2.56233411879 0.547670971984 15.5045473138 -1.01104790278 -5.01959072018 -3.35276977432 0.335740477129 
-15.1208016569 -7.33691866508 -4.03579437152 5.0616350005 -1.32465604456 11.8020806114 -2.16644452777 -2.80002367538 -0.85216300241 2.46968312986 
-12.6497700734 -7.25830621349 -2.41433402896 4.26965934084 2.661400233 7.38113796874 -1.35493518978 1.50975347392 1.34464441931 6.79704164938 
-9.85786478612 -7.08912312278 -5.68977937264 12.3783187769 7.22738539129 0.565601955411 -1.03747315025 4.33393254208 3.40327195448 4.21124719024 
-8.92252994609 -6.98383769266 -5.6144018093 15.5797870208 5.64571269008 -4.22014064292 -1.55605824173 1.46603436563 4.11934347485 -0.266320960539 
-10.8404252384 -5.60471071278 -8.08894822508 8.47543315842 2.21738817302 -4.59294067906 1.69485499441 2.38600844788 8.46728717213 2.60887914108 
-10.7956116971 -4.94150378864 -5.11658687411 3.34672683264 -3.07797673275 -1.78303558915 5.54362994451 4.31934278489 6.12933069308 -1.11764176525 
-9.85459680921 -5.12714080725 -6.48146823207 3.51004267684 -4.65026450904 -3.57679842636 4.7791432296 1.17493824619 3.72706135872 -2.26912317558 
-9.35874708209 -3.77637557606 -7.63068636654 2.59771330542 -4.9279180045 -4.04078400398 5.77031972319 -2.43825298725 3.1287735668 1.19364945405 
-11.5444614152 4.0677848672 -10.6389025922 4.94683923534 1.89305802556 -8.43263499889 4.45325257335 -1.83340300414 1.85290024802 3.41443784149 
-0.946660303527 -0.513560308928 -8.33324971774 -2.73346709162 -4.82481064343 -1.98030250632 4.74639052448 -6.13955789122 -2.72097642551 3.05365663587 
-3.33137845585 -0.981540926684 -8.89990688366 -0.972368770181 -2.75290377968 -2.89467750282 2.081731303 -5.04808342721 -6.00336489061 0.222716446103 
1.55827678356 4.54974805023 -7.78185163592 -4.11661362931 0.202837701454 5.26988602856 3.01655926791 -3.57933515277 -5.05571986086 4.6386408982 
5.47299386346 2.72343565007 -7.2777177852 -6.04492890353 -1.08025683894 4.91926605877 0.394499954359 -6.26868643168 -5.97946478829 6.03699840303 
4.10543906922 0.890669381009 -9.39770492985 -2.42368284944 3.71575364001 1.40190798545 -2.10256644727 -5.22298874768 -7.72417361484 2.68603340444 
3.90249120802 8.0141781164 -9.13834710467 -2.8359580093 6.21959631752 -3.22685763214 -3.07918573934 -3.08870828297 -4.32924671791 2.75004884428 
2.67421780147 9.41167767502 -7.73339833406 -5.10016730782 6.25392213888 0.0454969629725 -2.12814147508 -0.539916208277 -4.1745136846 -3.73741952103 
8.23581248442 5.95994798211 -7.89106125982 -2.00492812709 10.1662808219 -3.16480037994 -4.94586821771 1.61985770569 -1.86754487067 -4.6077435412 
8.27265630094 8.93851345429 -7.33783457222 -1.46252817564 12.0117466956 -0.703269012792 -2.17269267205 5.74347627717 -5.20347753032 -3.80416913816 
8.94972276051 10.9255878611 -3.03196663244 -3.41692711944 11.1806838452 1.22935436382 0.219795866226 8.69694756784 -7.05789712696 -5.88155417974 
8.02265717663 12.6703083599 -6.48017453813 -7.25999510353 12.8601138701 0.0366841466871 -4.15875909538 1.79693732031 -5.07890812918 -5.06945923028 
7.85796150595 11.8813791886 -7.04367918683 -8.88529986733 14.4550859898 1.07535513663 -5.94917134258 -0.0272858450916 -0.384010736425 -7.34573144037 
9.32655491458 13.1905523949 -6.21012588102 -7.08070034234 14.9534609621 -0.129592220228 -9.84294663663 3.86752449247 0.154882138565 -4.23867583324 
9.82928912819 11.3984845225 -6.57702993602 -3.98877172522 13.0794870248 -5.02983866283 -11.6657901313 2.7076379317 -0.894323749934 -2.66959933958 
10.5511782373 12.4778578096 -2.5856652353 -9.2390119831 8.23714973259 -1.34304284492 -6.65706041292 1.02943989881 -2.98064735973 -3.14227593022 
8.15443601115 5.76062376478 -0.32588799837 -7.26255230575 9.06226770369 2.97471191596 -2.08290643681 7.27486824996 -2.4600976152 0.3673628766 
13.5574726124 -0.0705429340966 -2.91033963386 -7.24804416088 6.20211597005 -1.95971207708 -7.82387075505 2.74212600315 -0.00451674232839 -1.54345435988 
17.2168601448 -3.70911554812 -3.55847836302 -8.76485981917 3.75002932256 -0.997021453439 -10.0337942053 -2.25490843315 1.48529318756 -4.11443011515 
15.203843391 -2.22812965454 -3.56669341675 -9.26863361164 5.64215958209 0.0861171131638 -7.85094904952 0.823494729592 2.22921390275 -2.55395164854 
17.293234751 -3.25872360935 -2.07098476889 -9.35623228023 6.82646322582 0.388125734752 -8.54783295125 1.32455356586 3.83218814379 -1.40709459574 
16.4499556521 -2.61919540194 -0.558083534474 -3.11300334463 2.31511980259 -3.29147601315 -6.77604265251 0.0687044893147 3.96448725165 0.94710437866 
14.2602412388 0.187382002875 2.3361404868 -5.79788017556 1.37125762204 1.89531883717 -1.73692351332 0.472570571632 0.83514994483 0.462704946771 
11.2941869225 -1.38085130953 1.34341860042 -4.23377277478 0.355838120886 0.68885073307 -3.05500581491 -0.62859395703 1.22024709298 2.0797816082 
10.6950220707 -3.34575270536 0.0991081463564 -0.0824126244404 -1.79461246061 -4.1310642657 0.834455381113 -2.98064485231 -1.23582550805 2.76105040883 
10.7844474279 -2.57603731881 -3.67129477339 -1.31670660011 1.2760062151 -0.497404196877 -5.88767918754 -6.68044424092 3.58886984407 1.53700492282 
7.88483875135 0.103740221351 -7.52249140286 6.48261038587 -1.64791480349 -11.8386374119 -0.0276320835544 -7.99376137646 2.12337974719 4.67361746687 
4.06122258142 1.15482626257 -6.28400002637 7.1196137474 -1.61649122938 -9.03372981855 2.58728689033 -4.61197139711 -3.71355437387 0.649940560947 
5.25014654414 4.3277557547 -8.08063743513 5.48135460072 -1.96021719025 -2.48952749803 -1.27100925241 -6.19646687937 -0.255261184973 2.48959588501 
5.04688883003 4.83009791075 -9.52728285374 2.53754714016 -1.20458245906 -4.36306037757 -3.05899874786 -6.38965280767 -2.52784779233 3.33336289034 
5.08229932791 -0.755861423136 -6.07767506769 3.12870619126 -3.88480572724 -4.06336376401 0.332089783459 -4.0147544603 -6.51882489173 4.36818247492 
3.51538820895 2.51382059715 -9.63205590864 -1.19575605301 -5.31823725069 -1.03760230072 -1.60985976718 -5.32819141978 -7.50481980347 2.87719738452 
-0.174018826997 5.65708758604 -11.5940669291 3.36724090452 -5.28077555121 -6.07486923641 -2.40207515236 -4.04580896354 -5.91740847748 3.04425631423 
-4.50891647829 -0.423244947302 -6.38008697178 -2.00394348622 -7.74191365049 -1.15760041465 1.06503724745 -1.08215670558 -6.29819668623 0.2023429166 
-4.8860367756 0.130568270477 -7.43216855829 3.70260967846 -9.23851104696 -6.53604832703 1.14841126533 -2.84431361278 -0.338920394211 6.97454506789 
-9.30830647093 -2.08459218579 -2.7549053412 -0.359176300662 -10.560902076 -10.1434086349 6.79902906296 -1.30394228556 1.65538643164 2.19369095857 
-15.1092297694 -2.44663327282 1.51129097573 -5.06225325253 -12.1538588207 -7.05174106268 12.4462160418 3.20340125833 5.58217825169 -2.25714005246 
-12.4758751707 -1.77682847806 -0.644732857373 -0.0219523308653 -6.66825833791 -6.58310263417 6.90259993861 4.80590647374 3.85140851469 0.809366236252 
-14.3549567123 -1.17589088082 0.871613571352 5.18478256896 -1.07377825029 -4.73906131711 7.12968934164 6.81093844055 2.3680551863 -0.669311763714 
-16.7349814867 -2.40386202549 -5.3519576919 8.93615745414 4.90591820212 2.47713125645 4.13565149702 9.93305833147 -1.57273984764 -0.374294668298 
-15.9309325085 -5.25768950725 -7.1676743209 7.83598229017 3.84103742092 11.6169953693 1.53955985344 9.75632006023 -5.00111752183 1.83798764497 
-29.1993217721 4.17220117005 -12.9126480592 12.2670505777 11.5823137728 4.88014273726 -1.11739811518 10.0490769338 -8.27271235476 -1.4482515721 
-30.076314865 1.86340286621 -11.8779657486 11.4982551521 12.4056873337 8.50104961768 -0.448023571142 11.1252535087 -7.49454951986 -1.74960664731 
-25.1184288111 -2.37334323745 -11.6622786818 11.9082054756 9.21691082437 6.26999092835 -1.9925958977 8.52209664316 -7.68844485949 -2.80408686125 
-28.9338467047 -1.16264031397 -12.2356330623 13.8438739836 10.9920211793 2.37679250899 -3.73400708553 6.1710782793 -6.65696640338 -5.56367600146 
-21.5930418867 -8.74457254576 -11.5996201038 14.2740835384 13.9670468043 -2.20157977384 -3.54094168857 3.28381759597 -7.88840513468 -2.33314508863 
-16.7829846424 -19.3903162385 -2.0378938934 5.04586138894 12.2258360863 2.75604362867 -0.60898044464 1.5082069207 -4.16532599409 -2.77710452995 
-14.411743802 -18.0111045474 8.16903831412 -5.1607253266 11.9824963507 -7.59170243464 3.02726741164 -2.23037608641 0.0210627866895 -2.51795969999 
-15.0755345668 -18.3919364099 14.8332505171 -11.9675064564 15.3259404343 -16.716661033 5.84131080309 4.62559821269 -0.639003495075 2.6720604416 
-17.5413542113 -18.2258551651 15.6666889864 -14.0115200911 14.1546732699 -13.6261749733 5.56335897339 0.643356291909 1.06410942831 1.22535838451 
-14.2069298054 -18.4681000241 11.2088808058 -8.90709436625 7.71676417286 -8.62707013874 5.03700534403 1.12643676347 -0.845107446752 -4.9691243824 
-11.7447051071 -13.1098161505 3.14021917216 -4.92711847024 -0.552224937744 4.08562422678 0.023421106411 1.98684350897 -1.63173551825 -2.9303639594 
-6.32854485448 -8.79692938805 2.58403530712 -6.48127922827 -4.16689391511 5.43889180407 -1.72574284667 2.91473246965 -2.77094318365 2.16540403208 
-7.62887281123 -5.9811771125 1.28100386424 -6.63069450286 -4.78319180202 6.07860001603 -0.833049169598 2.31170964863 -2.30512104997 1.22078248029 
-10.6266066692 -3.00691414237 -0.539227518372 -5.30015327187 -4.05108853863 8.82719548766 -1.76242054884 3.71329839359 0.552310243225 1.45462906583 
-9.21117078665 -2.56524821878 -0.556870984932 -4.14615493142 -7.42247790522 10.4457212306 -5.41825220442 1.63594255498 4.54427181356 0.771079112386 
-8.94133684071 0.335331710538 -3.19026711762 -4.74486177573 -5.19747824496 7.81816932408 -8.35289798703 2.9400223618 5.00078062427 2.39848106561 
-15.7616390911 3.46999890687 -2.43459783991 -6.12477647995 -7.03677610881 8.2086617751 -3.38600080644 5.08530360134 8.06010154818 2.26250414122 
-15.494857682 6.04318687021 -3.38699595357 -7.5590866921 -6.13233549848 9.74976709905 -1.8656053638 4.44401777975 8.09522120636 2.65208070159 
-16.7084805106 6.81482869639 -3.97562828458 -10.0365297214 -5.89349657046 6.62456745826 0.790454796179 2.97343176157 9.44863648115 0.965374274138 
-19.2798900596 6.75762765939 -1.34817528993 -13.0814301998 -7.59108750866 5.85161635142 4.33015513911 4.29083230853 9.86554034425 1.02802473977 
-18.990750434 14.8363167338 -2.07251744707 -12.633445951 -7.91373717208 0.419556271407 4.26450164704 5.98848793646 7.51807226135 0.615644660713 
-19.6577370312 16.0526258518 -1.03688383079 -14.6136538774 -2.77163916829 3.84714408567 6.79162611966 6.00521678488 4.23159966324 2.37193460668 
-10.1460992723 11.7853947158 -4.12380477465 -10.293926377 -1.36603616655 3.02823721243 2.99958787588 4.87020044898 4.25924989273 1.55106782698 
-7.13343192271 10.0854074756 -5.2329536695 -6.86164202192 -1.36365401254 -1.32193028146 3.00467034496 5.00401847254 1.65414643293 1.13860122014 
-8.00738834979 10.2003867054 -5.63218374126 -8.29174096009 0.726652906774 0.598245158543 3.57137288183 4.74246869059 -0.028201054079 3.92675065614 
-1.37833487566 3.51075835045 -5.3594569285 -7.89117500861 1.52779468739 1.92780998921 1.25568233532 2.90860992175 -2.64376542697 -0.065096473374 
3.15414547585 0.17916438471 -3.81039515532 -8.23019361913 3.074845514 4.52300611859 -1.81750869542 -1.303485764 -0.679748593053 -3.59688736745 
4.56872181918 -0.557821560799 -2.35970822702 -10.5472646227 0.493835576131 7.67375025608 -0.328929806912 -1.02401224291 -0.806184442184 0.161770286513 
8.75702251068 -0.660463494485 -3.96275322799 -9.17598295847 -1.93393753873 4.55543071639 2.74783056323 -3.73488369071 -5.61625967463 -4.14859779307 
9.45952125594 2.95417563262 -5.70011030006 -9.01971188556 0.656978336055 2.6140616372 -0.0269487070671 -5.72515504948 -3.77073325619 -2.12422379914 
10.2648599582 -4.56604238636 -2.75255538041 -4.86385339455 -1.11335656657 1.85104238089 2.02637038447 -0.198859647323 -1.47963437201 -2.09389278874 
10.9498098552 -7.31299960697 0.708063030172 -6.16808714141 -2.78323928733 -2.24843947481 3.46045481856 2.50792266686 -0.518491053581 -2.92331391921 
10.5732461687 -4.14170867462 -0.21625164599 -5.88267204949 -2.13236188775 0.746337187676 3.14939747045 1.31207556665 -2.87682339214 -1.27340823995 
14.461634038 -6.46204772867 -0.872738388185 -4.58558048285 -3.17823086006 -1.15216731114 2.6949106546 3.39881953211 -3.90874607613 -1.84386294674 
12.3201268225 -6.69011050134 1.20072691218 -4.56411838951 -4.18545443396 -1.07292791881 2.77558147417 1.44903558092 -3.66522724675 -3.02672235158 
15.0891434049 -6.4345403363 1.66859926562 -4.79572538473 -1.73581254434 -4.08823750968 -1.06520199225 0.705173758663 -1.65679842695 2.08648816789 
10.8925539597 -4.0576919656 5.34552496234 -3.22262123403 -4.58413824493 -2.72432748489 3.06806796888 1.57934215461 -2.67244667958 -0.758696488418 
9.65943101621 -6.33095953287 4.68944387734 0.775188516911 -4.42150645596 -2.2979768364 3.32555235205 4.23401093803 -2.15110383876 -1.17861294861 
10.0282311015 -2.6690012644 4.34899224323 0.356610075051 -1.38012779551 -2.76725999578 5.53551265132 6.19064307457 -2.04673332697 -3.7600390546 
11.4406060295 -5.39745445763 4.60001758041 -3.13631699931 -3.06344179756 -0.217653456472 5.10596410409 7.40578531363 0.31975832082 -1.0328102412 
12.5502580805 -3.72037680452 6.08053301827 -1.86257536269 -1.07383891939 0.175470129904 6.54331349359 8.13065788431 0.651543270821 0.448081949942 
13.3093438087 -9.32050715875 4.60932261135 3.09193527902 -0.753400758481 0.311889179457 3.30124953239 10.7872514038 -0.110185884249 0.132985196614 
12.2912966441 -6.38087995261 6.30967447137 2.63882320323 -2.30771329908 -1.63390721534 1.43581296885 8.92790381002 0.177993205101 1.97329451437 
12.4424194039 -6.42500238445 5.24599787964 1.41597347087 -1.19877777309 -1.58941454931 3.11897297871 7.65936181694 2.80762003216 0.491731472596 
14.5245493924 -9.83263753231 6.54300139265 2.32764125046 -1.8999677995 2.08880198539 4.40040249849 7.7365723669 3.32577181408 0.13022577656 
15.9901488328 -9.43718518641 5.22410812066 3.50374509704 -3.38437887165 2.85765776558 3.26029855517 5.21818448844 4.47586610209 1.98016824394 
17.3249084621 -9.05877378559 3.8648552971 3.37917949399 -3.95681948575 2.50078438416 4.56900925585 4.26020774989 1.03970521581 0.559638924439 
15.4928585213 -4.30778134279 2.16214024159 -0.947346897992 -1.72622695324 -0.0199320259823 2.56270112287 2.11803930657 -0.910817804559 -0.986685848165 
15.1737391856 0.802181633496 0.248373468988 -1.72603147064 0.499476391116 -1.19556831346 0.334740192389 -0.943763766113 3.50885711794 -2.83374253149 
15.5054219933 -1.55218960107 0.0660057969506 -3.47364923076 2.22364851895 4.08623528056 -4.56840222672 -2.73445440572 7.47587601278 -6.20805433109 
15.1275420911 -2.71910365675 -0.889447764313 -4.09982041276 -0.541996681327 0.343144221653 -6.53848190901 -2.98027557217 5.75281177283 -8.10819885893 
12.0079019125 0.0020819828827 -1.7321860555 -4.88525652744 1.00709590471 4.12728636491 -1.3902597575 1.2388883718 -0.952982565366 -4.58413697045 
11.6424753562 -3.98730078598 -1.18637515126 -5.80716329709 -1.09909752531 6.04211110132 -0.309593493372 -0.422553115625 -3.47326676946 -3.27468645262 
11.744978789 -6.75960384595 -2.33179367257 -4.23595975465 -5.25374286851 3.57370651173 2.63431020042 0.277152076483 -7.87401314461 -0.377211025537 
10.284913598 -2.09401521256 -4.49578514836 -3.02013748426 -3.5446749564 1.9351780002 -1.38269319253 -1.89601220156 -5.69531355563 1.49983868523 
5.94660119818 -5.12116919051 -5.90954433848 0.186155575742 -7.4181490386 -0.388003556675 0.408498039169 -1.58944355221 -5.16053510624 -1.6979747946 
4.44301036102 -8.21091170564 -5.63282949879 -0.0328577899969 -8.15737706358 2.28777663144 0.0188812279653 0.0308967692089 -7.88244653794 -5.31651904256 
1.27732870567 -7.57929414307 -2.87481580059 -1.05735637405 -10.1638219556 -1.04828963781 4.28636817929 0.323251853127 -10.2445272291 -9.21999754455 
5.54146886262 -9.81083088754 -3.25565928555 -1.75405549543 -8.48672878107 1.89722013376 2.05509485119 -0.0894682860053 -6.54172807674 -7.1900033156 
-2.12775125943 -2.66723157391 -3.4249109558 -5.2772912559 -13.5557374455 -2.833771774 5.9634213943 -2.3094879435 -4.45453482269 -4.13758323724 
-8.69567368631 6.16483029611 -11.274910064 5.21695510037 -6.70286020366 -13.9187157771 1.31929684469 0.992635872113 4.12347184184 -0.255796927162 
-9.80224873868 7.78258053655 -7.49936052702 4.81606706968 -5.34236866548 -14.328862747 -0.342666173145 -1.12448254948 1.31322753116 -4.72524810558 
-15.3089396706 13.1394730021 -11.2023040165 4.04458400307 -2.91369226524 -12.5075087749 -1.88297600493 2.17917735021 6.26599025465 -4.34953394885 
-16.8442164562 13.2912181364 -13.4190635174 4.19668394891 -4.83244670319 -11.6774719855 -4.15991518664 0.79399353949 7.23226660032 -5.49210524856 
-16.0436529725 12.8230356552 -9.65696547352 6.18152716306 -6.22039009368 -12.1778247465 -3.04936798471 4.22031057642 3.96824436216 -5.50002864082 
-11.6402379951 2.52441604719 -2.89206248961 -3.5540677397 -13.9850435114 -4.46457156047 0.73617215091 7.24494255958 0.335322799924 -5.68512001631 
-14.0100947146 1.46899769887 -4.36489627089 -2.1111742188 -14.2905986689 -0.448927349249 -3.01210840789 5.84310939662 1.28639450008 -4.77275127323 
-12.2555317982 -0.0773511957954 -3.98473550973 -3.30127362072 -12.6269999458 3.17370810548 -3.33608751774 6.7684866273 0.978255546788 -8.30386636112 
-15.4585848307 -2.94431878613 0.230958931377 -6.37728592835 -17.2851300878 3.57789598162 -0.707277151916 5.56502904434 0.294070656161 -10.3914519566 
-13.9497512904 -4.695848251 1.71268594861 -8.40064934589 -17.2997136457 3.13851564349 -1.11215917852 2.47856602168 -1.03304643584 -11.3489115944 
-13.962692958 -7.03484862305 6.41695301229 -8.01812189723 -9.24953199668 -0.0201230965381 -2.50702743998 5.83236744502 0.945246466207 -6.16114800935 
-9.48770113765 -8.52831498558 9.46538118828 -11.2499571328 -1.23834564549 -0.879255916515 -8.47397995878 5.2452361364 -3.56428240634 -1.50661905926 
-14.5392336628 -7.81113663639 18.820484397 -16.1494343557 7.67293211431 -10.7393428835 -6.96211155227 8.8527170729 -3.70122734605 5.23863852691 
-17.7369088839 -8.20252667941 17.5626212339 -20.476455949 12.0346194903 -18.0505195252 -8.03574718314 11.5973643071 -3.82946516748 10.3285857316 
-9.55923145013 -6.32514002482 16.7956506335 -11.6502679705 5.4538858195 -5.95091324502 -8.78790116664 10.2335803459 -3.46688992475 4.03810376698 
-14.6213258904 2.85844337315 14.2703065332 -8.30851356246 -1.78339121338 1.34042928247 -8.28428874105 8.00947812999 -2.38126921705 5.12777896709 
-9.33119197095 -2.80113229908 8.56791180817 -3.49133019858 -5.04481288337 4.49189785835 -7.13548516634 7.08599327209 -2.77434253297 4.17279296064 
-13.2042206288 0.271794776923 3.05740055766 -4.93858745383 -5.84594854661 2.01310372114 -6.6588247205 8.2626175715 -1.45835102729 3.90971792541 
-14.5709025167 3.46458788698 -4.50804013118 1.92972498627 -7.27943787151 -2.13704066333 -10.6250653774 4.87019788793 0.769515761983 0.176124733242 
-12.7891067516 -1.60437985233 -2.89815729229 -5.71061984706 -9.0124480039 6.38482596911 -7.22876631306 3.02994449085 4.21743511405 0.149780926873 
-16.3889619746 6.23907296265 -4.31000786269 -1.22670377909 -5.96519357627 5.13012712955 -6.23433284445 3.94425002168 1.98161643809 1.64847013064 
-14.3171638943 8.55803864672 -7.51993427 1.97610759721 -8.52747804337 -1.40901143436 -4.20187796024 -0.492356617134 3.68715307448 2.72433243808 
-17.3889902581 11.0653809065 -10.3596579745 2.39713445325 -7.05868307704 -6.54889185658 -2.0265516552 -1.18197573831 8.78771863216 1.76642836706 
-10.3086054213 9.16828760118 -4.9873994156 -1.9221561989 -4.10518023938 -5.52548674227 -1.62851303154 0.334682042559 9.11276375196 4.74211048904 
-4.37685397511 3.90219108499 -6.59510416302 -1.9611356215 -6.72672822499 -6.2635093408 -2.3705303529 -1.71464973777 7.9799335886 3.5875876168 
-8.37627818404 8.30535824486 -1.85423286549 -6.41185977658 -10.0963716103 -1.88469235998 2.4737383675 -2.91537588229 6.9934070025 4.73859227905 
-4.5383024822 9.31045449979 -0.315006744717 -7.01912954911 -3.98052443008 -0.740052244929 -1.96968908044 -1.12722996116 5.12396604372 0.992255891954 
0.700761675397 10.3701080188 1.54608114066 -4.73512753702 1.04502425808 3.76112405667 0.273684674334 -3.23449519236 6.25732243153 -1.10926261356 
6.12502550876 2.52178687177 0.870211371184 -3.9542996338 0.119465346437 4.3019737841 2.94730349841 -0.679176041144 1.68984778208 2.16987710528 
5.11634341721 4.41179484467 1.2558868751 -8.7651130059 3.67975599457 8.32330494425 4.40568686877 -0.82928352446 -1.30843129722 -2.84578830532 
2.05021459763 4.86742060538 -5.23710035699 -2.99340911418 1.2274677513 0.809276667283 5.9887089506 -1.4140912054 -4.42988223452 1.7905884743 
0.85902595027 4.70932704351 -5.49817722831 3.08395194394 1.16173825121 0.286110585471 7.46044103124 2.84279212413 -6.42849944406 1.17613821049 
2.31830755685 4.42567125861 -4.37281121786 5.67069765828 4.49164217546 -4.93020786379 5.76201739616 4.66139517384 -4.33072621446 1.14181590812 
4.72530208796 7.22946465965 -6.05893079478 3.91637276864 6.75186833678 -4.77219463007 5.86140544284 3.15694644375 -2.46328885458 -1.40735562655 
6.2470371541 6.58810403215 -2.47103167638 2.51908794119 4.44867447497 -1.57308567932 4.48999801042 5.89217323862 -1.06416911895 -2.65830226065 
6.82479552353 7.15512515825 -2.71941236311 4.20675042767 9.15250182512 -1.49560861291 1.22974824844 3.63438796675 2.72189282754 -0.723540503689 
6.8115234811 6.24873672614 -1.39221169592 2.77782732158 9.25973620804 -2.95534432893 4.81364678767 5.4256466316 -0.121141095891 0.56065767394 
13.9775079766 -1.58650745166 -0.708548869315 -1.53536715971 2.09989614185 3.01706910414 2.88647183835 2.43173539849 -0.946094056726 -1.15175979869 
13.8749185575 2.10628603242 -1.76630283528 -2.04073298817 3.44002431262 0.44256963557 1.7560823222 4.44315350065 1.68633882457 0.0350035329438 
12.0062282943 2.26248476728 0.116390534461 -2.08517766992 2.87359096405 5.4911709294 4.41095227228 5.02335835803 0.366830341176 2.54585088119 
7.93034442593 8.95547759853 -2.40275282808 -4.17434488907 7.76635858571 3.25046248592 4.279835589 8.24720989207 0.594137989591 0.498391323864 
11.4262747278 6.88361142027 -3.4685470394 -3.52644425671 4.9564690288 1.90290307165 0.720384094001 3.47141861591 2.44073365703 0.79561247732 
11.0244604673 6.9833499413 -6.80421660833 -2.09850068711 4.07374461292 -2.78440180122 -0.187967645667 3.6991401563 3.06144017371 1.80483943111 
11.2876688411 5.97470746066 -1.67098872225 -1.23165315459 4.30386363531 -6.74939296612 1.10478652949 2.61801028164 1.21736765336 -1.7088258237 
13.1837610315 5.8255438264 0.745423298224 -1.27410323971 2.7228611746 -7.37922386747 2.00117375744 3.53073732011 -0.291616368396 -0.52749587397 
14.1168040463 6.94408365068 -0.842708510369 1.47480772872 5.81522507174 -7.2196731356 -1.98490590982 2.36841613648 1.81417432369 2.23367812004 
18.3929612185 -1.54295756439 0.759278955905 1.27005139298 3.08599853603 -4.71548584619 -0.69482237763 4.07834388437 -0.309335015283 4.40193942325 
11.1427158558 11.3086013004 -1.46691250285 0.434834685212 13.5351045356 -0.946388420223 -0.967630032782 5.73993808199 2.48746823995 -1.28000739543 
14.0859954553 10.3191542099 -4.19753382094 -1.47372768352 12.1980159076 -0.268741791345 -4.84478835614 -1.9245961267 9.07179690565 -1.10003736482 
18.2874773384 0.851300983559 -2.49125349999 -1.26277578228 7.12705987531 0.460494547903 -6.99902577326 -2.65730218564 8.39422353613 -0.627002141484 
16.8678483257 -2.37094130907 0.261716757431 -1.42604514201 3.77036601193 3.61863278614 -0.849185236591 -1.27109355724 4.63393015753 -2.7125339282 
15.8130484447 7.59380416775 -2.00397559079 -3.44853190007 6.56777724345 3.10493970307 -5.29317583466 -5.1062557094 9.96066453173 -5.71171429269 
11.8296201924 7.71846595839 -4.40381320883 -2.88509283455 1.45314761336 0.443434010722 -4.92120882063 -5.77873996761 7.71461899413 -3.15903793191 
10.4101588304 9.60071381076 -0.851661415703 -4.67962625251 5.70448530706 4.71568601848 -4.14456822194 -6.73515847663 9.86787841295 -8.94653454083 
6.62014598984 12.0274097355 -1.79216641222 -0.47150332235 4.88548575096 -1.14978106714 1.8383940664 -2.83949699169 4.18430900667 -5.93746155489 
9.58088635371 7.91642771942 -3.18418770653 0.0434699455067 5.15010278034 -3.57961917047 -1.20876178536 -1.75545166612 1.27539287594 -6.40512600964 
9.15444246229 1.9566098822 2.51196899505 4.17694296003 1.36957046279 -6.9442470465 8.26338267076 3.09734734375 -5.33940689416 -3.93651971178 
9.11658527272 5.93009739555 -1.09610737209 4.30678314731 5.69665030972 -5.78165546215 3.57336374007 0.563639751882 -3.66802721125 -4.14580146467 
6.06785472956 -1.30015387725 1.00099548988 6.86579875181 1.3450343168 -4.22020550372 4.08112636507 2.98642888289 -5.77086011511 -3.94545409773 
7.87760123788 -0.583773943427 -0.30581770351 6.82217419675 3.87411582332 -3.06257108045 1.89656541992 1.32017672557 -3.36255095693 0.492189929495 
6.2681209033 -1.37759819455 -0.80652984345 5.57754544532 2.98709200269 -3.90535661366 1.91759485599 3.47768774852 -0.763419597398 0.995323038346 
7.88211426138 -1.51497819822 -1.25754020945 3.69633831964 -0.959754562702 -1.70239173103 -1.81832882974 -1.64320623126 3.97666590816 5.63491653296 
5.80302772234 1.08500479577 -5.51389146603 3.55816175214 1.65737563963 -2.81230983842 -4.69108428588 -1.24437594323 5.55171922283 1.16698585609 
2.88914783448 1.3819789895 -1.76014434963 5.09962121392 -2.45959071112 -4.45441329927 0.21530290532 -1.68826815407 1.75026378692 -0.4439305318 
-2.10896415667 2.89765890928 -2.0769554054 0.136013348012 -12.5256809852 -8.02709860422 -0.819667153459 -5.85281112226 1.9009384028 0.0579418755139 
-3.41981980199 4.2242229079 -2.2541207069 -3.44926008792 -12.270442067 -8.7820048179 -3.28150621687 -8.31993107896 4.29072573805 -0.974612708935 
-1.26490060982 -4.10638098712 -1.25112376128 1.94963073867 -13.687544544 -9.00532734894 0.197878173644 -4.79282378268 2.5046560118 -1.34142063344 
-3.77174081887 -2.49532269563 -2.33011808977 5.97053509586 -10.0312886793 -12.8850468203 1.87439173331 -2.65472111581 -1.07848031832 -8.87174473359 
-3.56600089769 -4.41104403938 7.03945857242 7.43000635811 -8.70799823676 -9.38081533108 2.57704287991 -1.23200188524 -4.62164809685 -8.7988210832 
-2.13176131521 -3.19131769643 6.83630141963 6.48863468242 -8.67536553487 -9.09888835612 -1.13627969938 -0.196158805044 -3.24337178382 -6.62590949706 
-4.65606196555 1.00797924958 5.50229481187 5.34783414318 -11.6020814291 -5.28345559869 -5.78533248936 1.88172802432 -2.22933215822 -3.88546682249 
-3.06397756009 -3.12995015475 3.69565148607 6.675916947 -9.52476255619 -5.32212992342 -6.76756539885 4.70821912853 -4.01092720913 -6.86032600584 
-1.17861774235 -7.44086359848 6.21341115332 7.76619662787 -7.94369855948 -9.32786182429 -12.4287245629 2.09522939081 -3.56853016496 -3.48029738167 
-3.43455916763 -5.87677350789 4.13133404279 8.71102027544 -6.59568142372 -7.93372032715 -13.4665504028 2.26456627453 -4.97129962412 -0.916033057681 
1.78938713567 -10.1953913849 5.17402922091 8.09540634515 -5.45114538199 -2.70285409081 -14.2971730872 2.56833092821 -3.42654080462 2.49366904546 
8.79870312442 -10.9394125214 13.5564409721 7.83883013308 -3.89083502394 -0.0175705289773 -12.3193723936 -1.16328285032 -1.29122919583 8.00389376758 
9.08745624182 -13.1178857006 11.191267094 7.77923552874 -2.78526920445 -1.76411448832 -12.2204208358 -0.151677791351 -1.34715909273 7.00388340291 
11.7641792077 -11.2894282296 9.29310100209 3.89180208143 -2.58820497807 -2.52578110794 -11.366495273 -1.61519881196 -2.12044551928 9.9496032402 
7.51142848643 -10.1503901727 13.5350524713 4.94753915959 -0.115830302659 -6.20291902958 -12.5900702654 -4.19863140203 -5.6233098243 10.3055452111 
2.07286056813 -5.52635718517 19.3550039666 3.5835866274 -0.394759331773 -7.22413740926 -13.180028094 -3.00367433193 -7.69164584358 10.4196137378 
-10.2629709178 12.6922001551 28.1658828275 -4.32921003286 3.62001494313 1.09275488824 -5.98035662731 -3.72591841586 -2.35546630393 7.13712238234 
-14.8985322169 19.9134085098 38.535109505 -2.53256047411 2.80858545408 5.12435889743 1.50657283528 -5.48032793024 -1.66352969192 7.54031814533 
-19.3800374693 18.4823435159 30.8028672617 2.02607262845 2.62193133333 5.50233627175 2.79213969784 -3.78265349329 -2.99911216098 -0.326659502665 
-23.4570686545 23.8378405487 27.3418442093 4.85818444619 3.3766997808 3.87791405759 -2.51295928853 -8.15677644912 -7.60132457441 -7.97448567869 
-20.6463745306 22.7609166113 25.0708059342 1.6524241954 0.112339544387 6.49596820291 -1.20846940555 -9.97645702975 -4.3646635 -8.5571973539 
-14.2482735384 15.6702835262 24.1919113251 -4.66621590598 -6.56355256445 8.26696526194 -6.33351336165 -7.17251626638 -0.446064021303 -6.65296413769 
-8.03403348118 7.2806268371 21.9890448999 -0.699391119647 -6.16613042468 4.0033683279 0.78209260218 -7.58655034437 -4.40477170665 0.0432737440857 
-5.89176134241 7.15173817675 21.4157072016 0.426371751988 -4.95303351586 7.4698679485 1.22135019727 -5.54465849827 0.707268442194 2.07772911629 
-9.11740723963 16.7448131208 23.0189535613 9.57529394647 -3.24562323905 1.23721642492 4.39199580809 -2.89913687454 -0.375496833984 1.0553772787 
-4.02393513151 16.5518508802 19.6598552961 7.75364443196 -0.236858833803 3.94270261544 5.14041961879 -4.70407853599 0.333444554581 1.71035287425 
-2.79550097912 9.02638466543 14.9792001042 15.9780438325 1.17430661236 -3.26136369057 4.41199628508 -4.3632449063 1.70249289098 -3.68970266863 
-6.22600228765 12.8063045314 15.2841240535 18.489073673 1.60777587948 -4.1751172697 2.91911413427 -5.55998891318 -1.62695737587 -4.80548768878 
-0.938107078929 10.981767119 14.9550073777 16.8934601312 2.07762072853 -0.696729351287 3.1149318234 -2.61599668143 -3.49136875351 -2.4857526666 
2.77675976944 10.9899776934 4.89033328454 17.9192993972 4.37672217848 -4.32873227262 2.56776422308 -2.41069337186 -0.959353103681 -4.54539554609 
2.41642598503 10.3938657466 6.51648250737 15.6836532118 5.44904932431 1.56585022745 3.04498354329 3.51585699512 0.465275661803 -0.419472268422 
-0.487142791462 12.5704075981 8.86578109214 8.67580517686 4.54996957648 10.6426543621 9.87680436511 5.01287522998 0.240419736663 1.47315766291 
0.309393516395 10.3297304068 8.0891395973 4.96077421063 5.36778888157 10.663871221 2.97462365128 1.73336496295 6.79517459676 -0.0291522139402 
-2.32815262394 13.5152213549 6.46372529964 10.2836760972 8.80724129812 1.96643746394 6.16085614714 2.27684190478 4.70743362471 -0.473587506565 
6.56784465838 4.45286996185 4.76496049983 3.45254393361 3.6268491688 7.63284787929 5.35512161238 1.80268381769 1.84979195119 -0.331124710882 
1.75852793045 6.98643748249 9.57007996409 -0.031937741612 0.297229522472 6.00152478799 12.3853428352 0.109015023563 -0.562127370851 -1.72239762696 
2.6508892675 9.54996278169 3.66885393208 2.739229283 1.04987487381 1.47293449576 5.88286898511 -1.06546999278 3.2325437884 2.59308852645 
8.04581258024 8.11172094591 1.21597681158 5.19868403854 6.07632054619 0.117496085207 6.39174106633 2.49482181647 0.800305801704 4.24428640187 
8.43107115397 4.18674865173 0.93306866505 7.63634599981 2.8943365268 -4.23236949166 5.29636700498 0.226995840048 4.70594958456 6.3632492504 
9.94473637793 4.5432622897 2.24627428367 7.71639912415 0.627971765301 -3.07998466441 6.50355757715 -0.0617261380178 7.38981336656 7.6519872923 
6.78898498175 7.47922601162 -0.223451782029 7.10949305055 3.70990142747 -4.93003797953 5.95662610551 0.958582667396 2.74107144187 3.41341798306 
7.83808434346 3.11630483406 1.56647625709 2.84695792063 -1.00357762351 4.22376829637 8.78723733985 2.99584956744 -1.19182546241 1.4558227715 
11.7928976601 -2.16561850233 3.52124871066 3.28192748341 -2.4914489009 6.64939222276 8.02749274149 5.28442266929 -0.293753540246 4.28990559539 
11.4517734774 -5.79213054705 0.905450132295 3.51962345289 -4.67389433446 -1.55432576476 9.93094440631 4.55159323806 -6.9013818988 -2.129694937 
8.82895224593 -7.56208283549 1.56778035833 3.09066677656 -3.88223452525 -2.20623363293 12.1264632933 2.78770420987 -6.28675134115 -4.90064094963 
17.1467907688 -9.90834588928 2.75222460172 0.85146954824 -4.04948160361 7.37609689053 6.03649563734 2.40889114087 -2.35737525841 -2.01521015266 
16.5392081909 -8.91483085016 4.18104072088 -0.181905146984 -7.66446147678 4.3924822075 3.70028680999 -0.616896606177 1.8473560875 2.07149647003 
16.3536849834 -10.2371618562 4.51856788035 1.44825278426 -6.80412778777 4.92466991801 3.21640885829 -1.42425869775 3.70106192134 1.51604015892 
15.9693974484 -8.7057151293 4.53314160166 1.72592670066 -3.21317131384 4.3926008457 4.81454417388 2.50286801447 -0.654436766826 -0.122630978616 
17.218768287 -8.40301906946 7.87729628625 2.87462672738 -3.14529907599 6.79575325735 1.33741450116 3.93719612156 -0.687842667064 1.34326969437 
19.7179427058 -14.6283756049 6.69468591321 4.20222681885 -3.21287817625 4.70560162064 0.652307626802 5.16192932995 2.72311264892 1.85347246811 
21.819699297 -18.0805084125 6.16351419937 4.3511571919 -5.8071732912 4.3822882407 -0.466664156206 2.14497925336 1.46002042905 3.33786180568 
19.9876713386 -16.5597149142 3.1494516871 5.52161876377 -6.28928236464 3.9880788906 -1.30051310455 2.97983398049 2.62392246096 0.988767602829 
19.581469392 -16.8026570033 4.00229180589 5.71458760182 -5.95754543226 4.2659311396 -2.87513143068 1.05799402326 5.12645456987 3.41838047847 
19.155571164 -12.7068453121 4.31166111322 4.8347275319 -6.62084444343 3.85159788147 -0.440146860767 0.352947105739 9.91642361344 3.9193863004 
17.0079685473 -8.02516880389 0.834335085838 5.0566527574 -5.4591294347 0.892588610089 -0.229587135215 -0.40601862173 11.8038820288 3.17997311498 
10.3556125527 -0.722372439856 -2.38790898404 8.84231333011 -2.70841839445 -6.24328931896 0.200923890412 -4.2011196409 10.3635831222 2.28995740511 
8.56411419094 1.48631335913 -0.904021273847 4.92107260571 -0.057508279806 -2.01155822959 2.21578122881 -1.41696609629 10.4794019746 0.675128597333 
11.1651681087 0.823005493016 3.74603843956 4.16246441525 1.58175541384 2.43097149736 1.0027300411 -1.57191373039 6.79064154581 0.0833754011972 
9.5298269976 1.95847437048 7.00111329428 1.98268756959 -0.733649593422 3.73834750183 0.671241965718 -2.99612861622 5.38895976655 0.160661726921 
10.9434622588 -2.3860411751 5.72889468325 4.40689873677 -4.65588081659 3.95699112787 2.95520373235 -1.01590083763 -0.114686579345 3.26283676192 
6.02347838172 5.02038711447 3.31384784467 8.05423316068 -0.084235331384 2.91801239507 1.09883871987 0.294670264774 4.7180845589 3.46936978261 
2.09676899982 11.3498157529 1.46734964698 5.54355637987 5.51350395329 6.02984781821 -4.18551166349 -1.82553823105 5.83071514194 2.26128080225 
0.0521682559689 4.98337440056 5.1811196665 3.22442675916 -2.07854692461 12.6372896145 4.360999329 1.82908326124 4.2028715496 0.58609000368 
-3.08319772403 11.3922334047 2.575310979 4.33170722774 4.28616613917 9.22382862311 -0.91360261398 -1.04579194458 4.7684428798 -4.54997743346 
2.2770570856 2.70131580303 3.51754574845 8.59683940008 3.9543120755 2.7047136507 -5.37020070092 -2.89875742028 3.19229584011 -6.51716967359 
3.53236492701 0.411553334509 2.54028222177 6.99005180671 2.35022209399 0.389148330634 -7.71697005948 -5.25351267118 3.17808521432 -6.95885781478 
3.86878172416 -3.67300817236 5.3173966243 4.07719549747 1.194754149 2.2913708525 -6.59115401544 -3.4355708913 1.60314020986 -4.67254190144 
2.3767070765 5.57514396902 4.93473832821 12.5278815399 -0.412718414818 -3.76714031649 -12.9766444552 -5.90443793065 -1.28878409743 -1.37787162751 
3.29232660519 3.77019013652 5.05603314282 9.1659834123 -3.51760067034 -7.814648871 -13.6769391109 -4.19229648073 -2.05254962008 -2.47620698589 
