-5.74387859591 -17.8824883271 -18.2140807713 -7.10496594894 -6.01105898084 7.37982776242 -4.17915554902 4.64797033379 -3.09700362852 -3.88615451266 
-8.63583331064 -17.524234296 -15.0038495566 -7.45095270798 -4.68778897953 5.17795227228 -4.45843551701 3.32768676273 -5.27175149925 -1.79387121199 
-12.6648380858 -16.9524907462 -17.2956408956 -6.67735861079 -5.42201896644 2.76593369752 -5.89398078993 2.77520254534 -7.99170704115 -1.69540996355 
-10.5698219309 -14.3976731111 -18.2185260486 -6.97510503987 -2.45378714667 4.19683343671 -1.77502550157 3.95148684255 -6.76910500026 -3.42357284252 
-15.9313951146 -14.7970785098 -14.0133055856 -5.94147064746 -3.55337922694 3.29346669903 -4.80224609333 4.6940678354 -6.35190968952 1.95441348911 
-25.1131976521 -15.3759346739 -7.4328686124 -5.88092313218 -1.58010504383 1.59332901712 -9.21553306967 1.42500894403 -5.00178472463 1.19974017088 
-30.0185024548 -14.7731051143 -6.18553386047 -7.53091194388 0.714645023213 2.72149013703 -11.3903835759 -1.80267783964 -2.62635524668 0.415700648874 
-31.5385827488 -13.4509403377 -1.73370802139 -6.5689417555 0.395394686847 2.89625519614 -10.4237956434 -2.54831909408 -2.2142304511 0.212175993686 
-40.7880883195 -14.4047501182 1.79105466349 -6.06939382236 -1.71718169342 4.65848581468 -10.2535245742 -4.97656136961 -2.72976050519 1.22432533511 
-42.4894210709 -10.045174886 5.89263430784 -5.57450680881 -5.86387458652 5.03004813888 -9.04417037989 -7.04287514015 -1.598335569 1.30772155281 
-42.4031278211 -7.30043420599 9.94675766973 -4.97653462924 -2.67086581187 0.367240763419 -10.9408529424 -6.92945451956 -2.16336239758 0.776712121562 
-45.9388156733 -3.62527656971 12.2802408906 -5.89218496891 -5.24389275041 2.66665177087 -8.75239021317 -7.75969023164 -1.8934780368 -0.41617140148 
-35.6321381823 4.29661637372 10.691595099 -6.02556304557 -4.90623044184 0.773676651016 -9.77492516376 -7.49191723841 -3.73014664208 -1.94080947815 
-27.6096659786 6.83049524757 9.16341219947 -5.92480561493 -3.38119663867 -0.605164050004 -8.83154001479 -8.26010259129 -3.07681628746 -4.35683907542 
-19.8110794744 9.20872758297 8.55991712798 -4.03591648282 -2.81104917484 -4.16745178065 -9.58767068859 -7.5332228425 -4.39580897173 -5.4247583608 
-17.0694577074 10.4723851666 6.44457340894 -1.8621961386 -1.26149767222 -4.41671139915 -8.38226028165 -3.33360589596 -4.95253206842 -5.65907737964 
-21.822550979 10.6023150289 10.5904375918 -1.08534829679 -2.8978402803 -1.08841684855 -6.7378903299 -1.89724036245 -4.78800280245 -2.98157217104 
-9.7175811765 12.2558991645 9.03983657764 -1.1996829564 -2.19117030842 -5.57385811167 -6.2626237824 2.99744836699 -7.66436284979 -6.85472405445 
-15.2604427122 15.177199456 10.8646520022 0.533752416711 -3.19707480582 -5.2145075199 -3.86819038722 0.209650251163 -5.25461746374 -6.27114769038 
-9.79507478091 16.4395503143 7.23109939705 0.0737042643665 -5.70244473196 -8.43884703874 -1.37234512291 -1.77161233607 -4.13085559697 -5.05040874713 
-6.26153741398 17.8291173265 7.05624114625 1.38900749965 -5.9869999491 -10.5364843958 0.915202020792 -0.862501513371 -6.08907776256 -5.74983176545 
-2.23577587329 16.5201107356 5.0506251345 1.34685800039 -3.43989145149 -12.0911566461 2.41670590385 1.16528589198 -8.25383845434 -6.50100959698 
-0.798561824931 12.699274658 5.94116435687 -1.77671675588 -5.16251070858 -11.1923594359 1.99372743067 -3.16251556735 -5.87791971381 -4.97925228721 
7.00573636427 13.4846634208 2.45286060423 -2.3496314961 -3.80599238587 -10.1381153101 -1.56603467192 -3.16922696888 -3.90657823428 -7.13371688811 
7.33854005604 15.1009704305 1.45908230289 -1.4660157236 -3.61501830851 -11.4359936323 -2.59165610503 0.236520500767 -6.4156785545 -6.47664401684 
13.9694270534 16.0345017831 -1.34686485624 -1.54113900524 -2.15267383336 -9.79362785167 -2.57049848172 1.716435975 -7.16809643513 -7.43883139788 
18.1822473635 14.8479409833 -2.41243321646 -1.14444284704 -2.33212398693 -5.27537163777 -7.6713296952 2.53009101198 -5.32848681849 -9.75811897529 
23.6539364679 10.4448096062 0.448619948938 -6.08338400492 1.19789732705 -6.61427453745 -13.4460682539 -0.0101967261148 -5.78725634074 -9.45946925362 
23.4428004225 10.7922882812 0.799400981184 -5.93985512545 1.5931521438 -6.54653910911 -14.2490573821 -1.20468360866 -4.17818083654 -9.64436773672 
22.1002418624 10.3133953587 1.24819583866 -7.13923682969 3.09948423944 -6.54662910216 -11.9062752134 0.532434045201 -2.14920081861 -7.89324620329 
23.3809042544 10.2061073537 1.5703998072 -7.64126913878 1.99737232923 -7.4381118457 -12.3389552105 -0.556342947188 -1.47694955059 -8.50788930739 
23.178458318 10.2680471077 1.40879823105 -7.36613884253 3.22300351939 -7.56564964257 -10.2282121574 -2.0815985781 -0.255858758708 -7.67455610077 
16.9222254294 12.9115439 1.99101526471 -2.61625203408 -2.29143437079 -6.79712940494 -7.27107567555 -1.29305434791 2.5117407652 -5.43889697029 
13.8974029879 14.6584861012 2.99930507547 -0.707597804097 -4.00021317036 -6.19152947951 -3.7583341317 0.333939288287 3.71890433967 -3.00555877497 
8.7919246198 12.1584937209 4.86851141259 1.25890152487 -3.0270725597 -5.77946419697 -2.26089415368 1.40785351191 5.7807424899 -5.36214765416 
1.34319238859 12.8397750003 4.29984411421 5.33042104723 -8.15818336734 -6.61521989541 4.03679175439 -0.407344992617 6.84032210343 -2.577058043 
-2.51706659965 11.6162756057 2.57423307624 4.42664453103 -5.49190489258 -7.27246962489 5.11170961068 -1.6827108397 7.60228653292 -2.58486230043 
-11.1080526387 11.7998742956 6.55493371839 4.57618332024 -8.40726673219 -5.63068538729 5.26289672794 -1.36770515579 7.94425628734 -2.55325433597 
-14.0962588799 10.9054874904 6.31146055187 3.04929077908 -9.46626703169 -5.95958992793 8.34718647825 -2.68519811768 7.38972559361 -3.24288928926 
-20.0224918301 9.57081881648 7.56975961689 2.3915777773 -9.5767173669 -4.80070267443 4.54078470862 -2.32765341071 3.410438029 -4.72122583966 
-18.6556009903 8.70928862444 4.95061334215 1.32958511438 -2.74931884936 -4.02888667922 -1.59081213927 -3.76853716399 3.14709851638 -6.98502223579 
-18.7642121892 9.30079676927 6.03880770341 1.25525543331 -2.50865009703 -0.708754013141 -3.94673845283 -3.94201365646 1.03584361329 -8.1542586568 
-24.1577415718 3.74841466839 5.18841242897 -2.58470123502 -2.70159525461 1.19058503263 -3.7017274486 -4.80521205884 2.00706374398 -10.9856350451 
-26.8617943224 0.890721440735 3.69209633655 -3.44950221949 -0.123350821642 3.94122693309 -4.35011153068 -5.71171707124 4.5134981966 -14.9620272559 
-25.5884461875 -0.357597382133 0.0197958588015 -4.70094186637 2.20836388924 3.15242376973 -5.2752002685 -6.82241556482 9.46330728614 -12.7366583621 
-30.3130860707 -3.8230342751 2.022241722 -8.21053397527 2.94334484437 4.00149615598 -7.73384543342 -8.58249717763 8.35786870545 -10.4800005655 
-42.8231660226 -8.86259286303 4.68105821029 -6.97906172458 0.84124673183 3.42805012571 -8.45911353998 -8.8409566831 4.87780065647 -6.6659184527 
-37.3793343662 -12.4159963544 0.822154597262 -6.69126571276 -2.20786772981 2.47903037044 -5.5947314613 -6.48124835181 5.14054054471 -3.93215301481 
-30.7696343259 -16.0815024387 -5.55575069191 -5.97018474082 -2.22343024651 -0.256045566637 -4.62219241702 -3.95282876218 5.63883489276 -1.84519236313 
-21.1625127407 -16.5188438349 -7.04180541702 -6.99909078607 -3.02467807556 -1.60177179664 -3.66102547449 -2.6165812905 1.92614153515 -2.4119178101 
-12.2824340703 -17.5705022857 -11.1273383058 -5.71675392125 -4.49136099199 -0.82007003485 -1.18713273858 1.26092181096 1.08887588713 -2.81601859085 
-2.90418813023 -17.696926155 -17.827197127 -6.51901408786 -8.35628972879 3.38608156817 2.1597972037 1.24414737818 2.45220365757 -3.9940142167 
3.23385813961 -12.2457323536 -17.6106226669 -4.95991052418 -8.07706430713 5.80161822666 1.49987273928 1.44991150367 4.19098385671 -5.60508797991 
3.00461405616 -9.31981579597 -19.5469640383 -2.70192748188 -9.02586691696 6.08212013882 0.893532734499 2.92706872925 5.57960670433 -5.49423277922 
2.59062927196 -9.46734447611 -21.0096612376 2.67620539179 -9.16492930884 8.77075236091 2.31715651242 7.21713526938 3.89726233214 -5.95901362811 
7.88088812084 -5.13828716093 -17.2590749282 7.79901395649 -7.43321994711 3.39689702008 1.03636441656 8.06548438874 5.30362568241 -11.7806831483 
13.3414865157 -2.45595994217 -13.6260513129 5.80438278656 -6.46110057136 -0.207111381534 -0.187983125378 7.27723127304 2.91869279417 -11.1457620971 
10.4917335051 -3.49267626113 -13.1548066386 6.37416781404 -6.08644872248 0.146742555668 -2.66092975571 9.9805570006 1.99799357633 -11.4454981161 
4.10717965244 -6.93377733062 -8.93610340727 12.3632325505 -5.69847699575 -1.17695702913 -2.02187669626 11.9490438906 2.16645101437 -14.5393792145 
-1.06693687348 -7.29573559552 -6.89967565631 15.2676939423 -4.28812332678 0.638746976906 -1.82891713581 13.9132989567 -0.68277724143 -15.1320244172 
-5.48647679572 -8.74021274289 -7.57575193226 13.9075729266 0.0702722661165 -0.405818903573 -4.36117623028 17.2564949791 0.359003888104 -14.5377905607 
-14.8798163151 -11.0999560693 -2.98748646419 11.910169181 1.1325335703 2.82802438114 -4.43935176817 17.2175633089 -1.88721302795 -13.5414933703 
-15.3493364041 -12.5366238037 -6.65073612251 6.40038732407 0.510486727479 1.83090406837 -3.16307082634 14.4566083418 -2.14547106278 -10.4451552839 
-14.4003655817 -14.3509900374 -8.81474299429 -0.0189652176595 1.28525085164 1.31844324785 -3.82298104572 12.2782557805 -5.14000260816 -7.54582348808 
-17.1208145939 -16.1830899314 -9.49864988192 -2.44553076758 6.58851667773 3.19981558934 -4.31276690335 13.6459829632 -4.40823252191 -6.18376782092 
-19.5121703404 -12.8374571196 -5.99198901849 -2.44908066792 5.41360176079 1.01184731423 -5.71131852806 11.3247012364 -2.81280831301 -4.10336165891 
-13.6782755291 -13.9168321821 -11.4981279053 3.61837540155 6.90577252125 -2.41012967433 -5.95782192303 12.7147392033 -0.452185671695 -6.23267588309 
-18.2164441134 -13.7787419297 -12.3058705708 4.19356286188 4.87090053808 -3.05432761356 -5.45561780486 9.98006263287 -2.03488079574 -8.30225546009 
-18.2199702217 -9.95013764093 -7.42253786419 5.98148749811 5.11983771801 -3.41415473585 -6.39225106979 10.9517016864 -2.05897923872 -8.05152871561 
-14.6668028106 -4.68847801824 -9.11685302511 6.28721640556 7.19190786858 -3.18247074658 -5.18819441154 13.269041373 -2.42839388199 -6.91535652819 
-17.7079282048 -5.02743705655 -6.73117407211 4.4700890511 8.47048009372 -1.22664343221 -4.84110113096 14.5524152954 -3.54553307758 -6.96936768152 
-12.837701521 -1.62867026339 -7.93598115116 5.15173349351 6.03482739464 -0.987558976604 -3.15972302677 15.4593430576 -5.53060657659 -6.09592901976 
-11.9326061639 1.94102551124 -7.32573204193 5.37927278314 5.99629755302 1.07314561149 -2.67642595005 16.6596431396 -5.10245269848 -6.03494049757 
-13.9241956445 8.70337471467 -7.07727663323 7.52049888926 5.81167928747 2.26903061353 1.10070820118 17.4602098677 -5.20060074994 -5.41656604692 
-10.1915822354 9.0907840946 -7.67653551871 8.78762357741 4.14572213433 -0.382384273373 1.62332957392 17.6572691827 -6.19044446386 -7.45915963159 
-8.75821421201 9.25022640275 -8.41088351003 7.54778850776 5.29111285421 -1.0975763844 2.12391857538 14.7329507905 -3.87780697226 -6.64484486199 
-14.9806350987 11.1033891276 -3.59416398029 7.86185599775 1.92308102685 0.644726701499 5.67926962056 15.1765324991 -2.08802777515 -4.79218719156 
-12.2819440527 14.6873284886 -5.63454800054 9.72781667182 2.80982716075 -0.138822434333 5.75418317836 16.0258677754 -3.72825116361 -6.2947337342 
-5.62113546582 14.0470213916 -7.43729064543 8.59438781629 2.67257372465 -4.78022885762 5.58482090587 12.2524945347 -7.61011773075 -6.68048757519 
-2.5374753988 16.3741979495 -4.57749987453 7.42085467659 2.98684988872 -5.9930080452 7.25830907684 7.48063865974 -5.07490967013 -4.65668764386 
1.24957373354 17.1932566724 -4.24074004963 4.63381217124 3.16732255459 -6.52665778593 4.21348351164 4.75740651276 -3.68840573505 -4.32740629111 
0.580689424695 19.3054970527 -7.79595107277 2.33209719245 4.88981235069 -7.67512568067 6.52265728593 -0.0221444453991 -3.56888174597 -2.5477251204 
-0.711215582168 21.4117334409 -7.40691695993 0.512967804557 5.08777761539 -6.70591838089 9.35377888224 -0.166336459818 -0.178527365276 4.58207888007 
7.83625574246 14.9088554501 -10.1051863502 -2.11520978359 13.3092535147 -9.30329292456 8.61486902041 0.536986417471 -5.92054863113 3.24852684412 
11.0877909409 18.1550848352 -8.23774487245 -4.77689344989 12.3607396304 -7.86154662025 6.81524857324 -0.809340970818 -3.38380697789 8.05386992394 
14.4107883274 18.3225833166 -9.19698148337 -6.21876676063 11.6838800135 -7.6549379279 6.01812298914 -3.09015657775 -4.44628076148 6.90591820719 
15.3554144642 18.3105181131 -6.75444817366 -5.31385871516 11.0404322747 -7.06232819615 3.39854059631 -2.29047035523 -3.04623544101 5.96527271492 
17.3571568607 19.1599493226 -9.43494996305 -1.83335688514 9.95063367492 -4.59208757915 1.3335892835 -1.96647128465 -3.17138762264 2.92099839878 
15.4672374076 17.6304488086 -10.4432010472 -0.798173443086 5.70789894972 -1.24593679239 -3.3420443634 -2.98371117414 -2.48641015117 0.297321831221 
17.1770430325 18.080631465 -10.341058001 -3.53472736211 7.86560599134 -2.50490789652 -5.3474822994 -2.78874311578 -3.91055412692 1.65126226663 
14.9985295202 19.4256873785 -11.7036574095 -2.35576416553 4.15538184596 -2.36999386137 -0.0218154150115 -5.06378487628 -0.46984088082 0.16561485296 
17.0051003336 17.8960922459 -10.4274958464 -3.70458459629 7.63336414196 -3.01515671271 0.168016962151 -3.60098780229 -1.88865254057 -0.890312600865 
12.5797002869 17.6296327913 -11.3848192105 -2.24677914488 7.84199639788 -1.34390693643 3.62333993073 -2.24590326432 -1.07947700586 1.17749323327 
8.36495534242 21.3397878227 -11.1543157943 -0.342896584252 5.98437232787 -4.29314715251 4.51892748241 -2.38678216799 0.480692086087 4.55940397824 
7.74275792004 23.1187128662 -8.25549933938 1.41592155576 5.69053737977 -5.93212136886 4.43174371386 -2.10126479514 0.884166510375 4.29413100172 
4.91814851102 20.6834892958 -11.6472951692 2.59545930292 5.42605914542 -9.50461599183 6.083334153 -1.18391640159 1.7696925813 4.08298631941 
-0.175360653503 20.6384812342 -9.6616145946 4.80503288919 4.78382139109 -7.16184598451 5.10628474827 1.60480798729 5.34057685558 8.40156988958 
-8.00942616685 19.8130691687 -6.68114009612 5.02839930669 6.48620915475 -6.53326485945 6.58974677063 3.2180227609 4.54086721726 8.88451610101 
-9.86319905297 16.5553227896 -7.42298690227 5.84125024975 6.74439195075 -7.37949824963 5.31337169688 3.77971536703 3.32225099097 6.84417780077 
-13.0745295558 17.0451376874 -5.76952577911 6.72675860785 8.00956784511 -6.75132944164 5.25327353998 3.68706420234 2.12182994553 4.48522416428 
-19.1910958498 15.0495187384 -0.577318594272 5.6120150144 8.4827898798 -5.39028952036 3.36093950063 0.684340153555 3.70066611809 4.35489422972 
-23.9088503302 15.4062388011 -0.756112753767 6.06426469594 7.31419944085 -3.33700471545 3.72454835216 0.522626251146 3.24886447881 4.54012444433 
-28.2824397274 13.4955764362 -0.191880423776 5.56451680649 8.47291251164 -0.787175282478 1.13851228338 -1.75352406854 4.14760552731 3.95742322521 
-26.5766812416 14.2738212389 -2.8228613252 3.47587367861 8.87254604814 -1.82606946432 0.011794836656 -2.88605592387 4.50168412925 3.42858042475 
-33.7621837932 10.0775106356 -1.92352485411 0.64498898021 8.89134563452 -0.86988795396 -2.31499974958 -3.95055460751 1.47452961913 3.25867446215 
-35.4168217158 10.8835453716 0.797780907005 0.557793966451 7.41287100305 -0.246274181347 -2.97505744998 -5.52414476667 2.41201007432 2.26212855505 
-35.1961988102 5.65035909013 0.227339449758 -0.117029916318 8.01907744344 -0.393322678584 -7.86992872825 -5.39604898692 4.93779074159 0.823969783966 
-25.6441384259 4.15886040588 -5.51169986156 -2.05159649042 11.4439295229 -0.121429017865 -9.16870475696 -1.19109075194 5.88875667072 1.57300068025 
-26.7013177054 4.52532919066 -6.80610516218 -2.25867746061 11.9270579343 2.24800608281 -8.16594521244 -1.58679374504 7.16142899594 2.13701258204 
-28.1008063776 2.70805836415 -10.4709937728 -3.94540540129 7.73046609553 6.00718496612 -5.45199438197 -2.9052508706 7.70627610375 6.27307396827 
-28.3200354036 0.304437560778 -17.6093624413 -6.40543074923 8.31957670373 8.63094137475 -5.84673810991 -2.36962646853 10.4573857828 7.23915419964 
-26.2508346181 -2.1966496636 -22.2339248282 -6.25515596924 4.23490754473 9.10131217199 -3.27872161399 -3.38694478832 8.26352967106 5.53384496667 
-20.4504376108 -3.15747379464 -24.4680253808 -5.77180842458 4.67602155589 8.37400153435 -2.79603445785 -1.24221827145 8.14655408194 4.86955490027 
-15.736763439 -4.75184234275 -23.9783575423 -6.74554127475 3.77855894863 6.61580293684 -4.30772089781 -2.86272927724 7.96765973739 2.02098011149 
-10.9707958014 -3.98108245829 -26.9341422796 -5.35808156585 3.29271178261 6.9917525605 -0.0399796082442 0.685746205233 5.24226207518 4.84403501144 
-0.390415060663 0.944547497432 -25.3157617172 -2.96337753526 0.755557760574 4.96074254163 3.51086347301 -3.66865336495 8.02525407143 2.52452739424 
2.29348085032 1.85945432385 -30.7005017795 -2.66082891732 -2.48010276421 6.30380852022 2.34834365014 -5.43227590481 9.38074603224 0.467830203105 
4.3093500084 4.27033163019 -30.5477757501 -2.73220530338 -3.32585001957 8.90530189619 -0.100904227482 -4.93803504963 9.82083643268 -2.40357053454 
7.13222630101 5.0387594057 -23.7576150052 -0.920313844101 1.64324405064 6.24271147975 1.24310321465 -0.414818223725 6.28938338088 -8.78656356252 
9.67326701702 10.1312237268 -18.9374886268 2.04509104919 1.84761149491 3.62266550369 -0.537035882057 -0.142420558397 5.76919411328 -6.76311112314 
8.59866657388 11.7291585551 -21.4891742697 1.69275602701 5.60206853444 -0.272203904626 1.67792513994 -3.34662801084 4.58283062102 -4.39550706121 
6.67301280337 12.2213204368 -19.8844192236 2.84146800348 6.03192853911 -1.74788096834 -0.0796855383641 -2.18223086348 1.17379800368 -5.70825126716 
6.90475218012 10.6718829524 -22.0771457476 1.28358835633 4.00101821576 0.88639981609 -0.894480453555 -1.14013033857 3.44793773548 -2.63765757848 
3.20662509296 9.30972779511 -22.5843087601 0.694421024525 3.73015626954 0.664798799972 -2.24385018628 -0.144320380115 3.85042143843 -1.01392416761 
-3.13719025319 8.94197093146 -23.9467919021 1.38922348594 2.29814292817 1.5516365843 0.483151044701 -3.10315462445 3.99359989523 -2.01669408027 
-7.9096359026 9.72644973695 -21.0428953647 1.0557068324 2.89683720099 4.48420892069 0.0495821323091 -1.66844215075 1.71193835651 -1.20864145671 
-12.2507930686 8.21784646228 -19.890773899 0.330434361033 4.16044737746 2.95034901212 -2.08872430148 1.48849747766 0.0973995044343 1.93822241569 
-12.3513344061 5.44959471978 -17.7755494952 0.805248138979 7.89032776021 -0.683660342158 -4.42350306111 4.15986888263 -3.5140411287 1.5240966841 
-19.5004667279 1.6360786807 -16.8737673965 0.794913930247 8.50934940073 0.531583047469 -6.45322228671 6.12625677468 -2.44629588095 0.931316155208 
-25.42050928 -0.985103486307 -15.6486897224 -1.35095911739 8.93553154615 3.26913627721 -6.57249108702 4.81614232943 1.32701990172 3.94192017535 
-27.2018317019 -3.1105783328 -14.2868116734 0.101199679453 10.0025877974 2.29500537425 -8.19707398529 6.18828375953 4.43779806797 4.14855372272 
-32.4173379907 -2.22738510252 -7.63707941235 -0.670176184451 8.03779185531 3.35025178841 -7.11592284072 3.76971704769 4.74954134642 4.09493882656 
-30.3211077467 2.61347056426 -8.77417847372 1.70845275095 9.72753742477 2.68266565107 -7.17049155761 6.03076264145 3.85162523301 5.3638705483 
-27.310935033 2.67555813978 -6.54422676463 0.612821962782 10.6046633879 0.305535659618 -8.49239917744 4.87641680018 4.3935444382 4.50459464809 
-29.8695693752 4.21300069518 -5.84500340326 1.9989396486 12.5480211565 -1.2231408704 -7.81883202033 4.47854385969 2.24635993087 1.52238200283 
-31.9243696499 6.96019661824 -1.8952373185 2.41512692823 8.03947186774 1.12656908973 -7.74531226369 4.65751244315 3.33851180523 2.0701613643 
-28.4751312213 7.01464199582 -4.48929242848 3.09107050482 9.13662991648 2.23653439009 -3.50453505224 8.36188408315 2.74687444503 2.44960617526 
-29.7821984427 13.6116766179 2.41591181007 7.77000682396 4.32975888463 2.77572345275 -1.94470749135 6.77529780031 6.0153252965 -0.473641271064 
-29.8771617159 13.8457335712 3.14770587863 5.79320438472 2.94427970246 -0.448197009502 -1.70723379417 4.49177158899 7.32537604723 -0.612783542855 
-29.3778707799 19.1177128824 5.07903141178 9.15928737442 3.19464990615 4.40565940734 2.31058652995 3.28306118545 4.3534184558 -1.02507630894 
-26.4579949132 19.9852952057 3.85600605254 8.82633772574 4.90080141667 3.31729806141 0.322495439606 1.04872533138 4.29586097667 -1.58873930196 
-30.9370580455 22.4999714439 4.99410801139 10.3807847435 5.33696081522 6.4352299125 4.27369766404 1.68312649212 2.81583278572 -1.97888381678 
-31.3163020943 23.2334286282 7.08141665495 8.16708930054 6.73312186935 5.0028559694 4.98762026299 -1.27371984116 4.05604786523 -2.21402331267 
-24.7323135263 22.4650648984 4.0620926214 9.93958842655 6.80677845846 2.11487682957 6.67654127389 0.611120210577 3.95708405582 -1.22034039241 
-16.3357128223 19.742886789 -2.02861313392 3.71988516849 11.98314693 -5.25806057938 7.35204902609 -3.22391519656 2.3525976742 2.87644204082 
-5.62915491347 24.2399581899 -7.20684769224 3.21224986485 12.0754976796 -6.2237287109 5.83764050344 -4.20558891638 1.68259375389 2.57256701703 
2.67860404564 22.5630339778 -10.3850013204 1.34954983681 12.8570885182 -6.15098828313 8.1179157873 -3.10292282072 0.132157755319 4.06664740482 
1.2560961443 24.7244571398 -8.20725287194 0.113203679357 14.1968155519 -5.16411961975 8.29424487303 -5.18181798294 0.228131975272 3.36373751745 
5.49962255231 23.9207855364 -10.0660709488 -1.00420857871 13.2597637992 -8.94627129279 9.93624434011 -4.90556092482 -4.82822781367 4.61260219633 
4.72395909987 26.7771524087 -12.9217449037 1.56776696284 12.1238333931 -4.57967708397 8.91672861142 -5.73898973969 -3.48112988441 4.35225648568 
5.43899139021 25.0588959586 -7.92560983444 -0.586028092681 7.08104955736 -2.00659565277 5.33924521159 -7.6581081052 -2.2463940802 3.00628644463 
2.82585229587 24.3325017238 -8.07999148861 -1.38421570681 2.37221159542 1.43328929086 1.85074268952 -9.05750840633 0.751087862593 3.71698131375 
7.56961859425 22.0706415975 -8.62219720824 -3.3664464801 4.93713334163 2.81299864189 1.18398937634 -8.15278722321 -1.22275558022 1.33058774241 
12.522208056 20.0771086822 -6.58648590372 -4.07352884739 2.96187586911 0.707195209474 -0.569630964684 -6.43171484905 -1.9992577203 0.108306981386 
19.6174853109 17.6108201761 -4.85286893874 -5.30488306951 4.33235019263 -5.87188787971 -0.580462374716 -7.0606437075 -3.68575897191 -1.58524969395 
21.6593367869 17.6545515932 -6.66190154758 -5.11728385337 6.55614957234 -4.10638120151 1.13340135268 -8.22334047909 -0.860831784604 -3.98742565628 
15.9375357652 22.1781648348 -9.38880275656 -1.38306378808 6.78184458406 -2.36387718601 4.54043157744 -11.1439851008 1.65806691757 -5.44465402329 
14.2634209924 23.9966624955 -13.4501726415 -2.10028704728 3.55553451405 -4.47067876676 5.62156648829 -12.2476777853 -0.671052106866 -2.79137622149 
9.07305225519 25.4577124614 -9.93568504612 -0.0263272313768 1.74495032671 -1.38007224302 4.49483854823 -9.13425972478 1.53015912969 -2.58864337904 
9.56540264707 26.786610286 -10.6602335681 2.54295729739 3.05937315234 -4.22030627563 6.47070465959 -5.77189501808 -0.562087587975 -3.18896509354 
7.87226599776 28.022558569 -11.1991497719 3.66098486647 7.0557016803 -4.80738687448 6.73122505111 -6.7599183137 -1.7533871694 -0.377548629622 
4.84450586124 27.0687341534 -10.9870740996 2.27086187428 7.97175412178 -5.22004218171 7.60586867164 -5.71228634082 -0.994432872819 1.63367447758 
-6.14701909609 27.1254667167 -7.2605840956 4.03727448315 7.86797021003 -3.16794423329 4.81095200142 -2.59937482393 1.38509556554 1.43300137854 
-12.4635260961 25.0024365815 -4.17432784174 6.61776969898 7.19514347092 -1.10979642851 3.78074513516 -1.18043070177 1.54269046281 0.577181666261 
-24.453013453 20.6685329191 0.0600049467325 7.83903491828 7.35135816456 -1.12941720965 1.97151814403 -2.53723328892 6.09374648985 2.46103282677 
-31.7179775616 19.5804198108 2.67661171891 9.21732724347 7.12673136711 1.14945642033 2.70348206281 -3.81208378941 4.68206276352 3.37552287115 
-31.0641916051 20.7262473328 2.49499448251 9.43535072437 7.25042787128 2.36274813057 3.09550753738 -3.1433696565 3.19881481146 3.25339564161 
-39.9301007301 15.1502108313 4.00829875569 5.11672929524 8.80870809846 2.52038407978 0.0280283065961 -8.48523039294 4.16444907693 3.35838050619 
-38.9648480563 12.1151839061 3.00169154062 3.12201606705 8.08662904522 2.61443706536 -3.81220274567 -10.472087363 3.91527342405 1.92745061631 
-38.3559293583 8.88835503736 3.65463688548 0.852751794949 7.88494220611 0.24391576613 -5.42220789072 -10.9638002555 5.59375031446 1.10483353456 
-37.8441685747 6.66708900049 2.0145365212 0.61824415615 5.78171979877 2.03075412623 -5.31461904184 -10.2386611527 8.12960291783 2.41977178041 
-33.0541603199 2.93856375663 -1.11956392118 -0.983839470136 6.57017643094 1.97056533436 -7.27871220303 -7.81271702671 7.17122775418 4.21068392018 
-31.844524463 0.622546722054 -5.52708074643 -3.24702455527 8.27462112589 3.80753026751 -9.24613289962 -4.74560687061 8.77711237024 4.70871401023 
-29.1807104595 -4.13957025392 -10.7667678721 -2.35310126567 6.42136274047 5.02023099856 -9.87761739925 -1.70366640931 5.38715488411 4.20669751467 
-37.8273776062 -5.8016540113 -14.1956634197 -5.24809286793 3.41324139836 11.6708020931 -7.02839436251 -2.80458408792 4.56106996123 5.91719355321 
-25.2183788494 -5.49047179227 -20.2622507654 -6.35571327322 1.28394988506 11.9737866583 -3.36249968609 -5.76601339679 5.61432913352 1.79337549028 
-18.8922332854 -3.40403581042 -25.406913204 -6.81382393509 2.4694770197 12.0537731033 -0.236892447914 -6.66406398541 5.98107851621 -0.241729673975 
-15.4751675643 -4.8683624872 -29.4401390826 -7.3835584045 0.985554636713 10.9540013253 3.30958641924 -4.86567508599 3.6282166184 -4.32578026928 
-9.68361512416 -5.41427724215 -31.6662216166 -5.60688141691 -0.520099795377 10.7543755988 2.95874478931 -5.26767921878 3.84338863406 -3.51504971435 
-7.12109955649 -4.71784721235 -33.2184770598 -5.18070186937 -2.52826945194 9.96750947847 4.55751100657 -7.50155152104 4.63600029632 -3.45165234168 
0.905922171261 -1.78431054846 -35.9974811221 -9.70546470273 0.0721944918417 13.3806324977 7.78631147019 -9.63405426093 7.83455593023 -6.60086512004 
0.953998577636 4.14171215708 -32.149023035 -3.94929116727 -1.9635496575 9.17503827418 2.82370691151 -5.33107916054 11.7835194699 -2.2002504894 
3.02519465039 5.93585334165 -33.054230159 -0.178972814783 -4.95173502321 7.78507420083 6.60241013262 -7.91517303402 9.86843148519 -0.633238507392 
10.7744969938 9.14497923067 -26.7340968043 0.305066935983 -6.08744504528 8.65311343592 0.981387072094 -9.93148676838 15.8082956074 -5.74850797619 
9.69198624116 12.8773542676 -21.4653117666 0.956455596891 -2.11949905829 7.23252432668 0.559943506809 -10.7837003374 16.3926857793 -7.08347007858 
5.25464656574 9.46610854159 -21.9547133619 1.01315418086 -3.63608748425 6.95847467106 1.57062723746 -9.23100143476 14.0382421194 -6.27821329163 
2.52350136408 7.78711875955 -17.4183838889 5.63741843068 -6.67686734255 2.6068050667 3.38530523622 1.68559390001 7.04555927403 -7.1141890791 
-0.351514865765 6.33655931647 -21.1104994965 3.46038265319 -6.14371016806 -0.880681859826 4.3776020019 2.92154302846 4.60738437717 -4.53858049594 
-3.03658028189 1.06451574971 -25.0268167597 0.260974157663 -5.6371676682 1.73662886904 6.134532023 0.920308162561 0.464329965806 -6.57842482471 
-1.39515469975 0.179914304495 -22.8052416646 1.611721735 -3.15830652317 -2.27361047041 5.22344150731 5.23291292728 -4.36397599365 -5.75146225006 
-0.264312520128 2.40702012836 -17.0656129245 3.90521621515 0.994982688558 -3.01758686168 2.31954905863 11.8188856484 -5.87616402687 -3.68357795042 
-2.42575702218 0.797207943204 -14.7933162282 5.55774409356 0.317799571606 -2.95422541125 1.81229794007 13.6687633305 -8.99159472789 -3.97716261986 
-6.36538052174 -2.22462640253 -12.7739806445 5.50332732258 4.4219302254 0.0618357690078 -0.375937521603 17.7183872062 -8.84590910999 -1.05690406229 
-4.46753793714 -4.19386632281 -12.4116344174 3.17074648748 5.67019689728 -3.90413051368 -2.5633329794 15.7726651746 -11.8330943659 -1.3213853332 
-6.35438962858 -6.38505289981 -11.1811114095 1.86630967689 5.82195621161 -5.34715311414 -3.58359679897 12.2990765928 -14.0738669186 -1.39027993981 
-13.4312138728 -5.85956426676 -11.837076862 3.97792101544 5.11986216886 -7.17194164545 -6.43428949245 13.7545436674 -14.0994401087 0.280323137074 
-20.4344273066 -7.64147137154 -4.83618141003 -0.684739475805 5.25898487497 -3.12737415239 -8.51527279312 10.017992133 -12.5183771281 2.61193169985 
-25.0375468893 -8.50999456311 -3.22217543799 0.534742530575 4.95919042 -3.92933730438 -8.1119185405 10.0362939771 -10.5656805937 2.2062558786 
-25.7034874903 -5.94481598664 -2.01794361846 1.40083979653 4.09347162959 -3.76958214935 -8.03477129207 10.6235207954 -11.4858462744 3.66707250588 
-24.7789195449 -3.62699826334 -2.45825136517 1.21607363156 0.996004628667 -3.03606147897 -5.48757057649 8.88961456175 -11.1616529917 1.60793914009 
-21.682083098 -5.62035929438 -4.46429173695 1.81231902465 2.90093745539 -4.58258939218 -4.34023866452 11.0932880309 -9.72792821786 0.977651761864 
-17.909872531 0.00306063878783 0.964079290985 2.77001461635 -2.13188555157 -6.8996340423 0.791069275941 7.85289166525 -7.38208141387 -0.26804546599 
-16.7908075585 1.74335288751 -0.616787938889 1.83613044613 -0.168809772573 -7.8340094392 0.324236361494 6.50780918221 -2.56861520326 1.00926370401 
-19.774894924 6.5709367854 3.10523722846 5.54326600123 -6.33951895372 -4.95572647705 3.3811051112 5.33120771973 -1.9034322988 -0.361667530437 
-16.2379145644 10.4444570989 4.50899997828 8.28817713153 -7.33133814551 -5.04270295696 5.22241718597 8.93649818315 -1.2338553996 0.115493161504 
-19.2395845224 12.7832616502 6.16157196772 10.610413469 -11.0932532811 -3.81086402838 6.82545196089 9.32183840419 -1.57562398247 -1.77861507873 
-29.0182461225 14.3431480907 11.8299349898 12.9385225377 -15.9614968904 0.701885655455 8.59784720168 9.38210510629 -1.82161895012 -2.53755086806 
-21.1030274145 18.6843627592 9.24652098622 13.6964682835 -14.144465041 3.10026101798 9.08505590557 11.0702183161 -2.92559808613 -2.61410476411 
-13.7578412596 21.2553709265 4.15066058813 13.7598627877 -11.7549612848 3.28808890954 5.09190015387 9.26244657666 -2.4926824069 -3.39910417922 
-7.80647447807 19.479593029 -0.370884945625 7.81113088977 -6.14318736058 2.93229734737 2.22205746103 5.90579615478 -5.24727350271 -0.570956195025 
-5.40303795672 19.3045983624 -0.103216187076 5.00447553571 -4.35748002609 1.82928174734 2.61915030163 2.54871305515 -2.85660721453 1.73955929771 
-7.42951552442 21.4495944701 0.481267641271 5.42931036698 -4.95075342661 2.39308836288 3.05394647302 -0.111637175895 -2.97117115339 2.30711377069 
-0.868367100288 19.4279160122 -0.818330327429 3.30497018934 -3.1402371182 0.716167808277 2.87852903193 -0.602264305023 -1.42259879185 3.06420133269 
6.67660917551 15.6335826443 -1.91613169066 2.05363653529 1.44004584186 -1.74215052439 4.13384779175 -0.588035271224 -3.587492634 3.61707631696 
10.6307854914 15.248720482 -1.61401867411 2.03071764019 0.726005947973 -0.973039813211 1.49737043814 0.0166909486846 -2.4270393691 5.76300685435 
8.84038106538 15.5826637756 -0.374532598328 0.912151545459 -1.34544359025 0.139065194851 1.81815849706 2.98409545995 -2.03148674227 9.07469055777 
15.8557918261 13.2065451375 -4.15758817208 -2.99201296909 2.9912615196 -2.19824118929 -1.57993173204 -0.649734871629 -4.30757613799 7.81775877352 
17.6920537223 11.4153760762 -3.60548216494 -4.66926630755 6.76976987268 -1.46297079734 -2.47452488317 0.258264948846 -2.16713344634 9.90968235958 
19.8103156617 9.13769557495 -2.42044641421 -5.53694757394 9.1338030996 0.667106829269 -4.80589557023 2.09547781252 -3.15682050653 7.91290944272 
18.21961986 11.1249345968 -4.6374737329 -5.99021094702 5.26272946781 -0.236396866894 -4.94911759311 -0.583723360756 -5.35658132525 8.83945698705 
22.1829071717 11.1483280381 -2.40108617171 -6.51527611514 6.21496924182 -6.57898958085 -6.50111437636 0.463059100299 -6.52087643847 3.12242996277 
21.9066611469 12.0047684663 -5.90811350925 -6.57122439602 4.65325716337 -4.80301645087 -6.9792706413 0.0630841246911 -9.28421345721 2.20378847326 
20.1046724006 12.3356254738 -6.88931010289 -6.95149723049 1.68352686064 -2.0333609742 -4.29761185325 -0.546417618168 -7.87453669165 1.94172877658 
16.7868193057 14.2890360587 -8.50182768617 -4.59510342632 3.15911735349 -1.93867717974 -1.13562548318 -1.54434949312 -9.0223827234 4.98324722692 
12.2916484039 14.8135881911 -8.3708470363 -2.45776848301 -1.48790696239 -3.7971689624 0.523099057839 2.08376630771 -9.56383401007 3.17792707151 
7.49876812044 18.3131970389 -7.2246156206 -0.192572598214 -6.85688834305 -1.80697210177 4.35803601777 -0.335136764038 -5.89597650619 5.49330522294 
5.02272412798 18.4527997186 -3.78997738037 0.97881548009 -5.02507799507 -5.54382314367 7.31159507304 2.45392866083 -5.43997432823 5.53107693786 
2.61052684998 19.5973507633 -4.38756609053 3.88001157068 -4.0929318165 -6.36504338422 10.577258626 3.40152136328 -3.62508463751 6.24303718717 
-0.118382020241 21.3743610947 -2.48268463173 2.36579323549 -4.81134772124 -4.21829049101 9.51712919755 0.988228046248 -0.52175960289 7.11195508801 
-3.96645869436 20.7234358375 -2.09437377798 2.78577856507 -6.69633616978 -2.1214713947 9.45476821649 -1.00682521533 1.03627494322 5.50241348698 
-13.2909961871 17.9554663063 2.85554752312 4.7249637896 -5.90440770104 -4.06759783475 8.3053803977 3.20326859809 -1.62295953198 4.59139181513 
-16.4305897717 13.7979887466 6.01126827073 6.58083217202 -10.0720457022 -1.97949489775 6.98344584139 5.04862030195 0.18649614017 4.00875634314 
-18.0640320832 13.0154714079 4.23956429832 8.0273951206 -10.5175374499 -0.725069146479 7.39687429307 6.2146920634 -2.97073740324 3.15711924064 
-18.8457613015 10.8484832078 5.40118584523 5.5121732439 -8.16004633689 -0.00354546940658 7.06926228068 4.77441471992 -3.45324363042 0.366189402318 
-17.8825602925 8.30723212075 5.11874143618 2.93831415041 -6.40413122316 -0.825546608856 4.35172267761 1.27791224498 -5.67752123738 -1.05975361394 
-23.4462917081 4.2297126031 10.1979932846 -1.95519058435 -3.92786581126 -0.63153310669 2.61847954035 -4.58855055769 -7.90031579444 -3.48752245258 
-29.6129981431 -0.135339272349 10.6258211219 -5.06053839507 -5.11358183369 2.03182270754 0.588199378108 -7.52191807412 -6.74186031415 -4.36970174431 
-35.7689870453 -0.896494404812 11.420609713 -4.26630581282 -6.57902887757 0.875595165233 0.401596854488 -7.99834889935 -6.50583426181 -0.794727994819 
-34.5334804356 -1.67116067534 9.91122836214 -5.01250636647 -6.10587787125 1.17611086077 0.0842805488892 -9.19945500534 -9.30042755998 -1.65119436653 
-35.3902195026 -5.77487283275 7.2959439573 -6.04947226243 -3.72640662393 -0.89857165371 -2.16053732339 -9.32261854864 -10.154608002 -0.861535572446 
-32.9237968459 -9.35853326263 4.87498857167 -6.95821345594 -5.03878885958 -1.31638111706 0.666493027114 -7.10165240611 -10.7106180383 3.78582749136 
-23.378027015 -9.88392526231 -1.87564671833 -9.64846906546 -1.56094097289 0.97017446568 0.324574305347 -5.46872721158 -12.1708994869 3.95560635987 
-22.5331314657 -12.7976305804 -1.18408673986 -11.4249210965 -2.17036228817 1.36847277738 -1.98556380523 -7.33900624239 -14.5033933851 3.80765356055 
-20.4594664119 -9.63960261596 -2.61608111904 -12.4288930175 -3.10243869458 4.30774674565 -1.24582641958 -7.18911089407 -14.5783169773 7.32788723216 
-13.564066072 -9.8002908419 -9.13867118956 -12.2816377962 -2.58398965278 6.1848589571 0.0501970804516 -6.67425207046 -16.1536983734 5.04389669725 
-2.40966409932 -8.56989458557 -9.67543551381 -13.1251256822 -1.39249029538 4.19136311521 3.24504809319 -5.11135341663 -17.1471019467 1.43298754458 
3.70752708777 -5.41976285442 -15.0517876938 -11.7260730661 -3.83003989306 6.2283580262 4.70891224904 -7.47797432702 -16.2542007053 2.87009374271 
7.35550106315 -6.38458295599 -19.0106003967 -6.00266857527 -4.45038723014 5.05240886708 6.23476272026 -5.56164494637 -14.4333175088 1.74185335996 
8.0414746062 -8.39596286656 -19.1407810222 -5.12144151808 -6.66951192551 2.31069801959 9.35963117231 -5.85053366547 -14.3717631537 1.78237813274 
11.9671585959 -4.0477184483 -14.7964676024 -6.58167530826 -7.90174049941 -1.57317368571 9.03990897954 -8.06374883687 -10.8040288243 0.175091263864 
8.84929150729 -6.93633484605 -15.7226096386 -10.4725009161 -9.27586033854 -0.200522346022 13.9660054215 -3.50001496811 -17.4891080839 2.82939516285 
12.1201869452 -4.8598705833 -13.8768568263 -9.71852921282 -13.3342454754 -1.18429521214 12.2557533998 -5.50919069114 -17.0180776864 5.3047762527 
10.8105278223 -4.80373557803 -10.8927737251 -9.32023750016 -6.45152393554 -4.79702488725 12.2935745027 -2.63876898417 -19.1525018619 4.53030336134 
10.4929938445 -2.19196296851 -9.81988037834 -9.24312550004 -2.96855477704 -7.75633993954 11.7469038423 -1.97237877801 -19.33842853 3.59875165339 
10.5837252989 -1.63300847507 -14.7337604467 -11.979283059 -6.73038702401 -7.42903105368 16.5156810037 -4.93487911155 -20.4343152147 4.81346337898 
7.11751541985 -1.72142784453 -12.3146420875 -13.2415797941 -7.27736158357 -1.79665591402 13.4468278581 -2.81690724999 -17.92437773 4.28537196767 
5.71068316413 -3.35894548885 -10.3119591028 -14.3278303894 -5.74082210281 -1.30050654049 9.93120844054 -1.76427354061 -18.4760765046 4.18023758898 
-0.0982001825304 -6.45769264395 -5.53669532594 -12.576526914 -5.1330888373 -2.79977605824 6.79965286922 -0.882241762106 -16.9623695015 3.81363258222 
-4.00955952351 -7.12309636178 -2.33632267837 -12.4492223527 -3.02165503971 -4.0018156855 5.08223666733 -2.5182416371 -16.6715204267 2.06422062865 
-10.5185421911 -6.73558053129 3.32784199216 -10.5083153292 -0.867119508923 -6.40197945087 3.36627072447 -4.99304663762 -11.6794923292 3.35241987235 
-12.0479995439 -5.89433219262 6.26592731983 -10.3562855132 0.853239657001 -9.64061951184 -2.51727335541 -7.03003708541 -11.7000997858 3.92794749945 
-7.65754864655 -8.03981110426 1.80870287589 -8.80722161115 0.932509559779 -8.11956543586 -0.045969111814 -5.98767005893 -16.4363677175 4.4013238224 
-13.877359986 -7.9958845 6.43959776971 -7.38898241597 -0.3451121696 -6.19621835337 -1.52045873229 -4.81737322838 -14.9762332148 4.30560500661 
-13.0632782151 -2.13288484314 9.60755288026 -6.82737481276 -0.804524906927 -6.4099902192 -2.52829859609 -5.44742031224 -12.1205092078 3.77884992712 
-15.789827724 -3.41172935051 9.79652760134 -6.47284149254 -2.02727929814 -7.40009690855 -3.07709585499 -3.2288199701 -9.79853332136 6.26987931216 
-10.0280583924 -2.57669124237 10.0936688222 -6.25038515375 -2.41164061102 -8.03534004311 -4.22535177303 -3.87403714565 -11.051233287 4.78661848296 
-9.68407684843 -2.18887865323 11.3529077916 -5.64499885507 -4.77436672781 -6.19839384337 -3.84146465197 -4.0599923446 -10.2352974294 3.53153134431 
-15.8606426893 -1.55223306712 14.4441147853 -4.76171472971 -5.34991261511 -2.54282733749 0.289253654273 -2.58363372814 -9.84935962291 1.62403461765 
-15.4449669073 -0.391452683354 16.1164901182 -6.91588920265 -5.49956293205 -0.83231011016 1.78494392651 -2.94146435745 -9.93408227806 -1.31627495791 
-29.890577806 7.45737193506 19.0177694211 -2.92659067705 -11.6790303888 3.48602012798 3.91339390655 -5.27363175384 -5.34383579777 1.07494028915 
-34.477427757 7.34687465232 21.5952385543 -0.682807961965 -13.0140507145 7.70751255474 5.94301712748 -2.55542860658 -4.42751559382 4.00606928111 
-19.7210757632 12.6056775726 19.6297742869 2.58173754234 -14.6056735679 2.60164013766 7.61834397891 0.276082024436 -5.20503977267 0.831173094983 
-19.3297063887 15.9147221604 19.3053565336 5.09548412817 -16.9012225718 1.42579108048 4.76569804086 1.15280976143 -1.39634111978 -1.24521912627 
-19.7441664551 16.6809251044 21.3600157014 3.74512547883 -19.630487754 3.27865840747 5.22432922275 -0.0745202124636 0.398099333222 -1.18864612476 
-10.4517300496 15.040518052 18.8117790558 1.64114691814 -15.8533480517 1.54143667441 3.15997380102 -0.140054831393 -0.718784583271 -3.97717620703 
-7.51195904382 14.0530576659 16.8230162182 0.509975175028 -13.0261502719 -1.30566965377 -0.096539994102 -0.955250827011 1.64875049877 -5.61176448365 
-6.36351030228 15.3653461286 12.0389511419 1.2742830322 -11.3972723963 -6.29615148651 -0.0164215528974 0.352610882773 1.87384182894 -5.26761670661 
-3.82031342551 13.8800488309 12.6796491158 -1.69821766961 -13.3844976163 -2.07659139034 -1.4190664833 -1.00320844431 3.35391737827 -3.1655441795 
-4.1124181885 13.5190963143 12.0436895901 -1.44519940636 -13.8343923003 -0.868097995103 -0.460469152669 -0.246660405818 2.36502483659 -1.78834408704 
5.64802029105 10.3858948377 9.5986192349 -2.48973639941 -12.6548642901 -2.35365481507 -2.95744014159 -1.37753404441 0.601471541652 -2.98493507043 
6.44035827859 10.7232439571 10.834360156 -2.28523544048 -14.9285162323 1.31944969679 -3.88027530483 0.156531278241 1.17011718607 -3.62371559829 
11.5900018972 5.92299305512 7.16307214794 -2.93267876537 -9.20132949595 -0.311520532861 -4.35576947011 5.43529568831 -0.933321057593 -4.18023218403 
15.5718527769 6.75808376615 5.82798978756 -4.15311196834 -8.46829053146 -1.47406267734 -6.40062029999 4.5943958393 -0.038660070689 -5.44163943363 
21.467356082 6.25994381215 5.58293731792 -5.50448120197 -4.7205952993 -4.03287018807 -8.23731081508 4.01485319938 -1.66639492237 -6.51055577355 
24.1548336591 4.17622914987 3.99963073807 -7.44695503897 -3.62859525634 -4.02321563049 -9.3553525419 2.93287363024 -4.62921679348 -6.66892984498 
25.8312044985 5.16376203514 4.08792648091 -8.22213259307 -2.62943105417 -3.72881191143 -10.7394581756 1.13345496138 -5.13355980057 -9.25594806268 
25.9065972695 4.91485130185 4.13851153318 -8.95702173916 -2.1374931889 -1.0789482333 -10.957373885 0.673985819923 -4.26451166749 -7.69616299266 
25.2783487043 5.50070200759 3.61034458611 -8.61140703698 -1.44781100459 -2.36341600687 -14.2431505685 1.26920666633 -5.79058944989 -9.0111380189 
25.4683980455 6.44781919995 3.59877184862 -7.24887326236 -2.02988870134 -2.94332182333 -14.6322544584 0.279357083121 -3.93191527136 -9.99016575417 
21.5633691322 9.04739583645 3.53778150232 -6.09177765086 -6.4401773338 -0.539144085709 -12.180586171 2.12045663774 -2.91245171059 -8.57619307874 
23.1037789728 8.25802886101 3.30795466375 -6.57832980854 -5.43684912672 -1.44285667684 -9.65074142582 1.26000018407 -4.17053732514 -8.65372885852 
18.5396741058 11.3135731903 3.98657439435 -4.63164445639 -9.93968589917 0.652975203164 -5.47279810668 0.818243201547 0.180644802238 -8.93924648055 
16.3250769852 9.80450313408 6.20243806879 -3.79060296649 -9.00443857301 -1.31372205095 -3.98390225162 2.17863604142 0.247996292811 -8.01865274393 
14.0648615218 9.67800875775 7.23004982467 -2.4417382186 -10.525459357 -1.37082439872 -1.61663389647 3.24657048915 0.211667376402 -5.98704246725 
12.0329495607 6.33348380687 11.0847571066 -4.16454439165 -9.17850987382 -0.870310045664 -3.44184072476 2.56287721884 -2.0684552326 -6.11121961081 
3.73095027295 9.9959183778 9.9892186046 -3.89202833378 -12.2435801016 -0.224488502661 -0.658856498074 -3.03186029952 2.17847822438 -6.22747226139 
3.81085075549 8.95552740525 9.91923340803 -3.40279934022 -10.9735064892 -1.40491703941 -1.16841360161 -4.35674725462 -0.157220446334 -6.59616529939 
2.26810274398 6.14308705881 11.9205227031 -4.26472451927 -12.2562377706 -1.07626673335 0.397777397654 -4.48593229344 -0.344138172894 -4.60914944361 
0.190872722828 6.86840117415 10.9500021388 -6.69873012476 -11.3900472152 -0.306711372934 -1.73853965472 -5.66971859138 2.09102099045 -4.08772497916 
-1.36902558506 4.23837887666 12.1713200908 -9.59755979702 -4.67813537276 -1.27052235847 -6.41746683714 -6.25442119983 -3.53655119438 -6.9532532791 
-7.87984238391 4.29088642412 16.44261214 -8.47635807978 -6.24314998177 0.984264923152 -5.79442820911 -6.25041174047 -0.504424321396 -6.09204394214 
-3.97996583101 0.585214280095 14.5255176416 -9.19797231209 -3.18899843163 -0.579868180559 -5.21123720001 -4.72546375848 -3.39607405667 -7.27482364338 
-2.46431327765 -0.81914057864 12.2349502494 -8.48786241281 -2.28860916906 -0.75670368341 -6.20056247983 -3.26065063293 -2.59519386663 -7.81299767565 
-3.04199564653 -4.50992273174 10.4807511417 -8.95557267343 -3.80242650485 0.258062879566 -5.02510225963 -3.70965666596 -1.32620656938 -7.77179376701 
-2.47715167859 -9.3353149456 8.77966947447 -9.62967499304 -3.44388587845 -0.662901504654 -5.82132102181 -3.80369773393 -2.61189885674 -9.4602223397 
-0.0714151383419 -11.3504283823 5.27718417309 -8.63288963721 -2.22864008188 -1.59579614362 -6.4450242993 -2.13724988084 -3.01024662324 -8.20512496229 
-0.420187039491 -12.0948682583 3.64174241368 -9.45826428456 -1.64010539056 2.23827808089 -3.78000809521 -2.57723038556 -4.62973253743 -7.42378363135 
4.42298170036 -10.706502906 4.70571716911 -13.411270915 -2.16386778079 3.3796627485 0.148997824926 -4.00052935379 -7.97887203331 -2.80208221245 
7.53922107506 -8.59605275252 4.53288641295 -14.4397010164 -4.42388989692 6.19036943592 3.25992903545 -3.56406654908 -8.14510602374 0.877455830593 
8.59501489916 -8.9299481034 -0.474995963534 -14.9580154757 -5.14872299805 4.58059199774 0.697761231053 -4.01421692446 -7.21085504329 -0.879417410556 
7.6861079851 -10.187582205 -5.63999390265 -14.5634888728 -7.47073402194 6.2905385911 2.26512999829 -5.9209959192 -6.03300292619 -1.54501955464 
5.96493909575 -11.6061539835 -13.5545336091 -9.24963554238 -9.25738943053 4.18005643842 3.96434715131 -4.0750493599 -6.67972751559 -0.89219696825 
6.46131182106 -11.4320654773 -16.7670410949 -4.47830139445 -10.1888500371 0.403819043979 2.65287077456 -2.15557217078 -3.16197908636 1.15621466511 
3.98278543591 -13.4068783765 -22.6188038141 0.421974963053 -6.70756783946 1.8575541444 4.9217939017 2.2040015588 -0.894658309973 2.01361370608 
7.49311344825 -12.6727778478 -24.1094115208 2.70040749935 -7.16709689081 1.12191480612 4.09726562385 -0.681851875964 3.12518326789 2.48161657255 
9.72823398742 -14.4872281388 -18.1725216218 6.73407906106 -2.7771141116 -2.26654564933 0.34644670943 6.82926543422 0.83514338864 2.13659063427 
5.91621744553 -12.7442096298 -13.9892200608 4.90713680244 -1.42818353523 1.89852187228 -3.69762591946 13.2757795757 -3.21554167505 2.27155607438 
5.10322009048 -11.0688599949 -11.141723748 6.09044693077 -2.38922923574 3.86668205237 -2.23119144703 14.5112917815 -2.32366700983 4.7473011464 
3.03439508542 -12.6501592406 -10.6886663953 6.05877067559 -3.75623709423 5.95439147768 1.05173195596 17.1264975227 -0.0371772617714 5.76870282773 
-0.799714950941 -9.60412269569 -8.63662648451 6.39740823607 -7.72177694344 6.08959747226 4.77273416731 14.9004972199 -0.325542126447 6.79137685795 
-0.532616989856 -10.0633175863 -9.41536693777 6.17471738043 -8.74750886279 0.259706400594 6.98401087513 10.5709673858 -1.85015000402 7.78291476319 
-4.28585811814 -8.77481317694 -9.47284884773 4.51822845002 -12.7081407303 1.53266183594 8.48486565858 8.7365742236 -1.96145411002 8.19529090454 
-4.90489547136 -8.44700084594 -11.4494499555 2.45150713559 -12.5625341598 1.58289071676 7.41779211702 6.03618899722 -2.68417975862 6.65200688441 
-2.29536977649 -13.0684044073 -9.95945261336 -1.57768225041 -9.94005323027 1.66577885843 7.46287030224 2.31450208922 -4.1131184894 3.81352461492 
-0.156705503081 -13.8043346149 -8.38238531723 -2.47648377713 -10.8436946406 -1.6554300524 7.89521254105 -2.77228414788 -0.0079929592751 2.79162058909 
-7.19379620808 -15.1551764632 -7.52045903769 -5.02397675373 -9.51779847815 0.0548476528683 7.24530211577 -3.03030121112 -0.00684108968525 1.8969669512 
-7.40546073626 -13.4407412578 -6.10873021238 -3.66072200023 -11.1197059334 2.28355724325 8.09468414746 -2.85864964391 -0.596669989681 2.77464921898 
-5.37606467564 -12.1752127946 -5.47292956926 -3.45110636174 -11.9825575166 2.87482875511 8.60480936115 -3.28965692025 1.31535783466 3.12584516264 
-12.7112845069 -12.9950868133 -6.3909992993 -3.85648237888 -10.4071150798 2.82528584858 2.77877063175 -2.91232216065 4.3786094974 3.21112249227 
-11.2579157349 -16.2281094763 -9.61700077835 -5.25943539918 -9.10508975228 3.70343104036 3.7897113491 -1.44923862699 1.38072987073 1.91824800451 
-6.29908660457 -15.3882685918 -5.73783615801 -4.11784001489 -4.57275573759 0.819409972962 4.98039504445 1.6300945188 -0.712832420686 -2.6408996845 
-4.80911991702 -12.7252449964 -1.6348588842 2.82062270024 -3.04978347831 -0.263122687854 4.55416126965 5.41574027956 -1.67556797953 -5.08208255115 
-3.89315906995 -12.6710516776 -1.79593687786 1.86037562776 -4.70941244063 1.16982326047 5.31188447913 3.04619730893 -0.464411433889 -5.6479079873 
-8.87396037832 -12.7960830622 0.962594406878 3.7307052691 -3.10459322584 4.07519576126 6.39607045834 4.41167584184 2.77733247066 -6.93179109514 
-10.1543501224 -10.0047282159 3.98850251887 -0.0162090345421 -1.62634832117 4.51347497686 4.32007103732 4.34210497897 1.59143250128 -5.261964593 
-14.7663168957 -9.49023986923 8.8380003915 0.655346016014 -4.30494119428 4.13364519699 4.9402326322 2.41982005448 3.87962951407 -3.41929615771 
-13.2495333118 -7.74408591943 10.7954267831 1.37194689902 -4.52501451366 2.62051619986 6.65877922456 2.64939924736 3.76023610802 -0.836030816801 
-9.41227164263 -6.00746530346 9.88390638031 -0.87475502684 -5.85536657218 5.81799892088 6.8058977384 0.708106953228 5.37719350497 0.407787182144 
-3.33897145318 -2.95762016755 7.2333960587 0.861751862644 -4.70441299721 5.98733447253 6.78033418916 3.08307202929 4.42274920414 -2.41547835654 
-3.01184389954 3.00313739732 10.827516659 3.17334786193 -6.18306762555 9.90698458551 4.94245335364 5.29207850786 5.4945086707 -2.54984753582 
-2.1798175102 2.78121627273 13.0119939489 7.22813533979 -6.70502140424 9.47608668383 7.1173830199 6.42294348517 4.45462223738 -0.490600025873 
-3.18177413178 6.32530826906 13.3062121585 6.18980273259 -6.3542558769 10.8617061282 6.01295843433 3.02588205928 2.94577271032 1.28659655845 
-0.735098014152 8.41426199426 12.3603749938 11.4361132714 -9.50541619324 11.3811938011 4.71563338402 2.46923505731 4.11810365801 1.32772152564 
0.750240495051 10.6566645592 11.889099475 11.8923139506 -9.6565364252 9.71205448113 3.79185367459 1.87466631077 1.49202716755 2.32081939664 
4.91431022709 10.5916358927 9.46651736988 10.2304902765 -9.41179912043 7.6930431395 2.59768141714 3.08473769967 -3.2655473558 3.1157482167 
5.87079224868 11.4836601488 7.93057370796 6.50245911644 -11.2630036643 5.84987544832 -1.26100701821 2.54332678605 -2.02230807188 4.56237482755 
10.9146229762 11.4018776519 6.84040088954 3.03531884181 -10.6066070544 6.92236664587 -3.19486558854 4.42335439564 -2.98591605593 7.18637218039 
5.99464270047 15.4588440691 5.53067648863 4.35590802349 -14.7071566421 9.42640775067 -2.60450757 4.0003540678 -0.945859191074 7.98287510655 
7.66328739845 11.5456836732 3.89827758465 0.574415219467 -10.3328339932 7.08700214433 -8.27527219422 0.230846641579 -1.80710891865 5.47404813842 
13.6128025132 9.2575203655 3.23499412669 0.656563071892 -6.5416414051 5.64873222668 -11.4746653648 0.410808564669 -1.87202274414 3.70073074424 
15.8885455704 8.19716095103 1.099476482 -0.658555663187 -5.06664060888 6.52818797136 -11.9516809735 2.08159563285 -0.460554269104 3.790852637 
20.3999244986 6.11744576427 0.294208101712 -2.5070085206 -2.56248077537 8.6571537137 -13.5072767069 4.16835794635 1.75532042522 6.29358374135 
19.2266182008 5.77819922038 -0.90530264985 -3.74540017874 -4.68015265752 10.9460739639 -15.8597563042 4.29154089563 0.721175221497 7.34066558136 
19.8281675037 5.02202258442 -2.46494265741 -1.89070647843 -2.67609417546 13.9470019972 -16.801335399 6.196135736 -1.43440944694 11.6834152252 
20.8229815924 5.58673673034 -1.91428947639 -0.923706861037 -2.91504697275 16.0894177305 -17.554946767 4.0825446936 -1.48768874718 15.1279189163 
16.2729531041 6.76479208558 -2.6719191109 4.31716811977 -5.48416167408 22.5112639106 -15.1347099122 4.56468830786 -0.731649772053 19.237679594 
16.9287511888 5.86988705248 -2.47845911363 5.62171701582 -3.04757807205 19.9043437201 -14.4077428293 2.58352173225 -1.5188558089 16.3721955177 
16.940243663 5.70575746062 -2.16224947606 4.86158382509 -4.71674779097 17.184796956 -12.8852600778 0.565900190886 -1.34918931276 15.1445072292 
19.6591365689 5.41322175182 -0.392069926742 3.29817759657 -7.97540857763 14.6108802325 -10.302159663 -0.629409224573 1.96373438475 10.7032810608 
18.7984399586 5.15316119566 1.16825580326 1.83955765542 -7.03917837066 9.95606863404 -10.5112292257 -0.514307755106 2.16876514992 6.4663263573 
13.2929938572 7.36413235677 3.91402115815 5.54657167054 -8.41887605638 10.8354637887 -3.99725034492 1.30252741002 7.36842474807 9.44315777639 
14.1170994786 2.16429155276 8.38867666334 7.12176941691 -6.00233111987 8.40427045957 -2.53452419563 3.78429702803 4.06740730347 6.2092933648 
11.680519179 2.78365150293 6.30564743647 7.44431397573 -4.11904318126 4.24454303664 -0.460244405746 3.23546320616 2.94578098364 4.2110294072 
7.98627279677 3.79213129452 6.42795291162 8.98903294494 -6.99929675318 1.61059981079 2.5172603561 0.503969812466 4.8328848892 3.98517060685 
4.69032023418 5.29481164803 8.3009432223 2.94208571225 -7.8262443008 -1.82596057752 2.58220033512 -0.635632035635 4.23499287341 4.2490201467 
-0.497833027069 5.52711568104 10.8078015495 0.458312462892 -8.08261497465 -2.5388052965 2.90027228915 -2.48904021603 4.00636609834 5.1100777193 
0.918642048585 7.14018761847 10.3486382613 1.05682073399 -7.22056631386 -2.14817922837 4.49622744106 -0.683799499513 3.20864422863 5.08360801965 
0.815051808763 3.25061714865 11.2294944204 -0.162916508101 -9.4896383395 -0.922735812541 6.0698380208 -1.94419310035 5.08525816286 4.33696784858 
1.88071711898 -0.803465536886 15.4446546042 0.913281823553 -8.60819345748 -1.27047535594 7.57342964252 -4.80399433644 5.39458703793 1.71395781743 
3.14846609627 -2.52964858916 14.422618731 -0.689217071622 -2.18488545828 -2.28933932632 4.9101094608 -7.0953190438 2.79849564883 -0.408111761259 
0.660214810635 -4.12265639023 12.9127237224 -0.803357357307 1.12032407924 -1.49047210632 6.93383480178 -8.6049110116 3.30337737415 -1.30156208238 
5.02165455533 -5.85138229281 8.46448397879 -4.18720099134 5.80654323816 0.101192576164 5.61400033119 -9.54157996258 2.6005284698 -2.3517046148 
6.1609869095 -5.2829589825 3.44732852823 -8.6151533817 4.54865084867 -1.10970771177 5.12353776984 -8.76755250844 1.09212294922 -2.70226037359 
7.63888233125 -9.84354301653 0.537245674524 -6.46097671478 7.4680540762 -1.16014021523 5.98813960436 -5.18153806996 1.48853772419 -4.11001542005 
4.39627210954 -10.7370876208 0.127642964462 -6.68705444435 7.76069403664 -4.47863747501 3.47792524735 -8.20123590591 2.88582693953 -2.87745043383 
4.51038822988 -15.6861052858 -7.82803909098 -5.57272006774 7.66657907584 -4.35153940933 8.0732801415 -8.80913591672 5.60161589236 -3.43654380585 
3.5502483815 -14.8493535486 -8.95348499941 -8.20769133802 2.16112748463 -3.75304208846 6.82012934549 -12.437369642 4.88205894656 -1.668077526 
6.76607359296 -16.8299001254 -11.6316854611 -8.25362546182 -4.02561788294 -0.433990700106 6.85194514926 -13.4809647214 4.56421839318 -2.82744581047 
10.1249902902 -13.6288682635 -13.1166899563 -10.6290810742 -8.14133953847 1.24905326072 7.823595227 -16.6667858546 2.77159284529 -1.80736987006 
9.22723641344 -11.8147568709 -14.1705379051 -2.61050170356 -10.8517435398 -1.00016770954 4.18334022934 -17.0698468426 7.16151255173 -2.44414487912 
10.1976050169 -12.7940266981 -14.264116692 3.88334577354 -8.49749179639 -1.25521831958 1.19450592793 -12.7644839416 5.98774029345 -3.61324048736 
12.8952823922 -10.9128536234 -18.8372812631 3.37622896673 -10.7528646361 -3.64352344681 1.06915767324 -15.1588770526 9.37311773824 -1.38724593663 
12.0006389459 -14.2249974815 -16.7540450634 8.35349970677 -8.42775114489 -7.37030506071 -4.54314685661 -11.1583462601 8.80518267112 0.904124510286 
9.81216299448 -15.5238236791 -16.0187555136 11.162085611 -6.68515742675 -7.88963242489 -3.83767625694 -10.3688719951 9.27422950673 0.145262307401 
6.54113383525 -10.6669639275 -11.3896688702 11.4280100031 -4.44525294379 -4.38008065492 -2.97932773532 -3.67098927068 7.69817864674 1.66905661496 
7.09935411334 -11.0609638027 -10.7313499724 10.6171887503 -2.49026892924 -1.92766952076 -5.59674811581 -1.58837436626 3.24281759544 0.751493816688 
5.37274190772 -13.5115704744 -6.75577522816 12.3408775091 -6.43199756275 -2.91813771582 -3.98433992441 -3.20394128751 2.39853965185 2.97324376259 
7.61827730768 -12.6156300424 -8.3697446129 8.83491068934 -10.3231565236 -5.62746447123 0.323789346866 -5.49307388498 2.61935486929 4.51921648832 
7.97170210002 -12.0801812869 -5.90042398461 11.1985140353 -1.50506152053 -5.95965212364 -4.97687118647 -1.03444977985 2.48187865206 0.796080448812 
5.2936072394 -13.6927590709 -9.38269545577 13.8189421516 -2.63170170726 -9.73195046814 -5.56498325849 -2.31762812134 4.20961975818 1.13556207905 
5.07794293192 -17.8944983007 -5.96853228897 13.6954748873 -6.96536380344 -7.64700197454 -0.320286960418 -2.8673387642 3.03899398904 -0.465018640055 
6.9854026896 -18.1433241979 -1.49488269914 13.4165067506 -6.60310458577 -10.3480476938 0.728476206248 -1.71589106962 1.54008713405 0.205348374616 
5.34662474355 -15.7390908936 -3.32866142968 17.5126794014 -5.83311379545 -12.7205965415 -2.14794709036 -3.57229222267 2.29592102236 -0.737230065236 
6.10351243589 -16.557928614 -5.92441033675 17.4013390135 -3.87424668231 -16.6237599031 -4.48435363844 -2.44711733327 1.48282981311 1.60443542494 
7.04147338635 -16.5659689384 -4.61013630325 17.827262952 -3.42206309665 -16.4484470434 -4.19269274073 -1.35926248186 2.07257685645 3.62747973212 
-0.162595062907 -20.4876341058 -1.15271788898 20.293215728 -1.65052718298 -19.7699193948 -4.40167508569 -0.82073632141 1.95968721798 4.4969974199 
-2.3252905514 -19.0718284951 -1.9987253178 17.3826396211 -2.25019754719 -18.5889526772 -2.27651517114 -0.186969589959 2.03772405704 7.3611419534 
-1.04144000245 -17.5269026219 -3.37427202456 15.617802589 1.35760633961 -19.479461523 -5.25260691154 0.962363527342 1.64686960195 8.23801434889 
1.87829075106 -16.8828442574 -4.53073275926 16.6733292498 2.57119649137 -18.1494756872 -6.66794565385 1.24381725816 2.96254273213 8.21179299511 
-1.11911035067 -15.916222481 -0.832520498308 16.0719345487 1.75343696473 -18.4807483757 -4.89825478428 0.920554243055 2.20123472326 7.95847752847 
-3.13753649641 -16.2994354118 -0.15532691384 12.8706025524 2.14349847673 -17.1269359743 -6.57342483664 -0.506146298629 2.4393247028 8.4575131674 
-6.38407385057 -16.5028993489 1.71926740201 12.4888003637 1.45258906456 -13.8109967658 -7.52864295025 -2.16966859208 2.44556849224 7.5193838245 
-3.8190766933 -9.47990305823 4.29653195316 10.1546426738 3.68585964395 -7.44590100911 -9.68583273325 -3.95996475497 1.86228263552 5.61863544167 
-0.0416477172888 -10.5708744007 6.71036255767 7.44895112234 6.60301020321 -7.7020328621 -9.72939401905 -4.02093570501 -0.309869838366 3.20995828119 
8.79757085218 -11.2016553174 6.05989113587 5.30933240168 12.1400641033 -3.72568278337 -6.53527193377 -6.42270833388 -2.97752966768 -0.495767721121 
6.66142529999 -14.4034503836 7.83370655566 8.96264369914 13.3154645695 -0.367798430094 -5.53498709421 -4.48508801545 -1.14409349911 -0.00533037645759 
10.3364709281 -11.2108268705 10.265807324 11.1283870347 13.1448379888 2.47890031753 -3.60070606953 -2.41113800392 -3.08347121745 -1.57211191382 
15.7564762162 -10.1266539569 7.8650334061 11.7521595669 13.5784766779 4.21965453421 -1.85530971044 -3.44958364764 -5.80269040277 -4.20095003846 
16.5697897814 -7.97458361658 9.0369615663 10.1829286521 15.2219710101 5.18250305332 0.563305078026 -3.87799892456 -5.8942766658 -4.66996341174 
14.3154500992 -7.78279178032 9.27351080137 9.77314821079 17.6281927677 7.44691166022 2.93109605073 -2.87999712979 -6.96635868266 -4.09689949099 
11.9227605938 -7.89787083001 10.5447789326 14.5688696685 17.2296897779 8.92659577459 5.71700650285 -2.04175571901 -6.82946574025 -4.24377049678 
12.3342310452 -9.18068695302 12.1898824879 15.6808836486 19.3367926078 10.6234784423 6.73754585479 -3.36915603732 -6.72673654012 -3.8288369813 
8.67490159745 -10.6257737791 14.1313681486 16.5678286007 18.1759140565 10.800612188 10.3537394521 -2.1089132951 -8.41749866769 -3.32915701566 
8.35006878438 -12.6243115385 13.8316634682 15.0365457406 21.9609358719 14.6432108838 14.6166196341 -2.64821297224 -7.51931845015 -4.34179590641 
7.79133952087 -11.3624473259 15.8943382263 14.2250938766 15.5657070622 18.0776802204 18.7728947275 -1.68290884999 -9.66714141711 -5.35831443105 
12.1222055561 -4.33446159663 14.5826557518 15.0804943308 8.95110029167 18.4361006158 13.4653520998 -3.30471139452 -9.59531838757 -2.13313512528 
13.8069834526 -3.00911093501 11.3098367993 17.7757517752 6.60238058728 19.9437197091 8.11967948431 -4.89668792485 -11.2279124768 -1.53357094714 
14.7786880318 -3.66228231164 10.6918819875 22.2651403361 4.41849538657 18.2947225457 5.59193142531 -6.19950733451 -12.6179121107 -0.958500607162 
16.2354687949 -5.30074563902 10.1785425383 22.940760485 2.04985940001 18.0325844399 0.519878729198 -7.94604580455 -12.16062802 -0.819861679071 
17.1520116747 -3.75264976805 9.54090666335 18.241103569 3.94172168295 15.9736992694 -3.27044826427 -4.897883724 -8.79320996268 0.7750651259 
18.0924436246 -4.54366770626 8.84336402748 11.1396952419 5.6323115727 10.1411883086 -5.45103327592 -2.05472158485 -7.26416962319 3.94643017282 
19.4776533126 -3.86243625668 4.1837486635 9.3602775216 3.88854971974 9.04801144054 -7.16077964949 -2.87533721083 -6.88017855926 5.77679273852 
19.5083327218 -2.69957336687 2.70796492481 8.31569810846 2.1625757081 11.5112751898 -6.19605558122 -2.66658635316 -6.07571625683 4.73919953492 
17.4115476671 1.14585693252 2.30797265185 8.65421233141 1.18507757787 14.6313140386 -6.09839845338 -4.39091316059 -4.73126270487 5.6286354153 
16.7980369032 1.28926681185 3.3863432306 8.43358586321 0.582841049499 16.2949382394 -6.03562334418 -3.59412539465 -6.41721135967 4.58891314167 
16.4104947822 0.0928901000409 5.33154305597 14.00210045 1.13254843751 17.6357139839 -6.26131054796 -5.19964736989 -6.89394471663 3.73483273029 
15.0522146841 -1.18569326451 2.81498963156 13.3178642723 1.26344916425 20.5293132679 -6.21957883899 -5.29989512328 -6.98078053491 6.14558835581 
16.4906556388 0.461282458793 3.45693030374 15.1977122223 -0.639031052089 17.5953675562 -6.1407315746 -6.8069190023 -5.95464378371 4.32972460112 
17.3782663516 1.0220015202 4.48369660961 13.1700104837 0.785941235388 13.7352528707 -6.68738066525 -5.30747097174 -7.26439790279 3.78498154172 
16.167965479 3.29114754676 4.90632081875 12.12867449 0.497628463568 11.8785586252 -6.16111222594 -5.63437595708 -6.42798475648 3.17787539394 
14.9820165748 2.90234352751 5.35671236027 13.6738472424 1.73222968278 9.9519219823 -7.93367147514 -8.80167253773 -5.72948210813 0.489110618478 
12.2009327158 -0.0557279349471 7.69135189189 17.1614147275 2.02097772816 8.7234717429 -7.94904137218 -9.57905828199 -6.47027651067 0.486092541026 
8.39227033837 -0.8529525332 8.5720731372 17.0357904226 0.831898125983 6.01428834633 -7.22535253935 -9.3778791278 -5.62815521423 3.49613734496 
8.6747851482 -1.56708847536 9.89023960509 21.4544082241 0.643646463257 6.4781192751 -4.08472803474 -7.29962828772 -5.1836649313 2.94642398459 
4.84000609077 -5.50237485743 10.5785043457 19.1904097364 2.02500097334 2.45725210913 -6.25815378846 -9.08352245524 -4.84337641929 3.36113714757 
1.41459859779 -9.06590044052 10.5798600617 19.9453733386 2.8626824878 4.31700063095 -2.63325114978 -4.8963003357 -5.85182132529 1.80148335118 
6.65210398619 -8.73485149368 14.297076081 23.4616455259 3.53447574939 7.42106472561 2.83440692557 -5.9366239947 -5.62970962604 0.82301558793 
3.98864768478 -9.92692680054 18.6630928879 22.556783145 7.9175168341 10.9488127879 4.3735205946 -5.07549871118 -5.18986401345 -2.22047100522 
5.49172243234 -12.3326623611 17.6075515558 19.7186898301 10.0674369197 8.22949071651 7.22311139245 -3.00693623222 -2.10285906705 -0.0553299170333 
6.46600233887 -11.4056346089 18.209261086 20.2912131807 11.5312426381 8.08396725479 7.5081635753 -4.91038173083 -1.85998374768 -1.20384555869 
8.04519486074 -12.2768296406 16.6924294101 23.3416651976 13.5466907871 6.82469262621 6.05665492615 -5.70795191246 -2.71755796662 -2.76587200617 
8.91761663317 -11.1372841425 12.8420531942 20.3287855025 12.1346861018 0.525447097144 2.79894074123 -5.80686184526 -1.76554004743 -3.85481361689 
10.7072118947 -11.3059031583 10.3095219825 17.1818864001 13.133804737 -3.19919673485 1.69566782333 -5.87298628257 -1.15049602381 -4.08343466189 
7.24948898819 -13.3103251129 10.0569051567 16.4412829643 11.693876844 -3.04174667542 2.57635498888 -6.69790092958 0.329445377054 -3.21469372233 
6.48707582668 -15.2802820425 9.05550586993 13.7013737475 10.898696299 -4.6330449496 -0.604253207884 -7.31707441564 -0.705909415241 -3.00288501931 
3.54933525556 -19.8432166696 6.41217324456 13.3786643565 7.41605039581 -9.07473754545 1.18022481751 -7.06295785976 0.127301694154 -1.75980548976 
5.08264808361 -20.757493715 0.778927625071 14.5272589672 7.94022752695 -7.69477156272 -2.28383979776 -7.14054080454 -1.06004552346 -3.12679952969 
4.69091206134 -21.595180421 -3.32614096935 17.0298973488 5.4930673805 -8.7351269564 -2.69970803387 -5.8455698827 2.19919761269 -0.101679255131 
4.04144723957 -22.1023501743 -1.76087222652 16.7766597239 1.06820531953 -7.41545203801 -1.5416330707 -7.46760003234 2.8351825115 1.18613452378 
7.75091477551 -25.3028398239 -4.39675819031 16.0465063097 -0.842285929869 -5.7896026991 -0.21207245371 -6.51489246088 0.593083792351 -0.28067463263 
10.1982756127 -22.8885053703 -7.5641526206 15.91191424 -1.576610569 -6.07470972324 -0.722259088856 -7.15597544481 -1.82934869016 -1.03156875716 
14.8857321937 -12.8560179038 -8.06286305606 13.8292279022 -0.109903835027 -6.91252382994 -5.68835169372 -7.1761099234 1.18530215216 -1.24482850903 
16.5037615419 -13.1622962704 -9.93848488426 14.5941439647 -1.07305226736 -6.80875618465 -6.40385749799 -8.29586571817 3.43430384541 -0.941405138395 
15.1120305789 -16.6448404544 -7.25117221183 20.4613980508 -0.789662042785 -4.43944745045 -5.79448889952 -7.06128548034 4.4821554603 -1.00930999276 
14.8619815051 -14.2200074958 -9.2808956224 19.7442471515 -0.636703027223 -8.45637805198 -7.06263286469 -6.09378030915 3.90781918466 -1.77458851035 
12.7274115959 -11.0103398984 -5.25447122307 20.7803161319 -0.741797858724 -7.31949972206 -7.87169631843 -6.9720117285 2.67924285168 -0.222731283047 
17.0829647358 -11.0195337267 -4.07464448435 25.7353359742 -0.486081006013 -3.99618632913 -4.20658229816 -3.2553615695 2.97807434196 -2.07257048339 
18.7619807199 -9.0392274948 -2.86442531206 18.3198587507 0.93825752305 -7.50755094465 -2.76197368012 -1.8589141682 2.23942972223 -2.80554162428 
17.4653267662 -6.39154335488 0.0656084466267 3.95311081852 -1.62845303045 -3.28271674902 -3.28050427527 0.728082621975 1.2282049818 3.46881397253 
20.2693724765 -6.89572143388 1.46809885848 4.79914879347 -1.62513289472 -2.02157501693 1.342001373 -0.933644042498 1.83530401695 0.98891952048 
23.2309945869 -8.09598796168 -0.126341100581 3.99797328401 -3.99841405665 -0.747891906844 2.62486474764 -2.06770354197 2.71406029501 -1.71251009359 
17.2039489191 -7.43455274892 -7.88853936694 10.0750932181 -11.5588753376 -3.15941382439 5.2431388826 -7.96379900143 7.04811923406 -0.12861900657 
15.3893835477 -8.50070747106 -4.26199092723 20.2588417022 -12.4247423562 -2.58957861645 5.2410911415 -8.29119914536 6.29659197184 -2.0358236042 
9.14188360258 -12.7037164021 0.225533865075 20.1401852328 -12.31330644 -4.85132983098 4.27491976973 -3.71434150964 6.37515636899 -0.037080529608 
4.90338396521 -12.215040845 4.7049128945 21.537393148 -10.2314890264 -11.734717705 1.10320394239 -1.85285444668 4.48711808213 2.32285740954 
-0.528908729189 -14.1224738123 4.85726364659 18.1405879109 -9.73693145991 -13.6777267113 0.886412485198 -1.98238457259 3.58677416899 4.30831358585 
-4.01231845483 -18.9683740282 8.07269129156 18.0775961314 -9.95203689554 -11.215793924 4.27362974893 0.333854704312 4.18686171084 3.39290757613 
-1.05501826663 -17.0550949629 7.99950387613 16.1131384533 -10.0323414027 -10.6009740811 5.23342073364 0.492863271628 2.78862649171 3.85887248824 
-2.67208707887 -17.7677166643 7.70459195576 13.3706941775 -9.17136309809 -11.2212152141 6.02055593587 0.550190289958 2.54602077172 3.13190018035 
-1.89259220236 -15.9978575455 6.57067470273 9.58318513291 -4.74273750095 -11.844772155 -0.373485835258 -0.851650614107 4.63300309724 1.13981645861 
-3.46155230371 -13.2948037614 9.05656104628 4.10465463913 -3.33691718889 -14.5446481273 -3.46687788865 -3.61533429329 4.76368070514 5.69706548631 
-7.28266320193 -15.2952873709 10.8782503817 7.89093506672 -0.312993080435 -13.5186482167 -3.71096809094 -4.1283333198 5.18210409797 6.95631153395 
-8.13409632244 -8.82644431788 15.5541364786 5.69894716777 1.51971537104 -10.1282566944 -7.34243201003 -5.06026201378 3.80912259127 4.45720318955 
-6.87970757128 -6.71171209606 16.0006639029 -2.16312299828 3.51003333758 -9.98610801193 -10.1639148943 -5.91748527474 2.83743197375 2.41406127982 
-8.8122455976 -5.49583945931 16.5674962058 -1.32702122895 5.16888389622 -7.13896720152 -9.58113180672 -5.6959085302 3.58467744926 1.65308536138 
-4.62153826493 -7.92612914571 16.2873685397 -3.06449526439 8.66749399217 -1.67642191427 -10.2808736916 -3.45247602217 0.594219481804 -1.58844271567 
-5.1008385404 -7.17636210168 18.0865097475 -9.30112965441 8.58619222023 -2.19501892531 -8.05624072945 -4.35476375614 -0.306396979558 -2.73547808182 
-1.4134942731 -9.3192178726 13.4111630038 -7.45832932425 10.8446976305 -2.37690318523 -1.00329243312 -2.45698154763 -0.580240732068 -3.99437721949 
5.89852933941 -9.09309061165 10.8104388417 -9.244805534 11.2706308551 -0.826476412598 3.57793828034 -1.81687291717 -1.66804702503 -4.73705210627 
2.40206986431 -8.73278545109 12.8467617634 -10.4428778896 12.5459386568 0.211968672125 3.90721099788 -1.52306586648 0.774768304242 -3.64865572579 
9.02328412251 -9.9838711989 8.44823257055 -11.5657475316 13.2426604288 1.24632279497 7.68894051364 -0.352356859532 0.586657906451 -5.77703760853 
8.8056998672 -9.43569205986 7.30761583848 -12.8649472373 17.9006995634 2.90570207081 7.33778018867 1.09489324436 2.56606491354 -4.80745597873 
9.68571564127 -13.0539307193 6.66226207093 -8.22391507533 19.852491291 3.92410583969 8.52920390475 6.19420701463 1.70848367617 -4.5263574295 
12.8600321783 -10.893533333 7.85120589293 -9.59882686399 20.0072825666 2.17770552376 9.56018568056 5.49743224664 0.757574966198 -3.60306824619 
9.50117673214 -9.64674560898 5.69430427815 -9.9967697105 18.3785189651 4.12573949837 7.04167654184 2.87691230085 0.478724404492 -3.00694182928 
12.7247979943 -7.31102121845 4.39696556907 -7.86449180349 17.6251880599 3.88390084352 10.3800348271 1.60951042978 -1.11379018492 -3.57974142621 
12.8011141517 -7.23868014805 4.9741922375 -9.01423601549 16.6946594043 5.24469514902 9.67009726045 4.18585820877 1.31206998757 -1.46805833575 
11.7134437503 -8.22119490287 8.24070380845 -9.2711456942 12.7740519193 4.74874873505 6.50719574387 4.21092871028 4.19771811562 -0.528275154306 
15.861344888 -7.294606919 7.67223594384 -10.099956575 6.21886474982 4.17868286129 -0.365764151044 2.72268769981 5.09376916903 3.53029234728 
14.4626235538 -4.69485059362 7.57486093882 -8.11388546004 6.70625544732 2.07527445901 -1.85713476528 3.47835980838 5.59606758781 5.83059203297 
17.389567408 -1.99527795631 7.68904252285 -9.47024230009 1.51190864595 2.83354935097 -4.08354011164 4.70505691106 5.87640469422 3.74602287008 
19.0582831121 -2.41783478003 8.32685169487 -7.6008636686 0.330771137042 2.23641884951 -2.6326983512 4.29878316796 4.47734935319 4.78420448436 
21.850892984 -0.608586667763 5.82055506428 -8.5718854131 1.87929724576 0.0065064304668 -4.53478081972 4.17544366744 3.92992423734 4.22930336645 
19.6448614447 2.12559751081 4.23610836282 -8.45163882765 -2.15459148785 1.67678566627 -6.74787041769 3.95255838798 1.41153359808 3.89030564615 
22.3956797173 2.42945677389 4.04343250803 -9.24436602485 0.696692094129 0.562906420079 -6.48714153983 3.54018485601 3.56032965552 3.44179085816 
24.1358279671 0.993596467163 5.61671191014 -6.72743180724 0.796697604164 1.63802740578 -7.79722292682 3.47172493081 3.80170159908 1.36552355778 
25.7492121564 2.21144915531 5.06108640841 -8.40554512048 2.94061164743 -0.92674392527 -10.0678100149 2.77749779857 2.84313676916 -2.20846469335 
25.7284135151 4.17960227489 4.07262427476 -7.23166661038 2.021191795 -2.91789578855 -14.4460699528 1.72733183431 2.44568507331 -2.50546818371 
26.5302960299 4.82812836453 4.4574791899 -6.31644801098 2.76587476119 -3.03794692567 -13.1884307093 2.65887991069 1.7903255509 -4.2498803672 
20.8921225626 4.85405478405 5.86704803836 -2.159517402 -3.15486104976 3.90526754425 -8.25175536815 5.53411624917 3.91815996568 -2.12637357652 
19.2856894782 7.02239430242 8.87644943002 0.734927890248 -5.08051034643 4.47786996839 -4.54919031402 3.68371664891 4.95210324566 -4.05863301409 
17.3960032855 8.05830238921 11.5123838524 3.5810600966 -7.33847742583 6.66126763769 -1.05865208508 7.56799358228 6.9663058242 -3.3171825907 
16.629587697 6.43443588054 11.6469139201 4.80047343439 -7.82977150106 8.11130544032 0.281171522743 8.47631940654 7.62422468291 -1.16528601097 
15.4956354718 9.36524403753 12.1517701849 5.35290608747 -10.7156714974 7.64664875259 2.51132349625 5.73395131978 8.92989330422 -1.4470808485 
9.96569821451 10.7167343043 13.7925702548 8.53234992689 -9.36091587166 9.18197363699 4.74514670727 8.55504006225 11.0956234934 1.48204298558 
11.9618447261 8.22383158173 14.1777466388 7.27656512463 -9.26576390845 7.4162189988 4.91776802745 8.86696850099 8.84864544242 1.82684661198 
11.3302921154 6.6562246235 13.3306697173 2.38710274519 -5.73507054027 3.31527387222 3.16602738362 5.97222954286 6.98958520077 3.48648978347 
6.00836929297 2.50360943086 15.1172802339 2.66188540725 -1.46779808402 4.40806523673 6.07109198691 6.30369453096 9.11515865184 5.35837257946 
-0.0787988193565 0.0915477375891 18.3071770686 0.723548832187 -3.7611097455 4.5028020504 5.39396781411 3.19796533301 8.23252723714 5.81677949571 
1.98385919416 -3.92306724491 20.4201223042 -0.878253720753 1.85038541711 2.69878894502 8.69444660894 2.93152817241 8.0068077879 3.68545667125 
8.32192693085 -1.74373266239 13.3486663602 -1.87230853714 2.1878691164 0.224847092068 10.1353436621 5.68498740289 7.32632719707 2.69393023739 
6.31634215536 -4.6473235858 15.0238928474 1.29571902365 5.15171584986 1.72607421611 13.7501845949 5.54515376377 8.63853370779 1.23185791533 
6.92110105545 -11.607102676 12.8211368343 1.32576298629 12.4326467048 1.66439253432 17.4559833303 6.42291734113 5.02941606692 -3.8776865166 
6.95429033274 -15.0946208305 9.81747139976 -0.739680891968 15.3004633894 1.60593312775 19.4066373654 6.04933906518 4.05375225745 -5.31385206087 
9.70543513058 -14.5361395132 9.17012743792 -2.66310307547 12.2321678303 -6.23046906076 13.0093970047 1.09956643438 2.80498542082 -5.37730541878 
5.54884592372 -18.4954120909 9.11783915744 -2.78455220535 9.73820913768 -6.26273997536 11.5232548164 -0.078745323953 6.04437045776 -4.64451027577 
-0.217272700522 -20.0090999641 4.41112975258 -4.04412139149 8.78153633991 -6.86206100567 7.62542896186 3.07010523263 5.68423247211 -4.6439948294 
-2.27444235238 -18.5555911612 0.577010995598 -5.82678184968 4.96807860684 -5.08216104532 3.45806663534 3.2820306085 3.37220529434 -4.53878637914 
0.369386757668 -19.2678648118 -2.29798609746 -6.08348596413 4.16886478726 -5.94032368019 4.61363864708 2.44629037847 3.53797667968 -2.81936887485 
4.97826944459 -21.951843075 -1.33567111013 -8.50836915775 1.051986007 -2.41932968837 9.18716014908 2.28149855373 4.87000456332 0.542554519795 
6.73621504805 -17.2617767151 0.425519924886 -5.13347260432 -0.210122943503 -3.03710177652 9.64771264572 3.82196112353 4.31879808747 3.60036277455 
10.5519888177 -13.3096478398 -1.99288017779 -6.58669339869 0.737760065395 -2.65366744883 5.93104476266 4.2191273939 4.14549064742 4.20281863863 
14.7605848379 -8.90871808839 -1.21670858834 -7.7519417146 1.39099545865 2.69494202506 0.477174903663 5.25314374852 1.77160074937 0.828743905023 
12.9145872882 -8.85860462434 -2.17820171076 -4.39652282285 1.42895868607 3.3056000122 -2.86285476225 5.14346184188 0.475406910533 -0.1278584452 
12.3774801886 -7.90847458104 -5.96585169672 -4.70799627209 -2.94029451484 2.25819311496 -0.930629647393 5.3783911794 1.37912583313 4.38872025046 
13.2310668649 -5.6056733173 -5.60177756587 -6.26289301177 -2.2719263927 3.2822776046 -3.53377349954 3.88924021973 3.47475130667 6.12126226593 
16.7910328002 -5.06469611947 -0.554020857313 -2.39263542739 0.70979248028 1.32415889933 -4.88198568903 5.49203788392 3.05444885731 3.84047765654 
14.2415462385 -2.45293504558 3.44678848753 -0.670519462729 -1.80274796995 -1.67106043173 -3.06892133318 5.40198608901 3.9990060879 8.8351676057 
11.8211600064 1.81296678769 7.22378726478 -5.23627032064 -3.08901710974 -6.7691150892 -2.02416228978 2.97916888221 5.57687297295 12.7981042541 
4.14039472821 3.93740885857 10.5432034536 -5.1806635014 -2.36081659519 -2.77364788225 -1.80618415267 8.27597328425 6.07930503922 14.923585516 
-2.13000640097 4.77603693536 10.6882133275 -5.50436597014 -0.731257188305 -3.03724693461 -6.01518138199 5.75402398338 7.19545467798 14.196518525 
-3.29661775654 -0.105013729981 8.30274025235 -9.81443136656 1.39696248402 -3.67043798246 -7.41928372757 5.99368986713 5.54430353772 15.3140703126 
0.164107189457 -4.81857633292 7.14002997365 -12.0782723943 -0.0138671666746 -3.24408689995 -3.82767294627 7.0109558839 5.36064223699 16.4749563315 
7.64365392655 -4.17272172579 6.16813905656 -11.1306565637 1.02030698611 -3.43247222984 -2.33056934836 8.84904643904 3.06006779902 12.8583399478 
14.6379852338 -5.51018180393 2.88039189408 -12.8447550792 2.73429105785 -5.75087697969 -2.29278595249 6.41411746107 2.81177600537 11.439369964 
14.2690157373 -6.97460372659 3.83239515508 -11.7242440623 4.4333424482 -4.57041916596 -2.65570588429 8.07024813175 2.68458113245 9.16957327276 
12.0314114273 -6.77164372826 4.07155793746 -8.99550710826 1.25908783734 -8.09959478205 -1.09451408751 3.76983001227 0.393136410827 9.94127545722 
8.93947513457 -8.15966187654 3.50418930831 -9.67393622787 -1.01785138572 -7.43094987494 -0.190862011802 2.64670934383 1.39907493065 10.0731804573 
-1.36466333816 -8.65602581527 8.55337366773 -9.30004144258 -0.291975681985 -7.85524058475 1.50475481658 1.35331067005 1.04690427564 10.6317725502 
8.84437060175 -8.37132576373 4.35216922597 -11.7222263624 -1.54294262952 -4.73400166408 5.37364238698 -0.447036520703 0.648683192629 7.34464914222 
5.17760806602 -10.3688384051 6.37456819292 -11.9462643864 -0.0923459721545 -7.5856124862 3.90901702422 1.14499335287 3.69475480502 8.71705683789 
4.16057184005 -11.4544349144 6.69709500402 -13.9972082747 0.732806581529 -6.09523984758 0.877087961623 2.96349742756 2.8861680213 8.52008385575 
2.89916098907 -10.8995312787 8.09579165314 -14.5216315559 4.90208598465 -6.11176608924 0.686628886636 3.82104910226 3.68813234391 8.85339004418 
2.31584751219 -9.97524296399 6.4998672628 -17.1195732031 2.30507608914 -3.13047455874 1.97695594287 3.74263965378 3.8026314374 10.4538092065 
1.00031851528 -10.3367319268 8.96323743198 -16.8246732317 5.08548234237 -3.4647664965 1.23590456323 3.65893033205 3.81639551105 9.90266438753 
1.27445871012 -11.3872162609 11.5795955431 -16.7714948818 7.80771781358 1.52735279309 3.53444719026 4.2465228562 3.12553985931 5.70837903913 
0.195889495516 -9.81113313842 14.7237110843 -15.1919772887 5.92011011785 0.096868087745 3.91885810514 3.61410656198 5.98502591194 8.1355327627 
-1.83021514173 -12.5540468974 16.8890648984 -14.8935239141 5.78958721049 2.077408608 6.14811813174 7.02827039005 6.24186781624 8.20209780665 
-2.71482792444 -10.9503893879 17.6052346512 -12.0963142566 4.10634711984 0.0581593788165 6.47922273184 6.66481980529 6.11129252562 8.65326680814 
-4.5753262575 -13.7269158755 16.9395030739 -11.9322887366 5.85773901579 1.10318048384 8.4394737407 8.53461911633 6.21502282717 11.1391657142 
-2.36270890473 -13.1517949137 17.1182950506 -11.3471397435 7.47465118013 0.548015756475 8.03437353298 8.01743994804 7.43861937511 6.88663174448 
-5.66285036352 -11.9611171795 16.0510267154 -11.2205119295 2.11378861124 0.170454702489 7.70593663813 3.48020830915 6.51616295373 5.18538767682 
-11.1777896581 -4.01664576203 19.3690614054 -12.1019045289 -2.4783829073 0.794517856325 3.5472652918 -1.39385368399 8.22386519417 4.12316979996 
-10.18418304 -2.10642371946 18.0265545785 -11.7012871895 -3.30854869057 0.978742584658 2.12768692925 -2.33707186709 8.32770830877 2.71932145431 
-1.92251593143 -0.916625185842 12.7034668098 -12.3285807884 0.803690849858 -0.905037009426 0.372982284647 -2.26427447497 9.30191258446 -0.754766387706 
0.568942533591 0.754802573487 11.3339767331 -11.2034573373 2.99843750944 0.121426731556 0.236805004571 -0.697847117469 10.0512446262 -1.44714188307 
2.65068887848 -3.75041062781 11.7658150734 -13.2252578225 7.84937974112 -1.50894709921 1.87399210733 1.20569942342 7.47724646836 -1.41639069498 
4.30065177386 -2.34450725644 10.3887074763 -14.4646384615 7.1168933071 1.83171502985 1.30927336449 1.15893071906 6.80473689678 -1.50028330957 
6.23267099589 -2.26237835307 9.76711492485 -13.7408773984 5.43154287631 0.291755636306 4.74227512737 1.22198727055 5.76445751438 0.32431544008 
14.6477515725 0.65465732292 8.97422851781 -11.6375020944 5.20750455246 -2.83228396024 1.69336282571 1.27423543408 5.16131277487 -2.356225461 
18.4253881259 2.62541207531 9.11208276912 -10.4492651303 4.54884948015 -0.685731499524 0.0687986446115 2.28036604907 5.85648042511 -5.01462724763 
20.7765697687 2.4054194091 6.83847166109 -12.7577466564 4.58754434137 -2.09724266954 0.653454487483 0.147083524028 4.07485827365 -4.19690558551 
21.6408999434 2.62027540103 5.47219897908 -11.8455900664 3.05665876594 -2.33863471188 -2.31194182722 -0.365779559544 2.83373721626 -4.46935863408 
20.2417453897 3.05409169381 7.10455776213 -10.5224831986 4.97182497946 -0.666209735421 -2.35507944705 1.22101699047 0.758325957553 -4.26742215867 
18.4228709883 1.42296132786 9.94521540218 -10.0570929943 4.69117737651 -0.918687046972 -0.227760967916 1.3193815282 1.65827651677 -3.19733272986 
21.3458164322 5.53375173527 7.23506403321 -7.74563704402 4.52696101213 -1.72539761988 -2.0092743977 1.40961989639 1.33001657478 -2.4382082883 
20.0617182398 6.64025805897 6.16065239456 -9.2133226609 6.07073533941 -0.867134939804 -4.75107421929 4.2577246638 -1.31706552867 -3.90489599144 
21.846075071 6.30839697694 4.87138627155 -8.96125177894 6.24323782485 -0.759352453059 -6.82221610222 4.82459813377 -1.56100496503 -5.16922092018 
22.7747473575 7.09310440905 2.82300672391 -9.07142796385 5.02382005316 -0.258768569567 -5.4498109729 4.17724979863 -0.877432708405 -5.70478196977 
22.2342414622 7.35212509435 2.8615104619 -8.55578736446 6.93798894923 -0.304771586718 -5.8844775875 3.58419963132 0.315289801908 -5.63583914636 
23.2262799994 5.94808598077 3.1535090427 -7.92271627098 7.06035844337 0.260565120092 -8.0092411494 3.47601501049 1.11828054793 -6.25606821113 
19.7352192185 7.49237522965 3.71622275789 -7.40266017031 1.35268208047 0.476739313117 -5.64945982901 -3.73505377114 4.91641163537 -1.53211180766 
22.8757910594 7.20089684586 4.72575002733 -7.39906860398 3.88934555292 -2.22275203264 -8.04843254731 -2.46646708588 3.13248722841 -3.841972726 
19.2356918429 12.0410370217 3.2495411973 -4.64766184044 -2.19858605805 -0.658111700491 -1.848654478 -2.06419826443 4.59470633535 -0.769221475232 
20.2892355545 7.20606830326 4.53021754916 -9.07123415415 1.12524700596 -0.401783965275 -2.86353469713 1.73980112187 6.32913156001 1.29633609444 
18.5132848819 8.59822276589 5.1657911165 -7.77574546894 0.854554135234 -2.5992396723 -2.53349659664 -0.16292885662 5.30468120017 -0.72258624407 
18.3738263792 6.75158291503 7.98606812151 -7.16136296241 2.29777537293 -4.40942679198 -2.15341601428 1.07412279727 3.94572655359 -1.64560683923 
14.8103704865 5.5427789914 7.26308614964 -8.15260602318 0.953994444553 -2.96815120637 -1.22069540639 -0.290220406314 4.32908301499 -1.09412781116 
6.91101014773 5.2143688037 10.8630351239 -6.8974707152 0.483043908181 -1.47559744185 3.11484308676 3.99786390022 5.97200758896 -1.2406534824 
4.1180724762 5.31884037496 11.1625174329 -6.9679089339 -2.70420498624 -2.57293392021 2.25238269616 5.23939677426 8.79257744191 0.581354915335 
1.78190581921 4.57471225109 11.5234675761 -8.10888568576 -2.33785885403 -2.36584546127 0.888955148716 2.18324454381 10.002047772 -1.93764105471 
0.232789309836 4.3704121383 13.0616834642 -9.3463803824 -1.6604587432 -3.24579293454 2.33517321348 1.19008264391 8.92731880121 -3.7508548695 
1.47120971441 2.17536925414 15.0063827386 -8.61049236454 0.30261653533 0.148124532775 4.5375327252 1.38345101441 5.23691626233 -4.65263044178 
-1.37436828028 2.8422496156 16.1476920617 -10.0014809353 -0.954705584969 3.92312533478 5.21215543263 3.50982644581 5.97493143866 -7.22963987128 
-3.86660162947 -1.11314187832 15.956000907 -10.6018590558 3.62438936674 5.48603624742 3.97464286339 2.44358561212 3.76593366307 -7.97712587696 
-1.3482932241 -1.93462954163 17.7274482692 -10.0642782845 1.76850865137 4.39293512305 4.91790604409 -0.981770331636 2.49421139999 -7.81198374356 
-16.8410086257 -3.95268697959 21.9127407289 -10.7659206638 -2.11352844797 2.73493030336 2.77565393331 -7.75709500339 2.79682188801 -6.85866243345 
-15.1018900012 -8.97003956621 20.7495217537 -13.7813924712 1.29412363294 5.7024439572 1.92082541634 -7.87866535456 0.00585909551599 -10.5459187291 
-15.5098436556 -7.59273911183 16.1218897478 -13.2570472189 -2.22090849595 6.79610644211 3.18148815128 -6.95391430575 -1.18277174279 -6.16392331875 
-18.2439863043 -15.8998711843 9.94406855883 -13.7839770507 -0.196566678856 6.64099490879 1.56952755411 -3.11143543401 0.378709577228 -2.27839646196 
-4.5903903972 -19.1696797349 5.47017806702 -13.0664777993 -1.69362067437 7.26807105239 5.64243431198 -0.907671232352 -2.60188197839 -5.49856034146 
1.90808813586 -21.4291273459 5.59976727907 -12.4457383733 0.515060525605 7.18603737621 7.70321161978 7.97756342123 -1.16985226061 -1.94006762789 
3.88590620268 -23.7614200199 -3.02215333508 -9.87221872868 1.21708530502 5.05637241889 7.77833278531 10.7218347418 1.68695267226 -2.21251199927 
4.49001363671 -20.2412198572 -1.97295079596 -9.53530560964 0.0615446786177 3.97818687838 12.4829160748 10.8110920684 4.50281952885 0.777039294969 
6.45926216949 -11.9994465065 -0.0484197339811 -7.4986057208 -3.96105474138 -2.21972699505 9.34234315392 4.75220316913 4.97936151284 1.37983428077 
9.52502367916 -13.7937253341 -2.65109849779 -7.78584284131 -5.01510629724 -4.25026271845 12.1157553394 3.49341261919 3.80003270405 3.33942286701 
9.15084931375 -14.4213408433 -10.6924707555 -9.4518634867 -8.6746684233 2.15919890576 10.4042413483 -0.383986903939 3.29581057268 2.55013869707 
11.1304699834 -10.1139404024 -6.932289511 -5.06227037717 -7.55572241482 2.65611880319 5.93729966272 2.58295460567 3.67460919949 3.61261868763 
18.6493831249 -5.44950637828 -4.21528475048 -3.94340877734 -5.08271406753 1.32852266512 2.5740213195 -3.42040830825 3.08531243546 -5.79906317138 
18.3726146385 -5.06928344663 -6.32904579908 -6.95408791387 -6.21267609527 3.54542322144 3.81613795431 -3.83471491127 2.5503630888 -9.48738830435 
15.6880645208 -1.0058339694 -5.3184712882 -5.93942677562 -6.42612546439 1.89302676794 0.654167224045 -2.83368626743 6.09829989315 -3.69156313702 
11.4982244627 -2.15787204657 -3.32520811055 -5.15575788023 -4.81861386375 5.39081849216 -0.122712801034 4.96502100136 5.09279754036 -1.30826829745 
13.3756919038 -1.89702495973 1.59655449107 -5.13365418567 -1.48423467405 2.1380623137 -2.31962695279 5.06799977871 6.00729660595 -1.67640134895 
13.4668802946 -1.40703926974 -0.384025712429 -5.11374899423 -3.14272374788 -0.37181861033 -3.43489569808 5.86438662463 5.25510125577 -1.92678325345 
13.5223071875 -4.48075804769 -1.56802500852 -5.26887752151 -0.858611938191 0.381412318291 -2.94689059919 7.7690244744 5.0239602488 -2.7217800107 
14.3088489851 -5.54527644447 -2.85541829116 -5.49987460994 1.48581813634 0.933281638171 -2.96537460774 8.67259844724 4.49091049907 -2.36718580924 
10.2065022452 -6.78616362744 -3.44452638175 -8.3617160547 0.211292463105 -1.60679091626 -0.189258495627 6.04289559424 3.38195364499 0.361999520973 
