-20.2565920587 -14.2419329693 9.97957655421 10.6503029193 13.5381272992 -5.7763332996 -2.0938251066 -2.38062975371 -6.75585461355 -6.26671341523 
-19.8045990297 -19.8700470518 10.4051864243 10.242369553 14.781017575 -8.06286780311 -2.70663594119 -3.54178506172 -7.98682253581 -6.57154464732 
-17.162953606 -20.943800603 10.1777393928 8.40325972422 14.9761851919 -8.11439932779 -2.7348124525 -4.42593861637 -6.83756799496 -7.10784924983 
-12.9993079854 -27.72764053 10.7407921955 10.7048039708 20.9650235539 -6.12719052491 -2.17903315778 -4.95309377235 -3.74769689371 -7.32797309569 
-16.1785773954 -19.6232856867 10.2869271229 9.55397792014 20.4810361347 -4.33409223149 -2.95044037534 -3.81606019343 0.267842616357 -2.81286703311 
-17.6748238508 -11.5033483471 11.4276311692 6.8097829824 17.629657628 -1.75109378953 -2.72144292935 0.0414591465232 0.74298388689 0.612260038713 
-19.5576325276 -2.96071837953 13.4925748615 2.38381017018 11.9376977298 2.29350424263 -0.565553153691 0.203847435286 -2.98725265523 1.31666248212 
-18.6650655428 -0.836405556877 14.4417966392 3.3386340991 8.62076055265 -0.625483426951 -0.462296679039 0.437792293042 -3.88861408169 2.65264209674 
-14.8788597873 4.32839967124 12.4082277019 2.17656313072 4.31252399102 0.0900042656967 2.10317550392 2.08270814568 0.916680157503 5.6566532868 
-10.1675238569 7.28699152737 15.2281891721 4.05260047966 4.31745926372 -1.0128427527 2.29643079072 1.57441872768 3.29102526168 6.89020537157 
-6.38915795188 8.41244556662 13.6076121263 4.57874015058 3.16197511505 -0.960992838769 3.26199735683 1.13383800066 2.9365869734 7.46957276733 
0.467614355946 4.21946829975 10.7583828317 6.45351087929 7.92703319248 0.241981770054 2.85420095997 2.49487113405 1.90697673306 8.95268068394 
4.23989575169 3.9072334029 12.2755482992 4.65637801184 7.68229885169 2.68864439723 3.18086289999 2.38079945205 0.919368582801 8.92419839154 
11.6165856178 -6.01297701539 7.3184303659 3.86487198282 12.7833037915 5.64264287886 3.43317542545 2.48827186901 -0.775897326136 9.90628746457 
15.5821651043 -10.0082808234 5.78766112889 2.8770189553 11.9681564708 2.42894725022 5.71404500938 1.39493232293 5.28588884772 9.21447154028 
14.1776822417 -13.1401527258 6.56373318474 3.58703587684 13.1554515533 1.21618330244 7.03463948558 5.82293852093 6.30273659333 9.85657184095 
2.61932892366 -1.9264894327 6.7285721198 1.20051053179 3.88588589876 3.86309024358 9.50350428979 4.07671894615 2.06505319111 7.7469241941 
-0.816021396767 3.28320594598 9.87680070549 1.3011415733 2.11317062846 -0.896912481255 6.58212590933 1.39265526361 3.62467339129 7.00759429079 
-6.80129105596 10.1068026686 9.70087461781 1.87060805458 -0.839505195644 0.529367911921 6.2428087828 1.11129749126 -0.818315264972 3.54487263323 
-10.834846728 4.66784610461 7.36893836882 1.60802595189 -0.925340037956 0.639976118907 6.85055967605 1.24090717641 -4.71799416375 0.639493495186 
-13.79909517 1.33951226237 8.22412670746 5.93322306522 1.57985311029 -0.588490191948 5.33290304661 -1.75756315695 -10.1158777369 -2.57685465296 
-13.4279511839 -3.37862749052 8.37787751935 8.24134032667 5.80174900324 0.695078203048 5.13138247611 -2.7145342782 -15.224700051 -6.40645946545 
-14.2725961549 -4.99565304387 9.39736072106 5.09566471065 6.65410638396 2.07068225438 1.64788460587 -2.14559815296 -13.6212838698 -2.97689231606 
-14.075019308 -5.72527547079 11.3796698729 3.57000692726 6.43104638208 6.33673156227 3.79858914786 1.29071876451 -12.5586873013 -2.28111919454 
-18.6891920662 -8.27606879479 8.81107627337 4.90449408872 5.45560240261 1.40337843168 2.14083670046 -2.92054885887 -11.6309292193 -2.84173632001 
-14.5752057802 -8.13446437981 10.157216837 1.80832220921 4.35801274065 6.00831598387 5.04759105519 2.75235589808 -5.02809478232 -2.18420770548 
-15.3603636777 -6.52778355264 9.50161283675 3.10332679663 5.12611655821 5.81364416176 7.26970418003 3.9933969085 -1.76405232967 -0.312292883273 
-13.6725684203 -6.73038514837 6.0058479133 5.2366335647 6.82244322339 4.54910732203 7.26570190073 3.09756449385 0.344758315423 0.117925040105 
-6.31622701772 -0.953428244176 6.97050187254 3.13546078248 6.0111027156 5.43740217001 9.46777756616 3.81891036694 1.92404291669 1.43127806101 
-1.25362433143 7.06410750744 10.9571037359 2.59330166622 3.6766714498 0.71319192663 7.20011290822 1.92000782453 2.88249934562 3.25829861901 
2.98331128962 10.1553615426 9.95110952888 5.88394083861 6.01416655483 -3.61449766803 5.19754912079 -2.83471555214 2.73077138745 4.46134346013 
3.05595114116 8.44507220321 10.7865255806 5.46026206846 6.63886686515 -1.34823478485 6.0248260426 -2.18002652301 1.32916048746 4.64006111892 
8.56981066691 8.25343136392 9.66129633311 5.66056096756 7.27988831594 3.09205769823 5.83507546336 -1.59309810824 -1.67456182683 4.68700703026 
11.8037444107 5.52553393591 7.55012816188 2.51215437546 4.16493491838 3.84681943767 7.2732629438 -3.16050528485 -3.85100517529 5.55281450104 
11.8976657033 0.30744600039 6.59187348131 -3.26190781181 2.85210029434 4.92912559986 6.43146121182 -3.4440660499 -4.29521736243 4.9255452849 
9.993773635 -2.66322742046 8.2385733839 -2.00403579114 2.92619992948 6.23248424172 8.02041129714 -2.59702771835 -3.07362359791 1.08658239724 
3.23119695123 -0.491349443259 10.2737451274 1.57268503465 2.22604857086 5.88643509484 9.79487082586 -1.78002451394 -2.48433776622 0.529991743257 
-0.0121122495111 2.5790887426 9.17547957885 0.253179192295 0.620649585337 5.21062121287 9.33528588262 -2.1274008996 -1.98566736985 1.58363436093 
-5.94695188638 2.78311695844 9.8624021577 -1.22505000972 -2.61693609763 3.47926255384 9.04213534061 -0.316213435245 -1.86704644894 2.17413835264 
-7.29498436779 2.84020308067 9.49763962063 -0.569117096587 -1.64037691708 3.46633885014 7.70914237109 -1.1201693363 -0.240778674862 1.63405976255 
-8.75521352265 -1.16533163754 8.83917121456 1.71395068938 1.28138319241 2.11529553827 6.95010411675 -2.31310815941 -1.33984455815 1.15833817375 
-11.7745531202 -0.353681478272 12.8677468409 4.18114737636 0.328803892275 0.42182642084 6.04604845332 -2.52738707933 -5.12938232066 -0.715824195227 
-12.7807563489 -8.23476642676 10.8946312131 7.48832890952 5.00272066875 0.411553745962 2.39476516696 -2.15993989852 -6.59381923188 -1.47144101892 
-19.1218391169 -8.5242238815 9.12827466897 7.32354230771 3.81868047559 -1.73300858307 0.888994136564 -0.421259451884 -7.77760665933 0.28891667795 
-16.6999710657 -11.7482368491 9.84814414206 7.8005006956 6.27859802839 -0.725797931658 1.20950021241 -1.13491085788 -7.90146901504 -0.321100540254 
-12.6137913257 -5.5625147397 8.48634303729 2.33004404668 2.97334629156 4.11125883759 4.31533941865 1.49322864787 -1.44319903022 1.38535111186 
-9.39105412686 -4.05188184017 8.30116960844 1.84665550678 0.948272228031 3.39906385779 6.6029072403 3.6782498504 3.92457609127 2.08621862213 
-4.59069074469 5.53283558218 10.625988963 5.04244604011 1.97581623744 1.51117713987 7.42219888231 4.99950606887 2.20140421863 2.47441769544 
-5.27204467647 12.2747394477 11.8190856139 6.22926308326 -0.709331038365 -0.814928845462 7.35198374328 2.62143587962 0.587421455673 4.20540653216 
-0.350317598095 11.6415258014 9.60346033865 6.3335179208 -1.12743924464 -0.551048286321 8.38186491225 2.30298943128 -1.90895127072 4.10491992684 
7.67916156417 3.82031955621 8.50360083559 7.80871941412 1.51791005254 -0.57757205043 8.59764176902 2.52706909808 0.172296325666 2.85130589001 
13.6298430385 -1.38120521131 5.21196129799 3.38598437787 2.69080417907 2.50305841607 8.68868522816 2.55737907302 -0.930994679782 3.54795156005 
10.2528739339 0.433248109757 2.20588279489 -1.42356482124 1.30816380938 2.08746667972 5.92604854999 -3.09253087012 0.988235020271 5.7151981051 
13.704978015 -6.34948221373 -2.25050044438 -3.42578516215 1.18878492339 2.88407842564 5.75908897671 -3.5713386651 2.74920609134 2.76017544787 
6.05434223257 0.194767820614 -4.10390302399 -3.81655402694 0.448961774406 3.98695843224 4.52337095502 -4.63936992631 2.90554325124 0.595756931851 
0.728621795664 3.91966027985 0.545683573511 -3.93060538119 2.06867784216 3.40750594851 4.13517048216 -7.81428355999 4.93101310338 -0.433960629066 
-1.9050801776 3.61940963899 2.04185554921 -4.47524495786 -0.00263193237063 3.34513934388 3.70390089871 -4.97748497932 6.72172678886 0.725807762414 
-5.65121181251 0.961978594395 3.72824333543 -2.66791541253 -1.99158363323 4.12951858461 5.38471165581 -3.15444138497 4.38030833735 1.0853981997 
-6.07440686873 -3.6108354404 6.04896498232 -2.13925071498 -4.57229394688 0.967575738704 5.06197429424 -3.65700363564 1.66468524614 3.28190404959 
-9.12035191225 -8.68532357886 3.75150959054 -3.3380484875 -3.66839848687 0.0707343810354 4.03878664838 -3.83500699667 2.50475938543 6.42399416754 
-18.7855237974 -8.16622773937 0.846311633172 -0.315978723745 -4.86652553749 -3.8808901406 -1.22152608133 -5.53955074718 -0.815536882875 4.82771138812 
-9.60521870511 -8.47388158417 -3.41884613162 1.41798668967 -3.12579824577 -0.577625508261 3.07711461026 -2.53988388803 3.13195341333 2.00679016253 
-10.1201363575 -1.69725046887 -3.44699728862 1.19236084159 -4.8651412034 -0.333198042532 4.95645529905 -2.78403781089 0.6658227231 -0.668733116867 
-8.474028305 13.2094991905 -1.17614230994 5.34256974348 -3.71984004007 -3.8988363572 2.4227868297 -3.74311986837 1.14365123649 -1.15406756053 
-7.23062421503 14.3591674272 -0.892101454912 5.49272143388 -5.46161284431 -3.1210564238 5.07166247149 -4.90573293549 -1.95968814324 -1.4476366314 
-6.58839135651 13.9372819307 -2.37667429317 2.93050395532 -5.9987827379 0.0176441866056 5.73971554222 -3.84484932091 -2.73780758904 -0.918851346638 
1.71193859767 12.6998503619 -3.55402708238 1.75009204862 -1.39677278026 1.24586497671 3.19513178986 -5.74759658487 -4.51189582371 1.67440343201 
9.10596003326 1.10802378882 -5.90027966107 -4.02558994541 0.771889726777 5.36748542595 4.44822114813 -7.08375326246 -3.34138226036 1.5039726573 
15.7639324527 -2.87877317987 -8.48700354361 -6.75229264156 3.78013677995 6.07867565815 3.39726617058 -6.55182995657 -2.82160133337 0.773159077954 
7.64159038781 1.23279702727 -3.89993298275 -3.91230655443 2.24773769796 7.52566723505 5.12376923584 -3.81489603223 -1.44881928606 2.03323945625 
3.95202396505 2.0461217818 -3.35278957366 -3.04706556975 -0.430438912365 5.35331814823 5.57664320713 -3.68860248496 0.279017662507 0.355124904798 
2.29279992427 1.59123582662 -4.19799023098 -3.07160062467 0.884039050549 3.81703339437 6.28752985722 -6.17939456633 3.32236736393 -2.23806980126 
-4.15215965339 1.28348514748 0.828582844998 -1.91613801472 -1.53400211974 0.66051159456 5.62205271907 -2.76382767381 4.30252874866 1.10313205172 
-5.61876096221 -5.45044275873 4.93920975743 -2.42361192433 1.74985894107 1.37467097681 5.61642158606 0.665380490299 6.57839605052 2.4584218409 
-7.79868022015 -10.0220390915 5.90375880246 2.01526904655 1.56706663672 -3.06768783784 2.72325042007 -2.24583880224 6.87877575494 3.65204363687 
-10.5527522336 -17.5360155543 5.18110169991 1.91753667468 0.022245756648 -4.6633054487 2.37354651781 0.465272213582 5.45587059399 5.03105288591 
-19.7084773125 -11.4141125435 -3.78500913979 4.10391480379 -2.87287155982 -5.95881707295 -0.561677049973 -0.46388537209 1.26894666083 3.86577274153 
-7.21837660279 -7.55476264715 -9.53070911969 2.9951099604 -0.919518554595 -1.65334868259 2.18618029389 6.53530719188 -0.850748853628 3.60422170305 
-2.88974077012 -5.34563261975 -8.13896665223 1.99008100398 -2.21459628499 -1.14453417514 3.29447733963 6.01413209837 0.733500982934 2.04701897999 
-2.06599226473 9.30352559223 -2.25740997441 6.29652523733 -0.392423318066 -3.38396042453 1.32736781744 1.51104650156 2.5023165504 0.303815939901 
-2.18043212927 14.4093079965 -1.89181497649 5.37247413195 -0.309024618613 -4.32750311606 1.14762400719 -3.60001554932 2.54080227201 -0.830184334577 
0.304157349017 12.0537644257 -0.542888327513 2.34414483644 1.15893526582 -0.0749833894815 3.20784707471 -2.64485047581 1.82182421056 0.920598891159 
4.2099429378 13.8417530653 -3.32180906282 2.09160704537 2.50204998624 0.360078913024 2.2743277586 -2.02147383496 -0.242320460087 1.34617694295 
9.51908239764 10.1647847056 -5.85629346223 -2.45948758101 1.67603373238 5.5793777527 2.93389188134 -3.30365878096 -3.25190198105 2.26849162625 
16.8470611058 -3.22569541205 -7.28446797903 -6.20070737374 1.16833391044 4.06598107881 1.46863505219 -1.17655094443 -1.21489692963 6.06849911735 
19.4664750575 -4.39816353688 -6.03556533734 -6.20443742846 5.52888072883 3.63965230732 2.29973381209 4.19010611365 -1.60301274531 7.58686703367 
10.9953563854 0.171756270357 -7.40451639859 -4.55725244102 0.933982346236 1.98862576446 5.34299547907 1.79836900043 -1.81316626413 3.21838877567 
3.80753730043 3.12360374205 -6.2924456729 -3.53278413059 -2.52624484271 0.589529377839 5.70555751917 -1.23452899146 -1.69392776272 1.38125482126 
-1.59010981393 5.95703462764 -5.29899381137 -5.57827093909 -4.42729785418 2.42839011064 5.57565894824 -2.92355388767 -1.07721350238 -0.307343501181 
-4.14373428903 1.39929683319 -8.93153254934 -6.86492781739 -2.96137981766 1.80205202973 5.63072125332 -3.16580398283 1.64908475664 -0.438000123903 
-4.7856466902 -1.44330416829 -9.05512408317 -9.44074405259 -2.36406295319 -1.90468376236 3.41399364422 -9.33724644227 2.47822695673 0.122623930509 
-5.76773909106 -9.51409642214 -4.72561668603 -6.53202438906 -0.290989580479 -3.94530679468 2.33028256425 -9.17585897993 3.337793931 3.44775755333 
-17.6141361962 -4.52273675122 -4.85869086777 -2.16206122968 -2.89947794918 -5.12758233167 -1.23075797089 -9.61954771068 -1.04541746258 6.47988615614 
1.785299456 -15.6803165691 -5.7390523726 -2.05851969644 -0.132221657691 -4.20728701141 4.14469807186 -5.121892799 6.86811034193 2.00026533768 
1.69640658415 -13.4829322364 -5.46949757269 0.309537591622 1.4616693735 -4.68683532466 2.79895834788 -1.46446985374 8.52036831428 3.18446388012 
-2.00523389529 3.62848168558 -1.530058881 3.70484962905 -1.10908302224 -7.84480790516 3.65436309556 -4.22914892206 5.51191315422 1.72344969577 
-4.06581123966 9.42503407722 -3.79236915774 3.44849922476 1.50159465433 -5.91830587288 -0.803919486264 -7.09841256369 5.02090990011 0.931052472457 
-2.67188228066 10.6843854817 -5.20773461437 1.8048701948 1.14045703031 -3.73089332884 -1.82336402632 -7.69508511561 3.75497629362 1.19467473949 
8.34559443408 9.55558829868 -5.39657307081 3.11471841517 8.41011241348 -1.30453882613 -8.83194393855 -10.5131246566 7.09485451388 2.56081113818 
11.3652184564 4.8797501521 -7.71471681916 -1.80311700205 5.30853002057 0.976656147663 -6.08525642138 -9.73940913386 5.9506391514 2.33099240913 
17.2976601606 -5.05953585008 -10.4657487509 -7.11471258411 -0.160314266845 0.411163839546 -2.15366918832 -9.87821079499 0.783649612014 5.48239636019 
12.8506807649 -2.03609296503 -6.41930270288 -3.65995591711 3.60252824093 1.98886734584 -3.25256902847 -7.05462080351 1.98150602683 6.00580147603 
6.81944548701 1.14846453083 -5.29155056382 -0.314939885988 -0.102520776443 1.44229236607 -1.11869527032 -4.9884359236 3.28249613486 3.40956685264 
-1.89946277441 4.7684167987 -3.20575660177 -0.00496582826123 -5.43353029727 0.9820703953 4.71737036567 -6.61776086546 1.23269533419 0.0381058193905 
-4.02414264723 3.86575966213 -3.43335933476 -2.00192094629 -4.54871656317 2.56470217961 6.61030061698 -6.40922225421 3.42126236435 -1.78933864939 
-8.47168074707 1.00015662365 -4.76623739584 -0.675170561413 -4.60925423083 1.49287408659 6.57966737284 -5.79502864889 2.97485207627 -2.25044964981 
-12.0388685369 1.82981949033 -2.75377742667 0.721336622616 -4.41561630366 -0.836578034455 5.48077068053 -8.54309287202 0.630664405824 -3.6494392061 
-15.528838403 0.046861123488 -0.379207311811 2.72255684878 -2.73329363099 -3.65601692614 2.45260937158 -7.80841047178 -0.400359717596 -2.06611431649 
-16.1806169001 -5.40040829124 -3.81738535674 -0.205033740411 -1.93832561404 -0.490995192903 2.3135163074 -6.74602127302 -0.250318132888 -2.89668044 
-17.8341843106 -7.06072510579 -5.04635126112 1.16323183548 -1.015552793 -4.2584551693 -0.537061246686 -4.98453212083 -3.42596567233 -1.09195166977 
-18.3255677134 -5.80000639233 -3.8970968683 0.0271827539472 -0.132220649475 -4.40772026162 -0.993620763353 -7.48027865253 -3.1288205184 -2.87532226014 
-15.219994966 -5.334737863 -7.0658133698 -1.24108746675 4.08546120996 0.956393202269 0.48829406637 -9.7962673264 0.181268610127 -4.69413730818 
-9.82621338317 -6.2484267518 -8.00495650512 -2.25298372725 1.62588120145 0.779252611088 2.18380772685 -8.19781006829 3.03219201854 -3.80492292194 
-10.0706936852 2.52437930406 -10.2903600821 0.480007904468 0.626017871828 2.89262437246 2.54086913042 -10.2773112868 4.54084157766 -3.85589874042 
-7.54875160016 11.2639917354 -7.05235513426 0.0305195976765 0.451035995086 -0.343829883142 1.4053062843 -8.94886305103 2.06872738157 -3.98986886404 
-6.74107227095 18.932563705 -3.47178341853 5.42215580913 0.927373676166 -4.31526013949 -2.41351831473 -7.04385180313 0.813788667155 -1.27720846744 
0.602756677777 17.0033877819 -4.70261088463 4.28595264127 0.0682556632286 -2.90452056141 -1.34784058783 -6.52886478921 -1.14710291834 0.164780193073 
7.56758811295 13.6222269675 -4.25217989688 3.47410812612 0.880668553021 -1.77950060005 -0.583853392014 -4.61525093852 -2.74199165571 1.81154626625 
13.7919020138 8.91751502825 -4.58757331502 -0.393585539449 3.00194059205 -0.0358694993752 -0.837765426521 -4.59036654086 -2.79009797967 3.82556286287 
12.7860486352 2.52087808946 -6.97991448504 -7.58817144589 3.85591496816 2.89462969731 -0.709180477104 -4.84614841456 -0.637593396992 5.90983050465 
15.2533475306 -1.4690756719 -6.74031085109 -4.50410649746 3.89147082795 3.84768855457 -3.6561697354 -2.36904178666 -0.700465067535 4.56438304856 
10.1483601898 2.29156645818 -6.47760597454 -0.384936121202 -1.29490171415 3.71973507341 -1.58788880119 -0.731208765545 0.0851938091427 2.75140937807 
5.36723114403 3.50520389567 -6.59662835052 2.28997817795 -1.42230840209 0.603720335238 -1.39928077988 -1.49177848347 -0.267240483805 1.42629018051 
-0.0443690657267 6.1758087435 -6.07255719897 0.39835237199 -3.29166092625 0.100478744856 1.25203385714 -1.70014620525 2.3370285335 -0.726143862514 
-7.60969233935 2.91476519568 -4.46077355148 -1.10767123565 -4.2817406202 0.41207482524 2.8051706078 -2.65224771166 3.93553998785 -1.18026181842 
-12.2736557635 2.4136795784 -5.38263863762 0.419812604355 -2.91895456726 0.851212672399 1.81731543962 -4.29986370057 3.57246872039 -2.17519565457 
-14.9191083793 0.351335182448 -7.10027497611 1.62119557547 -2.13352501824 0.820932202728 -0.610741183785 -4.25520837489 3.28961567234 -0.20509473273 
-15.7161931726 -7.64089131909 -7.50902805906 0.55244828265 1.09791399421 -0.470062183754 -3.93791090766 -3.96105696468 4.77212394691 0.669821536353 
-20.3093030279 -5.12476279034 -8.04078528587 1.57284019566 4.17188352771 -1.3946725773 -6.39381309307 -3.2571127494 0.328911228136 2.6567092053 
-24.571359898 -8.31477556512 -7.83262847094 4.14941826109 6.90701750168 -3.88822668696 -9.87735178305 -4.06789865316 -2.11086933613 1.68096381298 
-15.3942262116 -8.42438430564 -9.42668862728 1.4060603323 3.78278528735 0.91522703158 -4.85728456075 -2.81463008364 2.76816875301 3.00244791861 
-14.917301953 3.59847645097 -5.91056609439 1.99282108012 2.30031163203 1.43192884096 -4.84825066733 -4.16692884501 5.54856319719 0.405310516805 
-13.9853167499 13.5359029577 -2.6519469198 6.29761283377 0.429441360591 -2.39190144042 -5.85259310872 -2.12358934092 4.49339886515 1.25358311943 
-8.86187000191 16.652149905 -1.16269631916 7.74065799496 1.78174265379 -4.85837337893 -6.39034610052 -3.78889455079 2.36447451221 0.815924469914 
-1.78981996088 12.2162061484 -2.78205746834 5.11948277756 1.7162102189 -3.69286154901 -3.61862963292 -4.52029656144 2.32668146022 2.15398920586 
3.96831294386 12.2726614341 -3.37861225632 5.90641502792 4.40768182882 -4.86674793983 -4.45601063725 -6.02657010857 -1.13158703687 2.5021032595 
14.6712811632 3.66515427024 -6.36541113507 -1.57643658266 4.52261951723 -2.11612647848 -4.5977947708 -7.23743631472 -2.55609975564 8.27912433237 
15.6898742494 1.48309378421 -9.2069072043 -2.53046488421 3.28223328527 -1.47443481775 -3.47007314977 -8.14309861995 -5.19102077867 8.71229055308 
19.9135919898 -4.76348287902 -6.45767473292 -4.43059148137 5.81016642357 -0.86504470264 1.21955808302 -2.73484636625 -2.18768397252 6.28726550349 
12.7125408828 -0.744128414804 -4.3837988181 -4.80901377152 5.43964885287 0.441442055575 3.71138563413 -1.34393866826 1.50747563212 4.90020587919 
3.8496511418 5.08363575532 -2.39596367626 -4.27047278396 3.38851089483 -2.41844174062 3.34029624795 -1.82561627985 0.00015935495252 4.15180666079 
-6.51821476554 9.23053064851 -1.47372262202 -5.95829266728 -1.8653854205 -2.00712367503 7.26135056054 -1.13225701501 -1.83692262203 1.79426224453 
-11.9226363373 10.698394398 -3.05815660623 -8.26332004773 -1.54408431024 0.888445223268 8.53280813708 -1.61375080074 -4.06261475642 0.271054627241 
-14.9958460527 13.2734709153 -4.95745727323 -7.33062090875 -2.5597095355 1.66137030553 6.13221869275 -2.04300581992 -8.06672799528 -0.303996845699 
-14.8754759737 12.6288888199 -6.56313368515 -9.91692925359 -2.72579444588 0.814851833391 6.51433508832 1.14926468225 -10.05684462 -0.255101880699 
-16.4211934298 8.52234830902 -9.06463410141 -11.856137838 0.550282178896 -2.34106518709 3.15355880959 2.06543010688 -12.0479643249 -0.229023720776 
-17.7693436211 8.01345053638 -10.2135338736 -13.1266052512 2.66160952382 -4.10023381328 1.36942025133 2.98655899886 -12.9063746227 0.697930970461 
-19.4179975963 4.56687327576 -12.4947543354 -12.9136134982 3.19220547846 -3.24020004321 0.877339483439 1.31119519403 -10.9571514629 2.01397049861 
-16.5742049967 3.11392688351 -12.6663801998 -12.5310121606 4.68824035354 -3.81376878489 1.58941244248 3.11094852619 -5.43310982498 2.16860240698 
-9.88468386211 2.6961747863 -10.505578285 -17.1242615992 6.99276855808 -4.15255594401 6.27393532148 5.41225842605 -2.31400335535 -1.38927696838 
-8.68368882186 4.51602763585 -3.14813361132 -9.33446784425 3.98855448834 -7.6337030537 3.28912220912 1.66625733672 3.30988053514 -0.870456868981 
-6.92973680555 9.84015678722 1.34673303218 -6.30477492819 3.85280125124 -8.11316480027 3.14398867796 4.69239363091 3.01995924271 0.165681868559 
-6.17363346654 13.7307991213 2.44437765037 -6.19329487452 5.2056903065 -9.7981745264 2.88106827769 4.48539002827 2.62826064478 -0.831102939448 
-1.74489099212 9.29082520748 -1.51797900955 -11.2929171431 7.08134325989 -9.1559863973 6.49034249024 3.65553394334 2.87971851694 -2.05973992639 
0.956002927762 12.9527270174 -3.49333608728 -11.922810376 12.5883444345 -13.56835211 1.32929460441 4.2750053862 3.17070822116 -5.24529597334 
9.00390233899 7.63787204438 -6.70182644068 -17.0389782022 19.7632341088 -14.5848050276 1.68116341193 7.53410862645 2.13189676818 -8.05600269677 
7.97263224335 7.84672835053 -9.15865972121 -17.1213674385 16.1267290812 -12.9723389617 -0.474233601933 5.23280697125 2.50731346991 -6.3650130075 
13.2742994998 1.83719433408 -10.2723593449 -19.091117741 19.8430323604 -16.8557010109 0.148785590012 8.78984505572 4.77365928673 -7.7561415255 
9.7565975866 4.07903379132 -10.445695604 -18.430505649 16.9064951477 -15.8082915528 2.87880324286 8.29208741363 4.02791124133 -9.24728251744 
4.69293237429 6.6394827529 -10.4303397867 -17.8578322893 14.6408956018 -12.623542764 3.70964746097 7.31628749839 1.16654702065 -7.14916681455 
-5.6842150176 13.8737254797 -6.86995955279 -13.6403427778 7.72097739776 -10.3459998101 4.25653575308 4.40713607535 -2.56079892003 -5.81910412921 
-10.6396057714 13.8188372589 -6.90537380314 -14.2090374636 4.3620735724 -7.61785526736 6.00548739187 5.74884293476 -4.4252358959 -3.76688134815 
-12.7362959555 12.0923127885 -6.8019420724 -8.87076442632 0.90193634645 -5.67945594164 2.66568399649 1.95299740882 -4.25922844949 -2.54772712085 
-14.0063323311 6.66106013079 -7.84298476071 -6.89644703393 -0.819689358164 -5.69129493725 0.642155914945 0.367088014024 -2.62991244443 -0.482249669531 
-11.2678929493 -5.99326432914 -10.8214319974 -5.69298377391 1.89482481565 -8.48690990692 -1.57173690032 2.9574236573 -0.525992128513 4.5318385549 
-13.0922612269 -8.33686241544 -12.1743927928 -6.73208208629 1.11435187435 -7.44895061796 -2.38605471084 7.52731665021 -1.35762182377 6.93771103927 
-16.0691310267 -7.50889245713 -12.3909690024 -6.85720033542 -0.987461895387 -7.50446139123 -2.40675667994 8.69225777829 -3.7010295896 8.13996292563 
-8.40327767569 -0.774838239799 -8.20558685248 -9.95972359427 -1.80076991906 -6.91121826295 0.280833630995 5.17414252874 -4.06681462814 6.36173438214 
-6.62893441027 3.975641664 -6.62357155318 -5.8310811109 -1.11243353441 -7.67739514487 1.39915277793 3.13747481754 -0.228391238623 3.78442052997 
-3.05453082159 11.3938946284 -3.31365659136 -1.68640469883 2.28485404551 -8.28986427806 0.473514673176 1.16993884395 0.142544137828 2.38936998148 
-3.12674603262 11.7402805575 -1.4550134091 -1.11930087754 -0.675173465217 -4.16911449211 2.59636807226 0.316642070448 -2.34482802822 3.4110767508 
6.37414677233 7.82447343424 -1.2782857376 0.385339502195 -0.889200382022 -4.22276570711 2.640277227 2.33489294706 -2.35190606562 4.69385589826 
13.196547794 2.61798023631 -0.866300150427 0.371448455794 1.37183381168 -1.68278553993 1.65911871289 1.58521616403 -1.63859533129 6.96502464774 
10.8396107778 4.40864601676 -3.98087785095 -4.25556654609 0.198876212108 1.5455086412 0.193218738759 0.621985622931 -5.42061697588 7.53132741625 
6.38393548853 3.18297612243 -4.47618128333 -2.88492277142 -0.286635076015 -0.342527183613 -0.583979702226 0.767187279218 -4.16327103617 7.05378907489 
4.57375546984 5.02845608817 -3.11425201635 -3.35140793367 -1.3991487728 1.54364835923 -2.29616533364 3.81438996047 -2.98802225052 5.03289074299 
-3.7078379904 9.5816186139 -1.33921114341 -2.14997415186 -5.32915510794 1.03084581225 -3.0147667582 3.02242820791 -2.04165788926 2.4085493669 
-8.59344610929 11.5926244915 -2.18065756935 -0.223961921079 -4.86439606029 0.833882342934 -5.40041284718 2.6761361899 -2.01225439511 2.59020791656 
-10.1918889835 10.9883217073 -1.04602936929 -0.357955537358 -7.35337254769 1.06339441739 -3.71782917954 4.89105062256 -1.36056216326 0.711729713618 
-8.3538957765 5.97034326368 -2.83089330458 -3.18735875605 -7.79549660878 3.34343278204 -1.9957605943 4.30048303015 -2.98059021319 2.07865686685 
-9.54907152997 5.11458995559 -4.09751823834 -3.72256817645 -6.72648884715 4.23856005359 -3.3654159071 4.23337255 -3.50310177806 4.04335697205 
-13.8341591499 -0.11578730629 -3.35394785928 -1.31039033224 -7.27055864911 0.883988823446 -7.69529316999 8.06394970873 -2.72100829639 5.78322127608 
-16.2742942684 -2.4933062038 -4.72727783833 1.23125580559 -5.2025111838 2.97519213445 -8.58032981002 9.0261139518 -4.44348914676 5.00913463326 
-10.4170467485 -1.57729026418 -4.76265690744 -1.70297176128 -2.42629835893 8.91749127852 -7.65442212863 12.0049743777 -1.69881485542 5.03878970337 
-5.52028795331 -4.7353498763 -3.97477030451 0.710739974973 -1.84333069291 4.38975907125 -2.35948943673 8.09273873713 4.29561675753 1.03099635694 
-6.19529742585 1.24719640424 -3.09621885777 0.907737989781 -0.0368480957523 6.41763804785 -1.33370859548 9.93323901231 6.37922820056 -0.717657163751 
-5.35753115277 9.96426276504 -0.312189437225 2.99218132282 -0.562145325849 3.98611025607 -2.68099184617 6.94139290069 5.25181924154 -1.12329235766 
1.21825469181 2.39703174377 1.23906459103 2.76835175566 3.02496592545 6.53629831679 2.63386480648 6.76807397124 2.68875993949 -0.581800888113 
9.22738141464 0.886744452013 1.2863406993 4.03783113465 2.86783020847 4.04965270465 2.58907513433 3.28278217993 -1.05220792581 -1.6312717574 
8.1580623172 8.92771575894 -0.224594140881 0.644616388793 0.811142176302 7.01657884051 2.40346147131 -0.481949663738 -3.69290993917 -0.328008006375 
9.84513897744 3.58167023678 0.840669963949 -0.0139689240018 -0.282655230905 3.5190625586 2.10417197714 -2.8777280437 -1.35389287099 -0.823590609798 
5.06765109812 0.195757173366 -1.13801883591 -2.3058475489 -1.29974618134 8.14519993107 4.02415127188 1.75523581804 -1.15200141693 0.721553255729 
-1.02152379513 9.10725613072 0.357403630544 -2.20619167693 -3.62214855118 8.53223519033 0.39194281035 1.83220854305 -0.592277125248 -1.05695192906 
-4.48258525676 10.2164711231 2.51995032732 -1.16255973257 -6.59830001741 5.19279752606 1.08250933849 3.92312805222 0.917782058699 -0.235657501589 
-8.7391534588 5.47663928907 0.402903989095 -1.30008308983 -6.317675514 4.6300982573 0.805478374495 5.0316914101 0.754895838109 0.387412380715 
-13.8106537246 1.26151530541 -2.51618707465 -0.154494782297 -5.54376396302 5.65401873164 -1.28577709527 6.27158323929 0.428139293051 -0.035804257994 
-18.4456319143 -1.75963009011 -6.04761961989 3.54611288461 -1.66862646459 6.22575402298 -3.85592788313 5.51591239016 -0.415792563507 -1.51050847872 
-17.436010505 -2.91590458613 -9.49171484366 3.05482955134 -0.396764956583 6.66681843172 -3.72598968664 5.74525585872 -0.915695092615 0.10178931972 
-17.7602552195 -2.41039770669 -9.47152987991 4.07949009144 1.38052014598 3.25743581159 -6.16695892256 3.45603266143 -1.09090957635 1.37665085148 
-22.6965197197 -4.4176429508 -9.58507604987 3.50234398014 4.09680581117 3.00580621522 -9.12157594318 2.68987937457 -0.523794247273 1.76052057963 
-21.7740177798 -3.87708439528 -10.2736264902 2.44240586974 4.31190481066 3.70339544063 -8.04917335335 0.219155363195 1.41145042371 2.99784033552 
-17.5967657305 -2.18473420938 -10.9254947059 1.47974462517 3.71735278104 8.48658565317 -5.3820855566 3.56472678184 4.60779436165 2.62977104727 
-14.1121391234 1.02306714373 -6.4233924318 2.00266512074 1.70173596372 5.71379233407 -2.50773686503 5.7457783744 5.14821969756 0.0387136839537 
-10.0723526106 6.18011169649 -3.6244983638 4.4769226969 1.82488978233 2.56580239562 -0.693894702849 4.56597567247 6.87016237231 0.361040832034 
-5.09720067379 7.91246536424 2.9777370669 7.11648354594 1.96325223113 0.00611942368502 -0.787071898711 2.61257762801 6.77093591917 -1.21387162803 
-0.136552402856 5.93438181249 2.54277996711 4.04393158087 0.921846670577 0.892472518114 1.54258257455 0.828671526681 4.17819482009 -1.22787598417 
1.8069074537 2.17900143405 1.02684024529 2.72395193265 3.71179071298 3.44449985846 -0.127788059809 2.15140334741 1.93149775925 1.54867766343 
3.28602564882 6.94934708902 0.499387818242 -3.31999768104 2.69558128914 4.8760501744 -2.02210438602 2.1345029943 0.731907540891 3.72049311697 
0.774389291487 6.45678319198 -0.399843665633 -3.57049141491 2.99520532054 3.89098952319 -4.42907162314 1.08737168884 0.842371525237 4.4308233892 
-1.49973392686 5.08260879714 -2.43831922884 -5.13114282231 4.05647433608 4.59261424788 -7.17963512795 4.30098355193 1.19336689358 4.05437479838 
-5.41214840492 7.34935421382 -1.14863295137 -2.09675199473 2.37099798098 5.63341298402 -7.67940314192 7.18096902308 -0.140488342791 3.45788083051 
-8.43145692792 12.3342086959 1.77320804198 -0.74527791977 0.95430992271 1.54214118915 -7.0722984607 3.03052566011 2.83335889573 3.55403424535 
-9.24645731528 7.09689573476 1.32082755572 -3.5893427868 -1.13343025172 4.77973655298 -4.25617659954 2.64249324896 3.59253674945 2.58056442099 
-9.10589185827 2.2100891409 5.98863420431 -3.23092336494 -4.56278507925 1.88450896503 -3.57720802018 2.14430078327 2.55973094924 1.51427860898 
-6.8252268779 -2.61146599418 10.1893359729 -1.75848407686 -5.08128606602 -1.49614623606 -3.11074878472 -0.677384925777 1.70473317902 -2.98090501337 
-9.17407840046 -7.99139872944 11.5022542554 -3.84074992986 -3.5468992964 -0.447699905461 -4.62769169544 2.28478562775 2.81590847268 2.44793213153 
-6.37497403785 -12.7395223101 15.9679402384 -3.17153116811 -1.78648646712 -4.89276135642 -12.109948135 2.8785155897 0.895924484163 2.65465332205 
-11.2370631248 -8.79030774279 19.0056725411 -2.44227657777 -2.33992417776 -5.36373127698 -10.5955355418 0.36253330506 -2.20376335665 -1.31660991192 
-12.1651337614 -7.21983866737 17.1277582729 -3.64983867443 -2.40098583711 -4.37709826781 -9.99504861053 -1.20684459433 -3.83043651402 -1.02356018346 
-4.66964231935 -6.78672100101 20.8196488049 -10.86251266 -1.91515319488 2.66939950677 -10.2925644518 4.95821527919 -0.32666324982 2.73972925914 
-3.72670200894 -7.13737439223 21.4226902252 -9.17574540319 -0.261141059234 4.91784059779 -8.0286219975 7.00414655027 2.58883121216 0.439701369177 
-6.29457671315 -0.844089780905 18.4950410931 -6.82488674181 -1.37261453069 6.19574132526 -1.3894062067 5.91648914248 3.66462719063 -1.12785366711 
-2.93058135989 5.76821392374 18.2695408938 -5.57693854038 -2.01765559576 2.95876640013 -2.09438603034 4.20850774376 2.66322740604 0.591799150687 
3.31271582047 7.54816669282 16.4907641268 -5.82169150308 0.766598821394 1.5471652952 -2.79039640326 4.131259423 0.496189742302 1.87900793864 
8.63874635938 1.40160646608 15.9714331307 -9.20582839137 2.505700802 3.34370377913 -3.61599889423 5.16148625312 0.00325695488429 1.31621826881 
8.78684246537 4.23080093604 13.8983959162 -12.3875753526 3.92552266082 4.56615595087 -6.57177176961 0.0608811319546 -3.22663170201 3.34779672338 
10.0720239466 2.28921553582 14.5360299495 -13.2071458391 2.8472894704 4.19813017041 -7.60064356901 -2.05300164181 -5.44957134516 5.46682985938 
13.7569168401 -1.78178560905 15.34236047 -9.85548383711 0.666763246424 1.01421696671 -5.43384973147 -2.55543463586 -1.96720898865 0.627696471769 
14.5938970467 -3.04132070776 15.2069348417 -7.87872540324 1.3914200513 3.04241491749 -4.94699675769 -2.94940340929 -0.286103625652 -4.26453708915 
6.23377441244 3.78877980362 14.2277931192 -5.46748929651 -0.784395248728 3.32467559603 -4.64958562526 -2.49198870228 0.489809028711 -4.4236367769 
-3.88035672278 8.87882413188 14.6998257786 -3.23065754078 -2.41877441505 2.57066757746 -1.91014539279 -0.678352502773 -1.47701997965 -1.64058580306 
-5.84856920269 10.3589367229 12.0360548239 -3.8941436135 -3.36437151876 3.94279996663 -1.67058391741 -2.77318364757 -0.677989079948 -3.85857170865 
-6.9282197067 7.27473897158 11.729873042 -4.09469280822 -5.15376564351 2.91681730188 -2.98467289691 -2.00622016802 -3.65915802354 -4.65776237352 
-6.7532672656 1.59230759886 12.8122410118 -6.43528239184 -7.40790245072 2.24890554914 -2.80331312457 -2.4286938693 -3.02684435362 -2.06289489521 
-10.3914809125 -5.93405078775 9.46190505639 -8.08821881073 -10.0328121532 -5.87134842395 -4.89491464919 -5.95163877416 -3.70843833505 2.43665550736 
-17.5720377483 -3.45977789524 11.0739050898 -7.61305681221 -11.0348197031 -5.66868044424 -7.43315026219 -4.53937258653 -6.71866971251 3.10924180284 
0.151377470555 -4.90789035376 11.6507072896 -10.6557936044 -5.79878595053 2.35515666015 -1.3510364653 2.25167619874 -1.50322404938 -0.643747517952 
2.91065738116 2.11051797892 16.3102282204 -3.97280985671 -7.25085023656 -1.02890970627 -1.44034939974 5.00365308497 4.07990530695 -2.46821131662 
6.79868930226 6.46246128414 17.9523125996 -1.83887445999 -3.23688366603 -2.27048149671 -2.82440063179 6.15411907208 3.77206382321 -2.60899009481 
11.5091049061 2.90523498268 14.9641331229 -4.71703597807 -2.17010835811 -0.77115813759 -1.77347589564 5.01796384618 2.27214089506 -3.85359745488 
14.4149170892 6.16385048248 14.5345561514 -4.89386225066 -0.884012168663 2.40522653088 -5.5002446977 3.75483886752 -3.5320667548 -3.03411483073 
18.152085488 3.08760861296 11.4274061346 -5.17431787542 -2.14077322886 3.9748897915 -7.70939014605 -0.304753529519 -6.51969598484 -1.47089815574 
21.1673351718 -5.7186427109 7.64262839141 -7.36531902806 -0.898887568154 1.64339422946 -4.86418788113 -3.89066282223 -1.51029685804 3.44057812416 
25.0110701486 -11.6395572683 7.58598873261 -6.78307433054 0.534349411002 2.00042403674 -6.15896016293 -1.06075309767 1.20139464906 2.07834171228 
13.8928063364 0.121587097795 11.5245219981 -3.87942973279 -1.78837527917 -0.397594466165 -5.01683901145 0.0125273208226 0.541633040791 -0.839374056112 
7.53197648337 5.82888676062 11.7038676958 -4.28238073534 -4.18030863331 2.00451981173 -3.43093220558 2.16192418043 -0.997822302544 -4.11310256751 
-0.857178887115 6.40854406012 11.6064637807 -6.01036867014 -9.73743219909 2.3706814923 -1.30374047004 1.27151336581 -1.37093603258 -3.48084727928 
-2.38796189248 0.675978561954 9.98217224036 -6.86745362667 -10.8196748642 3.57602890562 -0.41202590403 1.52728507877 -0.622192180706 -4.63937975998 
-3.20357374 -5.17810014324 11.3867627943 -6.78284651713 -10.5306905997 -0.79507891619 -1.99400325948 0.917592255711 -0.920082673797 -3.29638320427 
-9.14771843432 -8.14298286225 6.59624399813 -9.90726191315 -11.2608387488 -3.06132315591 -2.60115949504 -3.58976974345 -0.73499325884 0.835752879653 
-13.4562995539 -9.50038882786 6.68119304787 -8.12288411223 -8.8972629639 -5.1979010567 -5.95997372848 -5.71068899814 -2.09539318362 1.56018002703 
7.01541755722 -1.86708932153 12.2920116881 -7.38650170054 -5.35112582931 -1.78708105715 -3.48354954423 -1.09229456111 3.58135598644 -1.30546133423 
5.64676122671 8.99020831363 14.3271784165 -4.23125217442 -6.88938080594 -4.0100399167 -2.70408686579 -1.79464773125 2.2615084618 -2.06021127376 
7.6754702867 8.03802670687 12.5760165042 -2.05140912174 -5.28260886388 -2.53052310442 -3.39508909192 -0.768231176356 2.18539097771 -2.15835670841 
13.224015965 5.40304595984 13.8905738726 -1.13504573455 -3.74186241973 -2.99269465641 -2.87024855278 1.32813999108 3.62690754959 -1.33176985396 
20.4217535184 3.60895886869 12.1210850515 -2.42642055037 -0.4247168368 -0.1833928406 -3.27243507915 -1.32047550757 -0.481899720268 -3.77820623638 
25.543713817 0.125367169877 9.21595370155 -8.98928994003 0.0331588846152 1.15267785981 -2.829391136 -4.11437020168 -3.58659503173 -4.23323976885 
29.4594883013 -8.01077607627 8.78036055386 -9.51843266073 -0.526332249205 -2.3306880682 -5.22599978003 -6.83280608728 -1.09845069914 -0.196214521431 
30.0487384008 -12.8156288522 10.713715929 -8.44042388455 2.90525156153 -0.866833108347 -4.28594654366 -5.77014573671 3.14040660846 -3.39724894971 
27.0663324737 -10.922835867 10.3142822484 -8.78844417089 1.64192529247 -0.975441190646 -3.17720763845 -5.86834168921 3.54182398126 -3.99719195712 
16.7217452778 -5.03463270492 9.32137157534 -9.21133929622 -1.40185201526 -0.862122146316 -1.61451128786 -5.1323540322 4.97718866989 -4.76263016715 
6.45366656083 -0.761116724076 10.508563531 -7.03767606008 -4.885641256 -1.41111175771 -0.445659426069 -3.0356716476 4.84914582933 -3.59378372347 
-3.0774939585 -0.575842562225 12.7904510286 -5.12069312656 -6.46087796787 -1.16781574902 0.374911297365 -2.51563535576 2.40131409784 -3.85474769262 
-4.98435955058 -4.63430940843 12.7498369384 -7.15262234331 -7.68413395462 -3.07573872748 -1.06408631456 -2.83200628093 1.69720875212 -1.68216300034 
-6.95574850627 -7.14373323648 10.4077992224 -9.56655122225 -10.2971915367 -5.19406307632 -2.23373851948 -5.16347278514 -0.457832125772 1.23404428602 
-5.91222494032 -8.11261596691 11.1250348816 -7.92551912962 -8.45711622843 -5.54777831395 -4.15750657967 -6.46431904692 -1.90261481804 -0.609322633027 
4.52683416218 0.804970897801 12.4680334175 -5.62927438938 -5.8239470418 -2.30460759323 0.223233326946 -2.37699556466 -0.11756722764 -2.69197138131 
7.84712525669 8.00114103636 14.9990915845 1.31919079274 -3.34332876937 -8.77305221871 -4.19736072628 -2.97313590017 4.66750767023 -1.03987034686 
7.52246903114 10.5718371318 14.7698968567 1.80898834673 -4.34110012566 -8.0751517555 -5.64075577647 -2.30156154051 3.56581022477 -0.532284218462 
10.8948886364 9.26704652462 10.5502180306 5.91457937571 -2.17075310172 -6.7505274196 -3.61731665397 -1.01255905745 2.89214080669 -0.600805492882 
18.3280464914 6.13321792852 8.57349229942 7.56641110148 3.53946137928 -6.57478077776 -6.11365928241 0.0572692699753 3.73786669833 -0.185005746367 
21.4575199532 -2.7003302826 2.26018364324 4.47815365884 2.88952877307 -1.57771461102 -1.95249370314 -0.85953515473 1.58369813625 -0.251040211184 
26.3139992868 -18.8384716477 -3.32644882588 -0.88231058349 -1.31520159216 -1.45552456856 2.78404975747 -2.18560164364 -0.686355806771 -1.59332578191 
25.3160936236 -13.5936827221 1.21589141216 -1.23615137537 1.16992441231 1.21303727406 1.87403834987 -2.28016237579 -1.18801691868 -5.09832264634 
17.6980303463 -10.1194933899 -2.77240145211 -0.274437946725 -3.62483359059 1.08722736674 5.48586645082 0.31175421372 -1.82027021559 -5.07580640529 
13.7317298208 -8.15772454616 -0.568894356575 -0.349226413853 -6.17256490703 -0.505165736741 5.76762805207 1.92334406881 0.609548292262 -5.67197987989 
6.47681471311 -5.21361297167 3.66062083613 0.920688536856 -5.89042083794 -1.93790458688 4.78165349447 1.71695607698 3.67545403471 -6.48810722596 
-0.657824869758 -8.32063186963 -0.582401502007 -0.105812288549 -6.87438619828 -0.664429603714 4.49876545443 3.6534547534 3.51681163704 -2.53431179983 
-1.39992125832 -12.682718509 1.28408623273 2.88182416022 -3.44254755449 -2.35171388946 1.92544907561 0.909534859363 3.21558343482 -2.02700363824 
-0.198821829043 -18.4449189273 1.86446697071 2.30024831352 -3.70506406366 -4.84740250292 0.637877499681 3.49974066744 6.21720499118 1.18346876989 
-10.60768988 -16.4613924678 -0.883985600906 1.93444871082 -3.96048110593 -4.61469519886 -1.10944179989 -0.78047480055 1.56689595919 1.95513364136 
1.06189343782 -18.2612374435 2.66201597238 0.459840520456 -1.29134969921 -2.31917017958 0.633007469764 4.50536599351 3.31319206799 3.33967082221 
2.2057792754 -7.02192049738 2.97534548848 4.39884985948 -1.53033167656 -3.78548122909 3.10568256672 4.01173541683 4.57824778619 -0.203422990895 
3.4760385062 3.43885507332 1.63697266422 8.45605181155 -2.39608630227 -6.66241407973 -0.389127292206 1.92843933982 2.57299281377 -1.26634230293 
4.49602210617 4.87103969824 4.14895194043 10.4154345385 -1.73896193911 -5.83527875899 -0.155914813669 1.54973224782 1.47055541506 -3.30721969841 
12.8478807303 7.33560792539 2.89255774281 10.9101675049 -0.155587971587 -4.64118383932 1.31570856747 1.96526323188 -3.2984018155 -3.5405411831 
20.6127807873 -1.64320328769 0.116892319959 7.71377718641 4.08868042004 -0.886485077212 0.941115238275 0.788931003633 -0.368663276772 -4.75529982445 
26.036537732 -11.1146920553 1.40430091711 4.4808459797 4.35317069163 -1.02563660224 2.62822902422 -3.59225387371 -0.737095156121 -6.6981754051 
26.9502609071 -18.9951828887 -3.08626339784 -3.10754950181 2.13092550489 2.52696019729 2.582896425 -3.42383228487 -4.04873553353 -4.77209453463 
22.0694044951 -13.0795116461 -2.32668326401 2.79686248036 4.0438957104 4.09703883683 6.27366328272 0.827982259138 -2.00242453076 -8.17368564863 
12.8072300016 -8.28982680689 -3.24170508618 1.99181323881 -1.48254798868 3.40432612362 4.4292943502 2.6775309713 -1.44831712403 -6.56045926968 
7.56786756365 -2.9558299539 -3.14749457717 2.97517857711 -4.05143414553 0.197332003336 3.05454020062 1.88644433714 -0.592057729361 -3.89426352726 
2.33961438891 -2.40334658965 -5.78302514731 2.22413912944 -5.42942290314 -1.53049331969 2.10414888561 3.11490747819 0.292204044333 -3.03102850756 
1.50845983612 -7.58640031848 -4.51460529512 1.68135965368 -4.25487437616 -2.20784515986 1.20981436567 2.83499628241 2.63923119927 -2.52909592305 
1.7732236566 -14.9773331142 -2.83648000242 -0.616628871086 -5.58464528173 -2.45149589136 1.09333633911 0.00876740853059 0.271090481804 0.15989782738 
-3.25445928897 -18.1690448252 -5.37869418155 -0.607179757216 -5.84563532984 -4.12293735232 1.45607990353 -0.576639338727 1.87108074278 2.75483158979 
5.47634343423 -18.9126196637 -2.24249597418 -4.54716300138 -0.807024443775 0.290578647717 -1.08552174188 2.6627130719 2.30929274154 2.99255394682 
6.09796081044 -5.64692123492 0.564447674248 0.820367874514 -2.54986477759 0.0702160164833 1.69637614269 5.8469530691 0.473773575521 0.558000509478 
5.47047575568 -0.40226601878 1.64768134253 6.98162466323 1.09998216912 -4.167612248 0.130884221735 3.06337376052 0.75151893493 -0.754788393056 
4.9208708645 -1.29342590907 3.71197538598 6.83809354781 0.750635378376 -3.0683931469 -0.566994621713 4.58188110465 1.39870436996 -1.1290820313 
13.1434221918 0.120360553509 -2.80052587933 9.23817197981 3.35744947955 -0.528469092991 -0.661339808001 2.04542084385 -0.630526810872 -0.388215133268 
19.6962177539 -1.02618843522 -3.18092558367 7.34516469786 6.20595467798 0.808960596105 -2.51305358944 -1.67107967051 -2.74927751593 0.909963611656 
18.285748168 -12.1948612136 -8.50293681473 2.28966918466 -0.151631799346 0.260391739475 0.0346112951647 -0.607362108345 -5.27046082979 2.06081116207 
21.7993873503 -19.327103307 -10.3253644398 2.72061327115 -0.971937016542 0.152877974305 2.35177522125 5.02981082698 -8.4943792601 -0.239873092277 
14.1899685201 -12.0371249222 -7.30909650154 3.12807657529 -2.35187012183 0.616732518251 5.4573730693 6.22120888979 -2.51339669681 -3.49643714413 
5.56328858054 -4.96532895903 -4.33856357673 1.63808850704 -6.83227902036 1.02364323286 3.802341289 6.38154396488 -3.07203281802 -4.63192904407 
2.85228428224 -5.39085134586 -2.19582607943 2.32396772372 -6.03314458354 -1.03284084798 3.75700116178 8.15751350164 0.185438714018 -4.44180946679 
-0.653841236253 -5.04854235474 -1.56550580932 0.70547562799 -7.31284285076 1.12945171798 5.82153195309 4.99711842606 0.922664507205 -6.7001303873 
0.408978196923 -13.2472572249 -3.81409751367 -1.31793459062 -8.43875652053 2.56504749091 7.8676994775 3.52663417613 2.29585983604 -5.47251940258 
-1.07402817213 -14.3956685433 -2.3467432874 0.717932409559 -8.1310098429 -2.07910593723 5.99350449836 1.77584940476 0.589983820588 -2.63547900013 
-7.00564449457 -9.29278438874 -5.48914543648 -1.75955470668 -8.71901283444 -0.271609759229 1.49670854116 -1.77617914263 -1.81346916495 -2.73555866554 
-10.2123921786 -12.3134391045 -7.24478768062 0.358731438408 -7.54815534502 -2.93628911991 -0.369325840051 -0.208432050769 -1.77179959146 1.1343733502 
2.90059157078 -13.1320805972 -7.01239706848 -1.02824211957 -6.88108499406 -0.251577274563 5.21899756415 5.59468506944 -1.03731738701 0.0650946248787 
5.370168283 2.33976815471 -4.90551772498 3.81015943425 -5.95868156153 -3.19238809354 1.55277358156 3.73393871679 -2.21759579406 -0.48702205599 
3.70492379895 7.41644544052 -3.34899663191 9.98353309113 -6.69783212029 -5.815575174 0.653813808515 3.10494558887 -1.82483916972 -1.64349735582 
4.6596380063 9.54228144019 -2.79199860477 9.49452110583 -6.30102573004 -3.21054342709 1.63155523113 3.20155887391 -2.99034667658 -2.41579919112 
8.49262358606 6.64667751276 -3.78049310987 8.63578150474 -4.23429461999 -2.5951093742 -0.832120368232 2.34895998561 -4.95301040395 -1.8617140096 
12.6097382385 3.71741905621 -6.0674286366 6.13049211827 -2.06447461415 0.543946173113 -1.80249980071 -0.40376546831 -9.09421717547 -0.732603095657 
15.6503848489 -9.72626587509 -10.0930165394 -0.584992870276 -4.97650276965 -0.601980639645 -5.26443783869 -4.11384454482 -9.86850859997 2.18824117449 
19.2655619041 -7.60683284031 -6.88733518262 3.08112548268 -1.28729367564 -0.0907615271992 -5.59720720459 1.35539272304 -9.41574671286 0.13541054206 
13.6167981689 -5.6790726248 -7.60793699924 4.83943442641 -5.30688548136 -0.489759789433 -2.55284528341 4.4594565763 -5.72939495373 -2.54224995591 
11.2494893238 -5.85215697578 -1.54425367446 2.27165326948 -2.77143096441 -3.57367389441 0.115085664707 2.41352385588 1.29498514237 -2.42630703629 
3.49409353244 -0.865342467621 -0.452503925212 3.97568810038 -4.90700006535 -1.91153288926 2.56019931189 2.32394160086 1.13168912111 -3.27970641623 
-1.91315969548 -2.68192809102 -2.73198024375 1.91850727412 -8.24320322923 1.23557793595 4.23388595156 4.30486190999 -0.325822243216 -3.87403557758 
-2.69658494591 -7.48283803729 -1.8621236533 2.83250483573 -6.08113569218 -0.622308273702 1.66485169067 1.95529698123 0.666056640384 -1.80405272896 
-1.60021173399 -13.2245446891 -2.86334683609 1.49949831714 -4.73160179913 -2.9328614366 -0.642663658745 3.03856890287 1.36918958084 1.52426813115 
-14.6591228744 -8.56487171708 -0.55387771302 3.36458953878 -2.48933355613 -4.36427044312 -4.56836503189 -1.86128034934 -2.23439761505 0.261913197604 
-4.07608521805 -13.0776842647 -1.2522148403 2.12129207495 -0.777799103673 -0.436311159438 -0.935395093972 1.55521547283 4.4594885661 1.81820192452 
6.58418043263 -5.49926244244 -0.866388525654 3.59110351661 -2.66215466766 0.552618456599 2.40384291809 4.63046482867 1.90406130696 -0.387006698173 
7.68395802965 4.38847534236 1.61208814188 11.4386318972 -3.19665196083 -7.10750273533 1.25422419695 0.839585268574 1.54007873743 -2.87588892401 
9.90239338424 2.93333969962 1.81743828998 9.96496365276 -0.722562172941 -3.11279836191 1.24067377112 1.60853825767 1.70613930171 -2.97426718433 
16.4066069653 1.21735170196 -0.0175200822202 9.20139943674 -0.212598036876 -0.491916824766 1.1563356045 3.46694237181 -0.668184857392 -3.06964152235 
19.4223587206 -1.4854945783 -2.19242742183 7.50027086831 -1.08046297707 -1.09399206597 -2.46957856987 3.58689897868 -4.08685604208 -1.22364501489 
20.6394244146 -10.3118275838 -3.74934045584 3.87947977397 -1.93715632945 -0.476693915081 -0.77833940585 -1.41654588322 -0.506278088155 -0.212711706863 
23.5230315276 -11.1076662804 -4.6377893058 0.981594815947 1.11823264958 0.157474716142 -3.66503215177 -0.633433573468 -1.03930094333 1.38806610008 
16.6920123625 -8.01086899994 -5.8872726968 4.03421685289 -2.09534595013 -0.845398343441 -1.71992694892 1.75872317745 0.575948529314 0.53151626972 
13.2218919416 -3.00381477924 -2.46940980027 6.19395541667 -3.3599231312 -2.49965099399 -1.82305094731 1.15933585863 0.25737742979 -1.48975801905 
3.92902457804 3.45338888981 -4.08654243187 2.4768092411 -6.52208758409 -1.69737962582 0.572466559947 -2.4283030263 0.762929265487 -4.27061022074 
-1.90286742581 3.91891897787 -4.57459926315 1.59101143403 -9.21030100951 0.0598521190904 3.33511187848 -1.34848846669 -1.58275218141 -4.39833176857 
-3.97110236879 0.511744055991 -5.35025989362 2.64475339904 -10.5839515122 0.673962875515 3.65757512546 -0.875192801864 0.359430135157 -4.01309200003 
-1.63322575457 -14.0330086976 -6.44650476906 -0.584259063262 -8.43989303715 -4.12686543434 1.90855546607 -1.59348133269 4.8011188761 -0.11871240044 
-14.8351477608 -8.69586396517 -8.00553721366 0.78032108205 -4.73395642109 -3.79667343755 -4.15175920853 -1.50945954411 1.97383463866 4.01556241601 
-4.71487185488 -11.0341599151 -9.75763406651 0.0999789087804 -5.6927419398 -1.21746679693 -1.54139191452 6.70577508585 3.66557722135 3.84152346358 
-3.78355954772 8.38222699858 -1.6343805092 6.43486199848 -4.83745143671 -4.08754092026 -0.938096676548 2.97236231568 2.23217752201 1.04911778937 
-0.212300063592 12.6838817666 -0.375321253934 9.76626732853 -6.1978032021 -6.66329687987 -2.36789403863 2.08080404094 -0.198692959814 -0.70339641526 
6.05577288107 15.6232551804 -1.03901160208 9.94786625684 -3.99145972792 -7.08803705317 -5.36044240775 2.31125039211 -1.12978019642 -2.01263613638 
14.2343622528 10.6454522001 -3.08695945523 9.6750542917 -0.665659943038 -5.78562558391 -2.48754861543 0.888604969114 -1.84815461372 -2.18160606408 
18.5113946848 5.75452083172 -6.62524383193 8.78048293681 -1.40062676394 -1.90483646129 -2.91399644588 4.69667782227 -9.62138755438 -3.04724882823 
17.0943068438 -4.52584398033 -9.37714793771 6.04098326313 -5.09420992029 -1.68386520295 -1.9050217371 3.84460148991 -8.44667737271 1.56227224519 
20.6958532512 -9.00349494486 -9.37969466377 4.63163932753 -1.7884256268 0.232607522559 -1.81360823667 5.68963237099 -6.05231296428 2.08658166185 
13.6730273269 -7.14238131284 -7.26808345413 4.34635558418 -4.06693270975 0.617122031431 0.544735529412 4.94581925267 -3.11036638179 1.17334908133 
10.9829436494 -6.02375002072 -5.98186545632 3.28961122478 -3.99157172929 -0.762607167189 0.640799041967 4.67719669585 0.61314468137 0.0019714601607 
3.94262194498 -1.75750850478 -4.63297871266 -0.102290898227 -4.21432737808 1.69102404007 2.61896114104 1.23951715914 2.45781255403 -2.48153051804 
-0.328264620457 -2.09059110055 -8.25922186888 -2.01124178634 -6.73496672116 2.61764276848 4.46909799443 0.892114945703 1.23306263061 -2.21984349361 
-0.176080596824 -7.13014025048 -9.34527085341 -4.56775877457 -5.1119949489 2.79056585191 4.08325764668 -1.15632804274 1.62234777407 -1.79143651779 
-4.93577391643 -12.3494243474 -8.16728304341 -2.79537574978 -6.43546109212 -2.48375725283 2.73936034901 -1.02842705732 1.4652506166 1.31987816433 
-9.2532347865 -12.9003768125 -9.77629591311 -2.08323480722 -4.67673812271 -2.59922113725 -0.408140957697 -3.71602691412 1.44151519718 2.35449579503 
6.55065607418 -9.40795478834 -7.49680306347 0.264572982877 -0.191814313477 0.765789095045 3.39471933189 2.68275955634 2.56399545441 0.870566071764 
5.27901595366 4.31088647981 -3.5440171519 7.97854006082 -0.986762027931 -5.04134635156 0.165688972994 0.992687423613 1.88577672914 1.0148554789 
5.13174527379 12.3813678799 -2.55467109891 10.5642609606 -1.94935219834 -5.82009184296 -0.929184877996 -1.80611086146 -1.11220552086 -1.80331895981 
8.19867237634 13.5025961681 -2.59866781505 10.3151456902 -1.51542659401 -5.07680172247 -1.56431232273 -0.794567442028 -2.94924552175 -2.077330657 
11.1854045914 11.9923968288 -3.30533787782 10.2263735315 -1.25668466396 -3.73140984178 -2.45321590379 -2.68953509496 -5.21404304176 -0.330851762076 
9.68021950358 4.8819071963 -6.08072701803 7.97323811537 -3.52052575282 -2.98993520673 -1.80487485447 -4.04902971248 -4.85502246791 1.35085052722 
12.9469060435 -1.6240688816 -7.99480984567 8.20311123777 -2.18266586843 -2.15663683248 -5.42872322956 -0.274837652357 -5.62881808897 2.01697637604 
14.1418255729 -6.09449237791 -6.70474718077 8.83219194231 0.079128672859 -3.368288932 -4.59275956548 3.45523076245 0.451431896051 -0.937261015146 
9.76703913703 -2.59442480458 -6.12482808983 5.88562641696 -0.0422299400127 -1.8424926189 -1.92438759014 2.31797482726 -0.290833673553 -1.50117772371 
4.73046303359 2.24977937487 -3.43792921989 5.44543150366 -3.72547951027 -1.74790410182 -0.156489525486 2.2763715918 3.15349703528 -1.76402093982 
0.630715349719 -0.460804219888 -2.25396836141 5.57663614839 -5.14659064488 -1.10528497486 0.416951302237 -0.0983696467923 2.77338544704 -1.42374275717 
0.875468918174 -7.05097437211 -5.92790601718 2.086940625 -3.97535151046 -0.811256417523 0.402804403087 -3.02161456465 5.07990544584 -1.74095416612 
4.50921894466 -16.397937227 -7.73023423901 -0.797683603826 -3.88666763786 -2.43447752408 0.267435158277 -4.2253890885 6.71004848959 0.0592370034579 
-9.55233328897 -17.0554642091 -9.5567301408 -0.57743814444 0.0993286626221 -1.61853762186 -4.54726454035 -1.7750601221 4.83201518948 3.03736503264 
0.745213372219 -16.3441576877 -8.72301579629 1.90661355158 -0.431548046177 -0.0902833641657 -0.738142805749 4.18172465891 5.89192970642 3.32712644567 
3.69464550865 -5.83033855339 -1.55461516801 7.54642633439 0.192099669963 -4.70539810841 -1.04903985989 3.17998742308 8.49731271803 1.21073121569 
0.305049622837 6.96770577588 3.43922194197 10.022329836 -0.580088162626 -7.37828168431 -2.10076089301 -1.30041687359 6.16282617591 1.54503355455 
5.01925701081 6.63075880997 3.77485887432 9.63679841731 0.700970963973 -6.6822818763 -1.85477600061 -1.26951429894 5.89335890874 2.10516252438 
10.2586438208 6.63360279608 1.49994445307 8.81341679389 1.69551819861 -3.55151991255 -0.202421767916 -1.06343740309 0.935048038755 0.492858989087 
15.5782425787 4.07809894132 -3.53835225995 8.32135337943 1.71473613596 -0.123329255806 -4.15908957095 -0.0901071884218 -2.21539346646 0.985476190749 
19.8922578733 -1.09461364089 -9.65642282179 4.30436635288 -0.143476863177 1.25052794775 -7.25401697659 -0.0741833097895 -5.85691738241 0.689755537539 
20.9076248935 -4.51337457315 -11.2891247618 2.35299483793 0.56447477053 3.25255132702 -7.55227916173 2.78404017367 -4.67479091436 1.22344545668 
10.8789939087 3.64300449931 -7.44762468461 2.94528972108 -2.62930820672 6.1884090167 -3.72674876796 2.9652711555 -4.67733354374 -1.25759061313 
4.71775960323 5.80027095961 -5.3058954791 3.09962680238 -2.09092591832 5.17399805617 -1.9795161188 2.57511160016 -0.692112031641 -1.51279037991 
-0.228312037926 5.67147563601 -3.38135906414 2.89536275971 -3.48148408068 3.40818554902 0.234770652394 0.454343560585 3.24463302579 -2.57190440223 
-3.50382749655 -1.23582236193 -3.03575470644 -0.561898662183 -4.04581361593 6.25342218787 1.28259763685 2.01430891175 2.83253529134 -3.61728379845 
-4.49176385461 -6.85974375891 0.0732189408046 -1.22679656738 -0.641847652078 5.65082647057 1.8929929949 1.32114300265 3.04381376574 -4.26957976802 
-5.57503442016 -7.32688350332 -4.44098694576 -0.571731084435 1.92408911749 5.04361626955 -0.697179808866 -0.223301661461 3.10330286731 -2.05724709915 
-15.6664471737 -6.39129258499 -5.86847217446 -0.465891427241 2.25616408639 1.53562144989 -5.15323248602 -1.48157968687 -0.563976807932 0.642407196921 
-16.2407445023 -5.95917817656 -7.40316187387 2.26716050817 1.07410520022 -0.0222641994069 -4.46400235094 -0.703329375712 -0.0653240076438 0.706930723376 
-11.3268465582 -3.62222437696 -5.52331242864 6.24675155971 -1.84670052228 0.351958519922 -1.09356205725 3.73208755801 1.6431885731 -0.301354368507 
-8.97113145568 13.6731425105 -2.38740140946 7.81970777054 -4.52015375036 -4.16919342626 -3.02882964315 1.53245156083 2.04504382579 -1.36437722992 
-5.14945606875 17.2983105485 -1.30993050954 11.3710497754 -2.99351285035 -6.6587715056 -4.86147155175 0.963120594925 1.96763074807 -1.08098344045 
2.3911313602 14.6702127567 -0.816515801089 11.2894748491 -1.2763721063 -6.74930690364 -6.61543661691 1.94483720422 1.64550888714 0.0626515573871 
9.65311268042 10.0001924958 -3.93062002275 7.00406218815 2.20119333898 -3.02380916114 -6.55454639797 1.30546337079 0.922477549701 -0.108975931278 
11.1307744056 9.23358234997 -5.50820200792 5.57047278211 4.02125604624 1.67829204058 -5.97377706295 -1.08229771897 -2.46191776717 0.721099798591 
7.93692657562 10.0256774529 -6.62731314747 2.88497103755 5.15421801753 4.57631962376 -7.52126890001 -3.61887121686 -2.13373642556 3.23187747858 
7.13172681303 4.30686394427 -9.22959612269 -0.48683906765 6.52816909694 7.51432541391 -5.50329135338 -4.04837019803 -0.213773738549 0.287447311594 
2.80112813016 6.20505778633 -4.5209144388 -1.72230165682 6.34920691166 11.713535802 -4.14960354253 -1.75796763819 3.36743708274 -0.841388364148 
-3.9359683343 9.96197862267 -5.80124923873 0.444418005453 3.79754279726 11.6662526526 -2.25024866401 -0.916911233713 2.32869636613 -2.36834557017 
-5.43726956868 10.5227968016 -2.4254125805 2.17026996569 2.10935952823 9.61882508282 -1.16793172539 -1.66144912623 1.84585827433 -3.41812903493 
-9.68240781519 9.74354195855 -3.09880407522 -0.610752598131 -3.03170776306 8.82996529177 2.06360957587 -3.66543962859 -0.605310678036 -6.19388675521 
-10.610921507 1.12981214956 -5.15734445237 -0.634302023293 0.517172204697 9.61045961484 -0.0518305223335 -1.25101441706 1.43631298346 -3.43515077382 
-13.1147662918 1.48280025414 -5.96441540751 -0.880728942062 -0.581626242539 6.72749225176 -1.16892827626 -3.81828480939 -0.667979054222 -5.0896142637 
-12.9159131908 -6.24113117848 -9.25091945815 -1.13953272998 2.5348278229 7.78936944443 -4.40890749744 -0.869229414623 1.57197533661 -3.47555817727 
-18.1461851819 -10.0194688708 -9.5997283772 1.15246650533 4.68025918935 5.06501650461 -6.88925685999 -0.123210960642 2.15501856017 -4.66542372261 
-15.3218579749 -1.44514090004 -8.29796387458 -1.33396082937 3.054940398 5.25178763704 -4.82795304291 -5.29940139622 2.00615610937 -5.02688131372 
-9.36368688251 2.70413539965 -9.05658486835 -3.35216858823 4.13245791696 11.9684785954 -1.33476270688 -1.56373911921 4.17497228007 -6.28095407634 
-5.40527798417 6.1711093918 -5.68387077846 -1.52459124646 2.40711814779 8.98125816143 -1.42251233927 -0.769650382219 4.56665770033 -5.48116732103 
-5.50839913666 9.07044550288 -6.2383909767 -0.980709687419 2.82903702216 8.55064361996 -1.81534925031 0.380978234344 1.84481625714 -5.49234176821 
-2.06345148295 10.9422545859 -3.28335268168 -3.83396992137 2.6822020912 7.72190629737 -6.03395791217 0.71102995433 -1.50404603441 -4.17267678473 
5.11605374105 7.94034328947 -5.33595876444 -4.21180243239 3.70539766408 7.39757167131 -5.80899369241 0.311930860559 -1.60672583052 -4.227651933 
9.51146149201 3.69928193934 -8.17117646158 -4.42447133372 4.75948268725 8.68404697478 -5.54434311682 -1.35320344362 -2.26340347987 -3.08174261682 
5.54365723219 0.252873129706 -8.73412581331 -4.47893667992 3.94091499467 10.6006832238 -3.07574556117 -1.09036233198 0.743387875527 -2.81955848804 
4.84215593932 -0.996003329116 -7.80473217315 -2.24060362799 4.42552286393 8.21909425861 -4.43432227414 -1.17608748747 3.07683466457 -2.26939720622 
2.33844029843 2.63848699024 -8.12310535571 -3.16302492916 7.80315896532 12.4456004243 -5.35569193577 1.02414554804 3.54341996832 -3.71658363947 
-0.723666089457 5.90705847442 -3.65814861012 -0.655179190435 5.9917721775 10.828408246 -4.3463119818 2.38468597322 6.02332060048 -5.26349064189 
-5.22714720916 9.40686967918 -1.46790359113 1.66087499466 4.25650585558 9.60319078745 -4.17563408486 0.97499786233 5.03128653521 -5.84054842654 
-8.34054335427 4.30674263484 -1.217665865 2.01397003377 7.19625242155 13.3689378519 -2.30257372671 -0.254475187344 3.56283224379 -7.19619134816 
-11.8632689416 -3.00046736245 -1.26791877101 4.57892332219 11.551799887 12.8400439704 -3.42476637223 2.5629759018 4.09858300962 -6.38861516991 
-13.9214744236 -6.2817458273 -0.205073655315 7.69786828505 12.2669409573 8.51157108535 -3.36130687302 1.85023684408 4.57933000019 -7.14453881129 
